(0, 67, 32)
(2, 73, 36)
(7/2, 72, 35)
(4, 72, 35)
(17/2, 65, 31)
(9, 67, 32)
(19/2, 68, 33)
(10, 68, 33)
(11, 67, 32)
(12, 72, 35)
(14, 79, 39)
(31/2, 78, 38)
(16, 78, 38)
(45/2, 69, 33)
(23, 71, 34)
(47/2, 72, 35)
(24, 72, 35)
(25, 71, 34)
(26, 70, 34)
(28, 68, 33)
(29, 72, 35)
(59/2, 77, 38)
(30, 75, 37)
(31, 74, 36)
(63/2, 72, 35)
(32, 72, 35)
(131/4, 74, 36)
(263/8, 72, 35)
(33, 70, 34)
(67/2, 68, 33)
(34, 68, 33)
(35, 67, 32)
(71/2, 67, 32)
(36, 67, 32)
(36, 70, 34)
(73/2, 70, 34)
(37, 68, 33)
(75/2, 67, 32)
(38, 64, 30)
(39, 65, 31)
(81/2, 65, 31)
(41, 65, 31)
(83/2, 65, 31)
(42, 68, 33)
(43, 67, 32)
(89/2, 67, 32)
(45, 67, 32)
(91/2, 67, 32)
(46, 77, 38)
(47, 75, 37)
(97/2, 75, 37)
(101/2, 75, 37)
(105/2, 66, 32)
(53, 65, 31)
(107/2, 63, 30)
(54, 63, 30)
(109/2, 62, 29)
(111/2, 65, 31)
(56, 70, 34)
(113/2, 70, 34)
(57, 70, 34)
(115/2, 71, 34)
(58, 74, 36)
(59, 72, 35)
(125/2, 72, 35)
(63, 77, 38)
(127/2, 75, 37)
(64, 75, 37)
(66, 74, 36)
(67, 70, 34)
(68, 75, 37)
(70, 74, 36)
(71, 75, 37)
(72, 74, 36)
(73, 72, 35)
(74, 70, 34)
(75, 72, 35)
(76, 70, 34)
(79, 68, 33)
(80, 67, 32)
(83, 67, 32)
(85, 65, 31)
(87, 67, 32)
(89, 68, 33)
(91, 72, 35)
(92, 75, 37)
(93, 70, 34)
(94, 68, 33)
(191/2, 67, 32)
(96, 67, 32)
(98, 65, 31)
(99, 70, 34)
(100, 75, 37)
(102, 74, 36)
(103, 75, 37)
(104, 74, 36)
(105, 72, 35)
(106, 70, 34)
(213/2, 79, 39)
(107, 75, 37)
(215/2, 67, 32)
(108, 70, 34)
(111, 68, 33)
(112, 67, 32)
(115, 67, 32)
(116, 67, 32)
(116, 70, 34)
(117, 70, 34)
(118, 68, 33)
(119, 67, 32)
(120, 67, 32)
(121, 68, 33)
(123, 68, 33)
(124, 73, 36)
(125, 73, 36)
(126, 72, 35)
(127, 71, 34)
(128, 71, 34)
(257/2, 72, 35)
(129, 71, 34)
(259/2, 72, 35)
(130, 74, 36)
(261/2, 72, 35)
(131, 68, 33)
(263/2, 65, 31)
(132, 86, 43)
(133, 86, 43)
(134, 84, 42)
(135, 82, 41)
(136, 82, 41)
(410/3, 79, 39)
(412/3, 75, 37)
(138, 72, 35)
(416/3, 68, 33)
(418/3, 65, 31)
(140, 62, 29)
(141, 63, 30)
(142, 67, 32)
(287/2, 65, 31)
(144, 63, 30)
(147, 58, 27)
(148, 70, 34)
(153, 75, 37)
(154, 67, 32)
(155, 72, 35)
(156, 70, 34)
(157, 68, 33)
(158, 65, 31)
(159, 68, 33)
(160, 67, 32)
(163, 70, 34)
(164, 82, 41)
(169, 87, 44)
(170, 81, 40)
(171, 84, 42)
(172, 82, 41)
(173, 80, 40)
(174, 77, 38)
(175, 80, 40)
(176, 79, 39)
(355/2, 67, 32)
(178, 79, 39)
(359/2, 77, 38)
(180, 75, 37)
(363/2, 74, 36)
(182, 72, 35)
(367/2, 70, 34)
(184, 67, 32)
(185, 68, 33)
(186, 80, 40)
(375/2, 79, 39)
(188, 77, 38)
(379/2, 75, 37)
(190, 74, 36)
(383/2, 72, 35)
(192, 69, 33)
(193, 70, 34)
(194, 86, 43)
(197, 74, 36)
(198, 86, 43)
(417/2, 82, 41)
(209, 79, 39)
(419/2, 74, 36)
(210, 70, 34)
(421/2, 82, 41)
(211, 81, 40)
(423/2, 78, 38)
(212, 81, 40)
(425/2, 79, 39)
(213, 74, 36)
(427/2, 70, 34)
(214, 74, 36)
(429/2, 70, 34)
(215, 67, 32)
(431/2, 65, 31)
(216, 64, 30)
(217, 67, 32)
(219, 70, 34)
(221, 73, 36)
(222, 72, 35)
(223, 70, 34)
(224, 65, 31)
(225, 69, 33)
(227, 72, 35)
(229, 75, 37)
(230, 79, 39)
(231, 77, 38)
(232, 77, 38)
(234, 75, 37)
(235, 72, 35)
(236, 70, 34)
(237, 67, 32)
(238, 65, 31)
(239, 65, 31)
(240, 65, 31)
(241, 77, 38)
(242, 75, 37)
(243, 72, 35)
(244, 70, 34)
(245, 67, 32)
(246, 65, 31)
(247, 65, 31)
(248, 65, 31)
(249, 66, 31)
(250, 67, 32)
(253, 69, 33)
(254, 70, 34)
(257, 70, 34)
(258, 72, 35)
(259, 74, 36)
(260, 75, 37)
(261, 72, 35)
(262, 67, 32)
(788/3, 69, 33)
(790/3, 65, 31)
(264, 77, 38)
(270, 57, 26)
(272, 58, 27)
(274, 65, 31)
(276, 70, 34)
(278, 77, 38)
(280, 82, 41)
(282, 80, 40)
(283, 77, 38)
(284, 78, 39)
(285, 75, 37)
(286, 74, 36)
(287, 70, 34)
(288, 75, 37)
(289, 70, 34)
(290, 68, 33)
(291, 65, 31)
(292, 66, 32)
(293, 63, 30)
(294, 62, 29)
(295, 58, 27)
(593/2, 57, 26)
(297, 58, 27)
(595/2, 60, 28)
(298, 61, 29)
(597/2, 60, 28)
(299, 58, 27)
(599/2, 57, 26)
(300, 58, 27)
(601/2, 57, 26)
(301, 58, 27)
(603/2, 60, 28)
(302, 61, 29)
(605/2, 60, 28)
(303, 61, 29)
(607/2, 58, 27)
(304, 61, 29)
(609/2, 60, 28)
(305, 61, 29)
(611/2, 63, 30)
(306, 65, 31)
(613/2, 63, 30)
(307, 61, 29)
(615/2, 60, 28)
(308, 61, 29)
(617/2, 60, 28)
(309, 61, 29)
(619/2, 63, 30)
(310, 64, 31)
(621/2, 63, 30)
(311, 64, 31)
(623/2, 61, 29)
(312, 63, 30)
(625/2, 62, 29)
(313, 63, 30)
(627/2, 65, 31)
(314, 66, 32)
(629/2, 65, 31)
(315, 63, 30)
(631/2, 62, 29)
(316, 63, 30)
(633/2, 62, 29)
(317, 63, 30)
(635/2, 66, 32)
(318, 63, 30)
(637/2, 62, 29)
(319, 63, 30)
(639/2, 66, 32)
(320, 63, 30)
(641/2, 62, 29)
(321, 63, 30)
(643/2, 65, 31)
(322, 66, 32)
(645/2, 65, 31)
(323, 63, 30)
(647/2, 62, 29)
(324, 63, 30)
(649/2, 65, 31)
(325, 66, 32)
(651/2, 69, 33)
(326, 72, 35)
(653/2, 70, 34)
(327, 69, 33)
(655/2, 72, 35)
(328, 75, 37)
(657/2, 72, 35)
(329, 69, 33)
(659/2, 65, 31)
(330, 66, 32)
(661/2, 63, 30)
(331, 60, 28)
(663/2, 58, 27)
(332, 57, 26)
(333, 60, 28)
(667/2, 63, 30)
(334, 65, 31)
(669/2, 69, 33)
(335, 72, 35)
(671/2, 77, 38)
(336, 86, 43)
(339, 77, 38)
(340, 82, 41)
(342, 81, 40)
(343, 82, 41)
(344, 81, 40)
(345, 79, 39)
(346, 77, 38)
(347, 79, 39)
(348, 77, 38)
(351, 75, 37)
(352, 74, 36)
(355, 72, 35)
(356, 70, 34)
(358, 69, 33)
(359, 70, 34)
(360, 69, 33)
(361, 67, 32)
(362, 65, 31)
(363, 67, 32)
(364, 65, 31)
(367, 63, 30)
(368, 62, 29)
(371, 70, 34)
(372, 75, 37)
(374, 74, 36)
(375, 75, 37)
(376, 74, 36)
(377, 72, 35)
(378, 70, 34)
(379, 72, 35)
(380, 70, 34)
(383, 68, 33)
(384, 67, 32)
(387, 67, 32)
(389, 65, 31)
(391, 67, 32)
(393, 68, 33)
(395, 72, 35)
(396, 75, 37)
(397, 70, 34)
(398, 68, 33)
(799/2, 67, 32)
(400, 67, 32)
(402, 65, 31)
(403, 70, 34)
(404, 75, 37)
(406, 74, 36)
(407, 75, 37)
(408, 74, 36)
(409, 72, 35)
(410, 70, 34)
(411, 72, 35)
(412, 70, 34)
(415, 68, 33)
(416, 67, 32)
(456, 82, 41)
(458, 81, 40)
(459, 79, 39)
(460, 74, 36)
(464, 82, 41)
(466, 81, 40)
(467, 79, 39)
(468, 74, 36)
(473, 73, 35)
(474, 74, 36)
(475, 76, 37)
(476, 77, 38)
(481, 77, 38)
(482, 76, 37)
(483, 74, 36)
(484, 81, 40)
(486, 80, 39)
(488, 88, 44)
(490, 86, 43)
(491, 83, 41)
(492, 81, 40)
(493, 77, 38)
(494, 76, 37)
(495, 76, 37)
(496, 76, 37)
(1001/2, 72, 35)
(501, 69, 33)
(1003/2, 64, 30)
(502, 62, 29)
(1005/2, 64, 30)
(503, 68, 32)
(1007/2, 64, 30)
(504, 69, 33)
(1009/2, 64, 30)
(1011/2, 69, 33)
(506, 68, 32)
(1013/2, 64, 30)
(1015/2, 68, 32)
(508, 69, 33)
(1017/2, 64, 30)
(1019/2, 69, 33)
(510, 71, 34)
(1021/2, 68, 32)
(1023/2, 71, 34)
(512, 72, 35)
(1025/2, 69, 33)
(513, 72, 35)
(1027/2, 69, 33)
(514, 74, 36)
(1029/2, 71, 34)
(515, 74, 36)
(1031/2, 71, 34)
(516, 76, 37)
(519, 76, 37)
(520, 81, 40)
(522, 79, 39)
(523, 81, 40)
(524, 79, 39)
(525, 77, 38)
(526, 76, 37)
(527, 77, 38)
(528, 76, 37)
(530, 74, 36)
(531, 76, 37)
(532, 74, 36)
(533, 72, 35)
(534, 71, 34)
(535, 72, 35)
(536, 71, 34)
(537, 69, 33)
(538, 68, 32)
(539, 69, 33)
(540, 56, 25)
(541, 57, 26)
(547, 81, 40)
(548, 86, 43)
(550, 84, 42)
(551, 86, 43)
(552, 84, 42)
(553, 83, 41)
(554, 86, 43)
(555, 77, 38)
(556, 77, 38)
(557, 76, 37)
(559, 81, 40)
(560, 81, 40)
(561, 80, 39)
(562, 86, 43)
(563, 77, 38)
(564, 77, 38)
(565, 76, 37)
(567, 64, 30)
(568, 69, 33)
(570, 68, 32)
(571, 71, 34)
(572, 71, 34)
(573, 69, 33)
(574, 69, 33)
(575, 72, 35)
(576, 72, 35)
(577, 71, 34)
(578, 71, 34)
(579, 74, 36)
(580, 74, 36)
(1161/2, 72, 35)
(581, 72, 35)
(1163/2, 76, 37)
(582, 76, 37)
(1165/2, 74, 36)
(583, 74, 36)
(1167/2, 77, 38)
(584, 77, 38)
(1169/2, 76, 37)
(585, 76, 37)
(1171/2, 81, 40)
(586, 81, 40)
(1173/2, 80, 39)
(587, 80, 39)
(1175/2, 83, 41)
(588, 81, 40)
(589, 84, 42)
(2359/4, 83, 41)
(590, 83, 41)
(591, 86, 43)
(2367/4, 84, 42)
(592, 84, 42)
(1185/2, 81, 40)
(593, 84, 42)
(1187/2, 81, 40)
(594, 84, 42)
(1189/2, 81, 40)
(595, 84, 42)
(1191/2, 81, 40)
(596, 84, 42)
(1193/2, 81, 40)
(597, 84, 42)
(1195/2, 81, 40)
(598, 84, 42)
(1197/2, 81, 40)
(599, 84, 42)
(1199/2, 81, 40)
(600, 87, 44)
(602, 84, 42)
(603, 81, 40)
(604, 78, 38)
(605, 75, 37)
(606, 74, 36)
(607, 74, 36)
(608, 74, 36)
(609, 78, 38)
(610, 79, 39)
(1223/2, 81, 40)
(612, 82, 41)
(614, 79, 39)
(615, 76, 37)
(616, 73, 35)
(617, 70, 34)
(618, 69, 33)
(619, 64, 30)
(620, 67, 32)
(621, 66, 31)
(623, 66, 31)
(624, 75, 37)
(625, 74, 36)
(627, 70, 34)
(628, 81, 40)
(629, 79, 39)
(631, 70, 34)
(632, 81, 40)
(633, 79, 39)
(635, 70, 34)
(636, 81, 40)
(637, 79, 39)
(639, 72, 35)
(640, 82, 41)
(641, 81, 40)
(643, 74, 36)
(644, 84, 42)
(645, 83, 41)
(648, 91, 46)
(668, 89, 45)
(671, 84, 42)
(672, 87, 44)
(673, 86, 43)
(674, 84, 42)
(675, 81, 40)
(676, 84, 42)
(677, 82, 41)
(678, 81, 40)
(679, 79, 39)
(680, 86, 43)
(687, 79, 39)
(688, 86, 43)
(695, 67, 32)
(696, 74, 36)
(702, 70, 34)
(704, 75, 37)
(706, 74, 36)
(707, 75, 37)
(708, 74, 36)
(709, 72, 35)
(710, 70, 34)
(711, 72, 35)
(712, 70, 34)
(715, 68, 33)
(716, 67, 32)
(719, 67, 32)
(720, 67, 32)
(721, 65, 31)
(723, 67, 32)
(725, 68, 33)
(727, 72, 35)
(728, 70, 34)
(729, 75, 37)
(730, 70, 34)
(731, 68, 33)
(732, 67, 32)
(734, 65, 31)
(735, 70, 34)
(736, 75, 37)
(738, 74, 36)
(739, 75, 37)
(740, 74, 36)
(741, 72, 35)
(1483/2, 70, 34)
(742, 82, 41)
(1485/2, 79, 39)
(743, 75, 37)
(1487/2, 72, 35)
(744, 70, 34)
(747, 68, 33)
(748, 67, 32)
(751, 67, 32)
(752, 70, 34)
(753, 70, 34)
(754, 68, 33)
(755, 67, 32)
(756, 67, 32)
(757, 68, 33)
(759, 68, 33)
(760, 73, 36)
(761, 73, 36)
(762, 72, 35)
(763, 71, 34)
(764, 71, 34)
(1529/2, 72, 35)
(765, 71, 34)
(1531/2, 72, 35)
(766, 74, 36)
(1533/2, 72, 35)
(767, 68, 33)
(1535/2, 65, 31)
(768, 86, 43)
(769, 86, 43)
(770, 84, 42)
(771, 82, 41)
(772, 82, 41)
(774, 80, 40)
(775, 77, 38)
(776, 75, 37)
(777, 72, 35)
(778, 70, 34)
(779, 70, 34)
(780, 70, 34)
(781, 82, 41)
(782, 80, 40)
(783, 77, 38)
(784, 75, 37)
(785, 72, 35)
(786, 70, 34)
(787, 70, 34)
(788, 70, 34)
(789, 71, 34)
(790, 72, 35)
(793, 74, 36)
(794, 75, 37)
(797, 75, 37)
(798, 77, 38)
(799, 79, 39)
(800, 80, 40)
(801, 77, 38)
(802, 72, 35)
(2408/3, 74, 36)
(2410/3, 70, 34)
(804, 82, 41)
(810, 62, 29)
(812, 63, 30)
(814, 70, 34)
(820, 87, 44)
(822, 85, 43)
(823, 82, 41)
(824, 83, 42)
(825, 80, 40)
(826, 79, 39)
(827, 75, 37)
(828, 80, 40)
(829, 75, 37)
(830, 73, 36)
(831, 70, 34)
(832, 71, 35)
(833, 68, 33)
(834, 67, 32)
(835, 63, 30)
(1673/2, 62, 29)
(837, 63, 30)
(1675/2, 65, 31)
(838, 66, 32)
(1677/2, 65, 31)
(839, 63, 30)
(1679/2, 62, 29)
(840, 63, 30)
(1681/2, 62, 29)
(841, 63, 30)
(1683/2, 65, 31)
(842, 66, 32)
(1685/2, 63, 30)
(843, 59, 28)
(1687/2, 58, 27)
(844, 57, 26)
(1689/2, 66, 32)
(845, 75, 37)
(1691/2, 66, 32)
(846, 75, 37)
(1693/2, 66, 32)
(847, 57, 26)
(1695/2, 66, 32)
(848, 56, 26)
(1697/2, 66, 32)
(849, 75, 37)
(1699/2, 66, 32)
(850, 75, 37)
(1701/2, 66, 32)
(851, 56, 26)
(1703/2, 66, 32)
(852, 55, 25)
(1705/2, 63, 30)
(853, 72, 35)
(1707/2, 79, 39)
(854, 79, 39)
(1709/2, 72, 35)
(855, 63, 30)
(1711/2, 55, 25)
(856, 63, 30)
(1713/2, 72, 35)
(857, 79, 39)
(1715/2, 72, 35)
(858, 79, 39)
(1717/2, 72, 35)
(859, 63, 30)
(1719/2, 72, 35)
(860, 63, 30)
(861, 72, 35)
(1723/2, 81, 40)
(862, 81, 40)
(863, 72, 35)
(1727/2, 63, 30)
(864, 63, 30)
(1729/2, 72, 35)
(865, 81, 40)
(1731/2, 72, 35)
(866, 81, 40)
(1733/2, 72, 35)
(867, 63, 30)
(1735/2, 72, 35)
(868, 80, 40)
(1737/2, 77, 38)
(869, 74, 36)
(1739/2, 70, 34)
(870, 68, 33)
(1741/2, 65, 31)
(871, 62, 29)
(1743/2, 58, 27)
(872, 56, 26)
(873, 86, 43)
(874, 84, 42)
(875, 82, 41)
(876, 82, 41)
(881, 86, 43)
(882, 84, 42)
(883, 82, 41)
(884, 82, 41)
(889, 86, 43)
(890, 84, 42)
(891, 82, 41)
(892, 82, 41)
(895, 82, 41)
(896, 87, 44)
(898, 86, 43)
(899, 87, 44)
(900, 86, 43)
(901, 84, 42)
(902, 82, 41)
(903, 84, 42)
(904, 82, 41)
(907, 80, 40)
(908, 79, 39)
(911, 77, 38)
(912, 75, 37)
(915, 73, 36)
(916, 72, 35)
(919, 70, 34)
(920, 68, 33)
(923, 68, 33)
(924, 67, 32)
(927, 67, 32)
(928, 65, 31)
(933, 65, 31)
(934, 65, 31)
(935, 65, 31)
(936, 66, 31)
(941, 66, 31)
(942, 66, 31)
(943, 66, 31)
(944, 67, 32)
(949, 67, 32)
(950, 67, 32)
(951, 67, 32)
(952, 70, 34)
(954, 69, 33)
(957, 69, 33)
(958, 69, 33)
(959, 69, 33)
(960, 71, 34)
(965, 71, 34)
(966, 71, 34)
(967, 71, 34)
(968, 77, 38)
(972, 71, 34)
(1031, 82, 41)
(1032, 87, 44)
(1034, 86, 43)
(1035, 87, 44)
(1036, 86, 43)
(1037, 84, 42)
(1038, 82, 41)
(1039, 84, 42)
(1040, 82, 41)
(1043, 80, 40)
(1044, 79, 39)
(1045, 79, 39)
(1046, 80, 40)
(1047, 74, 36)
(1048, 75, 37)
(1049, 82, 41)
(1050, 85, 43)
(1051, 76, 37)
(1052, 77, 38)
(1053, 87, 44)
(1054, 86, 43)
(1055, 84, 42)
(1056, 84, 42)
(1057, 82, 41)
(1059, 80, 40)
(1060, 79, 39)
(1061, 79, 39)
(1062, 80, 40)
(1063, 74, 36)
(1064, 75, 37)
(1065, 82, 41)
(1066, 85, 43)
(1067, 76, 37)
(1068, 77, 38)
(1069, 87, 44)
(1070, 86, 43)
(1071, 84, 42)
(1072, 84, 42)
(1073, 82, 41)
(1074, 91, 46)
(2161/2, 86, 43)
(1081, 87, 44)
(2163/2, 83, 41)
(1082, 86, 43)
(2165/2, 84, 42)
(1083, 80, 40)
(2167/2, 77, 38)
(1084, 75, 37)
(1085, 79, 39)
(1086, 82, 41)
(1089, 77, 38)
(1090, 80, 40)
(2183/2, 79, 39)
(1092, 75, 37)
(1095, 82, 41)
(1096, 87, 44)
(1098, 85, 43)
(1099, 87, 44)
(1100, 85, 43)
(1101, 84, 42)
(1103, 77, 38)
(1104, 82, 41)
(1106, 80, 40)
(1107, 82, 41)
(1108, 80, 40)
(1109, 79, 39)
(1111, 70, 34)
(1112, 75, 37)
(1114, 73, 36)
(1115, 75, 37)
(1116, 73, 36)
(1117, 72, 35)
(1119, 65, 31)
(1120, 70, 34)
(1122, 68, 33)
(1123, 70, 34)
(1124, 68, 33)
(1125, 67, 32)
(1126, 82, 41)
(1130, 82, 41)
(1134, 82, 41)
(1138, 80, 40)
(1139, 82, 41)
(1140, 80, 40)
(2281/2, 79, 39)
(1141, 82, 41)
(2283/2, 79, 39)
(1142, 77, 38)
(2285/2, 75, 37)
(1143, 79, 39)
(2287/2, 75, 37)
(1144, 72, 35)
(2289/2, 70, 34)
(1145, 75, 37)
(2291/2, 70, 34)
(1146, 68, 33)
(2293/2, 67, 32)
(1147, 70, 34)
(2295/2, 67, 32)
(1148, 65, 31)
(2297/2, 63, 30)
(1149, 67, 32)
(2299/2, 63, 30)
(1150, 60, 28)
(2301/2, 58, 27)
(1151, 63, 30)
(2303/2, 58, 27)
(1152, 55, 25)
(2305/2, 58, 27)
(1153, 63, 30)
(2307/2, 67, 32)
(1154, 70, 34)
(2309/2, 67, 32)
(1155, 63, 30)
(2311/2, 58, 27)
(1156, 55, 25)
(1160, 58, 27)
(1164, 63, 30)
(10000, 63, 30)
(20017/2, 62, 29)
(10009, 63, 30)
(20019/2, 62, 29)
(10010, 62, 29)
(10011, 63, 30)
(10012, 67, 32)
(10016, 69, 33)
(20049/2, 77, 38)
(10025, 79, 39)
(20051/2, 80, 40)
(10026, 80, 40)
(10027, 79, 39)
(20057/2, 77, 38)
(10029, 80, 40)
(20059/2, 72, 35)
(10030, 68, 33)
(10033, 67, 32)
(20067/2, 65, 31)
(10034, 65, 31)
(10035, 63, 30)
(20071/2, 63, 30)
(10036, 58, 27)
(20073/2, 58, 27)
(10037, 58, 27)
(20075/2, 58, 27)
(10038, 60, 28)
(10040, 60, 28)
(20083/2, 61, 29)
(10042, 61, 29)
(10044, 61, 29)
(10046, 69, 33)
(10048, 63, 30)
(20097/2, 56, 26)
(20099/2, 63, 30)
(10050, 58, 27)
(20101/2, 67, 32)
(20103/2, 58, 27)
(10052, 60, 28)
(10054, 58, 27)
(10055, 62, 29)
(10056, 63, 30)
(20113/2, 63, 30)
(10057, 67, 32)
(20115/2, 65, 31)
(10058, 63, 30)
(10063, 60, 28)
(10064, 68, 33)
(10067, 58, 27)
(10068, 67, 32)
(10069, 69, 33)
(10070, 70, 34)
(10072, 63, 30)
(10073, 65, 31)
(10074, 67, 32)
(10076, 67, 32)
(10078, 65, 31)
(10080, 63, 30)
(10083, 58, 27)
(10084, 60, 28)
(10086, 61, 29)
(10088, 63, 30)
(10090, 60, 28)
(10090, 63, 30)
(10092, 58, 27)
(10093, 67, 32)
(10094, 63, 30)
(10095, 63, 30)
(10096, 63, 30)
(10098, 62, 29)
(10099, 67, 32)
(10100, 67, 32)
(10101, 69, 33)
(10102, 70, 34)
(10104, 63, 30)
(10105, 65, 31)
(10106, 67, 32)
(10108, 60, 28)
(10109, 63, 30)
(10110, 62, 29)
(10112, 63, 30)
(10115, 58, 27)
(10116, 55, 25)
(10117, 55, 25)
(10118, 56, 26)
(10119, 58, 27)
(10120, 56, 26)
(20241/2, 63, 30)
(10121, 62, 29)
(20243/2, 63, 30)
(10122, 65, 31)
(20245/2, 63, 30)
(10123, 60, 28)
(20247/2, 56, 26)
(10124, 55, 25)
(10125, 55, 25)
(10126, 56, 26)
(10127, 61, 29)
(10128, 60, 28)
(10131, 60, 28)
(10132, 65, 31)
(10132, 70, 34)
(10132, 58, 27)
(10136, 63, 30)
(10139, 60, 28)
(10140, 58, 27)
(10142, 60, 28)
(10143, 62, 29)
(10144, 63, 30)
(20289/2, 58, 27)
(10145, 63, 30)
(20291/2, 58, 27)
(10146, 62, 29)
(20293/2, 58, 27)
(10147, 62, 29)
(20295/2, 58, 27)
(10148, 63, 30)
(20297/2, 58, 27)
(10149, 63, 30)
(20299/2, 58, 27)
(10150, 65, 31)
(20301/2, 58, 27)
(10151, 65, 31)
(20303/2, 58, 27)
(10152, 63, 30)
(10158, 62, 29)
(10160, 63, 30)
(20321/2, 67, 32)
(10161, 63, 30)
(20323/2, 67, 32)
(10162, 70, 34)
(20325/2, 65, 31)
(10163, 70, 34)
(20327/2, 65, 31)
(10164, 70, 34)
(20329/2, 67, 32)
(10165, 70, 34)
(20331/2, 67, 32)
(10166, 68, 33)
(20333/2, 65, 31)
(10167, 68, 33)
(20335/2, 65, 31)
(10168, 67, 32)
(10170, 66, 32)
(10172, 65, 31)
(10176, 63, 30)
(10178, 75, 37)
(20359/2, 74, 36)
(10180, 72, 35)
(20363/2, 70, 34)
(10182, 68, 33)
(20367/2, 67, 32)
(10184, 64, 30)
(10185, 65, 31)
(10186, 77, 38)
(20375/2, 75, 37)
(10188, 74, 36)
(20379/2, 72, 35)
(10190, 70, 34)
(20383/2, 69, 33)
(10192, 66, 31)
(10193, 67, 32)
(10194, 66, 31)
(20389/2, 69, 33)
(10195, 74, 36)
(20391/2, 69, 33)
(10196, 67, 32)
(20393/2, 70, 34)
(10197, 74, 36)
(20395/2, 70, 34)
(10198, 69, 33)
(20397/2, 72, 35)
(10199, 74, 36)
(20399/2, 72, 35)
(10200, 70, 34)
(20401/2, 74, 36)
(10201, 75, 37)
(20403/2, 74, 36)
(10202, 78, 38)
(20405/2, 84, 42)
(10203, 81, 40)
(20407/2, 78, 38)
(10204, 79, 39)
(20409/2, 74, 36)
(10205, 70, 34)
(20411/2, 67, 32)
(10206, 69, 33)
(20413/2, 66, 31)
(10207, 62, 29)
(20415/2, 60, 28)
(10208, 58, 27)
(10208, 62, 29)
(10208, 70, 34)
(10210, 55, 25)
(10210, 62, 29)
(10210, 70, 34)
(10212, 55, 25)
(10212, 62, 29)
(10212, 70, 34)
(10216, 58, 27)
(10218, 58, 27)
(10218, 64, 30)
(10220, 58, 27)
(10220, 64, 30)
(10224, 60, 28)
(10224, 63, 30)
(10226, 60, 28)
(10226, 63, 30)
(10228, 60, 28)
(10228, 63, 30)
(10232, 62, 29)
(10234, 63, 30)
(10236, 65, 31)
(10238, 63, 30)
(10240, 62, 29)
(10242, 63, 30)
(10244, 65, 31)
(10246, 63, 30)
(10248, 62, 29)
(10250, 65, 31)
(10252, 63, 30)
(10254, 68, 33)
(10256, 67, 32)
(10257, 65, 31)
(10258, 67, 32)
(10259, 65, 31)
(10260, 63, 30)
(10264, 62, 29)
(20529/2, 65, 31)
(20531/2, 65, 31)
(10266, 69, 33)
(20533/2, 65, 31)
(20535/2, 65, 31)
(10268, 70, 34)
(20537/2, 65, 31)
(20539/2, 65, 31)
(10270, 72, 35)
(20541/2, 65, 31)
(20543/2, 65, 31)
(10272, 74, 36)
(20545/2, 70, 34)
(20547/2, 74, 36)
(10274, 72, 35)
(20549/2, 69, 33)
(20551/2, 72, 35)
(10276, 74, 36)
(20553/2, 70, 34)
(10277, 72, 35)
(20555/2, 74, 36)
(10278, 75, 37)
(20557/2, 72, 35)
(10279, 75, 37)
(20559/2, 72, 35)
(10280, 70, 34)
(10282, 68, 33)
(10283, 65, 31)
(10284, 66, 32)
(10285, 63, 30)
(10286, 62, 29)
(10287, 58, 27)
(10288, 63, 30)
(10289, 58, 27)
(10296, 63, 30)
(10300, 64, 30)
(10304, 65, 31)
(10308, 67, 32)
(10312, 68, 33)
(10316, 69, 33)
(10318, 70, 34)
(10320, 72, 35)
(10324, 72, 35)
(10326, 75, 37)
(10328, 69, 33)
(10328, 81, 40)
(10336, 70, 34)
(10336, 77, 38)
(10336, 62, 29)
(10341, 76, 37)
(10342, 77, 38)
(10344, 70, 34)
(10345, 72, 35)
(10346, 74, 36)
(10348, 74, 36)
(10350, 72, 35)
(10352, 70, 34)
(10353, 65, 31)
(10355, 63, 30)
(10356, 62, 29)
(10358, 58, 27)
(10363, 63, 30)
(10364, 62, 29)
(10366, 60, 28)
(10368, 58, 27)
(10371, 58, 27)
(10372, 67, 32)
(10373, 69, 33)
(10374, 70, 34)
(10376, 63, 30)
(10377, 65, 31)
(10378, 67, 32)
(10380, 67, 32)
(10382, 65, 31)
(10384, 63, 30)
(10387, 58, 27)
(10388, 60, 28)
(10390, 61, 29)
(10392, 63, 30)
(10394, 60, 28)
(10394, 63, 30)
(10396, 58, 27)
(10397, 67, 32)
(10398, 65, 31)
(10399, 63, 30)
(10400, 63, 30)
(10402, 62, 29)
(10403, 63, 30)
(10404, 67, 32)
(10407, 65, 31)
(10408, 63, 30)
(10410, 67, 32)
(10411, 68, 33)
(10412, 67, 32)
(10415, 65, 31)
(10416, 64, 30)
(10423, 60, 28)
(10424, 68, 33)
(10426, 67, 32)
(10427, 65, 31)
(10428, 60, 28)
(10432, 68, 33)
(10434, 67, 32)
(10435, 65, 31)
(10436, 60, 28)
(10441, 59, 27)
(10442, 60, 28)
(10443, 62, 29)
(10444, 63, 30)
(10449, 63, 30)
(10450, 62, 29)
(10451, 60, 28)
(10452, 67, 32)
(10454, 66, 31)
(10456, 58, 27)
(20913/2, 55, 25)
(10457, 58, 27)
(20915/2, 55, 25)
(10458, 58, 27)
(20917/2, 62, 29)
(10459, 58, 27)
(20919/2, 62, 29)
(10460, 60, 28)
(20921/2, 62, 29)
(10461, 60, 28)
(20923/2, 62, 29)
(10462, 60, 28)
(20925/2, 62, 29)
(10463, 60, 28)
(20927/2, 62, 29)
(10464, 58, 27)
(20929/2, 62, 29)
(10465, 67, 32)
(20931/2, 69, 33)
(10466, 70, 34)
(20933/2, 74, 36)
(10467, 70, 34)
(20935/2, 74, 36)
(10468, 72, 35)
(20937/2, 62, 29)
(10469, 72, 35)
(20939/2, 62, 29)
(10470, 72, 35)
(20941/2, 62, 29)
(10471, 72, 35)
(20943/2, 62, 29)
(10472, 70, 34)
(20945/2, 67, 32)
(10473, 62, 29)
(20947/2, 67, 32)
(10474, 70, 34)
(20949/2, 67, 32)
(10475, 62, 29)
(20951/2, 67, 32)
(10476, 71, 34)
(20953/2, 65, 31)
(10477, 71, 34)
(20955/2, 65, 31)
(10478, 71, 34)
(20957/2, 65, 31)
(10479, 71, 34)
(20959/2, 65, 31)
(10480, 69, 33)
(20961/2, 65, 31)
(10481, 69, 33)
(20963/2, 65, 31)
(10482, 69, 33)
(20965/2, 65, 31)
(10483, 69, 33)
(20967/2, 65, 31)
(10484, 62, 29)
(20969/2, 65, 31)
(10485, 62, 29)
(20971/2, 65, 31)
(10486, 62, 29)
(20973/2, 65, 31)
(10487, 62, 29)
(20975/2, 65, 31)
(10488, 62, 29)
(20977/2, 59, 27)
(10489, 62, 29)
(20979/2, 59, 27)
(10490, 62, 29)
(20981/2, 59, 27)
(10491, 62, 29)
(20983/2, 59, 27)
(10492, 60, 28)
(20985/2, 64, 30)
(10493, 69, 33)
(20987/2, 64, 30)
(10494, 62, 29)
(20989/2, 64, 30)
(10495, 68, 32)
(20991/2, 64, 30)
(10496, 60, 28)
(20993/2, 64, 30)
(10497, 69, 33)
(20995/2, 64, 30)
(10498, 62, 29)
(20997/2, 64, 30)
(10499, 68, 32)
(20999/2, 64, 30)
(10500, 60, 28)
(21001/2, 64, 30)
(10501, 69, 33)
(10502, 59, 27)
(21005/2, 62, 29)
(10503, 59, 27)
(10504, 60, 28)
(21009/2, 62, 29)
(10505, 60, 28)
(21011/2, 62, 29)
(10506, 64, 30)
(10508, 69, 33)
(21017/2, 64, 30)
(21019/2, 69, 33)
(10510, 68, 32)
(21021/2, 64, 30)
(21023/2, 68, 32)
(10512, 69, 33)
(21025/2, 64, 30)
(21027/2, 69, 33)
(10514, 71, 34)
(21029/2, 68, 32)
(21031/2, 71, 34)
(10516, 72, 35)
(21033/2, 69, 33)
(10517, 72, 35)
(21035/2, 69, 33)
(10518, 74, 36)
(21037/2, 71, 34)
(10519, 74, 36)
(21039/2, 71, 34)
(10520, 76, 37)
(10523, 69, 33)
(10524, 74, 36)
(10526, 72, 35)
(10527, 74, 36)
(10528, 72, 35)
(10529, 71, 34)
(10530, 69, 33)
(10531, 71, 34)
(10532, 69, 33)
(10534, 68, 32)
(10535, 69, 33)
(10536, 68, 32)
(10537, 69, 33)
(10538, 64, 30)
(10543, 76, 37)
(10544, 81, 40)
(10546, 79, 39)
(10547, 81, 40)
(10548, 79, 39)
(10549, 77, 38)
(10550, 76, 37)
(10551, 77, 38)
(10552, 76, 37)
(10553, 74, 36)
(10554, 77, 38)
(10555, 74, 36)
(10556, 74, 36)
(10557, 71, 34)
(10558, 59, 27)
(10560, 62, 29)
(10561, 59, 27)
(10562, 59, 27)
(10563, 57, 26)
(10564, 57, 26)
(10565, 56, 25)
(10566, 64, 30)
(10569, 65, 31)
(10570, 64, 30)
(10575, 57, 26)
(10576, 57, 26)
(10577, 64, 30)
(10578, 64, 30)
(10579, 68, 32)
(10580, 68, 32)
(21161/2, 69, 33)
(10581, 69, 33)
(10582, 69, 33)
(21165/2, 68, 32)
(10583, 68, 32)
(10584, 71, 34)
(21169/2, 72, 35)
(10585, 72, 35)
(21171/2, 69, 33)
(10586, 69, 33)
(21173/2, 64, 30)
(10587, 64, 30)
(21175/2, 68, 32)
(10588, 69, 33)
(10589, 76, 37)
(10591, 80, 39)
(42367/4, 81, 40)
(10592, 72, 35)
(10592, 81, 40)
(10593, 72, 35)
(10593, 81, 40)
(10594, 72, 35)
(10594, 81, 40)
(10595, 72, 35)
(10595, 81, 40)
(10596, 72, 35)
(10596, 81, 40)
(10600, 60, 28)
(10608, 58, 27)
(10612, 55, 25)
(10621, 57, 26)
(10622, 57, 26)
(10625, 55, 25)
(10625, 67, 32)
(10626, 55, 25)
(10626, 67, 32)
(10629, 57, 26)
(10629, 67, 32)
(10630, 57, 26)
(10630, 67, 32)
(10633, 58, 27)
(10633, 67, 32)
(10634, 58, 27)
(10634, 67, 32)
(10637, 55, 25)
(10637, 67, 32)
(10638, 55, 25)
(10638, 67, 32)
(10641, 62, 29)
(10641, 69, 33)
(10642, 62, 29)
(10642, 69, 33)
(10645, 55, 25)
(10645, 67, 32)
(10646, 55, 25)
(10646, 67, 32)
(10652, 55, 25)
(10656, 58, 27)
(10657, 56, 26)
(10659, 56, 26)
(10660, 60, 28)
(10661, 59, 27)
(10663, 59, 27)
(10664, 62, 29)
(10666, 60, 28)
(10670, 65, 31)
(10674, 63, 30)
(10676, 63, 30)
(10677, 62, 29)
(10678, 60, 28)
(10679, 58, 27)
(10680, 57, 26)
(10682, 69, 33)
(10686, 67, 32)
(10688, 66, 31)
(10690, 60, 28)
(10694, 58, 27)
(10696, 57, 26)
(10702, 55, 25)
(10704, 67, 32)
(10708, 63, 30)
(10712, 63, 30)
(10714, 62, 29)
(10716, 63, 30)
(10718, 58, 27)
(10720, 60, 28)
(10722, 61, 29)
(10724, 63, 30)
(10730, 67, 32)
(10731, 65, 31)
(10732, 63, 30)
(10734, 62, 29)
(10735, 67, 32)
(10736, 67, 32)
(10737, 69, 33)
(10738, 70, 34)
(10740, 63, 30)
(10741, 65, 31)
(10742, 67, 32)
(10744, 67, 32)
(10747, 65, 31)
(10748, 63, 30)
(10751, 58, 27)
(10752, 55, 25)
(10753, 55, 25)
(10754, 56, 26)
(10755, 58, 27)
(10756, 56, 26)
(21513/2, 63, 30)
(10757, 62, 29)
(21515/2, 63, 30)
(10758, 65, 31)
(21517/2, 63, 30)
(10759, 60, 28)
(21519/2, 56, 26)
(10760, 55, 25)
(10761, 55, 25)
(10762, 56, 26)
(10763, 61, 29)
(10764, 60, 28)
(10767, 60, 28)
(10768, 65, 31)
(10768, 70, 34)
(10768, 58, 27)
(10772, 63, 30)
(10780, 70, 34)
(10783, 68, 33)
(10784, 67, 32)
(10785, 63, 30)
(10786, 62, 29)
(10787, 65, 31)
(10788, 55, 25)
(21577/2, 58, 27)
(10789, 63, 30)
(21579/2, 58, 27)
(10790, 55, 25)
(21581/2, 58, 27)
(10791, 55, 25)
(21583/2, 58, 27)
(10792, 56, 26)
(21585/2, 60, 28)
(10793, 58, 27)
(21587/2, 56, 26)
(10794, 61, 29)
(21589/2, 58, 27)
(10795, 61, 29)
(21591/2, 58, 27)
(10796, 60, 28)
(10797, 73, 36)
(10798, 72, 35)
(10799, 70, 34)
(10800, 68, 33)
(10804, 67, 32)
(21609/2, 70, 34)
(21611/2, 70, 34)
(10806, 74, 36)
(21613/2, 70, 34)
(21615/2, 70, 34)
(10808, 75, 37)
(21617/2, 70, 34)
(21619/2, 75, 37)
(10810, 77, 38)
(21621/2, 74, 36)
(21623/2, 77, 38)
(10812, 79, 39)
(21625/2, 75, 37)
(21627/2, 67, 32)
(10814, 65, 31)
(21629/2, 62, 29)
(21631/2, 65, 31)
(10816, 67, 32)
(21633/2, 63, 30)
(10817, 65, 31)
(21635/2, 67, 32)
(10818, 68, 33)
(21637/2, 65, 31)
(10819, 68, 33)
(21639/2, 65, 31)
(10820, 70, 34)
(10822, 73, 36)
(10823, 70, 34)
(10824, 71, 35)
(10825, 68, 33)
(10826, 67, 32)
(10827, 63, 30)
(10828, 68, 33)
(10829, 63, 30)
(10836, 68, 33)
(10840, 70, 34)
(10844, 72, 35)
(10848, 63, 30)
(10848, 72, 35)
(10852, 63, 30)
(10852, 72, 35)
(10856, 67, 32)
(10856, 75, 37)
(10858, 63, 30)
(10858, 72, 35)
(10860, 72, 35)
(10860, 81, 40)
(10860, 63, 30)
(10864, 72, 35)
(10864, 81, 40)
(10866, 65, 31)
(10866, 69, 33)
(10868, 65, 31)
(10868, 70, 34)
(10876, 55, 25)
(21753/2, 58, 27)
(10877, 63, 30)
(21755/2, 67, 32)
(10878, 70, 34)
(21757/2, 75, 37)
(10879, 79, 39)
(21759/2, 82, 41)
(10880, 77, 38)
(10881, 74, 36)
(10881, 77, 38)
(10882, 74, 36)
(10882, 77, 38)
(10883, 74, 36)
(10883, 77, 38)
(10884, 55, 25)
(21769/2, 58, 27)
(10885, 63, 30)
(21771/2, 67, 32)
(10886, 70, 34)
(21773/2, 75, 37)
(10887, 79, 39)
(21775/2, 82, 41)
(10888, 77, 38)
(10889, 74, 36)
(10889, 77, 38)
(10890, 74, 36)
(10890, 77, 38)
(10891, 74, 36)
(10891, 77, 38)
(10892, 70, 34)
(10892, 82, 41)
(10892, 63, 30)
(10895, 75, 37)
(10896, 79, 39)
(10897, 81, 40)
(10898, 82, 41)
(10900, 75, 37)
(10905, 72, 35)
(10906, 74, 36)
(10909, 70, 34)
(10910, 68, 33)
(10913, 67, 32)
(10914, 64, 30)
(10917, 65, 31)
(10918, 61, 29)
(10922, 60, 28)
(10926, 59, 27)
(10928, 60, 28)
(10933, 60, 28)
(10934, 60, 28)
(10935, 60, 28)
(10936, 60, 28)
(10941, 60, 28)
(10942, 60, 28)
(10943, 60, 28)
(10944, 60, 28)
(10949, 60, 28)
(10950, 60, 28)
(10951, 60, 28)
(10952, 65, 31)
(10957, 65, 31)
(10958, 65, 31)
(10959, 65, 31)
(10960, 68, 33)
(10964, 65, 31)
(10968, 56, 26)
(10976, 68, 33)
(10978, 67, 32)
(10979, 65, 31)
(10980, 60, 28)
(10983, 60, 28)
(10984, 68, 33)
(10986, 67, 32)
(10987, 65, 31)
(10988, 60, 28)
(10993, 59, 27)
(10994, 60, 28)
(10995, 62, 29)
(10996, 63, 30)
(11001, 63, 30)
(11002, 62, 29)
(11003, 60, 28)
(11004, 67, 32)
(11006, 66, 31)
(11009, 63, 30)
(11010, 62, 29)
(11011, 60, 28)
(11012, 67, 32)
(11014, 66, 31)
(11017, 63, 30)
(11018, 62, 29)
(11019, 60, 28)
(11020, 67, 32)
(11024, 66, 31)
(11031, 67, 32)
(11032, 65, 31)
(22065/2, 63, 30)
(11033, 65, 31)
(22067/2, 63, 30)
(11034, 62, 29)
(22069/2, 65, 31)
(11035, 62, 29)
(22071/2, 65, 31)
(22073/2, 65, 31)
(11037, 70, 34)
(22075/2, 65, 31)
(22077/2, 63, 30)
(11039, 70, 34)
(22079/2, 63, 30)
(22081/2, 63, 30)
(11041, 67, 32)
(22083/2, 63, 30)
(22085/2, 62, 29)
(11043, 65, 31)
(22087/2, 62, 29)
(22089/2, 63, 30)
(11045, 67, 32)
(22091/2, 63, 30)
(22093/2, 62, 29)
(11047, 65, 31)
(22095/2, 62, 29)
(22097/2, 58, 27)
(11049, 67, 32)
(22099/2, 58, 27)
(22101/2, 58, 27)
(11051, 67, 32)
(22103/2, 58, 27)
(22105/2, 60, 28)
(11053, 68, 33)
(22107/2, 60, 28)
(11054, 68, 33)
(22109/2, 60, 28)
(11055, 68, 33)
(22111/2, 60, 28)
(22113/2, 63, 30)
(11057, 67, 32)
(22115/2, 63, 30)
(11058, 62, 29)
(22117/2, 65, 31)
(11059, 62, 29)
(22119/2, 65, 31)
(11060, 63, 30)
(22121/2, 67, 32)
(11061, 63, 30)
(22123/2, 67, 32)
(22125/2, 62, 29)
(11063, 68, 33)
(22127/2, 62, 29)
(22129/2, 63, 30)
(11065, 67, 32)
(22131/2, 63, 30)
(22133/2, 58, 27)
(11067, 67, 32)
(22135/2, 58, 27)
(22137/2, 60, 28)
(11069, 65, 31)
(22139/2, 60, 28)
(22141/2, 60, 28)
(11071, 65, 31)
(22143/2, 60, 28)
(22145/2, 67, 32)
(11073, 63, 30)
(22147/2, 67, 32)
(11074, 65, 31)
(22149/2, 67, 32)
(11075, 65, 31)
(22151/2, 67, 32)
(11076, 63, 30)
(22153/2, 67, 32)
(11077, 63, 30)
(22155/2, 67, 32)
(11078, 62, 29)
(22157/2, 67, 32)
(11079, 62, 29)
(22159/2, 67, 32)
(11080, 63, 30)
(22161/2, 67, 32)
(11081, 63, 30)
(22163/2, 67, 32)
(11082, 63, 30)
(22165/2, 65, 31)
(11083, 63, 30)
(22167/2, 65, 31)
(22169/2, 58, 27)
(11085, 67, 32)
(22171/2, 58, 27)
(22173/2, 58, 27)
(11087, 67, 32)
(22175/2, 58, 27)
(22177/2, 65, 31)
(11089, 63, 30)
(22179/2, 65, 31)
(11090, 62, 29)
(22181/2, 65, 31)
(11091, 62, 29)
(22183/2, 65, 31)
(11092, 63, 30)
(22185/2, 58, 27)
(11093, 63, 30)
(22187/2, 58, 27)
(22189/2, 63, 30)
(11095, 67, 32)
(22191/2, 63, 30)
(22193/2, 63, 30)
(11097, 68, 33)
(22195/2, 63, 30)
(22197/2, 63, 30)
(11099, 67, 32)
(22199/2, 63, 30)
(22201/2, 63, 30)
(11101, 66, 32)
(22203/2, 63, 30)
(22205/2, 62, 29)
(11103, 65, 31)
(22207/2, 62, 29)
(22209/2, 58, 27)
(11105, 63, 30)
(22211/2, 58, 27)
(22213/2, 58, 27)
(11107, 62, 29)
(22215/2, 58, 27)
(22217/2, 58, 27)
(11109, 63, 30)
(22219/2, 58, 27)
(22221/2, 58, 27)
(11111, 63, 30)
(22223/2, 58, 27)
(22225/2, 56, 26)
(11113, 60, 28)
(22227/2, 56, 26)
(22229/2, 55, 25)
(11115, 61, 29)
(22231/2, 55, 25)
(22233/2, 60, 28)
(11117, 63, 30)
(22235/2, 60, 28)
(22237/2, 58, 27)
(11119, 62, 29)
(22239/2, 58, 27)
(22241/2, 58, 27)
(11121, 63, 30)
(22243/2, 58, 27)
(22245/2, 58, 27)
(11123, 62, 29)
(22247/2, 58, 27)
(11124, 63, 30)
(11126, 63, 30)
(11127, 65, 31)
(11128, 63, 30)
(11129, 62, 29)
(11130, 62, 29)
(22261/2, 58, 27)
(11131, 62, 29)
(22263/2, 58, 27)
(11132, 63, 30)
(22265/2, 70, 34)
(11133, 63, 30)
(22267/2, 70, 34)
(11134, 75, 37)
(11135, 77, 38)
(11136, 75, 37)
(11137, 74, 36)
(11138, 70, 34)
(22277/2, 65, 31)
(11139, 62, 29)
(11140, 55, 25)
(11140, 63, 30)
(11148, 58, 27)
(11160, 58, 27)
(11164, 58, 27)
(20000, 58, 27)
(20004, 56, 26)
(40017/2, 58, 27)
(20009, 58, 27)
(40019/2, 58, 27)
(20010, 58, 27)
(20012, 60, 28)
(20026, 52, 23)
(20028, 53, 24)
(20032, 58, 27)
(20034, 58, 27)
(40071/2, 60, 28)
(20036, 51, 23)
(40073/2, 51, 23)
(20037, 50, 22)
(40075/2, 51, 23)
(20038, 60, 28)
(40079/2, 63, 30)
(20040, 63, 30)
(20041, 56, 26)
(20042, 51, 23)
(40087/2, 63, 30)
(20044, 63, 30)
(20045, 58, 27)
(20046, 63, 30)
(40095/2, 63, 30)
(20048, 68, 33)
(40097/2, 63, 30)
(40099/2, 68, 33)
(20050, 67, 32)
(40101/2, 63, 30)
(40103/2, 67, 32)
(20052, 54, 25)
(20054, 53, 24)
(20055, 58, 27)
(40113/2, 58, 27)
(20057, 63, 30)
(40115/2, 62, 29)
(20058, 60, 28)
(20063, 56, 26)
(20064, 58, 27)
(20067, 63, 30)
(20068, 63, 30)
(20070, 65, 31)
(20072, 60, 28)
(20073, 62, 29)
(20074, 63, 30)
(20075, 58, 27)
(20076, 60, 28)
(20078, 62, 29)
(20080, 63, 30)
(40161/2, 58, 27)
(20081, 57, 26)
(40163/2, 58, 27)
(20082, 60, 28)
(40165/2, 58, 27)
(20083, 55, 25)
(40167/2, 51, 23)
(20085, 51, 23)
(20087, 51, 23)
(20089, 51, 23)
(20091, 51, 23)
(20092, 51, 23)
(20093, 51, 23)
(20095, 60, 28)
(20096, 58, 27)
(20099, 63, 30)
(20100, 63, 30)
(20102, 65, 31)
(20103, 67, 32)
(20104, 60, 28)
(20105, 62, 29)
(20106, 63, 30)
(20108, 67, 32)
(20111, 65, 31)
(20112, 63, 30)
(20115, 51, 23)
(20117, 51, 23)
(20118, 51, 23)
(20119, 51, 23)
(20120, 51, 23)
(20123, 63, 30)
(20125, 63, 30)
(20126, 63, 30)
(20127, 63, 30)
(20128, 63, 30)
(20131, 63, 30)
(20132, 58, 27)
(20132, 62, 29)
(20136, 63, 30)
(20138, 53, 24)
(20140, 56, 26)
(20141, 55, 25)
(20142, 56, 26)
(20144, 55, 25)
(40289/2, 51, 23)
(20145, 55, 25)
(40291/2, 51, 23)
(20146, 53, 24)
(40293/2, 50, 22)
(20147, 53, 24)
(40295/2, 50, 22)
(20148, 55, 25)
(40297/2, 51, 23)
(20149, 55, 25)
(40299/2, 51, 23)
(20150, 56, 26)
(40301/2, 53, 24)
(20151, 56, 26)
(40303/2, 53, 24)
(20152, 55, 25)
(20156, 53, 24)
(20160, 55, 25)
(40321/2, 58, 27)
(20161, 55, 25)
(40323/2, 58, 27)
(20162, 62, 29)
(40325/2, 58, 27)
(20163, 62, 29)
(40327/2, 58, 27)
(20164, 63, 30)
(40329/2, 58, 27)
(20165, 63, 30)
(40331/2, 58, 27)
(20166, 53, 24)
(40333/2, 58, 27)
(20167, 53, 24)
(40335/2, 58, 27)
(20168, 51, 23)
(40337/2, 58, 27)
(20169, 63, 30)
(40339/2, 58, 27)
(20170, 63, 30)
(40341/2, 58, 27)
(20171, 63, 30)
(40343/2, 58, 27)
(20172, 63, 30)
(40345/2, 58, 27)
(20173, 63, 30)
(40347/2, 58, 27)
(20174, 62, 29)
(40349/2, 58, 27)
(20175, 62, 29)
(40351/2, 58, 27)
(20176, 63, 30)
(40353/2, 55, 25)
(20177, 58, 27)
(40355/2, 55, 25)
(20178, 59, 27)
(40357/2, 55, 25)
(20179, 59, 27)
(40359/2, 55, 25)
(20180, 60, 28)
(40361/2, 55, 25)
(20181, 60, 28)
(40363/2, 55, 25)
(20182, 58, 27)
(40365/2, 60, 28)
(20183, 58, 27)
(40367/2, 60, 28)
(20184, 56, 26)
(40369/2, 60, 28)
(20185, 56, 26)
(40371/2, 60, 28)
(20186, 56, 26)
(40373/2, 61, 29)
(20187, 56, 26)
(40375/2, 61, 29)
(20188, 56, 26)
(40377/2, 62, 29)
(20189, 56, 26)
(40379/2, 62, 29)
(20190, 57, 26)
(40381/2, 62, 29)
(20191, 57, 26)
(40383/2, 62, 29)
(20192, 60, 28)
(40385/2, 62, 29)
(20193, 58, 27)
(40387/2, 62, 29)
(20194, 57, 26)
(40389/2, 62, 29)
(20195, 66, 31)
(40391/2, 62, 29)
(20196, 58, 27)
(40393/2, 62, 29)
(20197, 67, 32)
(40395/2, 62, 29)
(20198, 60, 28)
(40397/2, 62, 29)
(20199, 69, 33)
(40399/2, 62, 29)
(20200, 58, 27)
(40401/2, 55, 25)
(20201, 58, 27)
(40403/2, 62, 29)
(20202, 66, 31)
(20202, 69, 33)
(20203, 66, 31)
(20203, 69, 33)
(20204, 67, 32)
(40409/2, 70, 34)
(20205, 67, 32)
(40411/2, 62, 29)
(20206, 60, 28)
(40413/2, 57, 26)
(20207, 54, 24)
(40415/2, 57, 26)
(20208, 55, 25)
(20208, 62, 29)
(20210, 58, 27)
(20210, 62, 29)
(20212, 58, 27)
(20212, 62, 29)
(20216, 61, 29)
(20218, 61, 29)
(20220, 61, 29)
(20224, 53, 24)
(20226, 53, 24)
(20228, 53, 24)
(20232, 53, 24)
(20250, 62, 29)
(20251, 59, 27)
(20252, 55, 25)
(20254, 65, 31)
(20255, 62, 29)
(20256, 58, 27)
(20260, 60, 28)
(20265, 65, 31)
(20266, 63, 30)
(20267, 60, 28)
(20268, 58, 27)
(20269, 55, 25)
(20270, 53, 24)
(20271, 51, 23)
(20272, 50, 22)
(20273, 53, 24)
(20274, 57, 26)
(20275, 60, 28)
(20276, 65, 31)
(20277, 70, 34)
(20278, 69, 33)
(20279, 65, 31)
(20280, 58, 27)
(20286, 53, 24)
(20288, 58, 27)
(20290, 56, 26)
(20291, 53, 24)
(20292, 54, 25)
(20293, 51, 23)
(20294, 50, 22)
(20295, 53, 24)
(20296, 51, 23)
(20300, 49, 22)
(20304, 56, 26)
(20308, 52, 24)
(20312, 51, 23)
(20316, 54, 25)
(20318, 54, 25)
(20320, 54, 25)
(20324, 60, 28)
(20324, 63, 30)
(20326, 60, 28)
(20326, 63, 30)
(20328, 60, 28)
(20328, 63, 30)
(20336, 50, 22)
(40673/2, 53, 24)
(20337, 58, 27)
(40675/2, 62, 29)
(20338, 65, 31)
(40677/2, 70, 34)
(20339, 74, 36)
(40679/2, 72, 35)
(20340, 70, 34)
(20342, 72, 35)
(20344, 67, 32)
(20345, 69, 33)
(20346, 70, 34)
(20347, 65, 31)
(20348, 67, 32)
(20350, 69, 33)
(20352, 70, 34)
(20354, 57, 26)
(20356, 50, 22)
(20357, 51, 23)
(20358, 53, 24)
(20360, 51, 23)
(20362, 50, 22)
(20363, 53, 24)
(20364, 58, 27)
(20366, 57, 26)
(20368, 58, 27)
(20371, 63, 30)
(20372, 63, 30)
(20374, 65, 31)
(20376, 60, 28)
(40755/2, 62, 29)
(20378, 63, 30)
(20379, 58, 27)
(20380, 60, 28)
(20381, 63, 30)
(20382, 62, 29)
(20384, 63, 30)
(40769/2, 58, 27)
(20385, 57, 26)
(40771/2, 58, 27)
(20386, 60, 28)
(40773/2, 58, 27)
(20387, 55, 25)
(40775/2, 51, 23)
(20389, 51, 23)
(20391, 51, 23)
(20393, 51, 23)
(20395, 51, 23)
(20397, 51, 23)
(20399, 60, 28)
(20400, 58, 27)
(20403, 55, 25)
(20404, 60, 28)
(20406, 55, 25)
(20408, 56, 26)
(20410, 52, 23)
(20412, 53, 24)
(20414, 48, 21)
(20417, 60, 28)
(40835/2, 48, 21)
(20418, 60, 28)
(40837/2, 48, 21)
(20419, 60, 28)
(40839/2, 48, 21)
(20420, 58, 27)
(40841/2, 48, 21)
(20421, 58, 27)
(40843/2, 48, 21)
(20422, 58, 27)
(40845/2, 48, 21)
(20423, 58, 27)
(40847/2, 48, 21)
(20424, 56, 26)
(40849/2, 53, 24)
(20425, 48, 21)
(40851/2, 53, 24)
(20426, 56, 26)
(40853/2, 60, 28)
(20427, 56, 26)
(40855/2, 60, 28)
(20428, 58, 27)
(40857/2, 48, 21)
(20429, 58, 27)
(40859/2, 48, 21)
(20430, 58, 27)
(40861/2, 48, 21)
(20431, 58, 27)
(40863/2, 48, 21)
(20432, 56, 26)
(40865/2, 53, 24)
(20433, 48, 21)
(40867/2, 53, 24)
(20434, 56, 26)
(40869/2, 60, 28)
(20435, 56, 26)
(40871/2, 60, 28)
(20436, 58, 27)
(40873/2, 48, 21)
(20437, 58, 27)
(40875/2, 48, 21)
(20438, 58, 27)
(40877/2, 48, 21)
(20439, 58, 27)
(40879/2, 48, 21)
(20440, 56, 26)
(40881/2, 53, 24)
(20441, 48, 21)
(40883/2, 53, 24)
(20442, 56, 26)
(40885/2, 53, 24)
(20443, 48, 21)
(40887/2, 53, 24)
(20444, 57, 26)
(40889/2, 48, 21)
(20445, 57, 26)
(40891/2, 48, 21)
(20446, 57, 26)
(40893/2, 48, 21)
(20447, 57, 26)
(40895/2, 48, 21)
(20448, 55, 25)
(40897/2, 48, 21)
(20449, 55, 25)
(40899/2, 48, 21)
(20450, 55, 25)
(40901/2, 48, 21)
(20451, 55, 25)
(40903/2, 48, 21)
(40905/2, 50, 22)
(20453, 51, 23)
(40907/2, 50, 22)
(20454, 51, 23)
(40909/2, 50, 22)
(20455, 51, 23)
(40911/2, 50, 22)
(20456, 51, 23)
(40913/2, 50, 22)
(20457, 51, 23)
(40915/2, 50, 22)
(20458, 55, 25)
(40917/2, 50, 22)
(20459, 55, 25)
(40919/2, 50, 22)
(20460, 54, 24)
(40921/2, 50, 22)
(20461, 54, 24)
(40923/2, 50, 22)
(20462, 57, 26)
(40925/2, 50, 22)
(20463, 57, 26)
(40927/2, 50, 22)
(20464, 62, 29)
(40929/2, 58, 27)
(20465, 50, 22)
(40931/2, 58, 27)
(20466, 62, 29)
(40933/2, 67, 32)
(20467, 62, 29)
(40935/2, 67, 32)
(20468, 66, 31)
(40937/2, 62, 29)
(20469, 66, 31)
(40939/2, 62, 29)
(20470, 67, 32)
(40941/2, 62, 29)
(20471, 69, 33)
(40943/2, 62, 29)
(20472, 67, 32)
(40945/2, 62, 29)
(20473, 58, 27)
(40947/2, 62, 29)
(20474, 67, 32)
(40949/2, 62, 29)
(20475, 58, 27)
(40951/2, 62, 29)
(20476, 65, 31)
(40953/2, 62, 29)
(20477, 65, 31)
(40955/2, 62, 29)
(20478, 65, 31)
(40957/2, 62, 29)
(20479, 65, 31)
(40959/2, 62, 29)
(20480, 65, 31)
(40961/2, 62, 29)
(20481, 65, 31)
(40963/2, 62, 29)
(20482, 65, 31)
(40965/2, 62, 29)
(20483, 65, 31)
(40967/2, 62, 29)
(20484, 65, 31)
(20487, 59, 27)
(20488, 52, 23)
(20495, 64, 30)
(20496, 76, 37)
(20498, 74, 36)
(20499, 71, 34)
(20500, 69, 33)
(20501, 65, 31)
(20502, 64, 30)
(20503, 64, 30)
(20505, 64, 30)
(20507, 64, 30)
(20508, 60, 28)
(20509, 64, 30)
(20511, 64, 30)
(20513, 52, 23)
(20515, 52, 23)
(20516, 48, 21)
(20517, 52, 23)
(20519, 52, 23)
(41041/2, 57, 26)
(20521, 60, 28)
(41043/2, 64, 30)
(20522, 69, 33)
(20526, 64, 30)
(20528, 69, 33)
(20530, 65, 31)
(20531, 67, 32)
(20532, 65, 31)
(20533, 64, 30)
(20535, 64, 30)
(20536, 76, 37)
(20538, 74, 36)
(20539, 76, 37)
(20540, 74, 36)
(20541, 72, 35)
(20542, 70, 34)
(20543, 72, 35)
(20544, 70, 34)
(20545, 69, 33)
(20546, 61, 28)
(20547, 62, 29)
(20548, 57, 26)
(20552, 56, 25)
(20554, 57, 26)
(20555, 59, 27)
(20556, 56, 26)
(20557, 56, 25)
(20558, 74, 36)
(20559, 65, 31)
(20560, 65, 31)
(20561, 64, 30)
(20563, 59, 27)
(20564, 62, 29)
(20567, 56, 25)
(20568, 57, 26)
(20569, 60, 28)
(20570, 59, 27)
(20571, 68, 32)
(20572, 68, 32)
(20573, 69, 33)
(20574, 69, 33)
(20575, 63, 30)
(20576, 64, 30)
(20577, 59, 27)
(20578, 59, 27)
(20579, 64, 30)
(20580, 64, 30)
(41161/2, 57, 26)
(20581, 57, 26)
(41163/2, 69, 33)
(20582, 69, 33)
(41165/2, 64, 30)
(20583, 64, 30)
(20584, 68, 32)
(41169/2, 69, 33)
(20585, 69, 33)
(41171/2, 76, 37)
(20586, 76, 37)
(41173/2, 74, 36)
(20587, 74, 36)
(41175/2, 77, 38)
(20588, 76, 37)
(20589, 72, 35)
(82359/4, 71, 34)
(20590, 71, 34)
(20591, 76, 37)
(20592, 76, 37)
(41185/2, 72, 35)
(20593, 76, 37)
(41187/2, 72, 35)
(20594, 76, 37)
(41189/2, 72, 35)
(20595, 76, 37)
(41191/2, 72, 35)
(20596, 76, 37)
(20600, 54, 24)
(20608, 55, 25)
(20612, 52, 23)
(20621, 51, 23)
(20622, 51, 23)
(20625, 55, 25)
(20625, 62, 29)
(20626, 55, 25)
(20626, 62, 29)
(20629, 55, 25)
(20629, 63, 30)
(20630, 55, 25)
(20630, 63, 30)
(20633, 55, 25)
(20633, 62, 29)
(20634, 55, 25)
(20634, 62, 29)
(20637, 60, 28)
(20638, 60, 28)
(20641, 50, 22)
(20641, 60, 28)
(20642, 50, 22)
(20642, 60, 28)
(20645, 59, 27)
(20645, 62, 29)
(20646, 59, 27)
(20646, 62, 29)
(20652, 60, 28)
(20656, 51, 23)
(20660, 53, 24)
(20664, 55, 25)
(20668, 57, 26)
(20672, 58, 27)
(20674, 55, 25)
(20675, 54, 24)
(20677, 55, 25)
(20678, 50, 22)
(20680, 54, 24)
(20682, 60, 28)
(20686, 58, 27)
(20688, 57, 26)
(20690, 57, 26)
(20694, 55, 25)
(20696, 54, 24)
(20702, 55, 25)
(20704, 58, 27)
(20708, 56, 26)
(20710, 55, 25)
(20711, 56, 26)
(20712, 55, 25)
(20714, 53, 24)
(20716, 51, 23)
(20731, 60, 28)
(20732, 58, 27)
(20735, 51, 23)
(20736, 63, 30)
(20738, 65, 31)
(20740, 60, 28)
(20741, 62, 29)
(20742, 63, 30)
(20744, 60, 28)
(20745, 63, 30)
(20746, 62, 29)
(20748, 63, 30)
(20751, 51, 23)
(20753, 51, 23)
(20754, 51, 23)
(20755, 51, 23)
(20756, 51, 23)
(20759, 63, 30)
(20761, 63, 30)
(20762, 63, 30)
(20763, 63, 30)
(20764, 63, 30)
(20767, 63, 30)
(20768, 58, 27)
(20768, 62, 29)
(20772, 55, 25)
(41545/2, 58, 27)
(20773, 63, 30)
(41547/2, 58, 27)
(20774, 53, 24)
(41549/2, 58, 27)
(20775, 62, 29)
(41551/2, 58, 27)
(20776, 55, 25)
(41553/2, 58, 27)
(20777, 63, 30)
(41555/2, 58, 27)
(20778, 56, 26)
(41557/2, 58, 27)
(20779, 62, 29)
(41559/2, 58, 27)
(20780, 55, 25)
(41561/2, 58, 27)
(20781, 63, 30)
(41563/2, 58, 27)
(20782, 53, 24)
(41565/2, 58, 27)
(20783, 62, 29)
(41567/2, 58, 27)
(20784, 55, 25)
(41569/2, 58, 27)
(20785, 63, 30)
(41571/2, 58, 27)
(20786, 56, 26)
(41573/2, 58, 27)
(20787, 62, 29)
(41575/2, 58, 27)
(20788, 55, 25)
(20790, 52, 23)
(20792, 53, 24)
(20794, 55, 25)
(20796, 56, 26)
(20797, 67, 32)
(20798, 68, 33)
(20799, 67, 32)
(20800, 65, 31)
(20804, 63, 30)
(20811, 56, 26)
(20812, 55, 25)
(20813, 58, 27)
(20814, 56, 26)
(20815, 53, 24)
(20816, 51, 23)
(20817, 48, 21)
(20818, 50, 22)
(20819, 53, 24)
(20820, 58, 27)
(20821, 63, 30)
(20822, 61, 29)
(20823, 58, 27)
(20824, 59, 28)
(20825, 56, 26)
(20826, 55, 25)
(20827, 51, 23)
(20828, 56, 26)
(41657/2, 51, 23)
(20829, 56, 26)
(41659/2, 51, 23)
(20830, 58, 27)
(41661/2, 51, 23)
(20831, 58, 27)
(41663/2, 51, 23)
(20832, 59, 28)
(41665/2, 51, 23)
(20833, 59, 28)
(41667/2, 51, 23)
(20834, 61, 29)
(41669/2, 55, 25)
(20835, 61, 29)
(41671/2, 55, 25)
(20836, 56, 26)
(20840, 54, 25)
(20844, 54, 25)
(20848, 66, 32)
(20852, 55, 25)
(20856, 72, 35)
(20858, 67, 32)
(20860, 60, 28)
(20860, 63, 30)
(20864, 75, 37)
(20866, 60, 28)
(20868, 58, 27)
(20868, 68, 33)
(20876, 63, 30)
(20876, 70, 34)
(20876, 55, 25)
(20879, 67, 32)
(41759/2, 63, 30)
(20880, 74, 36)
(20881, 70, 34)
(20882, 70, 34)
(20883, 70, 34)
(20884, 63, 30)
(20884, 70, 34)
(20884, 55, 25)
(20887, 67, 32)
(41775/2, 63, 30)
(20888, 74, 36)
(20889, 70, 34)
(20890, 70, 34)
(20891, 70, 34)
(20892, 63, 30)
(20892, 70, 34)
(20892, 55, 25)
(20895, 67, 32)
(41791/2, 70, 34)
(20896, 72, 35)
(20898, 70, 34)
(20900, 68, 33)
(20902, 67, 32)
(20904, 72, 35)
(20905, 68, 33)
(20906, 65, 31)
(20907, 70, 34)
(20908, 63, 30)
(20910, 62, 29)
(20912, 63, 30)
(20914, 58, 27)
(20916, 60, 28)
(20918, 55, 25)
(20920, 56, 26)
(20924, 50, 22)
(20928, 53, 24)
(20933, 53, 24)
(20934, 53, 24)
(20935, 53, 24)
(20936, 51, 23)
(20941, 51, 23)
(20942, 51, 23)
(20943, 51, 23)
(20944, 48, 21)
(20944, 58, 27)
(20949, 48, 21)
(20949, 58, 27)
(20950, 48, 21)
(20950, 58, 27)
(20951, 48, 21)
(20951, 58, 27)
(20952, 60, 28)
(20957, 60, 28)
(20958, 60, 28)
(20959, 60, 28)
(20960, 65, 31)
(20964, 56, 26)
(20968, 53, 24)
(20976, 56, 26)
(41953/2, 48, 21)
(20977, 56, 26)
(41955/2, 48, 21)
(20978, 56, 26)
(41957/2, 48, 21)
(20979, 56, 26)
(41959/2, 48, 21)
(20980, 58, 27)
(41961/2, 48, 21)
(20981, 58, 27)
(41963/2, 48, 21)
(20982, 58, 27)
(41965/2, 48, 21)
(20983, 58, 27)
(41967/2, 48, 21)
(20984, 56, 26)
(41969/2, 48, 21)
(20985, 56, 26)
(41971/2, 48, 21)
(20986, 56, 26)
(41973/2, 48, 21)
(20987, 56, 26)
(41975/2, 48, 21)
(20988, 58, 27)
(41977/2, 48, 21)
(20989, 58, 27)
(41979/2, 48, 21)
(20990, 58, 27)
(41981/2, 48, 21)
(20991, 58, 27)
(41983/2, 48, 21)
(20992, 56, 26)
(41985/2, 48, 21)
(20993, 56, 26)
(41987/2, 48, 21)
(20994, 56, 26)
(41989/2, 48, 21)
(20995, 56, 26)
(41991/2, 48, 21)
(20996, 57, 26)
(41993/2, 48, 21)
(20997, 57, 26)
(41995/2, 48, 21)
(20998, 57, 26)
(41997/2, 48, 21)
(20999, 57, 26)
(41999/2, 48, 21)
(21000, 55, 25)
(42001/2, 48, 21)
(21001, 55, 25)
(42003/2, 48, 21)
(21002, 55, 25)
(42005/2, 48, 21)
(21003, 55, 25)
(42007/2, 48, 21)
(21004, 51, 23)
(42009/2, 50, 22)
(21005, 48, 21)
(42011/2, 50, 22)
(21006, 51, 23)
(42013/2, 50, 22)
(21007, 51, 23)
(42015/2, 50, 22)
(21008, 51, 23)
(42017/2, 48, 21)
(21009, 51, 23)
(42019/2, 48, 21)
(21010, 51, 23)
(42021/2, 48, 21)
(21011, 51, 23)
(42023/2, 48, 21)
(21012, 51, 23)
(42025/2, 50, 22)
(21013, 48, 21)
(42027/2, 50, 22)
(21014, 51, 23)
(42029/2, 50, 22)
(21015, 48, 21)
(42031/2, 50, 22)
(21016, 51, 23)
(42033/2, 48, 21)
(21017, 51, 23)
(42035/2, 48, 21)
(21018, 51, 23)
(42037/2, 48, 21)
(21019, 51, 23)
(42039/2, 48, 21)
(21020, 51, 23)
(42041/2, 48, 21)
(21021, 51, 23)
(42043/2, 48, 21)
(21022, 51, 23)
(42045/2, 48, 21)
(21023, 51, 23)
(42047/2, 48, 21)
(21024, 51, 23)
(42049/2, 48, 21)
(21025, 51, 23)
(42051/2, 48, 21)
(21026, 51, 23)
(42053/2, 48, 21)
(21027, 51, 23)
(42055/2, 48, 21)
(21028, 51, 23)
(42057/2, 48, 21)
(21029, 51, 23)
(42059/2, 48, 21)
(21030, 51, 23)
(42061/2, 48, 21)
(21031, 51, 23)
(42063/2, 55, 25)
(21032, 57, 26)
(42065/2, 53, 24)
(21033, 57, 26)
(42067/2, 53, 24)
(21034, 58, 27)
(42069/2, 53, 24)
(21035, 58, 27)
(42071/2, 53, 24)
(42073/2, 58, 27)
(21037, 62, 29)
(42075/2, 58, 27)
(42077/2, 58, 27)
(21039, 67, 32)
(42079/2, 58, 27)
(42081/2, 60, 28)
(21041, 56, 26)
(42083/2, 60, 28)
(42085/2, 56, 26)
(21043, 58, 27)
(42087/2, 56, 26)
(42089/2, 55, 25)
(21045, 58, 27)
(42091/2, 55, 25)
(42093/2, 56, 26)
(21047, 58, 27)
(42095/2, 56, 26)
(42097/2, 55, 25)
(21049, 63, 30)
(42099/2, 55, 25)
(42101/2, 55, 25)
(21051, 64, 30)
(42103/2, 55, 25)
(42105/2, 56, 26)
(21053, 65, 31)
(42107/2, 56, 26)
(42109/2, 56, 26)
(21055, 65, 31)
(42111/2, 56, 26)
(42113/2, 55, 25)
(21057, 58, 27)
(42115/2, 55, 25)
(21058, 56, 26)
(42117/2, 58, 27)
(21059, 53, 24)
(42119/2, 58, 27)
(21060, 55, 25)
(42121/2, 58, 27)
(21061, 55, 25)
(42123/2, 58, 27)
(42125/2, 56, 26)
(21063, 58, 27)
(42127/2, 56, 26)
(42129/2, 55, 25)
(21065, 58, 27)
(42131/2, 55, 25)
(42133/2, 55, 25)
(21067, 64, 30)
(42135/2, 55, 25)
(42137/2, 60, 28)
(21069, 56, 26)
(42139/2, 60, 28)
(42141/2, 63, 30)
(21071, 56, 26)
(42143/2, 63, 30)
(42145/2, 63, 30)
(21073, 55, 25)
(42147/2, 63, 30)
(21074, 62, 29)
(42149/2, 55, 25)
(21075, 62, 29)
(42151/2, 55, 25)
(21076, 60, 28)
(42153/2, 55, 25)
(21077, 60, 28)
(42155/2, 55, 25)
(21078, 59, 27)
(42157/2, 55, 25)
(21079, 59, 27)
(42159/2, 55, 25)
(21080, 60, 28)
(42161/2, 55, 25)
(21081, 60, 28)
(42163/2, 55, 25)
(21082, 60, 28)
(42165/2, 56, 26)
(21083, 60, 28)
(42167/2, 56, 26)
(42169/2, 55, 25)
(21085, 63, 30)
(42171/2, 55, 25)
(42173/2, 55, 25)
(21087, 63, 30)
(42175/2, 55, 25)
(42177/2, 56, 26)
(21089, 58, 27)
(42179/2, 56, 26)
(21090, 58, 27)
(42181/2, 56, 26)
(21091, 58, 27)
(42183/2, 56, 26)
(21092, 55, 25)
(21094, 61, 29)
(21096, 60, 28)
(21098, 58, 27)
(21100, 57, 26)
(21102, 56, 26)
(21104, 55, 25)
(21106, 53, 24)
(21108, 51, 23)
(21116, 54, 25)
(21118, 53, 24)
(21120, 51, 23)
(42249/2, 58, 27)
(21125, 55, 25)
(42251/2, 58, 27)
(21126, 55, 25)
(42253/2, 58, 27)
(21127, 55, 25)
(42255/2, 58, 27)
(21128, 53, 24)
(42257/2, 58, 27)
(21129, 53, 24)
(42259/2, 58, 27)
(21130, 68, 33)
(21131, 70, 34)
(21132, 68, 33)
(21133, 67, 32)
(21134, 67, 32)
(42269/2, 70, 34)
(21135, 67, 32)
(42271/2, 70, 34)
(21136, 68, 33)
(42273/2, 65, 31)
(21137, 68, 33)
(42275/2, 65, 31)
(21138, 62, 29)
(42277/2, 58, 27)
(21139, 53, 24)
(42279/2, 58, 27)
(21140, 58, 27)
(21148, 55, 25)
(21160, 55, 25)
(21164, 55, 25)
(30000, 51, 23)
(30004, 44, 19)
(60017/2, 56, 26)
(30009, 55, 25)
(60019/2, 53, 24)
(30010, 51, 23)
(30012, 51, 23)
(30016, 50, 22)
(60041/2, 60, 28)
(30021, 62, 29)
(60043/2, 63, 30)
(30022, 63, 30)
(30023, 62, 29)
(30025, 61, 29)
(30026, 60, 28)
(30028, 60, 28)
(60057/2, 41, 17)
(30029, 43, 18)
(60059/2, 44, 19)
(30030, 46, 20)
(30033, 50, 22)
(30034, 51, 23)
(60071/2, 48, 21)
(30036, 43, 18)
(60073/2, 43, 18)
(30037, 41, 17)
(60075/2, 39, 16)
(30038, 44, 19)
(60079/2, 51, 23)
(30040, 51, 23)
(30041, 44, 19)
(30042, 46, 20)
(60087/2, 51, 23)
(30044, 51, 23)
(30045, 46, 20)
(30046, 48, 21)
(60095/2, 51, 23)
(30048, 47, 21)
(60097/2, 51, 23)
(60099/2, 47, 21)
(30050, 46, 20)
(60101/2, 51, 23)
(60103/2, 46, 20)
(30052, 45, 19)
(30054, 44, 19)
(30055, 44, 19)
(30056, 43, 18)
(30057, 43, 18)
(30058, 44, 19)
(30058, 51, 23)
(30063, 41, 17)
(30067, 55, 25)
(30068, 60, 28)
(30070, 58, 27)
(30072, 56, 26)
(30074, 55, 25)
(30076, 53, 24)
(30078, 46, 20)
(30080, 39, 16)
(30083, 43, 18)
(30084, 44, 19)
(30086, 46, 20)
(30088, 48, 21)
(30090, 56, 26)
(30092, 55, 25)
(30093, 51, 23)
(30094, 48, 21)
(30095, 45, 19)
(30096, 46, 20)
(30099, 55, 25)
(30100, 60, 28)
(30102, 58, 27)
(30103, 51, 23)
(30104, 56, 26)
(30106, 55, 25)
(30107, 48, 21)
(30108, 53, 24)
(30110, 46, 20)
(30112, 51, 23)
(60225/2, 46, 20)
(30113, 45, 19)
(60227/2, 46, 20)
(30114, 48, 21)
(60229/2, 46, 20)
(30115, 43, 18)
(60231/2, 39, 16)
(30116, 37, 15)
(30120, 36, 14)
(30123, 48, 21)
(30124, 46, 20)
(30125, 46, 20)
(30126, 44, 19)
(30127, 43, 18)
(30128, 44, 19)
(30131, 44, 19)
(30132, 56, 26)
(30136, 55, 25)
(30138, 44, 19)
(30140, 46, 20)
(30144, 39, 16)
(60289/2, 43, 18)
(30145, 39, 16)
(60291/2, 43, 18)
(30146, 44, 19)
(60293/2, 46, 20)
(30147, 44, 19)
(60295/2, 46, 20)
(30148, 43, 18)
(60297/2, 46, 20)
(30149, 43, 18)
(60299/2, 46, 20)
(30150, 38, 15)
(60301/2, 46, 20)
(30151, 38, 15)
(60303/2, 46, 20)
(30152, 39, 16)
(30156, 46, 20)
(30160, 39, 16)
(60321/2, 46, 20)
(30161, 39, 16)
(60323/2, 46, 20)
(30162, 44, 19)
(60325/2, 46, 20)
(30163, 44, 19)
(60327/2, 46, 20)
(30164, 43, 18)
(60329/2, 46, 20)
(30165, 43, 18)
(60331/2, 46, 20)
(30166, 50, 22)
(60333/2, 46, 20)
(30167, 50, 22)
(60335/2, 46, 20)
(30168, 51, 23)
(30172, 46, 20)
(30176, 39, 16)
(30178, 39, 16)
(30182, 40, 16)
(30183, 36, 14)
(30184, 41, 17)
(30186, 41, 17)
(30190, 42, 17)
(30191, 38, 15)
(30192, 43, 18)
(30194, 48, 21)
(30196, 46, 20)
(30197, 50, 22)
(30198, 54, 24)
(30199, 50, 22)
(30200, 55, 25)
(60401/2, 50, 22)
(30201, 55, 25)
(60403/2, 58, 27)
(30202, 60, 28)
(60405/2, 62, 29)
(30203, 60, 28)
(60407/2, 62, 29)
(30204, 58, 27)
(60409/2, 55, 25)
(30205, 50, 22)
(60411/2, 46, 20)
(30206, 42, 17)
(30207, 38, 15)
(30208, 43, 18)
(30210, 43, 18)
(30212, 43, 18)
(30216, 43, 18)
(30218, 43, 18)
(30220, 43, 18)
(30224, 45, 19)
(30226, 45, 19)
(30228, 45, 19)
(30232, 46, 20)
(30233, 41, 17)
(30234, 48, 21)
(30235, 41, 17)
(30236, 50, 22)
(30237, 41, 17)
(30238, 45, 19)
(30239, 41, 17)
(30240, 46, 20)
(30241, 41, 17)
(30242, 48, 21)
(30243, 41, 17)
(30244, 50, 22)
(30245, 41, 17)
(30246, 45, 19)
(30247, 41, 17)
(30248, 46, 20)
(30250, 47, 20)
(30251, 43, 18)
(30252, 48, 21)
(30254, 50, 22)
(30255, 46, 20)
(30256, 51, 23)
(30257, 50, 22)
(30258, 51, 23)
(30259, 50, 22)
(30260, 48, 21)
(30262, 53, 24)
(30271, 53, 24)
(30272, 53, 24)
(30274, 51, 23)
(30275, 48, 21)
(30276, 46, 20)
(30277, 43, 18)
(30278, 41, 17)
(30279, 39, 16)
(30280, 38, 15)
(60561/2, 46, 20)
(30281, 45, 19)
(60563/2, 46, 20)
(30282, 38, 15)
(60565/2, 46, 20)
(30283, 45, 19)
(60567/2, 46, 20)
(30284, 39, 16)
(60569/2, 46, 20)
(30285, 39, 16)
(60571/2, 46, 20)
(30286, 44, 19)
(60573/2, 46, 20)
(30287, 44, 19)
(60575/2, 46, 20)
(30288, 42, 18)
(60577/2, 46, 20)
(30289, 45, 19)
(60579/2, 46, 20)
(30290, 38, 15)
(60581/2, 46, 20)
(30291, 45, 19)
(60583/2, 46, 20)
(30292, 39, 16)
(60585/2, 46, 20)
(30293, 39, 16)
(60587/2, 46, 20)
(30294, 41, 17)
(60589/2, 46, 20)
(30295, 50, 22)
(60591/2, 46, 20)
(30296, 42, 18)
(30300, 43, 18)
(30304, 44, 19)
(30308, 46, 20)
(30312, 48, 21)
(30316, 47, 21)
(30318, 46, 20)
(30320, 45, 19)
(30324, 45, 19)
(30326, 42, 18)
(30328, 41, 17)
(30336, 38, 15)
(60673/2, 41, 17)
(30337, 46, 20)
(60675/2, 50, 22)
(30338, 53, 24)
(60677/2, 58, 27)
(30339, 62, 29)
(60679/2, 65, 31)
(30340, 67, 32)
(30342, 65, 31)
(30344, 63, 30)
(30346, 62, 29)
(30348, 60, 28)
(30350, 53, 24)
(30352, 58, 27)
(30354, 41, 17)
(30356, 43, 18)
(30358, 38, 15)
(30360, 39, 16)
(30362, 46, 20)
(30364, 41, 17)
(30368, 46, 20)
(30371, 55, 25)
(30372, 60, 28)
(30374, 58, 27)
(30376, 56, 26)
(30378, 55, 25)
(30380, 53, 24)
(30382, 46, 20)
(30384, 39, 16)
(30387, 43, 18)
(30388, 44, 19)
(30390, 46, 20)
(30392, 48, 21)
(30394, 56, 26)
(30396, 55, 25)
(30397, 51, 23)
(30398, 48, 21)
(30399, 45, 19)
(30400, 46, 20)
(30406, 59, 27)
(30408, 60, 28)
(30414, 41, 17)
(30416, 36, 14)
(30429, 43, 18)
(30430, 40, 16)
(30431, 43, 18)
(30432, 36, 14)
(30437, 43, 18)
(30438, 40, 16)
(30439, 36, 14)
(30440, 41, 17)
(30444, 42, 17)
(30448, 43, 18)
(30452, 45, 19)
(30456, 43, 18)
(30460, 45, 19)
(30462, 40, 16)
(30463, 42, 17)
(30464, 43, 18)
(30464, 50, 22)
(30468, 45, 19)
(30470, 40, 16)
(30471, 42, 17)
(30472, 43, 18)
(30476, 44, 18)
(60953/2, 50, 22)
(30477, 44, 18)
(60955/2, 50, 22)
(30478, 44, 18)
(60957/2, 50, 22)
(30479, 44, 18)
(60959/2, 50, 22)
(30480, 45, 19)
(30484, 50, 22)
(60969/2, 47, 20)
(30485, 50, 22)
(60971/2, 47, 20)
(30486, 50, 22)
(60973/2, 47, 20)
(30487, 50, 22)
(60975/2, 47, 20)
(30488, 44, 18)
(60977/2, 40, 16)
(30489, 44, 18)
(60979/2, 40, 16)
(30490, 44, 18)
(60981/2, 40, 16)
(30491, 44, 18)
(60983/2, 40, 16)
(30492, 45, 19)
(60985/2, 40, 16)
(30493, 45, 19)
(60987/2, 40, 16)
(30494, 47, 20)
(60989/2, 40, 16)
(30495, 47, 20)
(60991/2, 40, 16)
(30496, 40, 16)
(60993/2, 41, 17)
(30497, 40, 16)
(60995/2, 41, 17)
(30498, 40, 16)
(60997/2, 41, 17)
(30499, 40, 16)
(60999/2, 41, 17)
(30500, 40, 16)
(61001/2, 41, 17)
(30501, 40, 16)
(30502, 40, 16)
(61005/2, 41, 17)
(30503, 40, 16)
(30504, 64, 30)
(30506, 62, 29)
(30507, 59, 27)
(30508, 57, 26)
(30509, 53, 24)
(30510, 52, 23)
(30511, 50, 22)
(30512, 48, 21)
(30513, 52, 23)
(30514, 50, 22)
(30515, 47, 20)
(30516, 45, 19)
(30517, 41, 17)
(30518, 40, 16)
(30519, 38, 15)
(30520, 36, 14)
(30530, 45, 19)
(30532, 52, 23)
(30534, 50, 22)
(30535, 52, 23)
(30536, 50, 22)
(30537, 48, 21)
(30538, 47, 20)
(30539, 48, 21)
(30540, 47, 20)
(30541, 45, 19)
(30542, 43, 18)
(30543, 45, 19)
(30544, 43, 18)
(30545, 41, 17)
(30546, 40, 16)
(30547, 41, 17)
(30548, 40, 16)
(30549, 38, 15)
(30550, 45, 19)
(30552, 40, 16)
(30558, 38, 15)
(30560, 40, 16)
(30566, 38, 15)
(30568, 36, 14)
(30571, 50, 22)
(30572, 50, 22)
(30573, 48, 21)
(30574, 48, 21)
(30575, 57, 26)
(30576, 57, 26)
(30577, 56, 25)
(30578, 56, 25)
(30579, 59, 27)
(30580, 59, 27)
(61161/2, 57, 26)
(30581, 57, 26)
(61163/2, 60, 28)
(30582, 60, 28)
(61165/2, 59, 27)
(30583, 59, 27)
(61167/2, 62, 29)
(30584, 62, 29)
(61169/2, 60, 28)
(30585, 60, 28)
(30586, 60, 28)
(61173/2, 59, 27)
(30587, 59, 27)
(61175/2, 62, 29)
(30588, 60, 28)
(30589, 69, 33)
(122359/4, 68, 32)
(30590, 68, 32)
(30591, 71, 34)
(122367/4, 69, 33)
(30592, 69, 33)
(30593, 69, 33)
(30594, 69, 33)
(30595, 69, 33)
(30596, 69, 33)
(30600, 38, 15)
(30608, 43, 18)
(30612, 37, 14)
(30612, 43, 18)
(30621, 48, 21)
(30622, 48, 21)
(30625, 46, 20)
(30626, 46, 20)
(30629, 48, 21)
(30630, 48, 21)
(30633, 50, 22)
(30634, 50, 22)
(30637, 51, 23)
(30638, 51, 23)
(30641, 42, 17)
(30642, 42, 17)
(30645, 41, 17)
(30646, 41, 17)
(30652, 39, 16)
(30656, 36, 14)
(30660, 38, 15)
(30664, 39, 16)
(30668, 41, 17)
(30672, 46, 20)
(30674, 48, 21)
(30676, 43, 18)
(30678, 42, 17)
(30679, 43, 18)
(30680, 38, 15)
(30684, 42, 17)
(30686, 43, 18)
(30688, 38, 15)
(30702, 43, 18)
(30704, 39, 16)
(30712, 46, 20)
(30716, 48, 21)
(30718, 43, 18)
(30720, 44, 19)
(30722, 46, 20)
(30724, 48, 21)
(30726, 56, 26)
(30728, 55, 25)
(30729, 43, 18)
(30731, 44, 19)
(30732, 46, 20)
(30735, 55, 25)
(30736, 60, 28)
(30738, 58, 27)
(30740, 56, 26)
(30742, 55, 25)
(30743, 48, 21)
(30744, 53, 24)
(30746, 46, 20)
(30748, 51, 23)
(61497/2, 46, 20)
(30749, 45, 19)
(61499/2, 46, 20)
(30750, 48, 21)
(61501/2, 46, 20)
(30751, 43, 18)
(61503/2, 39, 16)
(30752, 37, 15)
(30756, 36, 14)
(30759, 48, 21)
(30760, 46, 20)
(30761, 46, 20)
(30762, 44, 19)
(30763, 43, 18)
(30764, 44, 19)
(30767, 44, 19)
(30768, 56, 26)
(30772, 55, 25)
(30802, 58, 27)
(30805, 70, 34)
(30806, 68, 33)
(30807, 65, 31)
(30808, 63, 30)
(30809, 60, 28)
(30810, 58, 27)
(30811, 58, 27)
(30812, 58, 27)
(30818, 46, 20)
(30819, 44, 19)
(30820, 43, 18)
(61641/2, 51, 23)
(30821, 50, 22)
(61643/2, 51, 23)
(30822, 43, 18)
(61645/2, 51, 23)
(30823, 50, 22)
(61647/2, 51, 23)
(30824, 44, 19)
(61649/2, 51, 23)
(30825, 50, 22)
(61651/2, 51, 23)
(30826, 49, 22)
(61653/2, 51, 23)
(30827, 49, 22)
(61655/2, 51, 23)
(30828, 47, 21)
(61657/2, 51, 23)
(30829, 47, 21)
(61659/2, 51, 23)
(30830, 43, 18)
(61661/2, 51, 23)
(30831, 43, 18)
(61663/2, 51, 23)
(30832, 44, 19)
(61665/2, 51, 23)
(30833, 50, 22)
(61667/2, 51, 23)
(30834, 46, 20)
(61669/2, 51, 23)
(30835, 50, 22)
(61671/2, 51, 23)
(30836, 47, 21)
(30840, 46, 20)
(30844, 45, 19)
(30848, 44, 19)
(30852, 43, 18)
(30856, 43, 18)
(30858, 55, 25)
(30860, 42, 18)
(30864, 41, 17)
(30866, 39, 16)
(30868, 38, 15)
(30868, 46, 20)
(30876, 43, 18)
(30877, 46, 20)
(61755/2, 51, 23)
(30878, 55, 25)
(61757/2, 58, 27)
(30879, 63, 30)
(61759/2, 67, 32)
(30880, 68, 33)
(30884, 43, 18)
(30885, 46, 20)
(61771/2, 51, 23)
(30886, 55, 25)
(61773/2, 58, 27)
(30887, 63, 30)
(61775/2, 67, 32)
(30888, 68, 33)
(30892, 43, 18)
(61785/2, 46, 20)
(30893, 51, 23)
(61787/2, 55, 25)
(30894, 58, 27)
(61789/2, 63, 30)
(30895, 67, 32)
(30900, 68, 33)
(30902, 67, 32)
(30904, 65, 31)
(30906, 58, 27)
(30910, 46, 20)
(30912, 48, 21)
(30914, 43, 18)
(30916, 44, 19)
(30918, 40, 16)
(30920, 41, 17)
(30924, 43, 18)
(30928, 44, 19)
(30933, 44, 19)
(30934, 44, 19)
(30935, 44, 19)
(30936, 44, 19)
(30941, 44, 19)
(30942, 44, 19)
(30943, 44, 19)
(30944, 40, 16)
(30949, 40, 16)
(30950, 40, 16)
(30951, 40, 16)
(30952, 39, 16)
(30957, 39, 16)
(30958, 39, 16)
(30959, 39, 16)
(30960, 38, 15)
(30968, 37, 15)
(30976, 36, 14)
(30981, 43, 18)
(30982, 40, 16)
(30983, 43, 18)
(30984, 36, 14)
(30989, 43, 18)
(30990, 40, 16)
(30991, 36, 14)
(30992, 41, 17)
(30996, 42, 17)
(31000, 43, 18)
(31004, 45, 19)
(31010, 43, 18)
(31012, 45, 19)
(31018, 43, 18)
(31020, 45, 19)
(31031, 46, 20)
(31032, 48, 21)
(31034, 46, 20)
(31036, 44, 19)
(31038, 43, 18)
(31040, 41, 17)
(31042, 46, 20)
(31044, 39, 16)
(31046, 41, 17)
(31048, 43, 18)
(31050, 43, 18)
(31052, 44, 19)
(31054, 41, 17)
(31056, 46, 20)
(31058, 46, 20)
(31060, 39, 16)
(31062, 41, 17)
(31064, 43, 18)
(31066, 43, 18)
(31068, 44, 19)
(31070, 41, 17)
(31072, 46, 20)
(31074, 47, 20)
(31075, 43, 18)
(31076, 48, 21)
(31077, 43, 18)
(31078, 53, 24)
(31079, 43, 18)
(31080, 51, 23)
(31082, 44, 19)
(31084, 46, 20)
(31086, 43, 18)
(31087, 39, 16)
(31088, 46, 20)
(31092, 39, 16)
(31110, 49, 22)
(31112, 48, 21)
(31114, 46, 20)
(31116, 45, 19)
(31118, 44, 19)
(31120, 43, 18)
(31122, 41, 17)
(31124, 39, 16)
(31132, 51, 23)
(31140, 51, 23)
(31148, 39, 16)
(31160, 39, 16)
(31164, 39, 16)
