(0, 62, 29)
(1/2, 67, 32)
(1, 69, 33)
(3/2, 70, 34)
(2, 72, 35)
(5/2, 74, 36)
(13/4, 75, 37)
(7/2, 74, 36)
(4, 70, 34)
(9/2, 69, 33)
(5, 70, 34)
(11/2, 69, 33)
(6, 74, 36)
(13/2, 70, 34)
(7, 72, 35)
(29/4, 69, 33)
(15/2, 70, 34)
(8, 62, 29)
(17/2, 67, 32)
(9, 69, 33)
(19/2, 70, 34)
(10, 72, 35)
(21/2, 74, 36)
(45/4, 75, 37)
(23/2, 74, 36)
(12, 82, 41)
(25/2, 81, 40)
(13, 79, 39)
(53/4, 77, 38)
(27/2, 79, 39)
(14, 76, 37)
(29/2, 77, 38)
(15, 76, 37)
(61/4, 74, 36)
(31/2, 76, 37)
(16, 73, 35)
(33/2, 74, 36)
(17, 69, 33)
(35/2, 69, 33)
(18, 69, 33)
(37/2, 69, 33)
(20, 69, 33)
(41/2, 74, 36)
(21, 72, 35)
(85/4, 70, 34)
(43/2, 72, 35)
(22, 69, 33)
(45/2, 70, 34)
(23, 77, 38)
(93/4, 76, 37)
(47/2, 74, 36)
(24, 73, 35)
(49/2, 74, 36)
(25, 74, 36)
(51/2, 74, 36)
(26, 75, 37)
(105/4, 73, 35)
(53/2, 74, 36)
(28, 74, 36)
(57/2, 74, 36)
(57/2, 77, 38)
(29, 75, 37)
(117/4, 74, 36)
(59/2, 75, 37)
(30, 72, 35)
(61/2, 74, 36)
(31, 70, 34)
(63/2, 67, 32)
(32, 67, 32)
(129/4, 69, 33)
(65/2, 70, 34)
(33, 69, 33)
(133/4, 67, 32)
(67/2, 69, 33)
(34, 66, 31)
(69/2, 67, 32)
(35, 63, 30)
(71/2, 60, 28)
(36, 63, 30)
(145/4, 63, 30)
(73/2, 62, 29)
(37, 62, 29)
(149/4, 62, 29)
(75/2, 66, 31)
(38, 62, 29)
(153/4, 62, 29)
(77/2, 67, 32)
(39, 62, 29)
(157/4, 62, 29)
(79/2, 68, 32)
(40, 62, 29)
(161/4, 62, 29)
(81/2, 69, 33)
(41, 62, 29)
(165/4, 62, 29)
(83/2, 70, 34)
(42, 62, 29)
(169/4, 62, 29)
(85/2, 72, 35)
(44, 62, 29)
(89/2, 67, 32)
(45, 69, 33)
(91/2, 70, 34)
(46, 72, 35)
(93/2, 74, 36)
(189/4, 75, 37)
(95/2, 74, 36)
(48, 67, 32)
(97/2, 72, 35)
(49, 74, 36)
(99/2, 75, 37)
(50, 77, 38)
(101/2, 79, 39)
(205/4, 80, 40)
(103/2, 79, 39)
(52, 79, 39)
(105/2, 81, 40)
(53, 79, 39)
(213/4, 78, 38)
(107/2, 79, 39)
(54, 75, 37)
(109/2, 74, 36)
(55, 72, 35)
(221/4, 70, 34)
(111/2, 72, 35)
(56, 69, 33)
(113/2, 70, 34)
(57, 69, 33)
(229/4, 67, 32)
(115/2, 69, 33)
(58, 66, 31)
(117/2, 67, 32)
(60, 71, 34)
(241/4, 72, 35)
(121/2, 74, 36)
(243/4, 72, 35)
(61, 71, 34)
(245/4, 72, 35)
(123/2, 74, 36)
(247/4, 79, 39)
(62, 76, 37)
(249/4, 79, 39)
(125/2, 74, 36)
(251/4, 79, 39)
(63, 76, 37)
(253/4, 79, 39)
(127/2, 74, 36)
(255/4, 72, 35)
(64, 71, 34)
(257/4, 72, 35)
(129/2, 74, 36)
(259/4, 72, 35)
(65, 71, 34)
(261/4, 72, 35)
(131/2, 74, 36)
(263/4, 79, 39)
(66, 76, 37)
(265/4, 79, 39)
(133/2, 74, 36)
(267/4, 79, 39)
(67, 76, 37)
(269/4, 79, 39)
(135/2, 74, 36)
(271/4, 78, 38)
(68, 79, 39)
(273/4, 81, 40)
(137/2, 83, 41)
(275/4, 81, 40)
(69, 79, 39)
(277/4, 81, 40)
(139/2, 83, 41)
(279/4, 88, 44)
(70, 84, 42)
(281/4, 88, 44)
(141/2, 83, 41)
(283/4, 88, 44)
(71, 84, 42)
(285/4, 88, 44)
(143/2, 83, 41)
(287/4, 81, 40)
(72, 79, 39)
(289/4, 81, 40)
(145/2, 83, 41)
(291/4, 81, 40)
(73, 79, 39)
(293/4, 81, 40)
(147/2, 83, 41)
(295/4, 88, 44)
(74, 84, 42)
(297/4, 88, 44)
(149/2, 83, 41)
(299/4, 88, 44)
(75, 84, 42)
(301/4, 88, 44)
(151/2, 83, 41)
(303/4, 81, 40)
(76, 79, 39)
(305/4, 83, 41)
(153/2, 81, 40)
(307/4, 76, 37)
(77, 73, 35)
(309/4, 69, 33)
(155/2, 78, 38)
(157/2, 57, 26)
(315/4, 61, 28)
(79, 64, 30)
(317/4, 69, 33)
(159/2, 62, 29)
(161/2, 81, 40)
(323/4, 76, 37)
(81, 73, 35)
(325/4, 69, 33)
(163/2, 78, 38)
(165/2, 57, 26)
(331/4, 61, 28)
(83, 64, 30)
(333/4, 69, 33)
(167/2, 62, 29)
(169/2, 86, 43)
(339/4, 83, 41)
(85, 80, 39)
(341/4, 76, 37)
(171/2, 74, 36)
(343/4, 71, 34)
(86, 68, 32)
(345/4, 64, 30)
(173/2, 57, 26)
(355/4, 74, 36)
(89, 76, 37)
(357/4, 78, 38)
(179/2, 79, 39)
(359/4, 81, 40)
(90, 83, 41)
(361/4, 85, 42)
(181/2, 86, 43)
(363/4, 81, 40)
(91, 78, 38)
(365/4, 81, 40)
(183/2, 86, 43)
(367/4, 81, 40)
(92, 78, 38)
(369/4, 76, 37)
(185/2, 74, 36)
(371/4, 76, 37)
(93, 78, 38)
(373/4, 76, 37)
(187/2, 74, 36)
(375/4, 69, 33)
(94, 66, 31)
(377/4, 69, 33)
(189/2, 74, 36)
(379/4, 69, 33)
(95, 66, 31)
(381/4, 69, 33)
(191/2, 62, 29)
(383/4, 64, 30)
(96, 66, 31)
(385/4, 64, 30)
(193/2, 62, 29)
(197/2, 74, 36)
(221/2, 72, 35)
(225/2, 67, 32)
(115, 69, 33)
(116, 71, 34)
(117, 72, 35)
(471/4, 72, 35)
(118, 71, 34)
(473/4, 72, 35)
(237/2, 74, 36)
(475/4, 72, 35)
(119, 71, 34)
(477/4, 72, 35)
(239/2, 74, 36)
(479/4, 79, 39)
(120, 76, 37)
(481/4, 79, 39)
(241/2, 74, 36)
(483/4, 79, 39)
(121, 76, 37)
(485/4, 79, 39)
(243/2, 74, 36)
(487/4, 72, 35)
(122, 71, 34)
(489/4, 72, 35)
(245/2, 74, 36)
(491/4, 72, 35)
(123, 71, 34)
(493/4, 72, 35)
(247/2, 74, 36)
(495/4, 79, 39)
(124, 76, 37)
(497/4, 79, 39)
(249/2, 74, 36)
(499/4, 79, 39)
(125, 76, 37)
(501/4, 79, 39)
(251/2, 74, 36)
(503/4, 78, 38)
(126, 79, 39)
(505/4, 81, 40)
(253/2, 83, 41)
(507/4, 81, 40)
(127, 80, 39)
(509/4, 81, 40)
(255/2, 83, 41)
(511/4, 88, 44)
(128, 84, 42)
(513/4, 88, 44)
(257/2, 83, 41)
(515/4, 88, 44)
(129, 84, 42)
(517/4, 88, 44)
(259/2, 83, 41)
(519/4, 83, 41)
(130, 83, 41)
(521/4, 83, 41)
(261/2, 88, 44)
(523/4, 86, 43)
(131, 85, 42)
(525/4, 86, 43)
(263/2, 88, 44)
(527/4, 91, 46)
(132, 88, 44)
(529/4, 91, 46)
(265/2, 88, 44)
(531/4, 91, 46)
(133, 88, 44)
(533/4, 91, 46)
(267/2, 88, 44)
(271/2, 83, 41)
(543/4, 79, 39)
(136, 74, 36)
(545/4, 71, 34)
(273/2, 69, 33)
(275/2, 62, 29)
(551/4, 67, 32)
(138, 71, 34)
(553/4, 74, 36)
(277/2, 62, 29)
(279/2, 83, 41)
(559/4, 79, 39)
(140, 74, 36)
(561/4, 71, 34)
(281/2, 69, 33)
(283/2, 74, 36)
(567/4, 71, 34)
(142, 67, 32)
(569/4, 62, 29)
(285/2, 55, 25)
(289/2, 62, 29)
(579/4, 57, 26)
(145, 62, 29)
(581/4, 66, 31)
(291/2, 69, 33)
(583/4, 74, 36)
(146, 78, 38)
(585/4, 81, 40)
(293/2, 86, 43)
(297/2, 86, 43)
(595/4, 84, 42)
(149, 83, 41)
(597/4, 84, 42)
(299/2, 86, 43)
(599/4, 84, 42)
(150, 83, 41)
(601/4, 81, 40)
(301/2, 79, 39)
(603/4, 81, 40)
(151, 83, 41)
(605/4, 81, 40)
(303/2, 79, 39)
(607/4, 74, 36)
(152, 71, 34)
(609/4, 74, 36)
(305/2, 79, 39)
(611/4, 74, 36)
(153, 71, 34)
(613/4, 69, 33)
(307/2, 67, 32)
(615/4, 69, 33)
(154, 71, 34)
(617/4, 69, 33)
(309/2, 67, 32)
(156, 79, 39)
(625/4, 81, 40)
(313/2, 83, 41)
(627/4, 81, 40)
(157, 79, 39)
(629/4, 74, 36)
(315/2, 71, 34)
(631/4, 74, 36)
(158, 79, 39)
(633/4, 74, 36)
(317/2, 71, 34)
(635/4, 69, 33)
(159, 67, 32)
(160, 59, 27)
(641/4, 62, 29)
(321/2, 67, 32)
(643/4, 62, 29)
(161, 59, 27)
(333/2, 62, 29)
(167, 67, 32)
(341/2, 62, 29)
(171, 67, 32)
(349/2, 62, 29)
(175, 67, 32)
(351/2, 62, 29)
(176, 67, 32)
(353/2, 66, 31)
(177, 72, 35)
(355/2, 70, 34)
(178, 75, 37)
(357/2, 74, 36)
(179, 69, 33)
(359/2, 70, 34)
(180, 67, 32)
(361/2, 63, 30)
(181, 62, 29)
(363/2, 67, 32)
(182, 60, 28)
(367/2, 55, 25)
(184, 60, 28)
(369/2, 59, 27)
(185, 62, 29)
(371/2, 60, 28)
(186, 68, 33)
(373/2, 67, 32)
(187, 62, 29)
(375/2, 65, 31)
(188, 63, 30)
(377/2, 59, 27)
(189, 60, 28)
(379/2, 63, 30)
(190, 62, 29)
(381/2, 63, 30)
(191, 62, 29)
(383/2, 63, 30)
(192, 62, 29)
(387/2, 63, 30)
(194, 62, 29)
(389/2, 63, 30)
(195, 62, 29)
(391/2, 63, 30)
(196, 62, 29)
(395/2, 62, 29)
(198, 67, 32)
(397/2, 69, 33)
(199, 70, 34)
(399/2, 72, 35)
(200, 74, 36)
(803/4, 75, 37)
(201, 74, 36)
(403/2, 70, 34)
(202, 69, 33)
(405/2, 70, 34)
(203, 69, 33)
(407/2, 74, 36)
(204, 70, 34)
(409/2, 72, 35)
(819/4, 69, 33)
(205, 70, 34)
(411/2, 62, 29)
(206, 67, 32)
(413/2, 69, 33)
(207, 70, 34)
(415/2, 72, 35)
(208, 74, 36)
(835/4, 75, 37)
(209, 74, 36)
(419/2, 82, 41)
(210, 81, 40)
(421/2, 79, 39)
(843/4, 77, 38)
(211, 79, 39)
(423/2, 76, 37)
(212, 77, 38)
(425/2, 76, 37)
(851/4, 74, 36)
(213, 76, 37)
(427/2, 73, 35)
(214, 74, 36)
(429/2, 69, 33)
(215, 69, 33)
(431/2, 69, 33)
(216, 69, 33)
(435/2, 69, 33)
(218, 74, 36)
(437/2, 72, 35)
(875/4, 70, 34)
(219, 72, 35)
(439/2, 69, 33)
(220, 70, 34)
(441/2, 77, 38)
(883/4, 76, 37)
(221, 74, 36)
(443/2, 73, 35)
(222, 74, 36)
(445/2, 74, 36)
(223, 74, 36)
(447/2, 74, 36)
(224, 74, 36)
(451/2, 74, 36)
(226, 77, 38)
(453/2, 75, 37)
(907/4, 74, 36)
(227, 75, 37)
(455/2, 72, 35)
(228, 74, 36)
(457/2, 70, 34)
(229, 67, 32)
(459/2, 67, 32)
(919/4, 69, 33)
(230, 70, 34)
(461/2, 69, 33)
(923/4, 67, 32)
(231, 69, 33)
(463/2, 62, 29)
(232, 67, 32)
(465/2, 63, 30)
(233, 60, 28)
(467/2, 63, 30)
(935/4, 63, 30)
(234, 62, 29)
(469/2, 62, 29)
(939/4, 62, 29)
(235, 66, 31)
(471/2, 62, 29)
(943/4, 62, 29)
(236, 67, 32)
(473/2, 62, 29)
(947/4, 62, 29)
(237, 68, 32)
(475/2, 62, 29)
(951/4, 62, 29)
(238, 69, 33)
(477/2, 62, 29)
(239, 74, 36)
(483/2, 62, 29)
(242, 67, 32)
(485/2, 69, 33)
(243, 70, 34)
(487/2, 72, 35)
(244, 74, 36)
(491/2, 62, 29)
(246, 67, 32)
(493/2, 69, 33)
(247, 70, 34)
(495/2, 72, 35)
(248, 74, 36)
(499/2, 67, 32)
(250, 72, 35)
(501/2, 74, 36)
(251, 75, 37)
(503/2, 77, 38)
(252, 79, 39)
(507/2, 79, 39)
(254, 81, 40)
(509/2, 79, 39)
(1019/4, 78, 38)
(255, 79, 39)
(511/2, 75, 37)
(256, 74, 36)
(513/2, 72, 35)
(1027/4, 70, 34)
(257, 72, 35)
(515/2, 69, 33)
(258, 70, 34)
(517/2, 69, 33)
(1035/4, 67, 32)
(259, 69, 33)
(519/2, 66, 31)
(260, 67, 32)
(10000, 60, 28)
(20001/2, 58, 27)
(10001, 66, 31)
(20003/2, 67, 32)
(10002, 69, 33)
(20005/2, 70, 34)
(40013/4, 72, 35)
(20007/2, 70, 34)
(10004, 67, 32)
(20009/2, 67, 32)
(10005, 67, 32)
(20011/2, 67, 32)
(10006, 66, 31)
(20013/2, 67, 32)
(10007, 69, 33)
(40029/4, 66, 31)
(20015/2, 67, 32)
(10008, 60, 28)
(40033/4, 62, 29)
(20017/2, 58, 27)
(10009, 66, 31)
(20019/2, 67, 32)
(10010, 69, 33)
(20021/2, 70, 34)
(40045/4, 72, 35)
(20023/2, 70, 34)
(10012, 79, 39)
(20025/2, 77, 38)
(10013, 76, 37)
(40053/4, 74, 36)
(20027/2, 76, 37)
(10014, 73, 35)
(20029/2, 69, 33)
(10015, 67, 32)
(40061/4, 65, 31)
(20031/2, 67, 32)
(10016, 64, 30)
(20033/2, 65, 31)
(10017, 64, 30)
(40069/4, 62, 29)
(20035/2, 64, 30)
(10018, 61, 28)
(20037/2, 62, 29)
(10023, 70, 34)
(20047/2, 69, 33)
(10024, 69, 33)
(20049/2, 69, 33)
(10025, 70, 34)
(20051/2, 69, 33)
(10026, 70, 34)
(20053/2, 69, 33)
(10028, 74, 36)
(20057/2, 74, 36)
(20057/2, 77, 38)
(10029, 75, 37)
(40117/4, 74, 36)
(20059/2, 75, 37)
(10030, 72, 35)
(20061/2, 74, 36)
(10031, 70, 34)
(20063/2, 67, 32)
(10032, 67, 32)
(40129/4, 69, 33)
(20065/2, 70, 34)
(10033, 69, 33)
(40133/4, 67, 32)
(20067/2, 69, 33)
(10034, 66, 31)
(20069/2, 67, 32)
(10035, 63, 30)
(20071/2, 60, 28)
(10036, 63, 30)
(40145/4, 63, 30)
(20073/2, 62, 29)
(10037, 62, 29)
(40149/4, 62, 29)
(20075/2, 66, 31)
(10038, 62, 29)
(40153/4, 62, 29)
(20077/2, 67, 32)
(10039, 62, 29)
(40157/4, 62, 29)
(20079/2, 68, 32)
(10040, 62, 29)
(40161/4, 62, 29)
(20081/2, 69, 33)
(10041, 62, 29)
(40165/4, 62, 29)
(20083/2, 70, 34)
(10042, 62, 29)
(40169/4, 62, 29)
(20085/2, 72, 35)
(40171/4, 69, 33)
(10043, 72, 35)
(40173/4, 75, 37)
(20087/2, 74, 36)
(40175/4, 72, 35)
(10044, 70, 34)
(40177/4, 69, 33)
(20089/2, 67, 32)
(10045, 66, 31)
(20091/2, 67, 32)
(10046, 69, 33)
(20093/2, 70, 34)
(40189/4, 72, 35)
(20095/2, 70, 34)
(10048, 67, 32)
(20097/2, 67, 32)
(10049, 71, 34)
(20099/2, 72, 35)
(10050, 74, 36)
(20101/2, 75, 37)
(40205/4, 77, 38)
(20103/2, 75, 37)
(10052, 74, 36)
(20105/2, 75, 37)
(10053, 74, 36)
(40213/4, 72, 35)
(20107/2, 74, 36)
(10054, 70, 34)
(20109/2, 69, 33)
(10055, 67, 32)
(40221/4, 66, 31)
(20111/2, 67, 32)
(10056, 67, 32)
(20113/2, 67, 32)
(10057, 63, 30)
(40229/4, 62, 29)
(20115/2, 63, 30)
(10058, 62, 29)
(20117/2, 62, 29)
(10060, 67, 32)
(40241/4, 69, 33)
(20121/2, 71, 34)
(40243/4, 67, 32)
(10061, 62, 29)
(40245/4, 67, 32)
(20123/2, 71, 34)
(40247/4, 67, 32)
(10062, 72, 35)
(40249/4, 67, 32)
(20125/2, 71, 34)
(40251/4, 67, 32)
(10063, 72, 35)
(40253/4, 67, 32)
(20127/2, 71, 34)
(40255/4, 69, 33)
(10064, 67, 32)
(40257/4, 69, 33)
(20129/2, 71, 34)
(40259/4, 67, 32)
(10065, 62, 29)
(40261/4, 67, 32)
(20131/2, 71, 34)
(40263/4, 67, 32)
(10066, 72, 35)
(40265/4, 67, 32)
(20133/2, 71, 34)
(40267/4, 67, 32)
(10067, 72, 35)
(40269/4, 67, 32)
(20135/2, 71, 34)
(40271/4, 74, 36)
(10068, 76, 37)
(40273/4, 78, 38)
(20137/2, 79, 39)
(40275/4, 76, 37)
(10069, 71, 34)
(40277/4, 76, 37)
(20139/2, 79, 39)
(40279/4, 76, 37)
(10070, 81, 40)
(40281/4, 76, 37)
(20141/2, 79, 39)
(40283/4, 76, 37)
(10071, 81, 40)
(40285/4, 76, 37)
(20143/2, 79, 39)
(40287/4, 78, 38)
(10072, 76, 37)
(40289/4, 78, 38)
(20145/2, 79, 39)
(40291/4, 76, 37)
(10073, 71, 34)
(40293/4, 76, 37)
(20147/2, 79, 39)
(40295/4, 76, 37)
(10074, 81, 40)
(40297/4, 76, 37)
(20149/2, 79, 39)
(40299/4, 76, 37)
(10075, 81, 40)
(40301/4, 76, 37)
(20151/2, 79, 39)
(40303/4, 78, 38)
(10076, 76, 37)
(40305/4, 78, 38)
(20153/2, 79, 39)
(20155/2, 74, 36)
(40311/4, 69, 33)
(10078, 66, 31)
(40313/4, 62, 29)
(20157/2, 61, 28)
(20159/2, 66, 31)
(40319/4, 69, 33)
(10080, 74, 36)
(40321/4, 78, 38)
(20161/2, 79, 39)
(20163/2, 74, 36)
(40327/4, 69, 33)
(10082, 66, 31)
(40329/4, 62, 29)
(20165/2, 61, 28)
(20167/2, 66, 31)
(40335/4, 69, 33)
(10084, 74, 36)
(40337/4, 78, 38)
(20169/2, 76, 37)
(20173/2, 64, 30)
(40347/4, 61, 28)
(10087, 57, 26)
(40349/4, 61, 28)
(20175/2, 64, 30)
(40351/4, 69, 33)
(10088, 73, 35)
(40353/4, 76, 37)
(20177/2, 81, 40)
(20181/2, 78, 38)
(40363/4, 76, 37)
(10091, 74, 36)
(40365/4, 76, 37)
(20183/2, 78, 38)
(40367/4, 76, 37)
(10092, 74, 36)
(40369/4, 69, 33)
(20185/2, 66, 31)
(40371/4, 69, 33)
(10093, 74, 36)
(40373/4, 69, 33)
(20187/2, 66, 31)
(40375/4, 64, 30)
(10094, 62, 29)
(40377/4, 64, 30)
(20189/2, 66, 31)
(40379/4, 64, 30)
(10095, 62, 29)
(40381/4, 57, 26)
(20191/2, 62, 29)
(40383/4, 57, 26)
(10096, 62, 29)
(40385/4, 57, 26)
(20193/2, 62, 29)
(20197/2, 62, 29)
(20213/2, 64, 30)
(20223/2, 65, 31)
(20229/2, 64, 30)
(10115, 67, 32)
(20231/2, 66, 31)
(20233/2, 64, 30)
(20235/2, 62, 29)
(40471/4, 69, 33)
(10118, 67, 32)
(40473/4, 69, 33)
(20237/2, 71, 34)
(40475/4, 67, 32)
(10119, 62, 29)
(40477/4, 67, 32)
(20239/2, 71, 34)
(40479/4, 67, 32)
(10120, 72, 35)
(40481/4, 67, 32)
(20241/2, 71, 34)
(40483/4, 67, 32)
(10121, 72, 35)
(40485/4, 67, 32)
(20243/2, 71, 34)
(40487/4, 69, 33)
(10122, 67, 32)
(40489/4, 69, 33)
(20245/2, 71, 34)
(40491/4, 67, 32)
(10123, 62, 29)
(40493/4, 67, 32)
(20247/2, 71, 34)
(40495/4, 67, 32)
(10124, 72, 35)
(40497/4, 67, 32)
(20249/2, 71, 34)
(40499/4, 67, 32)
(10125, 72, 35)
(40501/4, 67, 32)
(20251/2, 71, 34)
(40503/4, 74, 36)
(10126, 76, 37)
(40505/4, 78, 38)
(20253/2, 80, 39)
(40507/4, 76, 37)
(10127, 71, 34)
(40509/4, 76, 37)
(20255/2, 80, 39)
(40511/4, 76, 37)
(10128, 81, 40)
(40513/4, 76, 37)
(20257/2, 80, 39)
(40515/4, 76, 37)
(10129, 81, 40)
(40517/4, 76, 37)
(20259/2, 80, 39)
(40519/4, 78, 38)
(10130, 76, 37)
(40521/4, 78, 38)
(20261/2, 79, 39)
(40523/4, 78, 38)
(10131, 76, 37)
(40525/4, 78, 38)
(20263/2, 79, 39)
(40527/4, 76, 37)
(10132, 83, 41)
(40529/4, 76, 37)
(20265/2, 81, 40)
(40531/4, 76, 37)
(10133, 83, 41)
(40533/4, 76, 37)
(20267/2, 81, 40)
(40535/4, 76, 37)
(10134, 78, 38)
(40537/4, 79, 39)
(20269/2, 78, 38)
(40539/4, 81, 40)
(10135, 78, 38)
(40541/4, 74, 36)
(20271/2, 79, 39)
(20273/2, 72, 35)
(40547/4, 69, 33)
(10137, 66, 31)
(40549/4, 60, 28)
(20275/2, 59, 27)
(20277/2, 78, 38)
(40555/4, 81, 40)
(10139, 78, 38)
(40557/4, 74, 36)
(20279/2, 79, 39)
(20281/2, 84, 42)
(40563/4, 81, 40)
(10141, 78, 38)
(40565/4, 72, 35)
(20283/2, 71, 34)
(20285/2, 79, 39)
(40571/4, 76, 37)
(10143, 73, 35)
(40573/4, 69, 33)
(20287/2, 67, 32)
(40575/4, 64, 30)
(10144, 61, 28)
(40577/4, 57, 26)
(20289/2, 66, 31)
(40587/4, 67, 32)
(10147, 69, 33)
(40589/4, 71, 34)
(20295/2, 72, 35)
(40591/4, 74, 36)
(10148, 76, 37)
(40593/4, 78, 38)
(20297/2, 79, 39)
(40595/4, 81, 40)
(10149, 79, 39)
(40597/4, 81, 40)
(20299/2, 83, 41)
(40599/4, 81, 40)
(10150, 79, 39)
(40601/4, 74, 36)
(20301/2, 71, 34)
(40603/4, 74, 36)
(10151, 79, 39)
(40605/4, 74, 36)
(20303/2, 71, 34)
(40607/4, 69, 33)
(10152, 67, 32)
(40609/4, 69, 33)
(20305/2, 71, 34)
(40611/4, 69, 33)
(10153, 67, 32)
(40613/4, 62, 29)
(20307/2, 59, 27)
(40615/4, 62, 29)
(10154, 67, 32)
(40617/4, 62, 29)
(20309/2, 59, 27)
(10156, 71, 34)
(40625/4, 74, 36)
(20313/2, 79, 39)
(40627/4, 74, 36)
(10157, 71, 34)
(40629/4, 69, 33)
(20315/2, 67, 32)
(40631/4, 69, 33)
(10158, 71, 34)
(40633/4, 69, 33)
(20317/2, 67, 32)
(40635/4, 62, 29)
(10159, 59, 27)
(40637/4, 62, 29)
(20319/2, 67, 32)
(40639/4, 62, 29)
(10160, 59, 27)
(10161, 59, 27)
(40645/4, 57, 26)
(20323/2, 55, 25)
(40647/4, 57, 26)
(10162, 59, 27)
(20333/2, 62, 29)
(10167, 67, 32)
(20341/2, 62, 29)
(10171, 67, 32)
(20349/2, 62, 29)
(10175, 67, 32)
(20351/2, 62, 29)
(10176, 67, 32)
(20353/2, 66, 31)
(10177, 72, 35)
(20355/2, 70, 34)
(10178, 75, 37)
(20357/2, 74, 36)
(10179, 69, 33)
(20359/2, 70, 34)
(10180, 67, 32)
(20361/2, 63, 30)
(10181, 62, 29)
(20363/2, 67, 32)
(10182, 60, 28)
(20367/2, 55, 25)
(10184, 60, 28)
(20369/2, 59, 27)
(10185, 62, 29)
(20371/2, 60, 28)
(10186, 68, 33)
(20373/2, 67, 32)
(10187, 62, 29)
(20375/2, 65, 31)
(10188, 63, 30)
(20377/2, 59, 27)
(10189, 60, 28)
(20379/2, 55, 25)
(10190, 57, 26)
(20381/2, 55, 25)
(10191, 57, 26)
(20383/2, 55, 25)
(10192, 57, 26)
(20387/2, 55, 25)
(10194, 57, 26)
(20389/2, 55, 25)
(10195, 57, 26)
(20391/2, 55, 25)
(10196, 57, 26)
(20395/2, 60, 28)
(10198, 58, 27)
(20397/2, 66, 31)
(10199, 67, 32)
(20399/2, 69, 33)
(10200, 70, 34)
(40803/4, 72, 35)
(10201, 70, 34)
(20403/2, 67, 32)
(10202, 67, 32)
(20405/2, 67, 32)
(10203, 67, 32)
(20407/2, 66, 31)
(10204, 67, 32)
(20409/2, 69, 33)
(40819/4, 66, 31)
(10205, 67, 32)
(20411/2, 60, 28)
(40823/4, 62, 29)
(10206, 58, 27)
(20413/2, 66, 31)
(10207, 67, 32)
(20415/2, 69, 33)
(10208, 70, 34)
(40835/4, 72, 35)
(10209, 70, 34)
(20419/2, 79, 39)
(10210, 77, 38)
(20421/2, 76, 37)
(40843/4, 74, 36)
(10211, 76, 37)
(20423/2, 73, 35)
(10212, 69, 33)
(20425/2, 67, 32)
(40851/4, 65, 31)
(10213, 67, 32)
(20427/2, 64, 30)
(10214, 65, 31)
(20429/2, 64, 30)
(40859/4, 62, 29)
(10215, 64, 30)
(20431/2, 61, 28)
(10216, 62, 29)
(20439/2, 60, 28)
(10220, 58, 27)
(20441/2, 70, 34)
(10221, 69, 33)
(20443/2, 69, 33)
(10222, 69, 33)
(20445/2, 70, 34)
(10223, 69, 33)
(20447/2, 70, 34)
(10224, 69, 33)
(20451/2, 74, 36)
(10226, 77, 38)
(20453/2, 75, 37)
(40907/4, 74, 36)
(10227, 75, 37)
(20455/2, 72, 35)
(10228, 74, 36)
(20457/2, 70, 34)
(10229, 67, 32)
(20459/2, 67, 32)
(40919/4, 69, 33)
(10230, 70, 34)
(20461/2, 69, 33)
(40923/4, 67, 32)
(10231, 69, 33)
(20463/2, 62, 29)
(10232, 67, 32)
(20465/2, 63, 30)
(10233, 60, 28)
(20467/2, 63, 30)
(40935/4, 63, 30)
(10234, 62, 29)
(20469/2, 62, 29)
(40939/4, 62, 29)
(10235, 66, 31)
(20471/2, 62, 29)
(40943/4, 62, 29)
(10236, 67, 32)
(20473/2, 62, 29)
(40947/4, 62, 29)
(10237, 68, 32)
(20475/2, 62, 29)
(40951/4, 62, 29)
(10238, 69, 33)
(20477/2, 62, 29)
(10239, 74, 36)
(20483/2, 60, 28)
(10242, 58, 27)
(20485/2, 66, 31)
(10243, 67, 32)
(20487/2, 69, 33)
(10244, 70, 34)
(20491/2, 55, 25)
(10246, 58, 27)
(20493/2, 66, 31)
(10247, 67, 32)
(20495/2, 69, 33)
(10248, 70, 34)
(20499/2, 65, 31)
(10250, 63, 30)
(20501/2, 71, 34)
(10251, 72, 35)
(20503/2, 74, 36)
(10252, 75, 37)
(20507/2, 74, 36)
(10254, 75, 37)
(20509/2, 74, 36)
(41019/4, 72, 35)
(10255, 74, 36)
(20511/2, 70, 34)
(10256, 69, 33)
(20513/2, 67, 32)
(41027/4, 66, 31)
(10257, 67, 32)
(20515/2, 67, 32)
(10258, 67, 32)
(20517/2, 63, 30)
(41035/4, 62, 29)
(10259, 63, 30)
(20519/2, 62, 29)
(10260, 62, 29)
(40001/2, 62, 29)
(20001, 62, 29)
(40003/2, 62, 29)
(20002, 62, 29)
(40005/2, 62, 29)
(20003, 62, 29)
(40007/2, 62, 29)
(20004, 62, 29)
(40009/2, 63, 30)
(20005, 62, 29)
(40011/2, 63, 30)
(20006, 62, 29)
(40013/2, 62, 29)
(20007, 63, 30)
(40015/2, 62, 29)
(40017/2, 62, 29)
(20009, 62, 29)
(40019/2, 62, 29)
(20010, 62, 29)
(40021/2, 62, 29)
(20011, 62, 29)
(40023/2, 62, 29)
(40025/2, 69, 33)
(20016, 70, 34)
(40033/2, 69, 33)
(20017, 67, 32)
(80069/4, 65, 31)
(40035/2, 67, 32)
(20018, 64, 30)
(40037/2, 65, 31)
(20021, 66, 31)
(80085/4, 67, 32)
(40043/2, 66, 31)
(20022, 60, 28)
(40045/2, 58, 27)
(20023, 69, 33)
(80093/4, 67, 32)
(40047/2, 65, 31)
(20024, 67, 32)
(80097/4, 64, 30)
(40049/2, 66, 31)
(20025, 67, 32)
(40051/2, 66, 31)
(20026, 67, 32)
(40053/2, 66, 31)
(20028, 62, 29)
(40057/2, 62, 29)
(40057/2, 65, 31)
(20029, 63, 30)
(80117/4, 62, 29)
(40059/2, 63, 30)
(20030, 60, 28)
(40061/2, 62, 29)
(20031, 58, 27)
(40063/2, 55, 25)
(20032, 55, 25)
(80129/4, 57, 26)
(40065/2, 58, 27)
(20033, 57, 26)
(80133/4, 55, 25)
(40067/2, 57, 26)
(20034, 54, 24)
(40069/2, 55, 25)
(20035, 51, 23)
(40071/2, 48, 21)
(20036, 51, 23)
(80145/4, 51, 23)
(40073/2, 50, 22)
(20037, 50, 22)
(80149/4, 50, 22)
(40075/2, 54, 24)
(20038, 50, 22)
(80153/4, 50, 22)
(40077/2, 55, 25)
(20039, 50, 22)
(80157/4, 50, 22)
(40079/2, 56, 25)
(20040, 50, 22)
(80161/4, 50, 22)
(40081/2, 57, 26)
(20041, 50, 22)
(80165/4, 50, 22)
(40083/2, 58, 27)
(20042, 50, 22)
(80169/4, 50, 22)
(40085/2, 60, 28)
(80171/4, 57, 26)
(20043, 60, 28)
(80173/4, 63, 30)
(40087/2, 62, 29)
(20044, 60, 28)
(40089/2, 58, 27)
(20045, 62, 29)
(40091/2, 62, 29)
(20046, 62, 29)
(40093/2, 62, 29)
(20047, 62, 29)
(40095/2, 62, 29)
(20048, 65, 31)
(40097/2, 63, 30)
(20049, 55, 25)
(20049, 67, 32)
(40099/2, 55, 25)
(40099/2, 67, 32)
(20050, 55, 25)
(20050, 67, 32)
(40101/2, 55, 25)
(40101/2, 67, 32)
(20052, 70, 34)
(40105/2, 72, 35)
(20053, 70, 34)
(80213/4, 69, 33)
(40107/2, 70, 34)
(20054, 67, 32)
(40109/2, 66, 31)
(20055, 63, 30)
(80221/4, 62, 29)
(40111/2, 63, 30)
(20056, 60, 28)
(40113/2, 62, 29)
(20057, 60, 28)
(80229/4, 58, 27)
(40115/2, 60, 28)
(20058, 57, 26)
(40117/2, 58, 27)
(40121/2, 55, 25)
(40145/2, 64, 30)
(40153/2, 52, 23)
(40155/2, 54, 24)
(40157/2, 55, 25)
(40159/2, 57, 26)
(40161/2, 52, 23)
(40163/2, 54, 24)
(40165/2, 55, 25)
(40167/2, 57, 26)
(40169/2, 59, 27)
(40169/2, 62, 29)
(40173/2, 61, 28)
(40177/2, 62, 29)
(20089, 62, 29)
(40179/2, 64, 30)
(20090, 67, 32)
(40181/2, 57, 26)
(40181/2, 66, 31)
(40189/2, 54, 24)
(20098, 54, 24)
(80393/4, 55, 25)
(40197/2, 57, 26)
(80395/4, 55, 25)
(20099, 54, 24)
(80397/4, 55, 25)
(40199/2, 57, 26)
(80399/4, 62, 29)
(20100, 59, 27)
(80401/4, 62, 29)
(40201/2, 57, 26)
(80403/4, 62, 29)
(20101, 59, 27)
(80405/4, 62, 29)
(40203/2, 57, 26)
(80407/4, 55, 25)
(20102, 54, 24)
(80409/4, 55, 25)
(40205/2, 57, 26)
(80411/4, 55, 25)
(20103, 54, 24)
(80413/4, 55, 25)
(40207/2, 57, 26)
(80415/4, 62, 29)
(20104, 59, 27)
(80417/4, 62, 29)
(40209/2, 57, 26)
(80419/4, 62, 29)
(20105, 59, 27)
(80421/4, 62, 29)
(40211/2, 57, 26)
(80423/4, 60, 28)
(20106, 62, 29)
(80425/4, 60, 28)
(40213/2, 59, 27)
(80427/4, 57, 26)
(20107, 56, 25)
(80429/4, 57, 26)
(40215/2, 59, 27)
(80431/4, 64, 30)
(20108, 60, 28)
(80433/4, 64, 30)
(40217/2, 59, 27)
(80435/4, 64, 30)
(20109, 60, 28)
(80437/4, 64, 30)
(40219/2, 59, 27)
(80439/4, 56, 25)
(20110, 57, 26)
(80441/4, 59, 27)
(40221/2, 60, 28)
(80443/4, 59, 27)
(20111, 57, 26)
(80445/4, 59, 27)
(40223/2, 60, 28)
(80447/4, 65, 31)
(20112, 64, 30)
(80449/4, 65, 31)
(40225/2, 62, 29)
(80451/4, 60, 28)
(20113, 59, 27)
(80453/4, 60, 28)
(40227/2, 62, 29)
(80455/4, 67, 32)
(20114, 65, 31)
(80457/4, 67, 32)
(40229/2, 64, 30)
(20115, 48, 21)
(80461/4, 52, 23)
(40231/2, 54, 24)
(80463/4, 52, 23)
(20116, 50, 22)
(80465/4, 54, 24)
(40233/2, 55, 25)
(80467/4, 54, 24)
(20117, 52, 23)
(80469/4, 55, 25)
(40235/2, 57, 26)
(80471/4, 55, 25)
(20118, 54, 24)
(80473/4, 57, 26)
(40237/2, 55, 25)
(40253/2, 56, 25)
(40253/2, 64, 30)
(40261/2, 55, 25)
(40269/2, 60, 28)
(40271/2, 59, 27)
(40273/2, 54, 24)
(40275/2, 55, 25)
(40277/2, 50, 22)
(40277/2, 62, 29)
(40285/2, 52, 23)
(40285/2, 55, 25)
(40289/2, 54, 24)
(40293/2, 55, 25)
(20147, 55, 25)
(40295/2, 57, 26)
(20148, 60, 28)
(40297/2, 59, 27)
(20156, 59, 27)
(20158, 74, 36)
(80633/4, 72, 35)
(40317/2, 71, 34)
(80635/4, 72, 35)
(20159, 74, 36)
(80637/4, 72, 35)
(40319/2, 71, 34)
(80639/4, 69, 33)
(20160, 67, 32)
(80641/4, 69, 33)
(40321/2, 71, 34)
(80643/4, 69, 33)
(20161, 67, 32)
(80645/4, 62, 29)
(40323/2, 59, 27)
(80647/4, 62, 29)
(20162, 59, 27)
(80649/4, 57, 26)
(40325/2, 55, 25)
(80651/4, 57, 26)
(20163, 59, 27)
(80653/4, 57, 26)
(40327/2, 55, 25)
(80655/4, 50, 22)
(20164, 59, 27)
(80657/4, 60, 28)
(40329/2, 62, 29)
(80659/4, 60, 28)
(20165, 59, 27)
(40335/2, 55, 25)
(40335/2, 51, 23)
(20168, 50, 22)
(40337/2, 51, 23)
(20169, 50, 22)
(40339/2, 51, 23)
(20170, 50, 22)
(40343/2, 50, 22)
(20172, 55, 25)
(40345/2, 50, 22)
(20173, 55, 25)
(40347/2, 50, 22)
(20174, 55, 25)
(40351/2, 50, 22)
(20176, 55, 25)
(40353/2, 54, 24)
(20177, 60, 28)
(40355/2, 58, 27)
(20178, 63, 30)
(40357/2, 62, 29)
(20179, 57, 26)
(40359/2, 58, 27)
(20180, 55, 25)
(40361/2, 51, 23)
(20181, 50, 22)
(40363/2, 55, 25)
(20182, 48, 21)
(40385/2, 57, 26)
(20193, 62, 29)
(40393/2, 57, 26)
(20197, 62, 29)
(20198, 62, 29)
(40397/2, 62, 29)
(20199, 62, 29)
(40399/2, 62, 29)
(20200, 62, 29)
(40401/2, 62, 29)
(20201, 62, 29)
(40403/2, 62, 29)
(20202, 63, 30)
(40405/2, 62, 29)
(20203, 63, 30)
(40407/2, 62, 29)
(20204, 62, 29)
(40409/2, 63, 30)
(20205, 62, 29)
(20206, 62, 29)
(40413/2, 62, 29)
(20207, 62, 29)
(40415/2, 62, 29)
(20208, 62, 29)
(40417/2, 62, 29)
(20209, 62, 29)
(20210, 69, 33)
(40427/2, 70, 34)
(20214, 69, 33)
(40429/2, 67, 32)
(80859/4, 65, 31)
(20215, 67, 32)
(40431/2, 64, 30)
(20216, 65, 31)
(40437/2, 66, 31)
(80875/4, 67, 32)
(20219, 66, 31)
(40439/2, 66, 31)
(20220, 67, 32)
(40441/2, 69, 33)
(80883/4, 67, 32)
(20221, 65, 31)
(40443/2, 64, 30)
(20222, 66, 31)
(40445/2, 67, 32)
(20223, 66, 31)
(40447/2, 67, 32)
(20224, 66, 31)
(40451/2, 62, 29)
(20226, 65, 31)
(40453/2, 63, 30)
(80907/4, 62, 29)
(20227, 63, 30)
(40455/2, 60, 28)
(20228, 62, 29)
(40457/2, 58, 27)
(20229, 55, 25)
(40459/2, 55, 25)
(80919/4, 57, 26)
(20230, 58, 27)
(40461/2, 57, 26)
(80923/4, 55, 25)
(20231, 57, 26)
(40463/2, 50, 22)
(20232, 55, 25)
(40465/2, 51, 23)
(20233, 48, 21)
(40467/2, 51, 23)
(80935/4, 51, 23)
(20234, 50, 22)
(40469/2, 50, 22)
(80939/4, 50, 22)
(20235, 54, 24)
(40471/2, 50, 22)
(80943/4, 50, 22)
(20236, 55, 25)
(40473/2, 50, 22)
(80947/4, 50, 22)
(20237, 56, 25)
(40475/2, 50, 22)
(80951/4, 50, 22)
(20238, 57, 26)
(40477/2, 50, 22)
(80955/4, 50, 22)
(20239, 58, 27)
(40479/2, 50, 22)
(80959/4, 50, 22)
(20240, 60, 28)
(80961/4, 57, 26)
(40481/2, 60, 28)
(80963/4, 63, 30)
(20241, 62, 29)
(80965/4, 60, 28)
(40483/2, 58, 27)
(80967/4, 57, 26)
(20242, 55, 25)
(20245, 55, 25)
(20245, 62, 29)
(20245, 70, 34)
(20246, 55, 25)
(20246, 62, 29)
(20246, 70, 34)
(20249, 55, 25)
(20249, 67, 32)
(20250, 55, 25)
(20250, 67, 32)
(40501/2, 55, 25)
(40501/2, 67, 32)
(20251, 55, 25)
(20251, 67, 32)
(40503/2, 55, 25)
(40503/2, 67, 32)
(20252, 55, 25)
(20252, 67, 32)
(40507/2, 70, 34)
(20254, 72, 35)
(40509/2, 70, 34)
(81019/4, 69, 33)
(20255, 70, 34)
(40511/2, 67, 32)
(20256, 66, 31)
(40513/2, 63, 30)
(81027/4, 62, 29)
(20257, 63, 30)
(40515/2, 60, 28)
(20258, 62, 29)
(40517/2, 60, 28)
(81035/4, 58, 27)
(20259, 60, 28)
(40519/2, 57, 26)
(20260, 58, 27)
(60001/2, 43, 18)
(30004, 46, 20)
(60009/2, 48, 21)
(30005, 46, 20)
(60011/2, 48, 21)
(30006, 50, 22)
(60013/2, 55, 25)
(60017/2, 43, 18)
(30012, 43, 18)
(60025/2, 38, 15)
(60029/2, 38, 15)
(60033/2, 38, 15)
(30018, 57, 26)
(60037/2, 62, 29)
(30019, 60, 28)
(120077/4, 58, 27)
(60039/2, 60, 28)
(30020, 57, 26)
(60041/2, 58, 27)
(30021, 57, 26)
(120085/4, 55, 25)
(60043/2, 57, 26)
(30022, 54, 24)
(60045/2, 55, 25)
(30023, 52, 23)
(60047/2, 57, 26)
(30024, 57, 26)
(60049/2, 50, 22)
(30025, 43, 18)
(60051/2, 38, 15)
(30026, 43, 18)
(60053/2, 38, 15)
(30028, 50, 22)
(60057/2, 50, 22)
(60057/2, 53, 24)
(30029, 51, 23)
(120117/4, 50, 22)
(60059/2, 51, 23)
(30030, 48, 21)
(60061/2, 50, 22)
(30031, 46, 20)
(60063/2, 43, 18)
(30032, 43, 18)
(120129/4, 45, 19)
(60065/2, 46, 20)
(30033, 45, 19)
(120133/4, 43, 18)
(60067/2, 45, 19)
(30034, 42, 17)
(60069/2, 43, 18)
(30035, 39, 16)
(60071/2, 36, 14)
(30036, 39, 16)
(120145/4, 39, 16)
(60073/2, 38, 15)
(30037, 38, 15)
(120149/4, 38, 15)
(60075/2, 42, 17)
(30038, 38, 15)
(120153/4, 38, 15)
(60077/2, 43, 18)
(30039, 38, 15)
(120157/4, 38, 15)
(60079/2, 44, 18)
(30040, 38, 15)
(120161/4, 38, 15)
(60081/2, 45, 19)
(30041, 38, 15)
(120165/4, 38, 15)
(60083/2, 46, 20)
(30042, 38, 15)
(120169/4, 38, 15)
(60085/2, 48, 21)
(120171/4, 45, 19)
(30043, 48, 21)
(120173/4, 51, 23)
(60087/2, 50, 22)
(120175/4, 48, 21)
(30044, 46, 20)
(120177/4, 45, 19)
(60089/2, 43, 18)
(60095/2, 43, 18)
(60097/2, 36, 14)
(30058, 50, 22)
(60117/2, 43, 18)
(60121/2, 43, 18)
(60137/2, 40, 16)
(60145/2, 47, 20)
(60153/2, 37, 14)
(60155/2, 38, 15)
(60157/2, 40, 16)
(60159/2, 42, 17)
(60161/2, 37, 14)
(60163/2, 38, 15)
(60165/2, 40, 16)
(60167/2, 42, 17)
(60169/2, 44, 18)
(60169/2, 52, 23)
(60173/2, 43, 18)
(60177/2, 42, 17)
(30089, 47, 20)
(60179/2, 43, 18)
(30090, 45, 19)
(60181/2, 38, 15)
(60181/2, 45, 19)
(30097, 38, 15)
(60195/2, 50, 22)
(30098, 38, 15)
(120393/4, 40, 16)
(60197/2, 42, 17)
(120395/4, 40, 16)
(30099, 38, 15)
(120397/4, 40, 16)
(60199/2, 42, 17)
(120399/4, 47, 20)
(30100, 43, 18)
(120401/4, 47, 20)
(60201/2, 42, 17)
(120403/4, 47, 20)
(30101, 43, 18)
(120405/4, 47, 20)
(60203/2, 42, 17)
(120407/4, 40, 16)
(30102, 38, 15)
(120409/4, 40, 16)
(60205/2, 42, 17)
(120411/4, 40, 16)
(30103, 38, 15)
(120413/4, 40, 16)
(60207/2, 42, 17)
(120415/4, 47, 20)
(30104, 43, 18)
(120417/4, 47, 20)
(60209/2, 42, 17)
(120419/4, 47, 20)
(30105, 43, 18)
(120421/4, 47, 20)
(60211/2, 42, 17)
(120423/4, 48, 21)
(30106, 47, 20)
(120425/4, 45, 19)
(60213/2, 44, 18)
(120427/4, 42, 17)
(30107, 40, 16)
(120429/4, 42, 17)
(60215/2, 44, 18)
(120431/4, 48, 21)
(30108, 45, 19)
(120433/4, 48, 21)
(60217/2, 44, 18)
(120435/4, 48, 21)
(30109, 45, 19)
(120437/4, 48, 21)
(60219/2, 44, 18)
(120439/4, 40, 16)
(30110, 42, 17)
(120441/4, 44, 18)
(60221/2, 45, 19)
(120443/4, 43, 18)
(30111, 41, 17)
(120445/4, 43, 18)
(60223/2, 45, 19)
(120447/4, 50, 22)
(30112, 48, 21)
(120449/4, 50, 22)
(60225/2, 47, 20)
(120451/4, 45, 19)
(30113, 43, 18)
(120453/4, 45, 19)
(60227/2, 47, 20)
(120455/4, 52, 23)
(30114, 50, 22)
(120457/4, 52, 23)
(60229/2, 48, 21)
(120459/4, 47, 20)
(30115, 45, 19)
(120461/4, 48, 21)
(60231/2, 50, 22)
(120463/4, 48, 21)
(30116, 47, 20)
(120465/4, 50, 22)
(60233/2, 52, 23)
(120467/4, 50, 22)
(30117, 48, 21)
(120469/4, 52, 23)
(60235/2, 54, 24)
(120471/4, 52, 23)
(30118, 50, 22)
(120473/4, 54, 24)
(60237/2, 43, 18)
(60253/2, 40, 16)
(60253/2, 47, 20)
(60261/2, 37, 14)
(120523/4, 40, 16)
(30131, 45, 19)
(120525/4, 40, 16)
(60263/2, 37, 14)
(120527/4, 40, 16)
(30132, 38, 15)
(120529/4, 40, 16)
(60265/2, 37, 14)
(120531/4, 40, 16)
(30133, 38, 15)
(120533/4, 40, 16)
(60267/2, 37, 14)
(60269/2, 38, 15)
(60277/2, 48, 21)
(60279/2, 47, 20)
(60281/2, 42, 17)
(60283/2, 43, 18)
(60285/2, 37, 14)
(60285/2, 45, 19)
(60289/2, 36, 14)
(60293/2, 47, 20)
(30147, 52, 23)
(60295/2, 48, 21)
(30148, 50, 22)
(60297/2, 43, 18)
(60297/2, 50, 22)
(30155, 43, 18)
(60311/2, 55, 25)
(30156, 43, 18)
(30156, 50, 22)
(30162, 62, 29)
(120649/4, 60, 28)
(60325/2, 59, 27)
(120651/4, 60, 28)
(30163, 62, 29)
(120653/4, 60, 28)
(60327/2, 59, 27)
(120655/4, 57, 26)
(30164, 55, 25)
(120657/4, 57, 26)
(60329/2, 59, 27)
(120659/4, 57, 26)
(30165, 55, 25)
(120661/4, 50, 22)
(60331/2, 47, 20)
(120663/4, 50, 22)
(30166, 43, 18)
(60335/2, 36, 14)
(120671/4, 43, 18)
(30168, 47, 20)
(120673/4, 43, 18)
(60337/2, 48, 21)
(120675/4, 43, 18)
(30169, 47, 20)
(120677/4, 43, 18)
(60339/2, 48, 21)
(120679/4, 43, 18)
(30170, 47, 20)
(60343/2, 38, 15)
(30172, 43, 18)
(60345/2, 38, 15)
(30173, 43, 18)
(60347/2, 38, 15)
(30174, 43, 18)
(60351/2, 38, 15)
(30176, 43, 18)
(60353/2, 42, 17)
(30177, 48, 21)
(60355/2, 46, 20)
(30178, 51, 23)
(60357/2, 50, 22)
(30179, 45, 19)
(60359/2, 46, 20)
(30180, 43, 18)
(60361/2, 39, 16)
(30181, 38, 15)
(60363/2, 43, 18)
(30182, 36, 14)
(60367/2, 43, 18)
(30184, 48, 21)
(60369/2, 47, 20)
(30185, 50, 22)
(60371/2, 48, 21)
(30186, 56, 26)
(60373/2, 55, 25)
(30187, 50, 22)
(60375/2, 53, 24)
(30188, 51, 23)
(60377/2, 47, 20)
(30189, 48, 21)
(60379/2, 48, 21)
(30190, 42, 17)
(60381/2, 48, 21)
(30191, 42, 17)
(60383/2, 48, 21)
(30192, 42, 17)
(60387/2, 48, 21)
(30194, 42, 17)
(60389/2, 48, 21)
(30195, 42, 17)
(60391/2, 48, 21)
(30196, 42, 17)
(30198, 43, 18)
(30198, 55, 25)
(60403/2, 46, 20)
(30202, 48, 21)
(60405/2, 46, 20)
(30203, 48, 21)
(60407/2, 50, 22)
(30204, 43, 18)
(60411/2, 50, 22)
(30206, 43, 18)
(60417/2, 43, 18)
(30209, 46, 20)
(60419/2, 43, 18)
(30210, 38, 15)
(30212, 38, 15)
(30214, 38, 15)
(60431/2, 57, 26)
(30216, 62, 29)
(60433/2, 60, 28)
(120867/4, 58, 27)
(30217, 60, 28)
(60435/2, 57, 26)
(30218, 58, 27)
(60437/2, 57, 26)
(120875/4, 55, 25)
(30219, 50, 22)
(60439/2, 62, 29)
(30220, 55, 25)
(30221, 57, 26)
(30222, 50, 22)
(60445/2, 43, 18)
(30223, 50, 22)
(60447/2, 43, 18)
(30224, 38, 15)
(60451/2, 50, 22)
(30226, 53, 24)
(60453/2, 51, 23)
(120907/4, 50, 22)
(30227, 51, 23)
(60455/2, 48, 21)
(30228, 50, 22)
(60457/2, 46, 20)
(30229, 43, 18)
(60459/2, 43, 18)
(120919/4, 45, 19)
(30230, 46, 20)
(60461/2, 45, 19)
(120923/4, 43, 18)
(30231, 45, 19)
(60463/2, 38, 15)
(30232, 43, 18)
(60465/2, 39, 16)
(30233, 36, 14)
(60467/2, 39, 16)
(120935/4, 39, 16)
(30234, 38, 15)
(60469/2, 38, 15)
(120939/4, 38, 15)
(30235, 42, 17)
(60471/2, 38, 15)
(120943/4, 38, 15)
(30236, 43, 18)
(60473/2, 38, 15)
(120947/4, 38, 15)
(30237, 44, 18)
(60475/2, 38, 15)
(120951/4, 38, 15)
(30238, 45, 19)
(60477/2, 38, 15)
(120955/4, 38, 15)
(30239, 46, 20)
(60479/2, 38, 15)
(120959/4, 38, 15)
(30240, 48, 21)
(120961/4, 45, 19)
(60481/2, 48, 21)
(120963/4, 51, 23)
(30241, 50, 22)
(120965/4, 48, 21)
(60483/2, 46, 20)
(120967/4, 45, 19)
(30242, 43, 18)
(60489/2, 50, 22)
(30245, 46, 20)
(60491/2, 50, 22)
(30246, 43, 18)
(30249, 43, 18)
(30250, 36, 14)
(60519/2, 50, 22)
(30260, 43, 18)
