(0, 55, 25)
(0, 62, 29)
(0, 71, 34)
(0, 79, 39)
(3/2, 55, 25)
(3/2, 62, 29)
(3/2, 71, 34)
(3/2, 79, 39)
(3, 79, 39)
(15, 84, 42)
(39/2, 84, 42)
(45/2, 84, 42)
(49/2, 83, 41)
(25, 84, 42)
(51/2, 80, 40)
(26, 79, 39)
(53/2, 80, 40)
(27, 77, 38)
(30, 72, 35)
(61/2, 71, 34)
(31, 72, 35)
(63/2, 68, 33)
(32, 67, 32)
(65/2, 68, 33)
(33, 65, 31)
(36, 87, 44)
(73/2, 86, 43)
(37, 87, 44)
(75/2, 84, 42)
(38, 83, 41)
(77/2, 84, 42)
(39, 81, 40)
(79/2, 80, 39)
(40, 81, 40)
(81/2, 78, 39)
(41, 77, 38)
(83/2, 78, 39)
(42, 75, 37)
(87/2, 72, 35)
(219/5, 75, 37)
(441/10, 78, 39)
(222/5, 81, 40)
(447/10, 84, 42)
(45, 87, 44)
(93/2, 66, 32)
(47, 66, 32)
(95/2, 66, 32)
(48, 67, 32)
(97/2, 67, 32)
(49, 67, 32)
(99/2, 67, 32)
(50, 67, 32)
(101/2, 67, 32)
(51, 69, 33)
(103/2, 69, 33)
(52, 69, 33)
(105/2, 69, 33)
(53, 69, 33)
(107/2, 69, 33)
(54, 70, 34)
(109/2, 70, 34)
(55, 70, 34)
(111/2, 70, 34)
(56, 70, 34)
(113/2, 70, 34)
(57, 71, 34)
(115/2, 71, 34)
(58, 71, 34)
(117/2, 71, 34)
(59, 71, 34)
(119/2, 71, 34)
(60, 72, 35)
(123/2, 62, 29)
(123/2, 74, 36)
(63, 63, 30)
(63, 75, 37)
(129/2, 64, 30)
(129/2, 72, 35)
(129/2, 76, 37)
(66, 65, 31)
(66, 72, 35)
(66, 77, 38)
(135/2, 64, 30)
(135/2, 72, 35)
(135/2, 79, 39)
(69, 64, 30)
(69, 72, 35)
(69, 82, 41)
(141/2, 65, 31)
(141/2, 72, 35)
(141/2, 80, 40)
(72, 55, 25)
(72, 63, 30)
(72, 72, 35)
(72, 79, 39)
(75, 55, 25)
(75, 62, 29)
(75, 71, 34)
(78, 55, 25)
(78, 63, 30)
(78, 72, 35)
(80, 67, 32)
(161/2, 67, 32)
(81, 75, 37)
(83, 74, 36)
(167/2, 72, 35)
(84, 71, 34)
(173/2, 71, 34)
(87, 72, 35)
(88, 72, 35)
(177/2, 74, 36)
(179/2, 75, 37)
(90, 79, 39)
(185/2, 77, 38)
(93, 75, 37)
(94, 74, 36)
(189/2, 72, 35)
(191/2, 74, 36)
(96, 77, 38)
(197/2, 75, 37)
(99, 74, 36)
(100, 72, 35)
(201/2, 71, 34)
(203/2, 72, 35)
(102, 75, 37)
(207/2, 74, 36)
(104, 67, 32)
(209/2, 67, 32)
(105, 75, 37)
(107, 74, 36)
(215/2, 72, 35)
(108, 71, 34)
(221/2, 71, 34)
(111, 72, 35)
(112, 72, 35)
(225/2, 74, 36)
(227/2, 75, 37)
(114, 79, 39)
(233/2, 77, 38)
(117, 75, 37)
(118, 74, 36)
(237/2, 82, 41)
(239/2, 74, 36)
(120, 77, 38)
(121, 75, 37)
(243/2, 67, 32)
(245/2, 72, 35)
(123, 70, 34)
(251/2, 68, 33)
(126, 67, 32)
(255/2, 80, 40)
(257/2, 79, 39)
(129, 79, 39)
(130, 77, 38)
(261/2, 75, 37)
(263/2, 74, 36)
(132, 77, 38)
(133, 75, 37)
(267/2, 67, 32)
(269/2, 72, 35)
(135, 70, 34)
(275/2, 68, 33)
(138, 67, 32)
(279/2, 55, 25)
(140, 58, 27)
(281/2, 63, 30)
(141, 67, 32)
(143, 65, 31)
(287/2, 63, 30)
(144, 62, 29)
(291/2, 60, 28)
(146, 60, 28)
(293/2, 65, 31)
(147, 68, 33)
(149, 67, 32)
(299/2, 65, 31)
(150, 65, 31)
(303/2, 63, 30)
(152, 67, 32)
(305/2, 72, 35)
(153, 75, 37)
(155, 74, 36)
(311/2, 72, 35)
(156, 72, 35)
(315/2, 70, 34)
(158, 70, 34)
(317/2, 70, 34)
(159, 75, 37)
(161, 73, 36)
(323/2, 71, 35)
(162, 71, 35)
(327/2, 70, 34)
(164, 70, 34)
(329/2, 70, 34)
(165, 69, 33)
(167, 70, 34)
(335/2, 72, 35)
(168, 70, 34)
(337/2, 69, 33)
(169, 70, 34)
(339/2, 72, 35)
(170, 70, 34)
(341/2, 72, 35)
(171, 74, 36)
(343/2, 72, 35)
(172, 74, 36)
(345/2, 75, 37)
(173, 74, 36)
(347/2, 75, 37)
(174, 76, 37)
(349/2, 74, 36)
(175, 76, 37)
(351/2, 77, 38)
(176, 76, 37)
(353/2, 77, 38)
(177, 79, 39)
(355/2, 77, 38)
(178, 79, 39)
(357/2, 80, 40)
(179, 79, 39)
(359/2, 80, 40)
(180, 83, 41)
(363/2, 84, 42)
(183, 86, 43)
(369/2, 87, 44)
(186, 88, 44)
(381/2, 88, 44)
(387/2, 89, 45)
(195, 90, 45)
(198, 88, 44)
(198, 90, 45)
(198, 91, 46)
(399/2, 55, 25)
(201, 63, 30)
(201, 72, 35)
(201, 79, 39)
(405/2, 62, 29)
(405/2, 71, 34)
(204, 63, 30)
(204, 72, 35)
(207, 79, 39)
(210, 84, 42)
(213, 79, 39)
(216, 87, 44)
(219, 83, 41)
(222, 84, 42)
(447/2, 72, 35)
(225, 84, 42)
(455/2, 82, 41)
(228, 80, 40)
(231, 72, 35)
(234, 77, 38)
(237, 72, 35)
(240, 80, 40)
(243, 76, 37)
(246, 77, 38)
(495/2, 79, 39)
(249, 80, 40)
(501/2, 79, 39)
(252, 78, 38)
(505/2, 81, 40)
(253, 87, 44)
(507/2, 86, 43)
(254, 84, 42)
(509/2, 82, 41)
(255, 81, 40)
(511/2, 79, 39)
(256, 78, 38)
(513/2, 75, 37)
(257, 74, 36)
(515/2, 72, 35)
(258, 70, 34)
(519/2, 70, 34)
(260, 72, 35)
(521/2, 73, 35)
(261, 74, 36)
(525/2, 82, 41)
(263, 81, 40)
(527/2, 79, 39)
(264, 78, 38)
(531/2, 81, 40)
(266, 72, 35)
(533/2, 74, 36)
(267, 75, 37)
(537/2, 75, 37)
(269, 74, 36)
(539/2, 72, 35)
(270, 70, 34)
(543/2, 70, 34)
(272, 72, 35)
(545/2, 73, 35)
(273, 74, 36)
(549/2, 82, 41)
(275, 81, 40)
(551/2, 79, 39)
(276, 78, 38)
(555/2, 81, 40)
(278, 72, 35)
(557/2, 74, 36)
(279, 75, 37)
(561/2, 75, 37)
(281, 74, 36)
(563/2, 72, 35)
(282, 71, 34)
(565/2, 74, 36)
(283, 71, 34)
(567/2, 79, 39)
(285, 72, 35)
(571/2, 75, 37)
(286, 72, 35)
(573/2, 79, 39)
(288, 79, 39)
(577/2, 74, 36)
(289, 77, 38)
(579/2, 67, 32)
(291, 79, 39)
(583/2, 72, 35)
(292, 75, 37)
(585/2, 67, 32)
(294, 72, 35)
(294, 78, 38)
(591/2, 72, 35)
(591/2, 79, 39)
(297, 72, 35)
(297, 81, 40)
(300, 72, 35)
(300, 78, 38)
(603/2, 72, 35)
(603/2, 79, 39)
(303, 72, 35)
(303, 81, 40)
(306, 72, 35)
(306, 81, 40)
(615/2, 72, 35)
(615/2, 82, 41)
(309, 69, 33)
(309, 84, 42)
(312, 69, 33)
(312, 84, 42)
(315, 69, 33)
(315, 84, 42)
(318, 87, 44)
(637/2, 86, 43)
(319, 84, 42)
(639/2, 82, 41)
(320, 81, 40)
(641/2, 79, 39)
(321, 78, 38)
(643/2, 75, 37)
(322, 74, 36)
(645/2, 72, 35)
(323, 70, 34)
(647/2, 69, 33)
(324, 67, 32)
(651/2, 70, 34)
(326, 74, 36)
(653/2, 79, 39)
(327, 82, 41)
(329, 81, 40)
(659/2, 79, 39)
(330, 82, 41)
(332, 81, 40)
(665/2, 79, 39)
(333, 82, 41)
(335, 81, 40)
(671/2, 79, 39)
(336, 82, 41)
(338, 81, 40)
(677/2, 79, 39)
(339, 86, 43)
(687/2, 79, 39)
(689/2, 81, 40)
(345, 82, 41)
(693/2, 81, 40)
(348, 79, 39)
(699/2, 62, 29)
(350, 67, 32)
(701/2, 69, 33)
(351, 70, 34)
(353, 69, 33)
(707/2, 67, 32)
(354, 70, 34)
(356, 69, 33)
(713/2, 67, 32)
(357, 70, 34)
(359, 69, 33)
(719/2, 67, 32)
(360, 70, 34)
(362, 69, 33)
(725/2, 67, 32)
(363, 74, 36)
(363, 86, 43)
(735/2, 86, 43)
(369, 86, 43)
(747/2, 86, 43)
(375, 86, 43)
(759/2, 62, 29)
(381, 62, 29)
(765/2, 62, 29)
(384, 62, 29)
(771/2, 63, 30)
(387, 65, 31)
(777/2, 70, 34)
(390, 69, 33)
(783/2, 67, 32)
(393, 65, 31)
(795/2, 65, 31)
(399, 67, 32)
(801/2, 74, 36)
(803/2, 72, 35)
(402, 70, 34)
(405, 69, 33)
(813/2, 65, 31)
(408, 63, 30)
(819/2, 65, 31)
(411, 67, 32)
(825/2, 72, 35)
(414, 70, 34)
(831/2, 69, 33)
(417, 67, 32)
(420, 67, 32)
(843/2, 69, 33)
(423, 70, 34)
(849/2, 75, 37)
(426, 74, 36)
(855/2, 72, 35)
(429, 70, 34)
(861/2, 75, 37)
(432, 74, 36)
(867/2, 72, 35)
(435, 70, 34)
(873/2, 75, 37)
(438, 84, 42)
(885/2, 75, 37)
(444, 84, 42)
(897/2, 75, 37)
(450, 84, 42)
(909/2, 74, 36)
(911/2, 74, 36)
(456, 82, 41)
(458, 81, 40)
(917/2, 79, 39)
(459, 78, 38)
(923/2, 78, 38)
(462, 79, 39)
(463, 79, 39)
(927/2, 81, 40)
(929/2, 82, 41)
(465, 86, 43)
(937/2, 84, 42)
(469, 79, 39)
(939/2, 75, 37)
(470, 72, 35)
(941/2, 67, 32)
(471, 63, 30)
(943/2, 67, 32)
(472, 72, 35)
(945/2, 84, 42)
(947/2, 84, 42)
(474, 84, 42)
(949/2, 82, 41)
(475, 79, 39)
(951/2, 74, 36)
(476, 70, 34)
(953/2, 67, 32)
(477, 55, 25)
(955/2, 62, 29)
(478, 70, 34)
(957/2, 82, 41)
(959/2, 82, 41)
(480, 82, 41)
(961/2, 81, 40)
(481, 79, 39)
(963/2, 78, 38)
(482, 81, 40)
(965/2, 84, 42)
(483, 87, 44)
(967/2, 86, 43)
(484, 84, 42)
(969/2, 82, 41)
(485, 81, 40)
(971/2, 79, 39)
(486, 78, 38)
(973/2, 81, 40)
(487, 79, 39)
(975/2, 78, 38)
(488, 81, 40)
(977/2, 84, 42)
(489, 87, 44)
(979/2, 86, 43)
(490, 84, 42)
(981/2, 82, 41)
(491, 81, 40)
(983/2, 79, 39)
(492, 78, 38)
(985/2, 79, 39)
(493, 81, 40)
(987/2, 72, 35)
(494, 74, 36)
(989/2, 75, 37)
(495, 66, 31)
(991/2, 67, 32)
(496, 69, 33)
(993/2, 57, 26)
(497, 58, 27)
(995/2, 60, 28)
(498, 60, 28)
(997/2, 62, 29)
(499, 63, 30)
(999/2, 57, 26)
(500, 58, 27)
(1001/2, 60, 28)
(501, 60, 28)
(1003/2, 62, 29)
(502, 63, 30)
(1005/2, 57, 26)
(503, 58, 27)
(1007/2, 60, 28)
(504, 57, 26)
(1009/2, 58, 27)
(505, 60, 28)
(1011/2, 57, 26)
(506, 58, 27)
(1013/2, 60, 28)
(507, 57, 26)
(1015/2, 58, 27)
(508, 60, 28)
(1017/2, 62, 29)
(509, 64, 30)
(1019/2, 66, 31)
(510, 67, 32)
(1021/2, 69, 33)
(511, 70, 34)
(1023/2, 72, 35)
(512, 70, 34)
(1025/2, 69, 33)
(513, 70, 34)
(1027/2, 72, 35)
(514, 74, 36)
(1029/2, 75, 37)
(515, 74, 36)
(1031/2, 72, 35)
(516, 74, 36)
(1033/2, 78, 38)
(517, 79, 39)
(1035/2, 81, 40)
(518, 79, 39)
(1037/2, 78, 38)
(519, 79, 39)
(1039/2, 81, 40)
(520, 82, 41)
(1041/2, 84, 42)
(521, 82, 41)
(1043/2, 81, 40)
(522, 82, 41)
(1045/2, 84, 42)
(523, 86, 43)
(1047/2, 87, 44)
(524, 86, 43)
(1049/2, 84, 42)
(525, 86, 43)
(1053/2, 91, 46)
(534, 91, 46)
(537, 86, 43)
(540, 82, 41)
(543, 79, 39)
(546, 74, 36)
(1099/2, 72, 35)
(550, 70, 34)
(1101/2, 69, 33)
(551, 70, 34)
(1103/2, 72, 35)
(552, 70, 34)
(1105/2, 69, 33)
(553, 67, 32)
(1107/2, 66, 31)
(554, 67, 32)
(1109/2, 69, 33)
(555, 67, 32)
(1111/2, 65, 31)
(556, 63, 30)
(1113/2, 62, 29)
(557, 63, 30)
(1115/2, 65, 31)
(558, 63, 30)
(1117/2, 65, 31)
(559, 67, 32)
(1119/2, 60, 28)
(560, 62, 29)
(1121/2, 63, 30)
(561, 62, 29)
(1123/2, 63, 30)
(562, 65, 31)
(1125/2, 63, 30)
(563, 65, 31)
(1127/2, 67, 32)
(564, 66, 31)
(1129/2, 67, 32)
(565, 69, 33)
(1131/2, 67, 32)
(566, 69, 33)
(1133/2, 70, 34)
(567, 69, 33)
(1135/2, 70, 34)
(568, 72, 35)
(1137/2, 70, 34)
(569, 72, 35)
(1139/2, 74, 36)
(570, 72, 35)
(1141/2, 74, 36)
(571, 75, 37)
(1143/2, 70, 34)
(572, 72, 35)
(1145/2, 75, 37)
(573, 69, 33)
(1147/2, 72, 35)
(574, 75, 37)
(1149/2, 70, 34)
(575, 72, 35)
(1151/2, 75, 37)
(576, 69, 33)
(1153/2, 72, 35)
(577, 75, 37)
(1155/2, 78, 38)
(578, 75, 37)
(1157/2, 72, 35)
(579, 69, 33)
(1159/2, 72, 35)
(580, 75, 37)
(1161/2, 74, 36)
(581, 72, 35)
(1163/2, 70, 34)
(582, 69, 33)
(1165/2, 67, 32)
(583, 66, 31)
(1167/2, 63, 30)
(584, 62, 29)
(1169/2, 60, 28)
(585, 58, 27)
(1171/2, 55, 25)
(586, 57, 26)
(1173/2, 58, 27)
(587, 57, 26)
(1175/2, 55, 25)
(588, 55, 25)
(588, 63, 30)
(588, 75, 37)
(591, 62, 29)
(591, 69, 33)
(591, 78, 38)
(594, 62, 29)
(594, 74, 36)
(594, 86, 43)
(595, 84, 42)
(1191/2, 82, 41)
(596, 81, 40)
(1193/2, 79, 39)
(597, 78, 38)
(1195/2, 75, 37)
(598, 74, 36)
(1197/2, 72, 35)
(599, 70, 34)
(1199/2, 69, 33)
(600, 67, 32)
(1201/2, 74, 36)
(601, 72, 35)
(1203/2, 70, 34)
(602, 69, 33)
(1205/2, 67, 32)
(603, 66, 31)
(1207/2, 63, 30)
(604, 62, 29)
(1209/2, 60, 28)
(605, 58, 27)
(1211/2, 57, 26)
(606, 55, 25)
(1213/2, 58, 27)
(607, 62, 29)
(1215/2, 60, 28)
(608, 58, 27)
(1217/2, 57, 26)
(609, 55, 25)
(1219/2, 58, 27)
(610, 62, 29)
(1221/2, 60, 28)
(611, 58, 27)
(1223/2, 57, 26)
(612, 55, 25)
(615, 55, 25)
(615, 62, 29)
(615, 70, 34)
(615, 79, 39)
(618, 55, 25)
(618, 67, 32)
(630, 60, 28)
(686, 68, 33)
(688, 67, 32)
(1377/2, 65, 31)
(689, 68, 33)
(691, 67, 32)
(1383/2, 65, 31)
(692, 75, 37)
(1387/2, 74, 36)
(1389/2, 72, 35)
(695, 72, 35)
(698, 68, 33)
(700, 67, 32)
(1401/2, 65, 31)
(701, 68, 33)
(703, 67, 32)
(1407/2, 65, 31)
(704, 75, 37)
(1411/2, 74, 36)
(1413/2, 72, 35)
(707, 72, 35)
(710, 78, 39)
(711, 75, 37)
(1423/2, 74, 36)
(1425/2, 72, 35)
(713, 72, 35)
(716, 75, 37)
(1435/2, 74, 36)
(1437/2, 72, 35)
(719, 72, 35)
(1441/2, 72, 35)
(722, 91, 46)
(734, 67, 32)
(1473/2, 67, 32)
(737, 75, 37)
(739, 74, 36)
(1479/2, 72, 35)
(740, 71, 34)
(1485/2, 71, 34)
(743, 72, 35)
(744, 72, 35)
(1489/2, 74, 36)
(1491/2, 75, 37)
(746, 79, 39)
(1497/2, 77, 38)
(749, 75, 37)
(750, 74, 36)
(1501/2, 72, 35)
(1503/2, 74, 36)
(752, 77, 38)
(1509/2, 75, 37)
(755, 74, 36)
(756, 72, 35)
(1513/2, 71, 34)
(1515/2, 72, 35)
(758, 75, 37)
(1519/2, 74, 36)
(760, 67, 32)
(1521/2, 67, 32)
(761, 75, 37)
(763, 74, 36)
(1527/2, 72, 35)
(764, 71, 34)
(1533/2, 71, 34)
(767, 72, 35)
(768, 72, 35)
(1537/2, 74, 36)
(1539/2, 75, 37)
(770, 79, 39)
(1545/2, 77, 38)
(773, 75, 37)
(774, 74, 36)
(1549/2, 82, 41)
(1551/2, 74, 36)
(776, 77, 38)
(777, 75, 37)
(1555/2, 67, 32)
(1557/2, 72, 35)
(779, 70, 34)
(1563/2, 68, 33)
(782, 67, 32)
(1567/2, 55, 25)
(784, 58, 27)
(1569/2, 63, 30)
(785, 67, 32)
(787, 65, 31)
(1575/2, 63, 30)
(788, 62, 29)
(1579/2, 60, 28)
(790, 60, 28)
(1581/2, 65, 31)
(791, 68, 33)
(793, 67, 32)
(1587/2, 65, 31)
(794, 65, 31)
(1591/2, 63, 30)
(796, 67, 32)
(1593/2, 72, 35)
(797, 75, 37)
(799, 74, 36)
(1599/2, 72, 35)
(800, 72, 35)
(1603/2, 70, 34)
(802, 70, 34)
(1605/2, 70, 34)
(803, 75, 37)
(805, 73, 36)
(1611/2, 71, 35)
(806, 71, 35)
(1615/2, 70, 34)
(808, 70, 34)
(1617/2, 70, 34)
(809, 69, 33)
(811, 70, 34)
(1623/2, 72, 35)
(812, 70, 34)
(1625/2, 69, 33)
(813, 70, 34)
(1627/2, 72, 35)
(814, 70, 34)
(1629/2, 72, 35)
(815, 74, 36)
(1631/2, 72, 35)
(816, 74, 36)
(1633/2, 75, 37)
(817, 74, 36)
(1635/2, 75, 37)
(818, 76, 37)
(1637/2, 74, 36)
(819, 76, 37)
(1639/2, 77, 38)
(820, 76, 37)
(1641/2, 77, 38)
(821, 79, 39)
(1643/2, 77, 38)
(822, 79, 39)
(1645/2, 80, 40)
(823, 79, 39)
(1647/2, 80, 40)
(824, 83, 41)
(1657/2, 83, 41)
(1663/2, 84, 42)
(833, 85, 43)
(1675/2, 85, 43)
(839, 85, 43)
(1681/2, 85, 43)
(842, 85, 43)
(845, 84, 42)
(848, 90, 45)
(860, 91, 46)
(863, 89, 45)
(866, 87, 44)
(869, 85, 43)
(872, 84, 42)
(1771/2, 75, 37)
(1773/2, 74, 36)
(887, 74, 36)
(1783/2, 65, 31)
(1785/2, 64, 30)
(893, 64, 30)
(1795/2, 67, 32)
(1797/2, 65, 31)
(1801/2, 67, 32)
(1803/2, 66, 31)
(902, 67, 32)
(1805/2, 71, 34)
(903, 74, 36)
(1807/2, 77, 38)
(904, 75, 37)
(1809/2, 74, 36)
(905, 72, 35)
(1811/2, 71, 34)
(906, 68, 33)
(1813/2, 67, 32)
(907, 68, 33)
(1815/2, 65, 31)
(908, 63, 30)
(1819/2, 63, 30)
(910, 65, 31)
(1821/2, 66, 31)
(911, 67, 32)
(1825/2, 75, 37)
(913, 74, 36)
(1827/2, 72, 35)
(914, 71, 34)
(1831/2, 74, 36)
(916, 65, 31)
(1833/2, 67, 32)
(917, 68, 33)
(1837/2, 68, 33)
(919, 67, 32)
(1839/2, 65, 31)
(920, 63, 30)
(1843/2, 63, 30)
(922, 65, 31)
(1845/2, 66, 31)
(923, 67, 32)
(1849/2, 75, 37)
(925, 74, 36)
(1851/2, 72, 35)
(926, 71, 34)
(1855/2, 74, 36)
(928, 65, 31)
(1857/2, 67, 32)
(929, 68, 33)
(1861/2, 68, 33)
(931, 67, 32)
(1863/2, 65, 31)
(932, 63, 30)
(1867/2, 72, 35)
(935, 72, 35)
(1873/2, 72, 35)
(938, 72, 35)
(1879/2, 77, 38)
(940, 79, 39)
(1881/2, 77, 38)
(941, 76, 37)
(1885/2, 73, 36)
(943, 75, 37)
(1887/2, 73, 36)
(944, 72, 35)
(1891/2, 72, 35)
(947, 72, 35)
(1897/2, 72, 35)
(950, 72, 35)
(1903/2, 76, 37)
(952, 74, 36)
(1905/2, 76, 37)
(953, 77, 38)
(1907/2, 76, 37)
(954, 77, 38)
(1909/2, 79, 39)
(955, 77, 38)
(1911/2, 79, 39)
(956, 80, 40)
(1915/2, 79, 39)
(959, 77, 38)
(962, 72, 35)
(962, 80, 40)
(1927/2, 72, 35)
(1927/2, 79, 39)
(965, 72, 35)
(965, 77, 38)
(968, 69, 33)
(968, 84, 42)
(1939/2, 69, 33)
(1939/2, 81, 40)
(971, 69, 33)
(971, 78, 38)
(974, 69, 33)
(974, 84, 42)
(1951/2, 69, 33)
(1951/2, 81, 40)
(977, 69, 33)
(977, 78, 38)
(980, 80, 40)
(1961/2, 77, 38)
(981, 79, 39)
(1963/2, 80, 40)
(983, 80, 40)
(1967/2, 77, 38)
(984, 79, 39)
(1969/2, 80, 40)
(986, 80, 40)
(1973/2, 77, 38)
(987, 79, 39)
(1975/2, 80, 40)
(988, 77, 38)
(1977/2, 79, 39)
(989, 80, 40)
(1979/2, 77, 38)
(990, 79, 39)
(1981/2, 80, 40)
(991, 77, 38)
(1983/2, 79, 39)
(992, 80, 40)
(1985/2, 79, 39)
(993, 77, 38)
(1987/2, 75, 37)
(994, 74, 36)
(1989/2, 72, 35)
(995, 71, 34)
(1991/2, 68, 33)
(996, 67, 32)
(1993/2, 65, 31)
(997, 63, 30)
(1995/2, 62, 29)
(998, 60, 28)
(1999/2, 63, 30)
(1000, 67, 32)
(2001/2, 72, 35)
(1001, 75, 37)
(1003, 74, 36)
(2007/2, 72, 35)
(1004, 75, 37)
(1006, 74, 36)
(2013/2, 72, 35)
(1007, 75, 37)
(1009, 74, 36)
(2019/2, 72, 35)
(1010, 75, 37)
(1012, 74, 36)
(2025/2, 72, 35)
(1013, 79, 39)
(2035/2, 72, 35)
(2037/2, 74, 36)
(1019, 75, 37)
(2041/2, 74, 36)
(1022, 72, 35)
(1025, 63, 30)
(2053/2, 67, 32)
(1028, 72, 35)
(2059/2, 75, 37)
(1031, 79, 39)
(2065/2, 84, 42)
(1034, 87, 44)
(2071/2, 84, 42)
(1037, 91, 46)
(2083/2, 91, 46)
(1043, 91, 46)
(2095/2, 79, 39)
(1049, 79, 39)
(2107/2, 67, 32)
(1055, 67, 32)
(2113/2, 67, 32)
(1058, 64, 30)
(2119/2, 65, 31)
(1061, 67, 32)
(2125/2, 72, 35)
(1064, 68, 33)
(2131/2, 67, 32)
(1067, 65, 31)
(2143/2, 65, 31)
(1073, 67, 32)
(2149/2, 72, 35)
(1076, 68, 33)
(2155/2, 67, 32)
(1079, 65, 31)
(1082, 67, 32)
(2167/2, 68, 33)
(1085, 70, 34)
(2173/2, 75, 37)
(1088, 72, 35)
(2179/2, 70, 34)
(1091, 68, 33)
(1094, 68, 33)
(2191/2, 70, 34)
(1097, 72, 35)
(2197/2, 77, 38)
(1100, 75, 37)
(2203/2, 74, 36)
(1103, 72, 35)
(2209/2, 77, 38)
(1106, 75, 37)
(2215/2, 74, 36)
(1109, 72, 35)
(2221/2, 80, 40)
(2223/2, 79, 39)
(1112, 79, 39)
(2233/2, 80, 40)
(2235/2, 79, 39)
(1118, 79, 39)
(1124, 79, 39)
(2257/2, 80, 40)
(2259/2, 79, 39)
(1130, 79, 39)
(1133, 72, 35)
(1136, 84, 42)
(2275/2, 82, 41)
(1139, 80, 40)
(2281/2, 79, 39)
(1142, 82, 41)
(2287/2, 80, 40)
(1145, 79, 39)
(2293/2, 77, 38)
(1148, 75, 37)
(1151, 74, 36)
(2307/2, 72, 35)
(1154, 71, 34)
(2313/2, 71, 34)
(1157, 72, 35)
(1158, 72, 35)
(2317/2, 74, 36)
(2319/2, 75, 37)
(1160, 79, 39)
(1167, 77, 38)
(2335/2, 72, 35)
(2337/2, 68, 33)
(1169, 65, 31)
(1170, 68, 33)
(2341/2, 72, 35)
(2343/2, 77, 38)
(1172, 77, 38)
(1173, 75, 37)
(2347/2, 72, 35)
(1174, 67, 32)
(2349/2, 63, 30)
(1175, 55, 25)
(1176, 63, 30)
(2353/2, 75, 37)
(2355/2, 75, 37)
(1178, 75, 37)
(2357/2, 74, 36)
(1179, 72, 35)
(2359/2, 71, 34)
(1180, 74, 36)
(2361/2, 77, 38)
(1181, 80, 40)
(2363/2, 79, 39)
(1182, 77, 38)
(2365/2, 75, 37)
(1183, 74, 36)
(2367/2, 72, 35)
(1184, 71, 34)
(2369/2, 74, 36)
(1185, 72, 35)
(2371/2, 71, 34)
(1186, 74, 36)
(2373/2, 77, 38)
(1187, 80, 40)
(2375/2, 79, 39)
(1188, 77, 38)
(2377/2, 75, 37)
(1189, 74, 36)
(2379/2, 72, 35)
(1190, 71, 34)
(2381/2, 72, 35)
(1191, 74, 36)
(2383/2, 62, 29)
(1192, 63, 30)
(2385/2, 65, 31)
(1193, 65, 31)
(2387/2, 67, 32)
(1194, 68, 33)
(2389/2, 59, 27)
(1195, 60, 28)
(2391/2, 62, 29)
(1196, 62, 29)
(2393/2, 63, 30)
(1197, 65, 31)
(2395/2, 56, 26)
(1198, 58, 27)
(2397/2, 56, 26)
(1199, 55, 25)
(2399/2, 56, 26)
(1200, 55, 25)
(2401/2, 60, 28)
(1201, 62, 29)
(2403/2, 60, 28)
(1202, 59, 27)
(2405/2, 60, 28)
(1203, 59, 27)
(2407/2, 63, 30)
(1204, 65, 31)
(2409/2, 63, 30)
(1205, 62, 29)
(2411/2, 65, 31)
(1206, 68, 33)
(2413/2, 63, 30)
(1207, 65, 31)
(2415/2, 63, 30)
(1208, 62, 29)
(2417/2, 65, 31)
(1209, 68, 33)
(2419/2, 63, 30)
(1210, 65, 31)
(2421/2, 63, 30)
(1211, 62, 29)
(2423/2, 65, 31)
(1212, 68, 33)
(2425/2, 72, 35)
(1213, 74, 36)
(2427/2, 72, 35)
(1214, 71, 34)
(2429/2, 74, 36)
(1215, 77, 38)
(2431/2, 80, 40)
(1216, 82, 41)
(2433/2, 80, 40)
(1217, 79, 39)
(2435/2, 77, 38)
(1218, 75, 37)
(2437/2, 74, 36)
(1219, 75, 37)
(2439/2, 72, 35)
(1220, 71, 34)
(9763/8, 72, 35)
(4883/4, 74, 36)
(9769/8, 75, 37)
(2443/2, 77, 38)
(9775/8, 75, 37)
(4889/4, 74, 36)
(9781/8, 72, 35)
(1223, 71, 34)
(9787/8, 72, 35)
(4895/4, 74, 36)
(9793/8, 75, 37)
(2449/2, 77, 38)
(9799/8, 79, 39)
(4901/4, 81, 40)
(9805/8, 83, 41)
(1226, 84, 42)
(1229, 79, 39)
(1232, 75, 37)
(1235, 72, 35)
(1238, 67, 32)
(2483/2, 65, 31)
(1242, 63, 30)
(2485/2, 62, 29)
(1243, 63, 30)
(2487/2, 65, 31)
(1244, 63, 30)
(1250, 87, 44)
(2501/2, 86, 43)
(1251, 84, 42)
(2503/2, 83, 41)
(1252, 84, 42)
(2505/2, 86, 43)
(1253, 84, 42)
(2507/2, 82, 41)
(1254, 80, 40)
(2509/2, 79, 39)
(1255, 80, 40)
(2511/2, 82, 41)
(1256, 80, 40)
(2513/2, 79, 39)
(1257, 77, 38)
(2515/2, 76, 37)
(1258, 77, 38)
(2517/2, 79, 39)
(1259, 77, 38)
(2519/2, 75, 37)
(1260, 74, 36)
(2521/2, 72, 35)
(1261, 74, 36)
(2523/2, 75, 37)
(1262, 74, 36)
(2525/2, 77, 38)
(1263, 80, 40)
(2527/2, 79, 39)
(1264, 77, 38)
(2529/2, 75, 37)
(1265, 74, 36)
(2531/2, 72, 35)
(1266, 71, 34)
(2533/2, 68, 33)
(1267, 67, 32)
(2535/2, 65, 31)
(1268, 63, 30)
(2537/2, 67, 32)
(1269, 65, 31)
(2539/2, 63, 30)
(1270, 62, 29)
(2541/2, 60, 28)
(1271, 59, 27)
(2543/2, 55, 25)
(1272, 57, 26)
(2545/2, 59, 27)
(1273, 60, 28)
(2547/2, 62, 29)
(1274, 63, 30)
(2549/2, 67, 32)
(1275, 65, 31)
(2551/2, 63, 30)
(1276, 62, 29)
(2553/2, 60, 28)
(1277, 59, 27)
(2555/2, 55, 25)
(1278, 57, 26)
(2557/2, 59, 27)
(1279, 60, 28)
(2559/2, 62, 29)
(1280, 63, 30)
(2561/2, 60, 28)
(1281, 62, 29)
(2563/2, 63, 30)
(1282, 65, 31)
(2565/2, 67, 32)
(1283, 68, 33)
(2567/2, 65, 31)
(1284, 67, 32)
(2569/2, 68, 33)
(1285, 70, 34)
(2571/2, 72, 35)
(1286, 74, 36)
(2573/2, 70, 34)
(1287, 72, 35)
(2575/2, 74, 36)
(1288, 75, 37)
(2577/2, 77, 38)
(1289, 79, 39)
(2579/2, 77, 38)
(1290, 75, 37)
(2581/2, 74, 36)
(1291, 75, 37)
(2583/2, 77, 38)
(1292, 75, 37)
(2585/2, 77, 38)
(1293, 79, 39)
(2587/2, 71, 34)
(1294, 72, 35)
(2589/2, 74, 36)
(1295, 72, 35)
(2591/2, 74, 36)
(1296, 75, 37)
(2593/2, 67, 32)
(1297, 68, 33)
(2595/2, 70, 34)
(1298, 68, 33)
(2599/2, 74, 36)
(1301, 72, 35)
(2605/2, 71, 34)
(1304, 84, 42)
(2611/2, 84, 42)
(1316, 55, 25)
(1316, 62, 29)
(1316, 71, 34)
(1316, 79, 39)
(2635/2, 79, 39)
(2635/2, 55, 25)
(2635/2, 62, 29)
(2635/2, 71, 34)
(2639/2, 77, 38)
(1320, 75, 37)
(2641/2, 74, 36)
(1321, 75, 37)
(2643/2, 77, 38)
(1322, 75, 37)
(2645/2, 74, 36)
(1323, 72, 35)
(2647/2, 71, 34)
(1324, 72, 35)
(2649/2, 74, 36)
(1325, 72, 35)
(2651/2, 70, 34)
(1326, 68, 33)
(2653/2, 67, 32)
(1327, 68, 33)
(2655/2, 70, 34)
(1328, 68, 33)
(2657/2, 67, 32)
(1329, 65, 31)
(2659/2, 72, 35)
(1330, 70, 34)
(2661/2, 68, 33)
(1331, 67, 32)
(2663/2, 65, 31)
(1332, 63, 30)
(2665/2, 62, 29)
(10663/8, 60, 28)
(5333/4, 58, 27)
(10669/8, 56, 26)
(1334, 55, 25)
(1337, 55, 25)
(1337, 62, 29)
(1337, 71, 34)
(1340, 84, 42)
(1342, 84, 42)
(2687/2, 84, 42)
(1344, 87, 44)
(1348, 84, 42)
(1350, 84, 42)
(2703/2, 84, 42)
(1352, 87, 44)
(1356, 72, 35)
(1358, 72, 35)
(2719/2, 72, 35)
(1360, 65, 31)
(1360, 72, 35)
(1360, 80, 40)
(1362, 79, 39)
(2727/2, 77, 38)
(1364, 82, 41)
(1369, 70, 34)
(1370, 72, 35)
(1371, 74, 36)
(1372, 63, 30)
(1372, 75, 37)
(1374, 63, 30)
(1374, 75, 37)
(2751/2, 75, 37)
(1376, 79, 39)
(1380, 63, 30)
(1380, 75, 37)
(1382, 63, 30)
(1382, 75, 37)
(2767/2, 75, 37)
(1384, 79, 39)
(1388, 87, 44)
(1390, 84, 42)
(2783/2, 80, 40)
(1392, 79, 39)
(1394, 77, 38)
(1396, 63, 30)
(1396, 75, 37)
(1398, 72, 35)
(2799/2, 68, 33)
(1400, 67, 32)
(1402, 65, 31)
(1405, 70, 34)
(1406, 79, 39)
(1407, 74, 36)
(1408, 77, 38)
(1409, 75, 37)
(1410, 70, 34)
(1411, 67, 32)
(1412, 64, 30)
(1413, 65, 31)
(1414, 64, 30)
(1415, 65, 31)
(1416, 68, 33)
(1416, 67, 32)
(1417, 65, 31)
(1418, 72, 35)
(1419, 70, 34)
(1420, 70, 34)
(1421, 70, 34)
(1422, 79, 39)
(1423, 74, 36)
(1424, 77, 38)
(1425, 75, 37)
(1426, 70, 34)
(1427, 67, 32)
(1428, 64, 30)
(1429, 65, 31)
(1430, 64, 30)
(1431, 65, 31)
(1432, 64, 30)
(1433, 65, 31)
(1434, 68, 33)
(1435, 72, 35)
(1436, 77, 38)
(1438, 72, 35)
(2879/2, 73, 36)
(1440, 72, 35)
(1440, 73, 36)
(1440, 75, 37)
(1440, 73, 36)
(1442, 72, 35)
(1444, 80, 40)
(1446, 79, 39)
(1447, 77, 38)
(1448, 72, 35)
(1452, 80, 40)
(1454, 79, 39)
(2911/2, 77, 38)
(1456, 84, 42)
(1515, 82, 41)
(1516, 87, 44)
(1518, 86, 43)
(1519, 87, 44)
(1520, 86, 43)
(1521, 84, 42)
(1522, 82, 41)
(1523, 84, 42)
(1524, 82, 41)
(1527, 80, 40)
(1528, 79, 39)
(1530, 77, 38)
(1532, 75, 37)
(1534, 74, 36)
(1535, 75, 37)
(1536, 74, 36)
(1537, 72, 35)
(1538, 70, 34)
(1539, 72, 35)
(1540, 70, 34)
(1543, 68, 33)
(1544, 67, 32)
(1545, 67, 32)
(1546, 68, 33)
(1547, 62, 29)
(1548, 63, 30)
(1549, 70, 34)
(1550, 73, 36)
(1551, 64, 30)
(1552, 65, 31)
(1553, 75, 37)
(1554, 74, 36)
(1555, 72, 35)
(1556, 72, 35)
(1557, 70, 34)
(1559, 68, 33)
(1560, 67, 32)
(1561, 79, 39)
(1562, 80, 40)
(1563, 74, 36)
(1564, 75, 37)
(1565, 82, 41)
(1566, 85, 43)
(1567, 76, 37)
(1568, 77, 38)
(1569, 87, 44)
(1570, 86, 43)
(1571, 84, 42)
(1572, 84, 42)
(1573, 82, 41)
(1574, 91, 46)
(1589, 86, 43)
(1590, 87, 44)
(1591, 83, 41)
(1592, 83, 41)
(1592, 86, 43)
(1593, 84, 42)
(1594, 80, 40)
(1595, 77, 38)
(1596, 75, 37)
(1597, 79, 39)
(1598, 82, 41)
(1601, 77, 38)
(1602, 80, 40)
(3207/2, 79, 39)
(1604, 75, 37)
(1607, 82, 41)
(1608, 87, 44)
(1610, 85, 43)
(1611, 87, 44)
(1612, 85, 43)
(1613, 84, 42)
(1615, 77, 38)
(1616, 82, 41)
(1618, 80, 40)
(1619, 82, 41)
(1620, 80, 40)
(1621, 79, 39)
(1623, 70, 34)
(1624, 75, 37)
(1626, 73, 36)
(1627, 75, 37)
(1628, 73, 36)
(1629, 72, 35)
(1631, 65, 31)
(1632, 70, 34)
(1634, 68, 33)
(1635, 70, 34)
(1636, 68, 33)
(1637, 67, 32)
(1638, 82, 41)
(1642, 82, 41)
(1646, 82, 41)
(1650, 80, 40)
(1651, 82, 41)
(1652, 80, 40)
(3305/2, 79, 39)
(1653, 82, 41)
(3307/2, 79, 39)
(1654, 77, 38)
(3309/2, 75, 37)
(1655, 79, 39)
(3311/2, 75, 37)
(1656, 72, 35)
(3313/2, 70, 34)
(1657, 75, 37)
(3315/2, 70, 34)
(1658, 68, 33)
(3317/2, 67, 32)
(1659, 70, 34)
(3319/2, 67, 32)
(1660, 65, 31)
(3321/2, 63, 30)
(1661, 67, 32)
(3323/2, 63, 30)
(1662, 60, 28)
(3325/2, 58, 27)
(1663, 63, 30)
(3327/2, 58, 27)
(1664, 55, 25)
(3329/2, 58, 27)
(1665, 63, 30)
(3331/2, 67, 32)
(1666, 70, 34)
(3333/2, 67, 32)
(1667, 63, 30)
(3335/2, 58, 27)
(1668, 55, 25)
(1672, 58, 27)
(1676, 63, 30)
(10000, 55, 25)
(10000, 67, 32)
(10000, 71, 34)
(10000, 79, 39)
(20003/2, 50, 22)
(20003/2, 55, 25)
(20003/2, 67, 32)
(20003/2, 71, 34)
(20003/2, 79, 39)
(20007/2, 77, 38)
(10004, 75, 37)
(20009/2, 74, 36)
(10005, 75, 37)
(20011/2, 77, 38)
(10006, 75, 37)
(20013/2, 74, 36)
(10007, 72, 35)
(20015/2, 71, 34)
(10008, 72, 35)
(20017/2, 74, 36)
(10009, 72, 35)
(20019/2, 62, 29)
(10010, 63, 30)
(20021/2, 65, 31)
(10011, 63, 30)
(20023/2, 62, 29)
(10012, 67, 32)
(20025/2, 65, 31)
(10013, 63, 30)
(20027/2, 62, 29)
(10014, 63, 30)
(20029/2, 65, 31)
(10015, 63, 30)
(20031/2, 60, 28)
(10016, 60, 28)
(20033/2, 64, 30)
(10017, 60, 28)
(20035/2, 60, 28)
(10018, 65, 31)
(20037/2, 60, 28)
(10019, 60, 28)
(20039/2, 67, 32)
(10020, 60, 28)
(20041/2, 60, 28)
(10021, 68, 33)
(20043/2, 60, 28)
(10022, 60, 28)
(20045/2, 70, 34)
(10023, 60, 28)
(20047/2, 60, 28)
(10024, 72, 35)
(10027, 60, 28)
(10027, 65, 31)
(10030, 60, 28)
(10030, 65, 31)
(10033, 60, 28)
(10036, 60, 28)
(10036, 63, 30)
(10039, 60, 28)
(10039, 63, 30)
(10042, 60, 28)
(10042, 63, 30)
(10045, 60, 28)
(10045, 63, 30)
(20093/2, 60, 28)
(20093/2, 63, 30)
(10047, 60, 28)
(10047, 63, 30)
(20095/2, 60, 28)
(20095/2, 63, 30)
(10048, 63, 30)
(20097/2, 63, 30)
(10049, 63, 30)
(20099/2, 63, 30)
(10050, 63, 30)
(20101/2, 63, 30)
(10051, 66, 32)
(20103/2, 66, 32)
(10052, 66, 32)
(20105/2, 66, 32)
(10053, 66, 32)
(20107/2, 66, 32)
(10054, 65, 31)
(20109/2, 65, 31)
(10055, 65, 31)
(20111/2, 65, 31)
(10056, 65, 31)
(20113/2, 65, 31)
(10057, 62, 29)
(20115/2, 62, 29)
(10058, 62, 29)
(20117/2, 62, 29)
(10059, 62, 29)
(20119/2, 62, 29)
(10060, 67, 32)
(20123/2, 55, 25)
(20123/2, 67, 32)
(20123/2, 71, 34)
(10063, 55, 25)
(10063, 67, 32)
(10063, 72, 35)
(20129/2, 55, 25)
(20129/2, 64, 30)
(20129/2, 72, 35)
(10066, 56, 26)
(10066, 65, 31)
(10066, 72, 35)
(20135/2, 60, 28)
(20135/2, 67, 32)
(20135/2, 70, 34)
(10069, 60, 28)
(10069, 67, 32)
(10069, 70, 34)
(20141/2, 60, 28)
(20141/2, 68, 33)
(10072, 55, 25)
(10072, 63, 30)
(10072, 72, 35)
(10075, 55, 25)
(10075, 65, 31)
(10075, 71, 34)
(10078, 63, 30)
(20157/2, 55, 25)
(10079, 63, 30)
(20159/2, 63, 30)
(10081, 63, 30)
(20163/2, 55, 25)
(10082, 63, 30)
(20165/2, 63, 30)
(10084, 59, 27)
(20169/2, 55, 25)
(10085, 59, 27)
(20171/2, 59, 27)
(10087, 67, 32)
(20175/2, 55, 25)
(10088, 67, 32)
(20177/2, 65, 31)
(10089, 55, 25)
(20179/2, 63, 30)
(10090, 63, 30)
(20181/2, 60, 28)
(10091, 63, 30)
(20183/2, 63, 30)
(10093, 65, 31)
(20187/2, 62, 29)
(10094, 65, 31)
(20189/2, 65, 31)
(10096, 67, 32)
(20193/2, 63, 30)
(10097, 67, 32)
(20195/2, 67, 32)
(10099, 65, 31)
(20199/2, 62, 29)
(10100, 65, 31)
(20201/2, 65, 31)
(10101, 62, 29)
(20203/2, 65, 31)
(10102, 63, 30)
(20205/2, 55, 25)
(10103, 63, 30)
(20207/2, 65, 31)
(10104, 55, 25)
(20209/2, 65, 31)
(10105, 63, 30)
(20211/2, 55, 25)
(10106, 63, 30)
(20213/2, 63, 30)
(10107, 55, 25)
(20215/2, 63, 30)
(10108, 65, 31)
(20217/2, 55, 25)
(10109, 65, 31)
(20219/2, 65, 31)
(10110, 55, 25)
(20221/2, 65, 31)
(10111, 67, 32)
(20223/2, 55, 25)
(10112, 67, 32)
(20225/2, 65, 31)
(10113, 55, 25)
(20227/2, 63, 30)
(10114, 63, 30)
(20229/2, 60, 28)
(10115, 63, 30)
(20231/2, 63, 30)
(10116, 60, 28)
(20233/2, 63, 30)
(10117, 65, 31)
(20235/2, 62, 29)
(10118, 65, 31)
(20237/2, 65, 31)
(10119, 62, 29)
(20239/2, 65, 31)
(10120, 67, 32)
(20241/2, 63, 30)
(10121, 67, 32)
(20243/2, 67, 32)
(10123, 68, 33)
(20247/2, 65, 31)
(10124, 68, 33)
(20249/2, 62, 29)
(10126, 67, 32)
(10127, 58, 27)
(20255/2, 67, 32)
(20257/2, 58, 27)
(10129, 62, 29)
(10130, 58, 27)
(20261/2, 65, 31)
(20263/2, 58, 27)
(10132, 63, 30)
(10133, 58, 27)
(20267/2, 67, 32)
(20269/2, 58, 27)
(10135, 68, 33)
(10136, 58, 27)
(20273/2, 65, 31)
(20275/2, 58, 27)
(10138, 67, 32)
(10141, 58, 27)
(20291/2, 56, 26)
(10147, 60, 28)
(10152, 63, 30)
(20305/2, 67, 32)
(10153, 72, 35)
(10155, 70, 34)
(20311/2, 68, 33)
(10156, 68, 33)
(20315/2, 67, 32)
(10159, 71, 35)
(10161, 70, 34)
(20323/2, 68, 33)
(10162, 68, 33)
(20327/2, 67, 32)
(10165, 66, 31)
(10167, 66, 31)
(20335/2, 66, 31)
(10168, 67, 32)
(20337/2, 67, 32)
(10169, 67, 32)
(20339/2, 66, 31)
(10171, 65, 31)
(20345/2, 70, 34)
(10174, 67, 32)
(20351/2, 72, 35)
(10177, 72, 35)
(10180, 74, 36)
(20361/2, 72, 35)
(10181, 74, 36)
(20363/2, 75, 37)
(10182, 74, 36)
(20365/2, 75, 37)
(10183, 77, 38)
(20367/2, 75, 37)
(10184, 77, 38)
(20369/2, 79, 39)
(10185, 77, 38)
(20371/2, 79, 39)
(10186, 79, 39)
(20381/2, 79, 39)
(20387/2, 77, 38)
(10195, 75, 37)
(20405/2, 55, 25)
(20405/2, 65, 31)
(20405/2, 71, 34)
(10204, 55, 25)
(10204, 63, 30)
(10204, 72, 35)
(20421/2, 75, 37)
(10211, 77, 38)
(20423/2, 79, 39)
(10212, 77, 38)
(20425/2, 75, 37)
(10213, 74, 36)
(20427/2, 72, 35)
(10214, 71, 34)
(20429/2, 68, 33)
(10215, 67, 32)
(20431/2, 65, 31)
(10216, 63, 30)
(20433/2, 60, 28)
(10217, 62, 29)
(20435/2, 63, 30)
(10218, 62, 29)
(20437/2, 60, 28)
(10219, 65, 31)
(20439/2, 63, 30)
(10220, 62, 29)
(20441/2, 65, 31)
(10221, 63, 30)
(20443/2, 62, 29)
(10222, 60, 28)
(20445/2, 55, 25)
(10223, 56, 26)
(20447/2, 58, 27)
(10224, 55, 25)
(20449/2, 56, 26)
(10225, 58, 27)
(20457/2, 77, 38)
(10229, 79, 39)
(20459/2, 80, 40)
(10230, 79, 39)
(20461/2, 77, 38)
(10231, 76, 37)
(20463/2, 73, 36)
(10232, 72, 35)
(20465/2, 70, 34)
(10233, 68, 33)
(20467/2, 67, 32)
(10234, 65, 31)
(20471/2, 72, 35)
(10236, 70, 34)
(20473/2, 68, 33)
(10237, 67, 32)
(20475/2, 65, 31)
(10238, 64, 30)
(20477/2, 61, 29)
(10239, 60, 28)
(20479/2, 58, 27)
(10240, 56, 26)
(20483/2, 56, 26)
(10242, 58, 27)
(20485/2, 60, 28)
(10243, 62, 29)
(20487/2, 64, 30)
(10244, 65, 31)
(20489/2, 67, 32)
(10245, 68, 33)
(20491/2, 70, 34)
(10246, 72, 35)
(20493/2, 72, 35)
(10247, 71, 34)
(20495/2, 72, 35)
(10248, 74, 36)
(20497/2, 76, 37)
(10249, 77, 38)
(20501/2, 72, 35)
(20505/2, 74, 36)
(10253, 72, 35)
(20507/2, 70, 34)
(10254, 69, 33)
(20509/2, 67, 32)
(10255, 66, 31)
(20511/2, 63, 30)
(10256, 62, 29)
(20513/2, 60, 28)
(10257, 58, 27)
(20515/2, 57, 26)
(10258, 55, 25)
(20519/2, 67, 32)
(10260, 69, 33)
(20521/2, 70, 34)
(10261, 67, 32)
(20525/2, 74, 36)
(10263, 72, 35)
(20527/2, 70, 34)
(10264, 72, 35)
(20531/2, 78, 38)
(10266, 69, 33)
(20533/2, 70, 34)
(10267, 72, 35)
(20537/2, 72, 35)
(10269, 70, 34)
(20539/2, 69, 33)
(10270, 67, 32)
(20543/2, 67, 32)
(10272, 69, 33)
(20545/2, 70, 34)
(10273, 67, 32)
(20549/2, 74, 36)
(10275, 72, 35)
(20551/2, 70, 34)
(10276, 72, 35)
(20555/2, 78, 38)
(10278, 69, 33)
(20557/2, 70, 34)
(10279, 72, 35)
(20561/2, 72, 35)
(10281, 70, 34)
(20563/2, 69, 33)
(10282, 67, 32)
(20567/2, 67, 32)
(10285, 67, 32)
(20573/2, 67, 32)
(10288, 74, 36)
(20577/2, 65, 31)
(10289, 67, 32)
(20579/2, 62, 29)
(10291, 75, 37)
(20583/2, 67, 32)
(10292, 72, 35)
(20585/2, 63, 30)
(10294, 63, 30)
(20591/2, 63, 30)
(10297, 63, 30)
(20595/2, 60, 28)
(10298, 62, 29)
(20597/2, 63, 30)
(10300, 63, 30)
(20603/2, 63, 30)
(10303, 63, 30)
(20607/2, 60, 28)
(10304, 62, 29)
(20609/2, 63, 30)
(10306, 63, 30)
(20615/2, 63, 30)
(10309, 63, 30)
(20619/2, 60, 28)
(10310, 62, 29)
(20621/2, 63, 30)
(10312, 63, 30)
(20625/2, 60, 28)
(10313, 62, 29)
(20627/2, 63, 30)
(10315, 63, 30)
(20631/2, 60, 28)
(10316, 62, 29)
(20633/2, 63, 30)
(10318, 57, 26)
(10318, 66, 31)
(20649/2, 58, 27)
(10325, 62, 29)
(20651/2, 67, 32)
(10326, 62, 29)
(20653/2, 58, 27)
(10327, 55, 25)
(20655/2, 58, 27)
(10328, 62, 29)
(20657/2, 67, 32)
(10329, 62, 29)
(20659/2, 58, 27)
(10330, 55, 25)
(20661/2, 60, 28)
(10331, 63, 30)
(20663/2, 67, 32)
(10332, 63, 30)
(20665/2, 60, 28)
(10333, 55, 25)
(20667/2, 58, 27)
(10334, 62, 29)
(20669/2, 67, 32)
(10335, 62, 29)
(20671/2, 58, 27)
(10336, 61, 28)
(20673/2, 58, 27)
(10337, 57, 26)
(20675/2, 55, 25)
(10338, 57, 26)
(20677/2, 58, 27)
(10339, 57, 26)
(20687/2, 58, 27)
(20689/2, 60, 28)
(10345, 62, 29)
(20693/2, 60, 28)
(10348, 58, 27)
(10363, 57, 26)
(10363, 62, 29)
(10366, 58, 27)
(20741/2, 57, 26)
(10372, 55, 25)
(20753/2, 57, 26)
(10378, 55, 25)
(10384, 58, 27)
(20771/2, 60, 28)
(10387, 62, 29)
(10390, 57, 26)
(20783/2, 58, 27)
(10393, 60, 28)
(20789/2, 57, 26)
(10396, 58, 27)
(20795/2, 62, 29)
(10399, 63, 30)
(20801/2, 67, 32)
(10402, 65, 31)
(10408, 60, 28)
(20819/2, 62, 29)
(10411, 63, 30)
(20825/2, 67, 32)
(20831/2, 66, 31)
(10417, 62, 29)
(10420, 63, 30)
(20843/2, 65, 31)
(10423, 67, 32)
(20849/2, 66, 32)
(10426, 65, 31)
(20855/2, 63, 30)
(10429, 62, 29)
(20861/2, 66, 32)
(10432, 65, 31)
(20867/2, 63, 30)
(10435, 62, 29)
(20873/2, 66, 31)
(10438, 69, 33)
(20885/2, 66, 31)
(10444, 69, 33)
(20897/2, 66, 31)
(10450, 69, 33)
(20907/2, 62, 29)
(10454, 64, 30)
(20909/2, 66, 31)
(10455, 67, 32)
(20911/2, 69, 33)
(10456, 67, 32)
(20913/2, 62, 29)
(10457, 67, 32)
(20915/2, 62, 29)
(10459, 69, 33)
(20919/2, 62, 29)
(10460, 69, 33)
(20921/2, 62, 29)
(10462, 67, 32)
(20925/2, 62, 29)
(10463, 67, 32)
(20927/2, 62, 29)
(20931/2, 59, 27)
(10466, 62, 29)
(20933/2, 62, 29)
(10467, 59, 27)
(20935/2, 62, 29)
(10468, 60, 28)
(20939/2, 63, 30)
(20939/2, 72, 35)
(20939/2, 79, 39)
(20945/2, 63, 30)
(10474, 62, 29)
(20951/2, 62, 29)
(20951/2, 70, 34)
(20951/2, 79, 39)
(20957/2, 62, 29)
(10480, 60, 28)
(20963/2, 69, 33)
(20963/2, 78, 38)
(10486, 60, 28)
(20975/2, 69, 33)
(20975/2, 78, 38)
(21059/2, 70, 34)
(21059/2, 82, 41)
(10531, 69, 33)
(10531, 81, 40)
(21065/2, 69, 33)
(21065/2, 78, 38)
(10534, 55, 25)
(21069/2, 57, 26)
(10535, 58, 27)
(21071/2, 60, 28)
(10536, 58, 27)
(21073/2, 57, 26)
(10537, 58, 27)
(21075/2, 60, 28)
(10538, 62, 29)
(21077/2, 63, 30)
(10539, 62, 29)
(21079/2, 60, 28)
(10540, 62, 29)
(21081/2, 66, 31)
(10541, 67, 32)
(21083/2, 69, 33)
(10542, 67, 32)
(21085/2, 66, 31)
(10543, 67, 32)
(21087/2, 69, 33)
(10544, 70, 34)
(21089/2, 72, 35)
(10545, 70, 34)
(21091/2, 69, 33)
(10546, 70, 34)
(21093/2, 72, 35)
(10547, 74, 36)
(21095/2, 75, 37)
(10548, 74, 36)
(21097/2, 72, 35)
(10549, 74, 36)
(21099/2, 72, 35)
(10550, 70, 34)
(21101/2, 69, 33)
(10551, 70, 34)
(21103/2, 72, 35)
(10552, 70, 34)
(21105/2, 69, 33)
(10553, 67, 32)
(21107/2, 66, 31)
(10554, 67, 32)
(21109/2, 69, 33)
(10555, 67, 32)
(21111/2, 65, 31)
(10556, 63, 30)
(21113/2, 62, 29)
(10557, 63, 30)
(21115/2, 65, 31)
(10558, 63, 30)
(21117/2, 65, 31)
(10559, 67, 32)
(21119/2, 60, 28)
(10560, 62, 29)
(21121/2, 63, 30)
(10561, 62, 29)
(21123/2, 63, 30)
(10562, 65, 31)
(21125/2, 63, 30)
(10563, 65, 31)
(21127/2, 67, 32)
(10564, 66, 31)
(21129/2, 67, 32)
(10565, 69, 33)
(21131/2, 67, 32)
(10566, 69, 33)
(21133/2, 70, 34)
(10567, 69, 33)
(21135/2, 70, 34)
(10568, 72, 35)
(21137/2, 70, 34)
(10569, 72, 35)
(21139/2, 74, 36)
(10570, 72, 35)
(21141/2, 74, 36)
(10571, 75, 37)
(21143/2, 70, 34)
(10572, 72, 35)
(21145/2, 75, 37)
(10573, 69, 33)
(21147/2, 72, 35)
(10574, 75, 37)
(21149/2, 70, 34)
(10575, 72, 35)
(21151/2, 75, 37)
(10576, 69, 33)
(21153/2, 72, 35)
(10577, 75, 37)
(21155/2, 78, 38)
(10578, 75, 37)
(21157/2, 72, 35)
(10579, 69, 33)
(21159/2, 72, 35)
(10580, 75, 37)
(21161/2, 74, 36)
(10581, 72, 35)
(21163/2, 70, 34)
(10582, 69, 33)
(21165/2, 67, 32)
(10583, 66, 31)
(21167/2, 63, 30)
(10584, 62, 29)
(21169/2, 60, 28)
(10585, 58, 27)
(21171/2, 55, 25)
(10586, 57, 26)
(21173/2, 58, 27)
(10587, 57, 26)
(21175/2, 55, 25)
(10588, 55, 25)
(10588, 63, 30)
(10588, 72, 35)
(10591, 62, 29)
(10591, 72, 35)
(10594, 55, 25)
(10594, 62, 29)
(10594, 70, 34)
(10594, 79, 39)
(21201/2, 74, 36)
(10601, 72, 35)
(21203/2, 70, 34)
(10602, 69, 33)
(21205/2, 67, 32)
(10603, 66, 31)
(21207/2, 63, 30)
(10604, 62, 29)
(21209/2, 60, 28)
(10605, 58, 27)
(21211/2, 57, 26)
(10606, 55, 25)
(21213/2, 58, 27)
(10607, 62, 29)
(21215/2, 60, 28)
(10608, 58, 27)
(21217/2, 57, 26)
(10609, 55, 25)
(21219/2, 58, 27)
(10610, 62, 29)
(21221/2, 60, 28)
(10611, 58, 27)
(21223/2, 57, 26)
(10612, 55, 25)
(10615, 62, 29)
(10615, 70, 34)
(10615, 79, 39)
(10618, 55, 25)
(10618, 67, 32)
(10630, 60, 28)
(10638, 68, 33)
(10640, 67, 32)
(10641, 65, 31)
(10642, 60, 28)
(10646, 68, 33)
(10648, 67, 32)
(10649, 65, 31)
(10650, 60, 28)
(10655, 59, 27)
(10656, 60, 28)
(10657, 65, 31)
(10658, 64, 30)
(10660, 65, 31)
(10662, 72, 35)
(10664, 70, 34)
(10665, 68, 33)
(10666, 68, 33)
(10668, 67, 32)
(10670, 68, 33)
(10672, 67, 32)
(10673, 65, 31)
(10674, 60, 28)
(10678, 68, 33)
(10680, 67, 32)
(10681, 65, 31)
(10682, 60, 28)
(10722, 55, 25)
(10722, 62, 29)
(10722, 71, 34)
(10722, 79, 39)
(21447/2, 55, 25)
(21447/2, 62, 29)
(21447/2, 71, 34)
(21447/2, 79, 39)
(10725, 79, 39)
(21451/2, 77, 38)
(10726, 75, 37)
(21453/2, 74, 36)
(10727, 75, 37)
(21455/2, 77, 38)
(10728, 75, 37)
(21457/2, 74, 36)
(10729, 72, 35)
(21459/2, 71, 34)
(10730, 72, 35)
(21461/2, 74, 36)
(10731, 72, 35)
(21463/2, 62, 29)
(10732, 63, 30)
(21465/2, 65, 31)
(10733, 63, 30)
(21467/2, 62, 29)
(10734, 67, 32)
(21469/2, 65, 31)
(10735, 63, 30)
(21471/2, 62, 29)
(10736, 63, 30)
(21473/2, 65, 31)
(10737, 63, 30)
(10739, 55, 25)
(21479/2, 63, 30)
(10740, 65, 31)
(10742, 55, 25)
(21485/2, 65, 31)
(10743, 67, 32)
(10745, 55, 25)
(21491/2, 67, 32)
(10746, 63, 30)
(21493/2, 60, 28)
(10747, 63, 30)
(21495/2, 63, 30)
(10748, 60, 28)
(21497/2, 63, 30)
(10749, 62, 29)
(21499/2, 58, 27)
(10750, 62, 29)
(21501/2, 62, 29)
(10752, 63, 30)
(21505/2, 58, 27)
(10753, 63, 30)
(21507/2, 63, 30)
(10755, 65, 31)
(21511/2, 62, 29)
(10756, 65, 31)
(21513/2, 65, 31)
(10757, 62, 29)
(21515/2, 65, 31)
(10758, 63, 30)
(21517/2, 67, 32)
(10759, 63, 30)
(21519/2, 65, 31)
(10760, 67, 32)
(21521/2, 65, 31)
(10761, 63, 30)
(21523/2, 67, 32)
(10762, 63, 30)
(21525/2, 67, 32)
(10764, 59, 27)
(21529/2, 67, 32)
(10765, 59, 27)
(21531/2, 67, 32)
(10767, 55, 25)
(21535/2, 67, 32)
(10768, 55, 25)
(21537/2, 67, 32)
(10770, 63, 30)
(21541/2, 60, 28)
(10771, 63, 30)
(21543/2, 63, 30)
(10772, 60, 28)
(21545/2, 63, 30)
(10773, 62, 29)
(21547/2, 58, 27)
(10774, 62, 29)
(21549/2, 62, 29)
(10775, 58, 27)
(21551/2, 62, 29)
(10776, 63, 30)
(21553/2, 58, 27)
(10777, 63, 30)
(21555/2, 67, 32)
(10779, 68, 33)
(21559/2, 65, 31)
(10780, 68, 33)
(21561/2, 62, 29)
(10782, 63, 30)
(10785, 58, 27)
(21579/2, 56, 26)
(10791, 60, 28)
(10796, 63, 30)
(21593/2, 67, 32)
(10797, 72, 35)
(10799, 70, 34)
(21599/2, 68, 33)
(10800, 68, 33)
(21603/2, 67, 32)
(10803, 71, 35)
(10805, 70, 34)
(21611/2, 68, 33)
(10806, 68, 33)
(21615/2, 67, 32)
(10809, 66, 31)
(10811, 66, 31)
(21623/2, 66, 31)
(10812, 67, 32)
(21625/2, 67, 32)
(10813, 67, 32)
(21627/2, 66, 32)
(10815, 65, 31)
(21633/2, 70, 34)
(10818, 67, 32)
(21637/2, 65, 31)
(10819, 67, 32)
(21639/2, 68, 33)
(10820, 67, 32)
(21641/2, 68, 33)
(10821, 70, 34)
(21645/2, 68, 33)
(10824, 68, 33)
(21657/2, 68, 33)
(21663/2, 67, 32)
(10833, 79, 39)
(21675/2, 79, 39)
(10839, 79, 39)
(21681/2, 79, 39)
(10842, 79, 39)
(10845, 72, 35)
(10848, 72, 35)
(10850, 75, 37)
(21701/2, 74, 36)
(10851, 72, 35)
(10853, 75, 37)
(21707/2, 74, 36)
(10854, 72, 35)
(21723/2, 72, 35)
(10862, 74, 36)
(21725/2, 75, 37)
(10863, 67, 32)
(21735/2, 63, 30)
(10868, 65, 31)
(21737/2, 67, 32)
(10869, 55, 25)
(21747/2, 68, 33)
(10874, 67, 32)
(21749/2, 65, 31)
(10875, 60, 28)
(21759/2, 68, 33)
(10880, 67, 32)
(21761/2, 65, 31)
(10881, 60, 28)
(21771/2, 68, 33)
(10886, 67, 32)
(21773/2, 65, 31)
(10887, 60, 28)
(21783/2, 70, 34)
(10892, 68, 33)
(21785/2, 67, 32)
(10893, 60, 28)
(21795/2, 63, 30)
(10898, 62, 29)
(21797/2, 60, 28)
(10899, 63, 30)
(21801/2, 60, 28)
(10901, 62, 29)
(21803/2, 63, 30)
(10902, 55, 25)
(10902, 65, 31)
(10908, 60, 28)
(21819/2, 60, 28)
(10910, 62, 29)
(21821/2, 63, 30)
(10911, 60, 28)
(21825/2, 67, 32)
(10913, 65, 31)
(21827/2, 63, 30)
(10914, 65, 31)
(21831/2, 71, 34)
(10916, 62, 29)
(21833/2, 63, 30)
(10917, 65, 31)
(21837/2, 65, 31)
(10919, 63, 30)
(21839/2, 62, 29)
(10920, 60, 28)
(21843/2, 55, 25)
(10923, 55, 25)
(21849/2, 67, 32)
(10925, 65, 31)
(21851/2, 63, 30)
(10926, 62, 29)
(21855/2, 71, 34)
(10928, 62, 29)
(21857/2, 63, 30)
(10929, 65, 31)
(21861/2, 65, 31)
(10931, 63, 30)
(21863/2, 62, 29)
(10932, 60, 28)
(21867/2, 60, 28)
(10935, 60, 28)
(21873/2, 60, 28)
(10938, 60, 28)
(21879/2, 72, 35)
(10940, 73, 36)
(21881/2, 72, 35)
(10941, 70, 34)
(21885/2, 70, 34)
(10943, 72, 35)
(21887/2, 70, 34)
(10944, 68, 33)
(21891/2, 68, 33)
(10946, 70, 34)
(21893/2, 68, 33)
(10947, 67, 32)
(21897/2, 67, 32)
(10950, 65, 31)
(21903/2, 72, 35)
(10953, 72, 35)
(21909/2, 64, 30)
(10956, 65, 31)
(21915/2, 60, 28)
(10959, 60, 28)
(21919/2, 63, 30)
(10960, 62, 29)
(21921/2, 60, 28)
(10962, 60, 28)
(21927/2, 60, 28)
(10965, 60, 28)
(21931/2, 63, 30)
(10966, 62, 29)
(21933/2, 60, 28)
(10968, 60, 28)
(21939/2, 60, 28)
(10971, 63, 30)
(21943/2, 60, 28)
(10972, 62, 29)
(21945/2, 63, 30)
(10974, 60, 28)
(21951/2, 60, 28)
(10977, 63, 30)
(21955/2, 60, 28)
(10978, 62, 29)
(21957/2, 63, 30)
(10980, 77, 38)
(21961/2, 74, 36)
(10981, 75, 37)
(21963/2, 77, 38)
(10983, 77, 38)
(21967/2, 74, 36)
(10984, 75, 37)
(21969/2, 77, 38)
(10986, 77, 38)
(21973/2, 74, 36)
(10987, 75, 37)
(21975/2, 77, 38)
(10988, 74, 36)
(21977/2, 75, 37)
(10989, 77, 38)
(21979/2, 74, 36)
(10990, 75, 37)
(21981/2, 77, 38)
(10991, 74, 36)
(21983/2, 75, 37)
(10992, 77, 38)
(11013, 55, 25)
(11013, 65, 31)
(22035/2, 63, 30)
(22037/2, 65, 31)
(11019, 67, 32)
(22041/2, 65, 31)
(11022, 63, 30)
(22045/2, 55, 25)
(11023, 60, 28)
(22047/2, 63, 30)
(11025, 55, 25)
(22051/2, 60, 28)
(11026, 63, 30)
(22053/2, 67, 32)
(11028, 56, 26)
(22057/2, 60, 28)
(11029, 65, 31)
(22059/2, 68, 33)
(11031, 55, 25)
(22063/2, 60, 28)
(11032, 63, 30)
(22065/2, 67, 32)
(11034, 66, 31)
(22069/2, 63, 30)
(11035, 60, 28)
(22071/2, 66, 31)
(11037, 65, 31)
(11040, 63, 30)
(22089/2, 55, 25)
(22089/2, 65, 31)
(11046, 63, 30)
(22101/2, 55, 25)
(22101/2, 65, 31)
(11052, 63, 30)
(11058, 60, 28)
(11061, 58, 27)
(22125/2, 55, 25)
(11064, 56, 26)
(22131/2, 58, 27)
(11067, 60, 28)
(22137/2, 56, 26)
(22137/2, 65, 31)
(11070, 55, 25)
(11070, 64, 30)
(22143/2, 62, 29)
(11073, 60, 28)
(22155/2, 58, 27)
(11079, 60, 28)
(22161/2, 56, 26)
(11082, 55, 25)
(22167/2, 56, 26)
(11085, 58, 27)
(22173/2, 63, 30)
(11088, 60, 28)
(22179/2, 58, 27)
(11091, 56, 26)
(11094, 65, 31)
(22191/2, 67, 32)
(11097, 68, 33)
(11100, 67, 32)
(22203/2, 65, 31)
(11103, 63, 30)
(22209/2, 68, 33)
(11106, 67, 32)
(22215/2, 65, 31)
(11109, 63, 30)
(22221/2, 71, 34)
(11112, 79, 39)
(22227/2, 77, 38)
(11115, 75, 37)
(22233/2, 74, 36)
(11118, 75, 37)
(22239/2, 74, 36)
(11121, 72, 35)
(22245/2, 71, 34)
(11124, 67, 32)
(22251/2, 65, 31)
(11127, 63, 30)
(22257/2, 62, 29)
(11130, 60, 28)
(22263/2, 55, 25)
(22269/2, 56, 26)
(11136, 60, 28)
(22287/2, 72, 35)
(11145, 70, 34)
(22293/2, 68, 33)
(11148, 67, 32)
(11154, 65, 31)
(11157, 63, 30)
(11160, 60, 28)
(11160, 63, 30)
(22321/2, 60, 28)
(22321/2, 63, 30)
(11161, 60, 28)
(11161, 63, 30)
(22323/2, 60, 28)
(22323/2, 63, 30)
(11162, 60, 28)
(11162, 63, 30)
(22325/2, 60, 28)
(22325/2, 63, 30)
(11163, 60, 28)
(11163, 64, 30)
(22327/2, 60, 28)
(22327/2, 64, 30)
(11164, 60, 28)
(11164, 64, 30)
(22329/2, 60, 28)
(22329/2, 64, 30)
(11165, 60, 28)
(11165, 64, 30)
(22331/2, 60, 28)
(22331/2, 64, 30)
(11166, 60, 28)
(11166, 65, 31)
(22335/2, 72, 35)
(22341/2, 56, 26)
(11172, 55, 25)
(22347/2, 67, 32)
(22353/2, 55, 25)
(11178, 56, 26)
(22359/2, 56, 26)
(22359/2, 62, 29)
(11184, 68, 33)
(22371/2, 74, 36)
(22491/2, 63, 30)
(22491/2, 75, 37)
(11247, 62, 29)
(11247, 74, 36)
(22497/2, 62, 29)
(22497/2, 71, 34)
(11250, 75, 37)
(22501/2, 74, 36)
(11251, 72, 35)
(22503/2, 71, 34)
(11252, 72, 35)
(22505/2, 74, 36)
(11253, 72, 35)
(22507/2, 70, 34)
(11254, 68, 33)
(22509/2, 67, 32)
(11255, 68, 33)
(22511/2, 70, 34)
(11256, 68, 33)
(22513/2, 67, 32)
(11257, 65, 31)
(22515/2, 64, 30)
(11258, 65, 31)
(22517/2, 67, 32)
(11259, 65, 31)
(22519/2, 63, 30)
(11260, 62, 29)
(22521/2, 60, 28)
(11261, 62, 29)
(22523/2, 63, 30)
(11262, 62, 29)
(11265, 74, 36)
(22531/2, 72, 35)
(11266, 71, 34)
(22533/2, 68, 33)
(11267, 67, 32)
(22535/2, 65, 31)
(11268, 63, 30)
(22537/2, 67, 32)
(11269, 65, 31)
(22539/2, 63, 30)
(11270, 62, 29)
(22541/2, 60, 28)
(11271, 59, 27)
(22543/2, 55, 25)
(11272, 57, 26)
(22545/2, 59, 27)
(11273, 60, 28)
(22547/2, 62, 29)
(11274, 63, 30)
(22549/2, 67, 32)
(11275, 65, 31)
(22551/2, 63, 30)
(11276, 62, 29)
(22553/2, 60, 28)
(11277, 59, 27)
(22555/2, 55, 25)
(11278, 57, 26)
(22557/2, 59, 27)
(11279, 60, 28)
(22559/2, 62, 29)
(11280, 63, 30)
(22561/2, 60, 28)
(11281, 62, 29)
(22563/2, 63, 30)
(11282, 65, 31)
(22565/2, 67, 32)
(11283, 68, 33)
(22567/2, 65, 31)
(11284, 67, 32)
(22569/2, 68, 33)
(11285, 70, 34)
(22571/2, 72, 35)
(11286, 74, 36)
(22573/2, 70, 34)
(11287, 72, 35)
(22575/2, 74, 36)
(11288, 75, 37)
(22577/2, 77, 38)
(11289, 79, 39)
(22579/2, 77, 38)
(11290, 75, 37)
(22581/2, 74, 36)
(11291, 75, 37)
(22583/2, 77, 38)
(11292, 75, 37)
(22585/2, 77, 38)
(11293, 79, 39)
(22587/2, 71, 34)
(11294, 72, 35)
(22589/2, 74, 36)
(11295, 72, 35)
(22591/2, 74, 36)
(11296, 75, 37)
(22593/2, 67, 32)
(11297, 68, 33)
(22595/2, 70, 34)
(11298, 68, 33)
(22599/2, 68, 33)
(11301, 67, 32)
(22605/2, 67, 32)
(11304, 64, 30)
(11304, 72, 35)
(11304, 76, 37)
(22611/2, 64, 30)
(22611/2, 72, 35)
(22611/2, 76, 37)
(22615/2, 70, 34)
(11308, 68, 33)
(22617/2, 67, 32)
(11309, 68, 33)
(22619/2, 70, 34)
(11310, 68, 33)
(22621/2, 67, 32)
(11311, 65, 31)
(22623/2, 64, 30)
(11312, 65, 31)
(22625/2, 67, 32)
(11313, 65, 31)
(22627/2, 63, 30)
(11314, 62, 29)
(22629/2, 60, 28)
(11315, 62, 29)
(22631/2, 63, 30)
(11316, 65, 31)
(22635/2, 55, 25)
(22635/2, 65, 31)
(22639/2, 77, 38)
(11320, 75, 37)
(22641/2, 74, 36)
(11321, 75, 37)
(22643/2, 77, 38)
(11322, 75, 37)
(22645/2, 74, 36)
(11323, 72, 35)
(22647/2, 71, 34)
(11324, 72, 35)
(22649/2, 74, 36)
(11325, 72, 35)
(22651/2, 70, 34)
(11326, 68, 33)
(22653/2, 67, 32)
(11327, 68, 33)
(22655/2, 70, 34)
(11328, 68, 33)
(22657/2, 67, 32)
(11329, 65, 31)
(22659/2, 72, 35)
(11330, 70, 34)
(22661/2, 68, 33)
(11331, 67, 32)
(22663/2, 65, 31)
(11332, 63, 30)
(22665/2, 62, 29)
(90663/8, 60, 28)
(45333/4, 58, 27)
(90669/8, 56, 26)
(11334, 55, 25)
(11337, 55, 25)
(11337, 62, 29)
(11337, 71, 34)
(11340, 72, 35)
(11342, 72, 35)
(22687/2, 72, 35)
(11344, 80, 40)
(11345, 79, 39)
(11346, 77, 38)
(11347, 75, 37)
(11348, 75, 37)
(11350, 75, 37)
(22703/2, 75, 37)
(11352, 84, 42)
(11356, 72, 35)
(11360, 56, 26)
(11360, 65, 31)
(11360, 72, 35)
(11362, 70, 34)
(22727/2, 68, 33)
(11364, 58, 27)
(11364, 63, 30)
(11368, 62, 29)
(11372, 67, 32)
(11374, 67, 32)
(22751/2, 67, 32)
(11376, 67, 32)
(11376, 75, 37)
(11380, 67, 32)
(11382, 67, 32)
(22767/2, 67, 32)
(11384, 67, 32)
(11384, 75, 37)
(11388, 60, 28)
(11388, 63, 30)
(11393, 60, 28)
(11393, 63, 30)
(11394, 60, 28)
(11394, 63, 30)
(11395, 60, 28)
(11395, 63, 30)
(11396, 60, 28)
(11396, 63, 30)
(11401, 60, 28)
(11401, 63, 30)
(11402, 60, 28)
(11402, 63, 30)
(11403, 60, 28)
(11403, 63, 30)
(11404, 58, 27)
(11404, 63, 30)
(11410, 67, 32)
(11411, 63, 30)
(11412, 62, 29)
(11418, 62, 29)
(11420, 58, 27)
(11420, 63, 30)
(11426, 67, 32)
(11427, 63, 30)
(11428, 60, 28)
(11460, 68, 33)
(11462, 67, 32)
(11463, 65, 31)
(11464, 60, 28)
(11468, 68, 33)
(11470, 67, 32)
(11471, 65, 31)
(11472, 60, 28)
(11477, 59, 27)
(11478, 60, 28)
(11479, 62, 29)
(11480, 63, 30)
(11485, 63, 30)
(11486, 62, 29)
(11487, 60, 28)
(11488, 67, 32)
(11490, 66, 31)
(11493, 63, 30)
(11494, 62, 29)
(11495, 60, 28)
(11496, 67, 32)
(11498, 66, 31)
(11501, 63, 30)
(11502, 62, 29)
(11503, 60, 28)
(11504, 67, 32)
(11508, 66, 31)
(11515, 67, 32)
(11516, 65, 31)
(23033/2, 63, 30)
(11517, 65, 31)
(23035/2, 63, 30)
(11518, 62, 29)
(23037/2, 65, 31)
(11519, 62, 29)
(23039/2, 65, 31)
(23041/2, 65, 31)
(11521, 70, 34)
(23043/2, 65, 31)
(23045/2, 63, 30)
(11523, 70, 34)
(23047/2, 63, 30)
(23049/2, 63, 30)
(11525, 67, 32)
(23051/2, 63, 30)
(23053/2, 62, 29)
(11527, 65, 31)
(23055/2, 62, 29)
(11528, 63, 30)
(23057/2, 67, 32)
(11529, 63, 30)
(23059/2, 67, 32)
(11530, 70, 34)
(23061/2, 65, 31)
(11531, 70, 34)
(23063/2, 65, 31)
(11532, 69, 33)
(23065/2, 65, 31)
(11533, 69, 33)
(23067/2, 65, 31)
(11534, 62, 29)
(23069/2, 65, 31)
(11535, 62, 29)
(23071/2, 65, 31)
(11536, 62, 29)
(23073/2, 65, 31)
(11537, 62, 29)
(23075/2, 65, 31)
(11538, 63, 30)
(23077/2, 67, 32)
(11539, 63, 30)
(23079/2, 67, 32)
(11540, 63, 30)
(23081/2, 67, 32)
(11541, 63, 30)
(23083/2, 67, 32)
(11542, 62, 29)
(23085/2, 65, 31)
(11543, 62, 29)
(23087/2, 65, 31)
(11544, 63, 30)
(23089/2, 55, 25)
(11545, 58, 27)
(23091/2, 63, 30)
(23093/2, 56, 26)
(11547, 58, 27)
(23095/2, 56, 26)
(23097/2, 55, 25)
(11549, 58, 27)
(23099/2, 63, 30)
(11550, 64, 30)
(23101/2, 58, 27)
(11551, 61, 29)
(23103/2, 58, 27)
(23105/2, 56, 26)
(11553, 60, 28)
(23107/2, 65, 31)
(23109/2, 56, 26)
(11555, 60, 28)
(23111/2, 65, 31)
(11556, 55, 25)
(23113/2, 58, 27)
(11557, 63, 30)
(23115/2, 67, 32)
(11558, 56, 26)
(23117/2, 58, 27)
(11559, 62, 29)
(23119/2, 65, 31)
(11560, 55, 25)
(23121/2, 58, 27)
(11561, 63, 30)
(23123/2, 67, 32)
(11562, 62, 29)
(23125/2, 65, 31)
(11563, 62, 29)
(23127/2, 65, 31)
(23129/2, 63, 30)
(11565, 67, 32)
(23131/2, 63, 30)
(23133/2, 64, 30)
(11567, 67, 32)
(23135/2, 64, 30)
(23137/2, 65, 31)
(11569, 68, 33)
(23139/2, 65, 31)
(23141/2, 63, 30)
(11571, 66, 32)
(23143/2, 63, 30)
(23145/2, 63, 30)
(11573, 67, 32)
(23147/2, 63, 30)
(11574, 65, 31)
(23149/2, 67, 32)
(11575, 65, 31)
(23151/2, 67, 32)
(11576, 63, 30)
(23153/2, 67, 32)
(11577, 63, 30)
(23155/2, 67, 32)
(11578, 62, 29)
(23157/2, 67, 32)
(11579, 62, 29)
(23159/2, 67, 32)
(11580, 63, 30)
(23161/2, 67, 32)
(11581, 63, 30)
(23163/2, 67, 32)
(11582, 59, 27)
(34747/3, 55, 25)
(34748/3, 59, 27)
(11583, 62, 29)
(34750/3, 59, 27)
(34751/3, 55, 25)
(11584, 60, 28)
(34753/3, 55, 25)
(34754/3, 60, 28)
(11585, 63, 30)
(34756/3, 60, 28)
(34757/3, 55, 25)
(11586, 59, 27)
(34759/3, 55, 25)
(34760/3, 59, 27)
(11587, 55, 25)
(34762/3, 59, 27)
(34763/3, 55, 25)
(11588, 55, 25)
(23177/2, 60, 28)
(11589, 63, 30)
(23179/2, 60, 28)
(11590, 63, 30)
(23181/2, 60, 28)
(11591, 63, 30)
(23183/2, 60, 28)
(11592, 63, 30)
(23185/2, 60, 28)
(11593, 63, 30)
(23187/2, 60, 28)
(11594, 63, 30)
(23189/2, 60, 28)
(11595, 63, 30)
(23191/2, 60, 28)
(11596, 63, 30)
(23193/2, 67, 32)
(11597, 63, 30)
(23195/2, 67, 32)
(11598, 63, 30)
(23197/2, 67, 32)
(11599, 63, 30)
(23199/2, 67, 32)
(11600, 62, 29)
(23201/2, 65, 31)
(11601, 62, 29)
(23203/2, 65, 31)
(11602, 62, 29)
(23205/2, 65, 31)
(11603, 62, 29)
(23207/2, 65, 31)
(11604, 63, 30)
(23209/2, 58, 27)
(11605, 63, 30)
(23211/2, 58, 27)
(23213/2, 63, 30)
(11607, 67, 32)
(23215/2, 63, 30)
(23217/2, 63, 30)
(11609, 68, 33)
(23219/2, 63, 30)
(23221/2, 63, 30)
(11611, 67, 32)
(23223/2, 63, 30)
(23225/2, 63, 30)
(11613, 66, 32)
(23227/2, 63, 30)
(23229/2, 62, 29)
(11615, 65, 31)
(23231/2, 62, 29)
(23233/2, 58, 27)
(11617, 63, 30)
(23235/2, 58, 27)
(23237/2, 58, 27)
(11619, 62, 29)
(23239/2, 58, 27)
(23241/2, 58, 27)
(11621, 63, 30)
(23243/2, 58, 27)
(23245/2, 55, 25)
(11623, 63, 30)
(23247/2, 55, 25)
(23249/2, 56, 26)
(11625, 60, 28)
(23251/2, 56, 26)
(23253/2, 55, 25)
(11627, 61, 29)
(23255/2, 55, 25)
(23257/2, 60, 28)
(11629, 63, 30)
(23259/2, 60, 28)
(23261/2, 58, 27)
(11631, 62, 29)
(23263/2, 58, 27)
(11632, 63, 30)
(23265/2, 58, 27)
(11633, 63, 30)
(23267/2, 58, 27)
(11634, 62, 29)
(23269/2, 58, 27)
(11635, 62, 29)
(23271/2, 58, 27)
(11636, 63, 30)
(11638, 63, 30)
(11639, 65, 31)
(11640, 63, 30)
(11641, 62, 29)
(11642, 62, 29)
(23285/2, 65, 31)
(11643, 62, 29)
(23287/2, 65, 31)
(11644, 63, 30)
(23289/2, 70, 34)
(11645, 63, 30)
(23291/2, 70, 34)
(11646, 75, 37)
(11647, 77, 38)
(11648, 75, 37)
(11649, 74, 36)
(11650, 65, 31)
(23301/2, 70, 34)
(11651, 65, 31)
(23303/2, 70, 34)
(11652, 70, 34)
(11660, 55, 25)
(11672, 55, 25)
(11676, 58, 27)
(20000, 55, 25)
(20000, 62, 29)
(20000, 74, 36)
(40003/2, 55, 25)
(40003/2, 62, 29)
(40003/2, 74, 36)
(40013/2, 65, 31)
(20007, 63, 30)
(40015/2, 62, 29)
(20008, 63, 30)
(40017/2, 65, 31)
(20009, 63, 30)
(40019/2, 62, 29)
(20010, 60, 28)
(40021/2, 59, 27)
(20011, 60, 28)
(40023/2, 62, 29)
(20012, 60, 28)
(40025/2, 62, 29)
(20013, 63, 30)
(40027/2, 65, 31)
(20014, 63, 30)
(40029/2, 62, 29)
(20015, 67, 32)
(40037/2, 58, 27)
(20019, 56, 26)
(40039/2, 55, 25)
(20020, 56, 26)
(40041/2, 58, 27)
(20021, 56, 26)
(40043/2, 55, 25)
(20022, 53, 24)
(40045/2, 52, 23)
(20023, 53, 24)
(40047/2, 55, 25)
(20024, 53, 24)
(20027, 48, 21)
(20027, 60, 28)
(20030, 48, 21)
(20030, 60, 28)
(20033, 53, 24)
(20036, 54, 25)
(20039, 54, 25)
(20042, 54, 25)
(20045, 54, 25)
(40093/2, 54, 25)
(20047, 54, 25)
(40095/2, 54, 25)
(20048, 58, 27)
(40097/2, 58, 27)
(20049, 58, 27)
(40099/2, 58, 27)
(20050, 58, 27)
(40101/2, 58, 27)
(20051, 63, 30)
(40103/2, 63, 30)
(20052, 63, 30)
(40105/2, 63, 30)
(20053, 63, 30)
(40107/2, 63, 30)
(20054, 58, 27)
(40109/2, 58, 27)
(20055, 58, 27)
(40111/2, 58, 27)
(20056, 58, 27)
(40113/2, 58, 27)
(20057, 56, 26)
(40115/2, 56, 26)
(20058, 56, 26)
(40117/2, 56, 26)
(20059, 56, 26)
(40119/2, 56, 26)
(20060, 55, 25)
(40123/2, 55, 25)
(40123/2, 65, 31)
(20063, 55, 25)
(20063, 63, 30)
(40129/2, 55, 25)
(40129/2, 67, 32)
(20066, 56, 26)
(20066, 65, 31)
(40135/2, 58, 27)
(40135/2, 64, 30)
(20069, 48, 21)
(20069, 55, 25)
(40141/2, 48, 21)
(40141/2, 56, 26)
(20072, 55, 25)
(20072, 63, 30)
(20072, 72, 35)
(20075, 59, 27)
(20075, 62, 29)
(20078, 60, 28)
(40157/2, 55, 25)
(20079, 60, 28)
(40159/2, 60, 28)
(20081, 60, 28)
(40163/2, 55, 25)
(20082, 60, 28)
(40165/2, 60, 28)
(20084, 65, 31)
(40169/2, 55, 25)
(20085, 65, 31)
(40171/2, 65, 31)
(20087, 60, 28)
(40175/2, 55, 25)
(20088, 60, 28)
(40177/2, 59, 27)
(40179/2, 60, 28)
(20090, 60, 28)
(40181/2, 56, 26)
(20091, 60, 28)
(40183/2, 60, 28)
(20093, 58, 27)
(40187/2, 53, 24)
(20094, 58, 27)
(40189/2, 58, 27)
(20096, 58, 27)
(40193/2, 55, 25)
(20097, 58, 27)
(40195/2, 58, 27)
(20099, 56, 26)
(40199/2, 60, 28)
(20100, 56, 26)
(40201/2, 56, 26)
(20101, 60, 28)
(40203/2, 56, 26)
(20102, 60, 28)
(40205/2, 55, 25)
(20103, 60, 28)
(40207/2, 59, 27)
(20104, 55, 25)
(40209/2, 59, 27)
(20105, 60, 28)
(40211/2, 55, 25)
(20106, 60, 28)
(40213/2, 60, 28)
(20107, 55, 25)
(40215/2, 60, 28)
(20108, 59, 27)
(40217/2, 55, 25)
(20109, 59, 27)
(40219/2, 59, 27)
(20110, 55, 25)
(40221/2, 59, 27)
(20111, 60, 28)
(40223/2, 55, 25)
(20112, 60, 28)
(40225/2, 59, 27)
(20113, 55, 25)
(40227/2, 60, 28)
(20114, 60, 28)
(40229/2, 56, 26)
(20115, 60, 28)
(40231/2, 60, 28)
(20116, 56, 26)
(40233/2, 60, 28)
(20117, 58, 27)
(40235/2, 53, 24)
(20118, 58, 27)
(40237/2, 58, 27)
(20119, 53, 24)
(40239/2, 58, 27)
(20120, 58, 27)
(40241/2, 55, 25)
(20121, 58, 27)
(40243/2, 58, 27)
(20123, 58, 27)
(40247/2, 53, 24)
(20124, 58, 27)
(40249/2, 58, 27)
(20127, 58, 27)
(40255/2, 63, 30)
(40257/2, 58, 27)
(20129, 53, 24)
(20130, 58, 27)
(40261/2, 62, 29)
(40263/2, 58, 27)
(20132, 63, 30)
(20133, 58, 27)
(40267/2, 63, 30)
(40269/2, 58, 27)
(20135, 65, 31)
(20136, 58, 27)
(40273/2, 62, 29)
(40275/2, 58, 27)
(20138, 63, 30)
(20141, 51, 23)
(20147, 53, 24)
(20150, 56, 26)
(40303/2, 55, 25)
(20153, 63, 30)
(40315/2, 63, 30)
(20159, 63, 30)
(20165, 63, 30)
(20167, 63, 30)
(40335/2, 63, 30)
(20168, 63, 30)
(40337/2, 63, 30)
(20169, 63, 30)
(40339/2, 63, 30)
(20171, 58, 27)
(40345/2, 58, 27)
(20174, 61, 29)
(40351/2, 60, 28)
(20177, 64, 30)
(40357/2, 65, 31)
(20180, 68, 33)
(40363/2, 67, 32)
(20182, 68, 33)
(40365/2, 67, 32)
(20183, 65, 31)
(40367/2, 67, 32)
(20184, 65, 31)
(40369/2, 63, 30)
(20185, 65, 31)
(40371/2, 63, 30)
(20186, 73, 36)
(40381/2, 73, 36)
(40387/2, 72, 35)
(20195, 72, 35)
(40409/2, 72, 35)
(20205, 74, 36)
(40411/2, 75, 37)
(20206, 74, 36)
(40413/2, 72, 35)
(20207, 71, 34)
(40415/2, 68, 33)
(20208, 67, 32)
(40417/2, 65, 31)
(20209, 63, 30)
(40419/2, 62, 29)
(20210, 60, 28)
(40423/2, 75, 37)
(20212, 74, 36)
(40425/2, 72, 35)
(20213, 71, 34)
(40427/2, 68, 33)
(20214, 67, 32)
(40429/2, 65, 31)
(20215, 63, 30)
(40431/2, 62, 29)
(20216, 67, 32)
(40439/2, 59, 27)
(20220, 60, 28)
(40441/2, 62, 29)
(20221, 63, 30)
(40443/2, 65, 31)
(20222, 67, 32)
(40445/2, 72, 35)
(20223, 70, 34)
(40447/2, 68, 33)
(20224, 67, 32)
(40449/2, 65, 31)
(20225, 64, 30)
(40451/2, 61, 29)
(20226, 60, 28)
(40453/2, 58, 27)
(20227, 56, 26)
(40455/2, 55, 25)
(20228, 53, 24)
(40469/2, 65, 31)
(20235, 67, 32)
(40471/2, 68, 33)
(20236, 67, 32)
(40473/2, 65, 31)
(20237, 64, 30)
(40475/2, 61, 29)
(20238, 60, 28)
(40477/2, 58, 27)
(20239, 56, 26)
(40479/2, 55, 25)
(20240, 53, 24)
(40483/2, 53, 24)
(20242, 55, 25)
(40485/2, 56, 26)
(20243, 58, 27)
(40487/2, 60, 28)
(20244, 62, 29)
(40489/2, 64, 30)
(20245, 65, 31)
(40491/2, 67, 32)
(20246, 68, 33)
(40495/2, 58, 27)
(20249, 56, 26)
(40501/2, 60, 28)
(20252, 54, 24)
(40507/2, 55, 25)
(20254, 57, 26)
(40509/2, 58, 27)
(20255, 60, 28)
(40511/2, 62, 29)
(20256, 63, 30)
(40513/2, 66, 31)
(20257, 67, 32)
(40515/2, 69, 33)
(20258, 70, 34)
(40519/2, 62, 29)
(20261, 62, 29)
(40525/2, 62, 29)
(20264, 63, 30)
(40531/2, 63, 30)
(20266, 69, 33)
(40533/2, 67, 32)
(20267, 66, 31)
(40537/2, 66, 31)
(20270, 67, 32)
(40543/2, 62, 29)
(20273, 62, 29)
(40549/2, 62, 29)
(20276, 63, 30)
(40555/2, 63, 30)
(20278, 69, 33)
(40557/2, 67, 32)
(20279, 66, 31)
(40561/2, 66, 31)
(20282, 59, 27)
(20282, 62, 29)
(40567/2, 59, 27)
(40567/2, 62, 29)
(20285, 60, 28)
(20285, 63, 30)
(40573/2, 60, 28)
(40573/2, 63, 30)
(20288, 55, 25)
(20288, 65, 31)
(40579/2, 55, 25)
(40579/2, 65, 31)
(20291, 55, 25)
(20291, 63, 30)
(40585/2, 55, 25)
(40585/2, 63, 30)
(20294, 75, 37)
(40591/2, 75, 37)
(20297, 75, 37)
(40595/2, 72, 35)
(20298, 74, 36)
(40597/2, 75, 37)
(20300, 75, 37)
(40603/2, 75, 37)
(20303, 75, 37)
(40607/2, 72, 35)
(20304, 74, 36)
(40609/2, 75, 37)
(20306, 66, 31)
(20306, 75, 37)
(40615/2, 67, 32)
(40615/2, 75, 37)
(20309, 75, 37)
(40619/2, 72, 35)
(20310, 74, 36)
(40621/2, 75, 37)
(20312, 75, 37)
(40625/2, 72, 35)
(20313, 74, 36)
(40627/2, 75, 37)
(20315, 75, 37)
(40631/2, 72, 35)
(20316, 74, 36)
(40633/2, 75, 37)
(20318, 50, 22)
(20318, 60, 28)
(20339, 50, 22)
(20339, 62, 29)
(40687/2, 58, 27)
(40689/2, 57, 26)
(20345, 55, 25)
(40693/2, 54, 24)
(20348, 55, 25)
(40697/2, 58, 27)
(20349, 62, 29)
(40699/2, 67, 32)
(20350, 62, 29)
(40701/2, 58, 27)
(20351, 55, 25)
(40703/2, 58, 27)
(20352, 62, 29)
(40705/2, 67, 32)
(20353, 62, 29)
(40707/2, 58, 27)
(20354, 55, 25)
(40709/2, 60, 28)
(20355, 63, 30)
(40711/2, 67, 32)
(20356, 63, 30)
(40713/2, 60, 28)
(20357, 55, 25)
(40715/2, 58, 27)
(20358, 62, 29)
(40717/2, 67, 32)
(20359, 62, 29)
(40719/2, 58, 27)
(20360, 61, 28)
(40721/2, 58, 27)
(20361, 57, 26)
(40723/2, 55, 25)
(20362, 57, 26)
(40725/2, 58, 27)
(20363, 50, 22)
(20363, 60, 28)
(20366, 58, 27)
(40741/2, 50, 22)
(40741/2, 60, 28)
(20372, 58, 27)
(40753/2, 50, 22)
(40753/2, 60, 28)
(20378, 58, 27)
(20384, 53, 24)
(40771/2, 51, 23)
(20387, 50, 22)
(40777/2, 53, 24)
(20390, 51, 23)
(20396, 50, 22)
(40795/2, 58, 27)
(40801/2, 65, 31)
(40803/2, 63, 30)
(20402, 62, 29)
(20405, 60, 28)
(20408, 55, 25)
(40825/2, 63, 30)
(20414, 62, 29)
(40831/2, 60, 28)
(20417, 58, 27)
(20420, 58, 27)
(40843/2, 57, 26)
(20423, 55, 25)
(40849/2, 57, 26)
(20426, 58, 27)
(40855/2, 60, 28)
(20429, 62, 29)
(40861/2, 57, 26)
(20432, 58, 27)
(40867/2, 60, 28)
(20435, 62, 29)
(40873/2, 57, 26)
(20438, 66, 31)
(40885/2, 57, 26)
(20444, 66, 31)
(40897/2, 57, 26)
(20450, 50, 22)
(40901/2, 52, 23)
(20451, 54, 24)
(40903/2, 55, 25)
(20452, 57, 26)
(40905/2, 58, 27)
(20453, 60, 28)
(20456, 58, 27)
(20458, 55, 25)
(40917/2, 58, 27)
(20459, 60, 28)
(20461, 57, 26)
(40923/2, 60, 28)
(20462, 58, 27)
(20464, 55, 25)
(40929/2, 58, 27)
(20465, 59, 27)
(40931/2, 55, 25)
(20466, 59, 27)
(40933/2, 59, 27)
(20467, 55, 25)
(40935/2, 59, 27)
(20468, 55, 25)
(40939/2, 55, 25)
(40939/2, 67, 32)
(40945/2, 51, 23)
(20474, 50, 22)
(40951/2, 55, 25)
(40951/2, 67, 32)
(40957/2, 50, 22)
(20480, 48, 21)
(40963/2, 60, 28)
(40963/2, 63, 30)
(20486, 60, 28)
(40975/2, 63, 30)
(40975/2, 75, 37)
(20510, 79, 39)
(20513, 74, 36)
(20516, 70, 34)
(20519, 67, 32)
(20522, 62, 29)
(20525, 58, 27)
(41051/2, 60, 28)
(20526, 62, 29)
(41053/2, 60, 28)
(20527, 58, 27)
(41055/2, 57, 26)
(20528, 55, 25)
(41059/2, 55, 25)
(41059/2, 67, 32)
(20531, 60, 28)
(20531, 63, 30)
(41065/2, 60, 28)
(41065/2, 62, 29)
(20534, 55, 25)
(41069/2, 57, 26)
(20535, 58, 27)
(41071/2, 60, 28)
(20536, 58, 27)
(41073/2, 57, 26)
(20537, 58, 27)
(41075/2, 60, 28)
(20538, 62, 29)
(41077/2, 63, 30)
(20539, 62, 29)
(41079/2, 60, 28)
(20540, 62, 29)
(41081/2, 66, 31)
(20541, 67, 32)
(41083/2, 69, 33)
(20542, 67, 32)
(41085/2, 66, 31)
(20543, 67, 32)
(41087/2, 69, 33)
(20544, 70, 34)
(41089/2, 72, 35)
(20545, 70, 34)
(41091/2, 69, 33)
(20546, 70, 34)
(41093/2, 72, 35)
(20547, 74, 36)
(41095/2, 75, 37)
(20548, 74, 36)
(41097/2, 72, 35)
(20549, 74, 36)
(41099/2, 72, 35)
(20550, 70, 34)
(41101/2, 69, 33)
(20551, 70, 34)
(41103/2, 72, 35)
(20552, 70, 34)
(41105/2, 69, 33)
(20553, 67, 32)
(41107/2, 66, 31)
(20554, 67, 32)
(41109/2, 69, 33)
(20555, 67, 32)
(41111/2, 65, 31)
(20556, 63, 30)
(41113/2, 62, 29)
(20557, 63, 30)
(41115/2, 65, 31)
(20558, 63, 30)
(41117/2, 65, 31)
(20559, 67, 32)
(41119/2, 60, 28)
(20560, 62, 29)
(41121/2, 63, 30)
(20561, 62, 29)
(41123/2, 63, 30)
(20562, 65, 31)
(41125/2, 63, 30)
(20563, 65, 31)
(41127/2, 67, 32)
(20564, 66, 31)
(41129/2, 67, 32)
(20565, 69, 33)
(41131/2, 67, 32)
(20566, 69, 33)
(41133/2, 70, 34)
(20567, 69, 33)
(41135/2, 70, 34)
(20568, 72, 35)
(41137/2, 70, 34)
(20569, 72, 35)
(41139/2, 74, 36)
(20570, 72, 35)
(41141/2, 74, 36)
(20571, 75, 37)
(41143/2, 70, 34)
(20572, 72, 35)
(41145/2, 75, 37)
(20573, 69, 33)
(41147/2, 72, 35)
(20574, 75, 37)
(41149/2, 70, 34)
(20575, 72, 35)
(41151/2, 75, 37)
(20576, 69, 33)
(41153/2, 72, 35)
(20577, 75, 37)
(41155/2, 78, 38)
(20578, 75, 37)
(41157/2, 72, 35)
(20579, 69, 33)
(41159/2, 72, 35)
(20580, 75, 37)
(41161/2, 74, 36)
(20581, 72, 35)
(41163/2, 70, 34)
(20582, 69, 33)
(41165/2, 67, 32)
(20583, 66, 31)
(41167/2, 63, 30)
(20584, 62, 29)
(41169/2, 60, 28)
(20585, 58, 27)
(41171/2, 57, 26)
(20586, 55, 25)
(41173/2, 53, 24)
(20587, 51, 23)
(41175/2, 50, 22)
(20588, 48, 21)
(20591, 54, 24)
(20591, 57, 26)
(20591, 62, 29)
(20594, 55, 25)
(20594, 62, 29)
(41201/2, 74, 36)
(20601, 72, 35)
(41203/2, 70, 34)
(20602, 69, 33)
(41205/2, 67, 32)
(20603, 66, 31)
(41207/2, 63, 30)
(20604, 62, 29)
(41209/2, 60, 28)
(20605, 58, 27)
(41211/2, 57, 26)
(20606, 55, 25)
(41213/2, 58, 27)
(20607, 62, 29)
(41215/2, 60, 28)
(20608, 58, 27)
(41217/2, 57, 26)
(20609, 55, 25)
(41219/2, 58, 27)
(20610, 62, 29)
(41221/2, 60, 28)
(20611, 58, 27)
(41223/2, 57, 26)
(20612, 55, 25)
(20615, 58, 27)
(20615, 62, 29)
(20615, 74, 36)
(20618, 55, 25)
(20618, 55, 25)
(20624, 55, 25)
(20630, 48, 21)
(20631, 60, 28)
(41263/2, 48, 21)
(20632, 60, 28)
(41265/2, 48, 21)
(20633, 60, 28)
(41267/2, 48, 21)
(20634, 60, 28)
(41269/2, 48, 21)
(20635, 60, 28)
(41271/2, 48, 21)
(20636, 60, 28)
(41273/2, 48, 21)
(20637, 60, 28)
(41275/2, 48, 21)
(20638, 60, 28)
(41277/2, 48, 21)
(20639, 60, 28)
(41279/2, 48, 21)
(20640, 60, 28)
(41281/2, 48, 21)
(20641, 60, 28)
(41283/2, 48, 21)
(20642, 58, 27)
(41285/2, 48, 21)
(20643, 58, 27)
(41287/2, 48, 21)
(20644, 58, 27)
(41289/2, 48, 21)
(20645, 58, 27)
(41291/2, 48, 21)
(20646, 56, 26)
(41293/2, 53, 24)
(20647, 48, 21)
(41295/2, 53, 24)
(20648, 56, 26)
(41297/2, 60, 28)
(20649, 56, 26)
(41299/2, 60, 28)
(20650, 58, 27)
(41301/2, 48, 21)
(20651, 58, 27)
(41303/2, 48, 21)
(20652, 58, 27)
(41305/2, 48, 21)
(20653, 58, 27)
(41307/2, 48, 21)
(20654, 56, 26)
(41309/2, 48, 21)
(20655, 56, 26)
(41311/2, 48, 21)
(20656, 60, 28)
(41313/2, 48, 21)
(20657, 60, 28)
(41315/2, 48, 21)
(20658, 58, 27)
(41317/2, 46, 20)
(20659, 58, 27)
(41319/2, 48, 21)
(20660, 56, 26)
(41321/2, 48, 21)
(20661, 56, 26)
(41323/2, 48, 21)
(20662, 55, 25)
(41325/2, 48, 21)
(20663, 55, 25)
(41327/2, 48, 21)
(20664, 53, 24)
(41329/2, 48, 21)
(20665, 53, 24)
(41331/2, 48, 21)
(20666, 53, 24)
(41333/2, 48, 21)
(20667, 53, 24)
(41335/2, 48, 21)
(20668, 52, 23)
(41337/2, 48, 21)
(20669, 52, 23)
(41339/2, 48, 21)
(20670, 53, 24)
(41341/2, 48, 21)
(20671, 53, 24)
(41343/2, 56, 26)
(20672, 60, 28)
(41345/2, 56, 26)
(20673, 60, 28)
(41347/2, 56, 26)
(20674, 58, 27)
(41349/2, 48, 21)
(20675, 58, 27)
(41351/2, 48, 21)
(20676, 58, 27)
(41353/2, 48, 21)
(20677, 58, 27)
(41355/2, 48, 21)
(20678, 56, 26)
(41357/2, 53, 24)
(20679, 48, 21)
(41359/2, 53, 24)
(20680, 56, 26)
(41361/2, 60, 28)
(20681, 56, 26)
(41363/2, 60, 28)
(20682, 58, 27)
(41365/2, 48, 21)
(20683, 58, 27)
(41367/2, 48, 21)
(20684, 58, 27)
(41369/2, 48, 21)
(20685, 58, 27)
(41371/2, 48, 21)
(20686, 56, 26)
(41373/2, 53, 24)
(20687, 48, 21)
(41375/2, 60, 28)
(20689, 56, 26)
(41379/2, 53, 24)
(20690, 48, 21)
(41381/2, 60, 28)
(41385/2, 48, 21)
(20693, 50, 22)
(41387/2, 53, 24)
(20694, 50, 22)
(41389/2, 48, 21)
(20695, 53, 24)
(41391/2, 50, 22)
(20696, 48, 21)
(41393/2, 53, 24)
(20697, 50, 22)
(41395/2, 48, 21)
(20698, 53, 24)
(41397/2, 50, 22)
(20699, 48, 21)
(41399/2, 50, 22)
(20701, 53, 24)
(41403/2, 50, 22)
(20702, 48, 21)
(41405/2, 50, 22)
(41409/2, 48, 21)
(20705, 50, 22)
(41411/2, 53, 24)
(20706, 50, 22)
(41413/2, 48, 21)
(20707, 53, 24)
(41415/2, 50, 22)
(20708, 48, 21)
(41417/2, 53, 24)
(20709, 50, 22)
(41419/2, 48, 21)
(41421/2, 48, 21)
(20711, 51, 23)
(41423/2, 54, 25)
(20712, 51, 23)
(41425/2, 48, 21)
(20713, 54, 25)
(41427/2, 51, 23)
(20714, 48, 21)
(41429/2, 54, 25)
(20715, 51, 23)
(41431/2, 48, 21)
(20716, 54, 25)
(41433/2, 51, 23)
(20717, 48, 21)
(41435/2, 54, 25)
(20718, 51, 23)
(41437/2, 48, 21)
(20719, 54, 25)
(41439/2, 51, 23)
(20720, 48, 21)
(41441/2, 54, 25)
(20721, 51, 23)
(41443/2, 48, 21)
(20722, 55, 25)
(20722, 67, 32)
(41447/2, 55, 25)
(41447/2, 65, 31)
(41447/2, 74, 36)
(41457/2, 65, 31)
(20729, 63, 30)
(41459/2, 62, 29)
(20730, 63, 30)
(41461/2, 65, 31)
(20731, 63, 30)
(41463/2, 62, 29)
(20732, 60, 28)
(41465/2, 59, 27)
(20733, 60, 28)
(41467/2, 62, 29)
(20734, 60, 28)
(41469/2, 62, 29)
(20735, 63, 30)
(41471/2, 65, 31)
(20736, 63, 30)
(41473/2, 62, 29)
(20737, 67, 32)
(41475/2, 55, 25)
(20738, 67, 32)
(41477/2, 55, 25)
(20740, 59, 27)
(41481/2, 55, 25)
(20741, 59, 27)
(41483/2, 59, 27)
(20743, 60, 28)
(41487/2, 55, 25)
(20744, 60, 28)
(41489/2, 59, 27)
(41491/2, 60, 28)
(20746, 60, 28)
(41493/2, 56, 26)
(20747, 60, 28)
(41495/2, 60, 28)
(20748, 56, 26)
(41497/2, 60, 28)
(20749, 58, 27)
(20751, 53, 24)
(41503/2, 58, 27)
(20752, 58, 27)
(20754, 55, 25)
(41509/2, 58, 27)
(20755, 56, 26)
(41511/2, 60, 28)
(20756, 56, 26)
(41513/2, 56, 26)
(20757, 60, 28)
(41515/2, 56, 26)
(20758, 60, 28)
(41517/2, 55, 25)
(20759, 60, 28)
(41519/2, 59, 27)
(20760, 55, 25)
(41521/2, 59, 27)
(20761, 60, 28)
(20763, 55, 25)
(41527/2, 60, 28)
(20764, 65, 31)
(20766, 55, 25)
(41533/2, 65, 31)
(20767, 67, 32)
(41537/2, 65, 31)
(41539/2, 63, 30)
(20770, 60, 28)
(41541/2, 56, 26)
(20771, 60, 28)
(41543/2, 60, 28)
(20772, 56, 26)
(41545/2, 60, 28)
(20773, 58, 27)
(41549/2, 53, 24)
(20776, 55, 25)
(20778, 58, 27)
(41557/2, 55, 25)
(20779, 53, 24)
(20781, 50, 22)
(41563/2, 53, 24)
(20782, 51, 23)
(20785, 51, 23)
(20791, 53, 24)
(20794, 56, 26)
(41591/2, 55, 25)
(20797, 63, 30)
(41603/2, 63, 30)
(20803, 63, 30)
(41615/2, 63, 30)
(20809, 63, 30)
(20811, 63, 30)
(41623/2, 63, 30)
(20812, 63, 30)
(20815, 58, 27)
(41633/2, 67, 32)
(20818, 73, 36)
(41639/2, 72, 35)
(20821, 72, 35)
(41645/2, 72, 35)
(20824, 74, 36)
(41657/2, 74, 36)
(41663/2, 75, 37)
(20833, 76, 37)
(41675/2, 76, 37)
(20839, 76, 37)
(41681/2, 76, 37)
(20842, 76, 37)
(20845, 77, 38)
(20848, 75, 37)
(20850, 72, 35)
(41701/2, 74, 36)
(20851, 75, 37)
(20853, 72, 35)
(41707/2, 74, 36)
(20854, 75, 37)
(20860, 48, 21)
(20863, 55, 25)
(41729/2, 59, 27)
(20865, 60, 28)
(41731/2, 62, 29)
(20866, 55, 25)
(41741/2, 55, 25)
(20871, 56, 26)
(41743/2, 58, 27)
(20872, 51, 23)
(41753/2, 55, 25)
(20877, 56, 26)
(41755/2, 58, 27)
(20878, 56, 26)
(41765/2, 55, 25)
(20883, 56, 26)
(41767/2, 58, 27)
(20884, 56, 26)
(41777/2, 56, 26)
(20889, 58, 27)
(41779/2, 60, 28)
(20890, 48, 21)
(41789/2, 58, 27)
(20895, 60, 28)
(41791/2, 61, 29)
(20896, 48, 21)
(41801/2, 51, 23)
(20901, 50, 22)
(41803/2, 48, 21)
(20902, 62, 29)
(20908, 55, 25)
(41819/2, 55, 25)
(20911, 55, 25)
(41825/2, 55, 25)
(20914, 56, 26)
(41831/2, 56, 26)
(20916, 62, 29)
(41833/2, 60, 28)
(20917, 59, 27)
(41837/2, 59, 27)
(20919, 59, 27)
(41839/2, 59, 27)
(20920, 60, 28)
(41843/2, 48, 21)
(20922, 48, 21)
(41845/2, 50, 22)
(20923, 51, 23)
(41849/2, 51, 23)
(20925, 53, 24)
(41851/2, 55, 25)
(20926, 56, 26)
(41855/2, 56, 26)
(20928, 62, 29)
(41857/2, 60, 28)
(20929, 59, 27)
(41861/2, 59, 27)
(20932, 60, 28)
(41867/2, 48, 21)
(20935, 48, 21)
(41873/2, 48, 21)
(20938, 48, 21)
(41879/2, 68, 33)
(20940, 70, 34)
(41881/2, 68, 33)
(20941, 67, 32)
(41885/2, 64, 30)
(20944, 65, 31)
(41891/2, 65, 31)
(20947, 64, 30)
(41897/2, 58, 27)
(20949, 60, 28)
(41899/2, 58, 27)
(20950, 56, 26)
(41903/2, 67, 32)
(20952, 68, 33)
(41905/2, 67, 32)
(20953, 65, 31)
(41909/2, 72, 35)
(20956, 72, 35)
(41915/2, 72, 35)
(20959, 72, 35)
(41919/2, 75, 37)
(20960, 74, 36)
(41921/2, 72, 35)
(20962, 72, 35)
(41927/2, 72, 35)
(20965, 72, 35)
(41931/2, 75, 37)
(20966, 74, 36)
(41933/2, 72, 35)
(20968, 72, 35)
(41939/2, 72, 35)
(20971, 75, 37)
(41943/2, 72, 35)
(20972, 74, 36)
(41945/2, 75, 37)
(20974, 72, 35)
(41951/2, 72, 35)
(20977, 75, 37)
(41955/2, 72, 35)
(20978, 74, 36)
(41957/2, 75, 37)
(20980, 62, 29)
(41961/2, 65, 31)
(20981, 63, 30)
(41963/2, 62, 29)
(20983, 62, 29)
(41967/2, 65, 31)
(20984, 63, 30)
(41969/2, 62, 29)
(20986, 62, 29)
(41973/2, 65, 31)
(20987, 63, 30)
(41975/2, 62, 29)
(20988, 65, 31)
(41977/2, 63, 30)
(20989, 62, 29)
(41979/2, 65, 31)
(20990, 63, 30)
(41981/2, 62, 29)
(20991, 65, 31)
(41983/2, 63, 30)
(20992, 62, 29)
(41997/2, 51, 23)
(20999, 55, 25)
(41999/2, 60, 28)
(21000, 55, 25)
(42001/2, 51, 23)
(21001, 48, 21)
(42003/2, 51, 23)
(21002, 55, 25)
(42005/2, 60, 28)
(21003, 55, 25)
(42007/2, 51, 23)
(21004, 48, 21)
(42009/2, 53, 24)
(21005, 56, 26)
(42011/2, 60, 28)
(21006, 56, 26)
(42013/2, 53, 24)
(21007, 48, 21)
(42015/2, 51, 23)
(21008, 55, 25)
(42017/2, 60, 28)
(21009, 55, 25)
(42019/2, 51, 23)
(21010, 54, 24)
(42021/2, 51, 23)
(21011, 50, 22)
(42023/2, 48, 21)
(21012, 50, 22)
(42025/2, 51, 23)
(21013, 50, 22)
(42035/2, 48, 21)
(21019, 60, 28)
(42041/2, 59, 27)
(21022, 60, 28)
(42047/2, 63, 30)
(21024, 67, 32)
(42049/2, 72, 35)
(21025, 75, 37)
(21027, 74, 36)
(42055/2, 72, 35)
(21028, 75, 37)
(21030, 74, 36)
(42061/2, 72, 35)
(21031, 75, 37)
(21033, 74, 36)
(42067/2, 72, 35)
(21034, 75, 37)
(21036, 74, 36)
(42073/2, 72, 35)
(21037, 62, 29)
(21040, 60, 28)
(42089/2, 62, 29)
(21046, 60, 28)
(42101/2, 62, 29)
(21052, 60, 28)
(21058, 55, 25)
(42119/2, 53, 24)
(21061, 48, 21)
(42137/2, 59, 27)
(21070, 60, 28)
(42143/2, 53, 24)
(21073, 52, 23)
(42149/2, 55, 25)
(21076, 48, 21)
(42161/2, 48, 21)
(21082, 51, 23)
(42185/2, 48, 21)
(21094, 60, 28)
(42191/2, 58, 27)
(21097, 56, 26)
(42197/2, 59, 27)
(21100, 60, 28)
(42203/2, 62, 29)
(21103, 63, 30)
(42209/2, 59, 27)
(21106, 60, 28)
(42215/2, 62, 29)
(21109, 63, 30)
(42221/2, 62, 29)
(21112, 75, 37)
(42227/2, 74, 36)
(21115, 72, 35)
(42233/2, 71, 34)
(21118, 72, 35)
(42239/2, 71, 34)
(21121, 67, 32)
(42245/2, 65, 31)
(21124, 63, 30)
(42251/2, 59, 27)
(21127, 60, 28)
(42257/2, 53, 24)
(21130, 51, 23)
(42263/2, 53, 24)
(21133, 51, 23)
(42269/2, 53, 24)
(21136, 48, 21)
(21145, 60, 28)
(21148, 63, 30)
(21154, 62, 29)
(21157, 60, 28)
(21160, 51, 23)
(42321/2, 51, 23)
(21161, 51, 23)
(42323/2, 51, 23)
(21162, 51, 23)
(42325/2, 51, 23)
(21163, 52, 23)
(42327/2, 52, 23)
(21164, 52, 23)
(42329/2, 52, 23)
(21165, 52, 23)
(42331/2, 52, 23)
(21166, 53, 24)
(42335/2, 65, 31)
(42341/2, 56, 26)
(21172, 55, 25)
(42347/2, 60, 28)
(42347/2, 63, 30)
(42353/2, 55, 25)
(21178, 53, 24)
(42359/2, 59, 27)
(21184, 62, 29)
(42371/2, 68, 33)
(21226, 48, 21)
(42453/2, 50, 22)
(21227, 51, 23)
(42455/2, 53, 24)
(21228, 51, 23)
(42457/2, 50, 22)
(21229, 51, 23)
(42459/2, 53, 24)
(21230, 55, 25)
(42461/2, 56, 26)
(21231, 55, 25)
(42463/2, 53, 24)
(21232, 55, 25)
(42465/2, 59, 27)
(21233, 60, 28)
(42467/2, 62, 29)
(21234, 60, 28)
(42469/2, 59, 27)
(21235, 60, 28)
(42471/2, 62, 29)
(21236, 63, 30)
(42473/2, 65, 31)
(21237, 63, 30)
(42475/2, 62, 29)
(21238, 63, 30)
(42477/2, 65, 31)
(21239, 67, 32)
(42479/2, 68, 33)
(21240, 67, 32)
(42481/2, 65, 31)
(21241, 67, 32)
(42485/2, 72, 35)
(42491/2, 60, 28)
(21247, 56, 26)
(21247, 68, 33)
(42497/2, 55, 25)
(42497/2, 65, 31)
(21250, 48, 21)
(21250, 55, 25)
(21250, 63, 30)
(21253, 63, 30)
(42511/2, 62, 29)
(21256, 60, 28)
(42515/2, 48, 21)
(21259, 68, 33)
(42523/2, 67, 32)
(21262, 65, 31)
(42525/2, 67, 32)
(21263, 68, 33)
(42527/2, 67, 32)
(21264, 65, 31)
(42529/2, 63, 30)
(21265, 62, 29)
(42531/2, 60, 28)
(21266, 59, 27)
(42533/2, 56, 26)
(21267, 55, 25)
(42535/2, 53, 24)
(21268, 51, 23)
(42543/2, 55, 25)
(21272, 57, 26)
(42545/2, 59, 27)
(21273, 60, 28)
(42547/2, 62, 29)
(21274, 63, 30)
(42549/2, 67, 32)
(21275, 65, 31)
(42551/2, 63, 30)
(21276, 62, 29)
(42553/2, 60, 28)
(21277, 59, 27)
(42555/2, 55, 25)
(21278, 57, 26)
(42557/2, 59, 27)
(21279, 60, 28)
(42559/2, 62, 29)
(21280, 63, 30)
(42561/2, 60, 28)
(21281, 62, 29)
(42563/2, 63, 30)
(21282, 65, 31)
(42565/2, 67, 32)
(21283, 68, 33)
(42567/2, 65, 31)
(21284, 67, 32)
(42569/2, 68, 33)
(21285, 70, 34)
(42571/2, 72, 35)
(21286, 74, 36)
(42573/2, 70, 34)
(21287, 72, 35)
(42575/2, 74, 36)
(21288, 75, 37)
(42577/2, 77, 38)
(21289, 79, 39)
(42579/2, 77, 38)
(21290, 75, 37)
(42581/2, 74, 36)
(21291, 75, 37)
(42583/2, 77, 38)
(21292, 75, 37)
(42585/2, 77, 38)
(21293, 79, 39)
(42587/2, 71, 34)
(21294, 72, 35)
(42589/2, 74, 36)
(21295, 72, 35)
(42591/2, 74, 36)
(21296, 75, 37)
(42593/2, 67, 32)
(21297, 68, 33)
(42595/2, 70, 34)
(21298, 68, 33)
(42599/2, 65, 31)
(21301, 63, 30)
(42605/2, 62, 29)
(21304, 48, 21)
(21304, 55, 25)
(21304, 67, 32)
(42611/2, 48, 21)
(42611/2, 55, 25)
(42611/2, 67, 32)
(42615/2, 70, 34)
(21308, 68, 33)
(42617/2, 67, 32)
(21309, 68, 33)
(42619/2, 70, 34)
(21310, 68, 33)
(42621/2, 67, 32)
(21311, 65, 31)
(42623/2, 64, 30)
(21312, 65, 31)
(42625/2, 67, 32)
(21313, 65, 31)
(42627/2, 63, 30)
(21314, 62, 29)
(42629/2, 60, 28)
(21315, 62, 29)
(42631/2, 63, 30)
(21316, 55, 25)
(21316, 62, 29)
(42635/2, 55, 25)
(42635/2, 62, 29)
(42639/2, 77, 38)
(21320, 75, 37)
(42641/2, 74, 36)
(21321, 75, 37)
(42643/2, 77, 38)
(21322, 75, 37)
(42645/2, 74, 36)
(21323, 72, 35)
(42647/2, 71, 34)
(21324, 72, 35)
(42649/2, 74, 36)
(21325, 72, 35)
(42651/2, 70, 34)
(21326, 68, 33)
(42653/2, 67, 32)
(21327, 68, 33)
(42655/2, 70, 34)
(21328, 68, 33)
(42657/2, 67, 32)
(21329, 65, 31)
(42659/2, 72, 35)
(21330, 70, 34)
(42661/2, 68, 33)
(21331, 67, 32)
(42663/2, 65, 31)
(21332, 63, 30)
(42665/2, 62, 29)
(170663/8, 60, 28)
(85333/4, 58, 27)
(170669/8, 56, 26)
(21334, 55, 25)
(21337, 55, 25)
(21337, 65, 31)
(21340, 75, 37)
(21342, 75, 37)
(42687/2, 75, 37)
(21344, 72, 35)
(21348, 72, 35)
(21349, 70, 34)
(21350, 68, 33)
(21351, 67, 32)
(21352, 68, 33)
(21353, 67, 32)
(21354, 65, 31)
(21355, 63, 30)
(21356, 72, 35)
(21360, 48, 21)
(21360, 56, 26)
(21360, 65, 31)
(21362, 64, 30)
(42727/2, 65, 31)
(21364, 51, 23)
(21364, 55, 25)
(21368, 53, 24)
(21368, 56, 26)
(21372, 75, 37)
(21373, 74, 36)
(21374, 72, 35)
(21375, 70, 34)
(21376, 72, 35)
(21377, 70, 34)
(21378, 68, 33)
(21379, 67, 32)
(21380, 75, 37)
(21381, 74, 36)
(21382, 72, 35)
(21383, 70, 34)
(21384, 72, 35)
(21385, 70, 34)
(21386, 68, 33)
(21387, 67, 32)
(21388, 53, 24)
(21393, 53, 24)
(21394, 53, 24)
(21395, 53, 24)
(21396, 53, 24)
(21401, 53, 24)
(21402, 53, 24)
(21403, 53, 24)
(21404, 51, 23)
(21404, 55, 25)
(21410, 58, 27)
(21412, 56, 26)
(21418, 53, 24)
(21420, 51, 23)
(21426, 58, 27)
(21428, 48, 21)
(21460, 56, 26)
(42921/2, 48, 21)
(21461, 56, 26)
(42923/2, 48, 21)
(21462, 56, 26)
(42925/2, 48, 21)
(21463, 56, 26)
(42927/2, 48, 21)
(21464, 58, 27)
(42929/2, 48, 21)
(21465, 58, 27)
(42931/2, 48, 21)
(21466, 58, 27)
(42933/2, 48, 21)
(21467, 58, 27)
(42935/2, 48, 21)
(21468, 56, 26)
(42937/2, 53, 24)
(21469, 48, 21)
(42939/2, 53, 24)
(21470, 56, 26)
(42941/2, 60, 28)
(21471, 56, 26)
(42943/2, 60, 28)
(21472, 58, 27)
(42945/2, 48, 21)
(21473, 58, 27)
(42947/2, 48, 21)
(21474, 58, 27)
(42949/2, 48, 21)
(21475, 58, 27)
(42951/2, 48, 21)
(21476, 56, 26)
(42953/2, 53, 24)
(21477, 48, 21)
(42955/2, 53, 24)
(21478, 56, 26)
(42957/2, 53, 24)
(21479, 48, 21)
(42959/2, 53, 24)
(21480, 57, 26)
(42961/2, 48, 21)
(21481, 57, 26)
(42963/2, 48, 21)
(21482, 57, 26)
(42965/2, 48, 21)
(21483, 57, 26)
(42967/2, 48, 21)
(21484, 55, 25)
(42969/2, 48, 21)
(21485, 55, 25)
(42971/2, 48, 21)
(21486, 55, 25)
(42973/2, 48, 21)
(21487, 55, 25)
(42975/2, 48, 21)
(21488, 51, 23)
(42977/2, 50, 22)
(21489, 48, 21)
(42979/2, 50, 22)
(21490, 51, 23)
(42981/2, 50, 22)
(21491, 51, 23)
(42983/2, 50, 22)
(21492, 51, 23)
(42985/2, 48, 21)
(21493, 51, 23)
(42987/2, 48, 21)
(21494, 51, 23)
(42989/2, 48, 21)
(21495, 51, 23)
(42991/2, 48, 21)
(21496, 51, 23)
(42993/2, 50, 22)
(21497, 48, 21)
(42995/2, 50, 22)
(21498, 51, 23)
(42997/2, 50, 22)
(21499, 51, 23)
(42999/2, 50, 22)
(21500, 51, 23)
(43001/2, 48, 21)
(21501, 51, 23)
(43003/2, 48, 21)
(21502, 51, 23)
(43005/2, 48, 21)
(21503, 51, 23)
(43007/2, 48, 21)
(21504, 51, 23)
(21505, 48, 21)
(43011/2, 51, 23)
(21506, 48, 21)
(21507, 51, 23)
(43015/2, 48, 21)
(21508, 51, 23)
(64526/3, 48, 21)
(64528/3, 51, 23)
(21510, 48, 21)
(64532/3, 51, 23)
(64534/3, 48, 21)
(21512, 51, 23)
(43025/2, 48, 21)
(21513, 51, 23)
(43027/2, 48, 21)
(21514, 51, 23)
(43029/2, 48, 21)
(21515, 51, 23)
(43031/2, 55, 25)
(21516, 57, 26)
(43033/2, 53, 24)
(21517, 57, 26)
(43035/2, 53, 24)
(21518, 58, 27)
(43037/2, 53, 24)
(21519, 58, 27)
(43039/2, 53, 24)
(43041/2, 58, 27)
(21521, 62, 29)
(43043/2, 58, 27)
(43045/2, 58, 27)
(21523, 67, 32)
(43047/2, 58, 27)
(43049/2, 60, 28)
(21525, 56, 26)
(43051/2, 60, 28)
(43053/2, 56, 26)
(21527, 58, 27)
(43055/2, 56, 26)
(21528, 55, 25)
(43057/2, 58, 27)
(21529, 55, 25)
(43059/2, 58, 27)
(21530, 53, 24)
(43061/2, 58, 27)
(21531, 53, 24)
(43063/2, 58, 27)
(21532, 53, 24)
(43065/2, 57, 26)
(21533, 53, 24)
(43067/2, 57, 26)
(21534, 58, 27)
(43069/2, 53, 24)
(21535, 58, 27)
(43071/2, 53, 24)
(21536, 58, 27)
(43073/2, 53, 24)
(21537, 58, 27)
(43075/2, 53, 24)
(21538, 58, 27)
(43077/2, 55, 25)
(21539, 58, 27)
(43079/2, 55, 25)
(21540, 60, 28)
(43081/2, 56, 26)
(21541, 60, 28)
(43083/2, 56, 26)
(21542, 58, 27)
(43085/2, 56, 26)
(21543, 58, 27)
(43087/2, 56, 26)
(21544, 55, 25)
(43121/2, 58, 27)
(21561, 55, 25)
(43123/2, 58, 27)
(21562, 56, 26)
(43125/2, 58, 27)
(21563, 56, 26)
(43127/2, 58, 27)
(43129/2, 55, 25)
(21565, 58, 27)
(43131/2, 55, 25)
(43133/2, 58, 27)
(21567, 61, 29)
(43135/2, 58, 27)
(43137/2, 60, 28)
(21569, 56, 26)
(43139/2, 60, 28)
(43141/2, 60, 28)
(21571, 63, 30)
(43143/2, 60, 28)
(43145/2, 55, 25)
(21573, 63, 30)
(43147/2, 55, 25)
(21574, 62, 29)
(43149/2, 55, 25)
(21575, 62, 29)
(43151/2, 55, 25)
(21576, 60, 28)
(43153/2, 55, 25)
(21577, 60, 28)
(43155/2, 55, 25)
(21578, 59, 27)
(64735/3, 55, 25)
(64736/3, 59, 27)
(21579, 62, 29)
(64738/3, 59, 27)
(64739/3, 55, 25)
(21580, 60, 28)
(64741/3, 55, 25)
(64742/3, 60, 28)
(21581, 63, 30)
(64744/3, 60, 28)
(64745/3, 55, 25)
(21582, 62, 29)
(64747/3, 55, 25)
(64748/3, 62, 29)
(21583, 67, 32)
(21584, 55, 25)
(21585, 55, 25)
(64759/3, 53, 24)
(64760/3, 51, 23)
(21587, 50, 22)
(64762/3, 51, 23)
(64763/3, 53, 24)
(21588, 51, 23)
(21592, 53, 24)
(21594, 56, 26)
(21596, 55, 25)
(43193/2, 58, 27)
(21597, 55, 25)
(43195/2, 58, 27)
(21598, 55, 25)
(43197/2, 58, 27)
(21599, 55, 25)
(43199/2, 58, 27)
(21600, 56, 26)
(43201/2, 58, 27)
(21601, 56, 26)
(43203/2, 58, 27)
(21602, 56, 26)
(43205/2, 58, 27)
(21603, 56, 26)
(43207/2, 58, 27)
(21604, 55, 25)
(21606, 61, 29)
(21608, 60, 28)
(21610, 58, 27)
(21612, 57, 26)
(21614, 56, 26)
(21616, 55, 25)
(21618, 53, 24)
(21620, 51, 23)
(21628, 54, 25)
(21630, 53, 24)
(21632, 51, 23)
(43273/2, 58, 27)
(21637, 55, 25)
(43275/2, 58, 27)
(21638, 55, 25)
(43277/2, 58, 27)
(21639, 55, 25)
(43279/2, 58, 27)
(21640, 53, 24)
(43281/2, 58, 27)
(21641, 53, 24)
(43283/2, 58, 27)
(21642, 68, 33)
(21643, 70, 34)
(21644, 68, 33)
(21645, 67, 32)
(43293/2, 70, 34)
(21647, 67, 32)
(43295/2, 70, 34)
(21648, 68, 33)
(43297/2, 65, 31)
(21649, 68, 33)
(43299/2, 65, 31)
(21650, 62, 29)
(43301/2, 65, 31)
(21651, 62, 29)
(43303/2, 65, 31)
(21652, 67, 32)
(21660, 58, 27)
(21672, 58, 27)
(21676, 55, 25)
(30000, 43, 18)
(30000, 50, 22)
(30000, 59, 27)
(60003/2, 43, 18)
(60003/2, 50, 22)
(60003/2, 59, 27)
(60019/2, 53, 24)
(30010, 51, 23)
(60021/2, 50, 22)
(30011, 51, 23)
(60023/2, 53, 24)
(30012, 51, 23)
(60025/2, 50, 22)
(30013, 48, 21)
(60027/2, 47, 20)
(30014, 48, 21)
(60029/2, 50, 22)
(30015, 48, 21)
(60031/2, 46, 20)
(30016, 44, 19)
(60033/2, 43, 18)
(30017, 44, 19)
(60035/2, 46, 20)
(30018, 44, 19)
(60037/2, 43, 18)
(30019, 41, 17)
(60039/2, 40, 16)
(30020, 41, 17)
(60041/2, 43, 18)
(30021, 41, 17)
(60043/2, 36, 14)
(30022, 36, 14)
(60045/2, 43, 18)
(30023, 36, 14)
(60047/2, 36, 14)
(30024, 44, 19)
(30027, 44, 19)
(30027, 53, 24)
(30030, 44, 19)
(30030, 53, 24)
(30033, 44, 19)
(30036, 45, 19)
(30039, 45, 19)
(30042, 45, 19)
(30042, 51, 23)
(30045, 45, 19)
(60093/2, 45, 19)
(30047, 45, 19)
(60095/2, 45, 19)
(30048, 46, 20)
(60097/2, 46, 20)
(30049, 46, 20)
(60099/2, 46, 20)
(30050, 46, 20)
(60101/2, 46, 20)
(30051, 48, 21)
(60103/2, 48, 21)
(30052, 48, 21)
(60105/2, 48, 21)
(30053, 48, 21)
(60107/2, 48, 21)
(30054, 50, 22)
(60109/2, 50, 22)
(30055, 50, 22)
(60111/2, 50, 22)
(30056, 50, 22)
(60113/2, 50, 22)
(30057, 53, 24)
(60115/2, 53, 24)
(30058, 53, 24)
(60117/2, 53, 24)
(30059, 53, 24)
(60119/2, 53, 24)
(30060, 51, 23)
(60123/2, 50, 22)
(30063, 48, 21)
(60129/2, 46, 20)
(30066, 44, 19)
(60135/2, 43, 18)
(30069, 40, 16)
(60141/2, 41, 17)
(30072, 43, 18)
(30072, 55, 25)
(30075, 43, 18)
(30075, 55, 25)
(30078, 36, 14)
(30078, 48, 21)
(30081, 48, 21)
(30084, 50, 22)
(30087, 51, 23)
(60177/2, 50, 22)
(60179/2, 48, 21)
(30090, 44, 19)
(30096, 43, 18)
(30099, 41, 17)
(30102, 43, 18)
(30105, 48, 21)
(60213/2, 43, 18)
(30108, 50, 22)
(60219/2, 43, 18)
(30111, 51, 23)
(60225/2, 50, 22)
(60227/2, 48, 21)
(30114, 44, 19)
(30120, 43, 18)
(60243/2, 39, 16)
(30123, 38, 15)
(60249/2, 46, 20)
(30126, 39, 16)
(60255/2, 43, 18)
(30129, 44, 19)
(30132, 43, 18)
(60267/2, 51, 23)
(30135, 50, 22)
(60273/2, 46, 20)
(30138, 51, 23)
(30141, 39, 16)
(60285/2, 43, 18)
(30144, 44, 19)
(30147, 41, 17)
(60297/2, 44, 19)
(30150, 48, 21)
(30153, 44, 19)
(60309/2, 48, 21)
(30156, 51, 23)
(30159, 44, 19)
(60321/2, 47, 21)
(30162, 51, 23)
(30165, 60, 28)
(30167, 58, 27)
(60335/2, 57, 26)
(30168, 58, 27)
(60337/2, 58, 27)
(30169, 58, 27)
(60339/2, 57, 26)
(30171, 56, 26)
(60345/2, 55, 25)
(30174, 58, 27)
(60351/2, 56, 26)
(30177, 55, 25)
(60357/2, 53, 24)
(30180, 65, 31)
(60363/2, 63, 30)
(30182, 65, 31)
(60365/2, 63, 30)
(30183, 62, 29)
(60367/2, 63, 30)
(30184, 62, 29)
(60369/2, 60, 28)
(30185, 62, 29)
(60371/2, 60, 28)
(30186, 70, 34)
(60381/2, 70, 34)
(60387/2, 69, 33)
(30195, 68, 33)
(30198, 67, 32)
(60405/2, 43, 18)
(60405/2, 55, 25)
(30204, 36, 14)
(30204, 48, 21)
(60433/2, 51, 23)
(30217, 53, 24)
(60435/2, 55, 25)
(30218, 53, 24)
(60437/2, 51, 23)
(30219, 50, 22)
(60439/2, 48, 21)
(30220, 47, 20)
(60441/2, 44, 19)
(30221, 43, 18)
(60443/2, 41, 17)
(30222, 39, 16)
(60447/2, 40, 16)
(30225, 40, 16)
(60453/2, 40, 16)
(30228, 41, 17)
(60481/2, 53, 24)
(30241, 56, 26)
(60483/2, 60, 28)
(30242, 58, 27)
(60485/2, 56, 26)
(30243, 55, 25)
(60487/2, 53, 24)
(30244, 52, 23)
(60489/2, 49, 22)
(30245, 48, 21)
(60491/2, 46, 20)
(30246, 44, 19)
(60495/2, 43, 18)
(30249, 41, 17)
(60501/2, 39, 16)
(30252, 38, 15)
(60507/2, 40, 16)
(30254, 42, 17)
(60509/2, 43, 18)
(30255, 45, 19)
(60511/2, 46, 20)
(30256, 48, 21)
(60513/2, 50, 22)
(30257, 52, 23)
(60515/2, 54, 24)
(30258, 55, 25)
(60519/2, 55, 25)
(30261, 58, 27)
(60525/2, 58, 27)
(30264, 57, 26)
(60531/2, 57, 26)
(30267, 62, 29)
(60537/2, 62, 29)
(30270, 55, 25)
(60543/2, 55, 25)
(30273, 58, 27)
(60549/2, 58, 27)
(30276, 57, 26)
(60555/2, 57, 26)
(30279, 50, 22)
(60561/2, 50, 22)
(30282, 53, 24)
(60567/2, 53, 24)
(30285, 51, 23)
(60573/2, 51, 23)
(30288, 47, 20)
(60577/2, 50, 22)
(30289, 55, 25)
(60579/2, 59, 27)
(30291, 48, 21)
(60583/2, 51, 23)
(30292, 55, 25)
(60585/2, 60, 28)
(30294, 57, 26)
(60591/2, 55, 25)
(30297, 54, 24)
(30300, 57, 26)
(60603/2, 55, 25)
(30303, 54, 24)
(30306, 57, 26)
(60615/2, 55, 25)
(30309, 54, 24)
(30312, 54, 24)
(30315, 54, 24)
(30318, 38, 15)
(60651/2, 55, 25)
(30327, 46, 20)
(60657/2, 55, 25)
(30330, 48, 21)
(60663/2, 55, 25)
(30333, 50, 22)
(60669/2, 55, 25)
(30336, 51, 23)
(60675/2, 58, 27)
(30339, 42, 17)
(60687/2, 43, 18)
(30345, 38, 15)
(30348, 43, 18)
(60699/2, 50, 22)
(30351, 46, 20)
(60705/2, 55, 25)
(30354, 48, 21)
(60711/2, 55, 25)
(30357, 50, 22)
(60717/2, 55, 25)
(30360, 51, 23)
(60723/2, 58, 27)
(30363, 42, 17)
(30366, 43, 18)
(60741/2, 42, 17)
(30372, 43, 18)
(60753/2, 42, 17)
(30378, 43, 18)
(30384, 46, 20)
(60777/2, 38, 15)
(30390, 41, 17)
(60783/2, 43, 18)
(30393, 45, 19)
(60789/2, 48, 21)
(30396, 46, 20)
(30399, 51, 23)
(30402, 53, 24)
(30408, 36, 14)
(30411, 48, 21)
(30414, 43, 18)
(60837/2, 41, 17)
(30420, 39, 16)
(30426, 46, 20)
(60861/2, 39, 16)
(30432, 46, 20)
(60873/2, 48, 21)
(30438, 38, 15)
(60885/2, 48, 21)
(30444, 38, 15)
(30447, 39, 16)
(60897/2, 48, 21)
(30450, 38, 15)
(60909/2, 48, 21)
(30456, 38, 15)
(60915/2, 43, 18)
(30459, 38, 15)
(60921/2, 45, 19)
(30462, 38, 15)
(60927/2, 46, 20)
(30465, 41, 17)
(30468, 39, 16)
(60939/2, 51, 23)
(60945/2, 39, 16)
(30474, 38, 15)
(60951/2, 50, 22)
(60957/2, 38, 15)
(30480, 36, 14)
(60963/2, 48, 21)
(30486, 48, 21)
(60975/2, 60, 28)
(30510, 67, 32)
(30513, 62, 29)
(30516, 58, 27)
(30519, 55, 25)
(30522, 50, 22)
(30525, 46, 20)
(61051/2, 48, 21)
(30526, 50, 22)
(61053/2, 48, 21)
(30527, 46, 20)
(61055/2, 45, 19)
(30528, 43, 18)
(61059/2, 39, 16)
(30531, 36, 14)
(61065/2, 38, 15)
(30534, 43, 18)
(61069/2, 45, 19)
(30535, 46, 20)
(61071/2, 48, 21)
(30536, 46, 20)
(61073/2, 45, 19)
(30537, 46, 20)
(61075/2, 48, 21)
(30538, 50, 22)
(61077/2, 51, 23)
(30539, 50, 22)
(61079/2, 48, 21)
(30540, 50, 22)
(61081/2, 54, 24)
(30541, 55, 25)
(61083/2, 57, 26)
(30542, 55, 25)
(61085/2, 54, 24)
(30543, 55, 25)
(61087/2, 57, 26)
(30544, 58, 27)
(61089/2, 60, 28)
(30545, 58, 27)
(61091/2, 57, 26)
(30546, 58, 27)
(61093/2, 60, 28)
(30547, 62, 29)
(61095/2, 63, 30)
(30548, 62, 29)
(61097/2, 60, 28)
(30549, 62, 29)
(61099/2, 60, 28)
(30550, 58, 27)
(61101/2, 57, 26)
(30551, 58, 27)
(61103/2, 60, 28)
(30552, 58, 27)
(61105/2, 57, 26)
(30553, 55, 25)
(61107/2, 54, 24)
(30554, 55, 25)
(61109/2, 57, 26)
(30555, 55, 25)
(61111/2, 53, 24)
(30556, 51, 23)
(61113/2, 50, 22)
(30557, 51, 23)
(61115/2, 53, 24)
(30558, 51, 23)
(61117/2, 53, 24)
(30559, 55, 25)
(61119/2, 48, 21)
(30560, 50, 22)
(61121/2, 51, 23)
(30561, 50, 22)
(61123/2, 51, 23)
(30562, 53, 24)
(61125/2, 51, 23)
(30563, 53, 24)
(61127/2, 55, 25)
(30564, 54, 24)
(61129/2, 55, 25)
(30565, 57, 26)
(61131/2, 55, 25)
(30566, 57, 26)
(61133/2, 58, 27)
(30567, 57, 26)
(61135/2, 58, 27)
(30568, 60, 28)
(61137/2, 58, 27)
(30569, 60, 28)
(61139/2, 62, 29)
(30570, 60, 28)
(61141/2, 62, 29)
(30571, 63, 30)
(61143/2, 58, 27)
(30572, 60, 28)
(61145/2, 63, 30)
(30573, 57, 26)
(61147/2, 60, 28)
(30574, 63, 30)
(61149/2, 58, 27)
(30575, 60, 28)
(61151/2, 63, 30)
(30576, 57, 26)
(61153/2, 60, 28)
(30577, 63, 30)
(61155/2, 66, 31)
(30578, 63, 30)
(61157/2, 60, 28)
(30579, 57, 26)
(61159/2, 60, 28)
(30580, 63, 30)
(61161/2, 62, 29)
(30581, 60, 28)
(61163/2, 58, 27)
(30582, 57, 26)
(61165/2, 55, 25)
(30583, 54, 24)
(61167/2, 51, 23)
(30584, 50, 22)
(61169/2, 48, 21)
(30585, 46, 20)
(61171/2, 45, 19)
(30586, 43, 18)
(61173/2, 41, 17)
(30587, 39, 16)
(61175/2, 38, 15)
(30588, 36, 14)
(30591, 38, 15)
(30594, 43, 18)
(61201/2, 62, 29)
(30601, 60, 28)
(61203/2, 58, 27)
(30602, 57, 26)
(61205/2, 55, 25)
(30603, 54, 24)
(61207/2, 51, 23)
(30604, 50, 22)
(61209/2, 48, 21)
(30605, 46, 20)
(61211/2, 45, 19)
(30606, 43, 18)
(61213/2, 46, 20)
(30607, 50, 22)
(61215/2, 48, 21)
(30608, 46, 20)
(61217/2, 45, 19)
(30609, 43, 18)
(61219/2, 46, 20)
(30610, 50, 22)
(61221/2, 48, 21)
(30611, 46, 20)
(61223/2, 45, 19)
(30612, 43, 18)
(30615, 43, 18)
(30615, 50, 22)
(30615, 58, 27)
(30618, 43, 18)
(30630, 36, 14)
(30634, 36, 14)
(30651, 43, 18)
(30652, 40, 16)
(30653, 43, 18)
(30654, 41, 17)
(30656, 44, 19)
(30658, 43, 18)
(30660, 41, 17)
(30662, 40, 16)
(30664, 41, 17)
(30666, 36, 14)
(30675, 43, 18)
(30676, 40, 16)
(30677, 43, 18)
(30678, 36, 14)
(30683, 43, 18)
(30684, 40, 16)
(30685, 36, 14)
(30686, 41, 17)
(30689, 41, 17)
(30692, 44, 19)
(30698, 41, 17)
(30701, 41, 17)
(30704, 44, 19)
(30710, 45, 19)
(30716, 45, 19)
(61435/2, 45, 19)
(30719, 45, 19)
(61441/2, 45, 19)
(30722, 47, 20)
(30722, 55, 25)
(30722, 62, 29)
(61447/2, 47, 20)
(61447/2, 55, 25)
(61447/2, 62, 29)
(61463/2, 53, 24)
(30732, 51, 23)
(61465/2, 50, 22)
(30733, 51, 23)
(61467/2, 53, 24)
(30734, 51, 23)
(61469/2, 50, 22)
(30735, 48, 21)
(61471/2, 47, 20)
(30736, 48, 21)
(61473/2, 50, 22)
(30737, 48, 21)
(61477/2, 43, 18)
(61479/2, 48, 21)
(30740, 50, 22)
(61483/2, 43, 18)
(61485/2, 50, 22)
(30743, 51, 23)
(61489/2, 50, 22)
(61491/2, 48, 21)
(30746, 44, 19)
(30752, 43, 18)
(30755, 41, 17)
(30758, 43, 18)
(30761, 48, 21)
(61525/2, 36, 14)
(30764, 38, 15)
(61531/2, 43, 18)
(30767, 51, 23)
(61537/2, 50, 22)
(61539/2, 48, 21)
(30770, 44, 19)
(30776, 43, 18)
(61555/2, 51, 23)
(30779, 50, 22)
(61561/2, 46, 20)
(30782, 51, 23)
(30785, 39, 16)
(61573/2, 43, 18)
(30788, 44, 19)
(30791, 41, 17)
(61585/2, 44, 19)
(30794, 48, 21)
(30797, 44, 19)
(61597/2, 48, 21)
(30800, 51, 23)
(30803, 44, 19)
(61609/2, 47, 21)
(30806, 51, 23)
(30809, 60, 28)
(30811, 58, 27)
(61623/2, 57, 26)
(30812, 58, 27)
(61627/2, 57, 26)
(30815, 56, 26)
(61633/2, 55, 25)
(30818, 58, 27)
(61639/2, 56, 26)
(30821, 52, 23)
(61645/2, 53, 24)
(30824, 65, 31)
(61657/2, 65, 31)
(61663/2, 63, 30)
(30833, 70, 34)
(61675/2, 70, 34)
(30839, 70, 34)
(61681/2, 70, 34)
(30842, 70, 34)
(30845, 69, 33)
(30848, 68, 33)
(30860, 39, 16)
(30863, 38, 15)
(30866, 36, 14)
(30869, 39, 16)
(30872, 44, 19)
(30875, 40, 16)
(30878, 41, 17)
(30881, 40, 16)
(30884, 41, 17)
(61777/2, 48, 21)
(30890, 43, 18)
(61789/2, 48, 21)
(30896, 44, 19)
(61795/2, 48, 21)
(30899, 45, 19)
(61801/2, 51, 23)
(30902, 47, 20)
(30908, 48, 21)
(61819/2, 48, 21)
(30911, 51, 23)
(61825/2, 51, 23)
(30914, 50, 22)
(61831/2, 50, 22)
(30917, 43, 18)
(61837/2, 43, 18)
(30920, 36, 14)
(61843/2, 36, 14)
(30923, 36, 14)
(61849/2, 36, 14)
(30926, 36, 14)
(61855/2, 36, 14)
(30929, 36, 14)
(61861/2, 36, 14)
(30932, 36, 14)
(61867/2, 38, 15)
(30934, 36, 14)
(61869/2, 38, 15)
(30935, 39, 16)
(61873/2, 40, 16)
(30937, 38, 15)
(61875/2, 40, 16)
(30938, 41, 17)
(61891/2, 44, 19)
(30946, 43, 18)
(61893/2, 41, 17)
(30947, 48, 21)
(61897/2, 52, 23)
(30949, 50, 22)
(61899/2, 48, 21)
(30950, 53, 24)
(61903/2, 58, 27)
(30952, 60, 28)
(61905/2, 58, 27)
(30953, 56, 26)
(61909/2, 55, 25)
(30955, 56, 26)
(61911/2, 55, 25)
(30956, 53, 24)
(61915/2, 55, 25)
(30959, 56, 26)
(30962, 53, 24)
(61927/2, 55, 25)
(30965, 56, 26)
(30968, 54, 24)
(61939/2, 39, 16)
(30971, 38, 15)
(30974, 54, 24)
(61951/2, 39, 16)
(30977, 38, 15)
(30980, 59, 27)
(61961/2, 62, 29)
(30981, 60, 28)
(61963/2, 59, 27)
(30983, 59, 27)
(61967/2, 62, 29)
(30984, 60, 28)
(61969/2, 59, 27)
(30986, 59, 27)
(61973/2, 62, 29)
(30987, 60, 28)
(61975/2, 59, 27)
(30988, 62, 29)
(61977/2, 60, 28)
(30989, 59, 27)
(61979/2, 62, 29)
(30990, 60, 28)
(61981/2, 59, 27)
(30991, 62, 29)
(61983/2, 60, 28)
(30992, 59, 27)
(61999/2, 48, 21)
(31001, 39, 16)
(62005/2, 48, 21)
(31004, 41, 17)
(62011/2, 48, 21)
(31007, 43, 18)
(62017/2, 48, 21)
(31010, 45, 19)
(62023/2, 51, 23)
(31013, 47, 20)
(62035/2, 48, 21)
(31019, 43, 18)
(31022, 36, 14)
(62047/2, 48, 21)
(31025, 39, 16)
(62053/2, 48, 21)
(31028, 41, 17)
(62059/2, 48, 21)
(31031, 43, 18)
(62065/2, 51, 23)
(31034, 45, 19)
(62071/2, 51, 23)
(31037, 47, 20)
(31037, 55, 25)
(31040, 48, 21)
(62089/2, 47, 20)
(31046, 48, 21)
(62101/2, 47, 20)
(31052, 48, 21)
(31058, 46, 20)
(62119/2, 44, 19)
(31061, 40, 16)
(31064, 41, 17)
(62131/2, 43, 18)
(31067, 44, 19)
(62137/2, 41, 17)
(31070, 36, 14)
(62149/2, 40, 16)
(31076, 41, 17)
(62155/2, 43, 18)
(31079, 44, 19)
(62161/2, 41, 17)
(31082, 39, 16)
(62167/2, 41, 17)
(31085, 43, 18)
(62173/2, 39, 16)
(31088, 44, 19)
(62179/2, 46, 20)
(31091, 48, 21)
(62185/2, 44, 19)
(31094, 41, 17)
(62197/2, 41, 17)
(31100, 36, 14)
(62209/2, 41, 17)
(31106, 36, 14)
(62221/2, 53, 24)
(31112, 51, 23)
(62233/2, 55, 25)
(31118, 67, 32)
(62239/2, 65, 31)
(31121, 63, 30)
(62245/2, 62, 29)
(31124, 63, 30)
(62251/2, 62, 29)
(31127, 60, 28)
(62257/2, 59, 27)
(31130, 55, 25)
(62263/2, 47, 20)
(31133, 48, 21)
(62269/2, 41, 17)
(31136, 40, 16)
(31142, 41, 17)
(31148, 43, 18)
(31160, 44, 19)
(62321/2, 44, 19)
(31161, 44, 19)
(62323/2, 44, 19)
(31162, 44, 19)
(62325/2, 44, 19)
(31163, 44, 19)
(62327/2, 44, 19)
(31164, 44, 19)
(62329/2, 44, 19)
(31165, 44, 19)
(62331/2, 44, 19)
(31166, 44, 19)
(62335/2, 56, 26)
(62341/2, 44, 19)
(31172, 43, 18)
(62347/2, 55, 25)
(62353/2, 43, 18)
(31178, 41, 17)
(62359/2, 53, 24)
(31184, 53, 24)
(62371/2, 65, 31)
(31226, 36, 14)
(62453/2, 38, 15)
(31227, 39, 16)
(62455/2, 41, 17)
(31228, 39, 16)
(62457/2, 38, 15)
(31229, 39, 16)
(62459/2, 41, 17)
(31230, 43, 18)
(62461/2, 44, 19)
(31231, 43, 18)
(62463/2, 41, 17)
(31232, 43, 18)
(62465/2, 47, 20)
(31233, 48, 21)
(62467/2, 50, 22)
(31234, 48, 21)
(62469/2, 47, 20)
(31235, 48, 21)
(62471/2, 50, 22)
(31236, 51, 23)
(62473/2, 53, 24)
(31237, 51, 23)
(62475/2, 50, 22)
(31238, 51, 23)
(62477/2, 53, 24)
(31239, 55, 25)
(62479/2, 56, 26)
(31240, 55, 25)
(62481/2, 53, 24)
(31241, 55, 25)
(62485/2, 60, 28)
(62491/2, 44, 19)
(31247, 41, 17)
(62497/2, 43, 18)
(31250, 36, 14)
(62503/2, 43, 18)
(31253, 51, 23)
(62511/2, 50, 22)
(31256, 48, 21)
(62515/2, 36, 14)
(31259, 56, 26)
(62523/2, 55, 25)
(31262, 53, 24)
(31265, 62, 29)
(62531/2, 60, 28)
(31266, 59, 27)
(62533/2, 56, 26)
(31267, 55, 25)
(62535/2, 53, 24)
(31268, 51, 23)
(62537/2, 55, 25)
(31269, 53, 24)
(62539/2, 51, 23)
(31270, 50, 22)
(62541/2, 48, 21)
(31271, 47, 20)
(62543/2, 43, 18)
(31272, 45, 19)
(62545/2, 47, 20)
(31273, 48, 21)
(62547/2, 50, 22)
(31274, 51, 23)
(62549/2, 55, 25)
(31275, 53, 24)
(62551/2, 51, 23)
(31276, 50, 22)
(62553/2, 48, 21)
(31277, 47, 20)
(62555/2, 43, 18)
(31278, 45, 19)
(62557/2, 47, 20)
(31279, 48, 21)
(62559/2, 50, 22)
(31280, 51, 23)
(62561/2, 48, 21)
(31281, 50, 22)
(62563/2, 51, 23)
(31282, 53, 24)
(62565/2, 55, 25)
(31283, 56, 26)
(62567/2, 53, 24)
(31284, 55, 25)
(62569/2, 56, 26)
(31285, 58, 27)
(62571/2, 60, 28)
(31286, 62, 29)
(62573/2, 58, 27)
(31287, 60, 28)
(62575/2, 62, 29)
(31288, 63, 30)
(62577/2, 65, 31)
(31289, 67, 32)
(62579/2, 65, 31)
(31290, 63, 30)
(62581/2, 62, 29)
(31291, 63, 30)
(62583/2, 65, 31)
(31292, 63, 30)
(62585/2, 65, 31)
(31293, 67, 32)
(62587/2, 59, 27)
(31294, 60, 28)
(62589/2, 62, 29)
(31295, 60, 28)
(62591/2, 62, 29)
(31296, 63, 30)
(62593/2, 55, 25)
(31297, 56, 26)
(62595/2, 58, 27)
(31298, 56, 26)
(62599/2, 53, 24)
(31301, 55, 25)
(62605/2, 55, 25)
(31304, 40, 16)
(31304, 48, 21)
(62611/2, 40, 16)
(62611/2, 48, 21)
(31316, 47, 20)
(31316, 50, 22)
(31316, 62, 29)
(62635/2, 47, 20)
(62635/2, 50, 22)
(62635/2, 62, 29)
(62639/2, 65, 31)
(31320, 63, 30)
(62641/2, 62, 29)
(31321, 63, 30)
(62643/2, 65, 31)
(31322, 63, 30)
(62645/2, 62, 29)
(31323, 60, 28)
(62647/2, 59, 27)
(31324, 60, 28)
(62649/2, 62, 29)
(31325, 60, 28)
(62651/2, 58, 27)
(31326, 56, 26)
(62653/2, 55, 25)
(31327, 56, 26)
(62655/2, 58, 27)
(31328, 56, 26)
(62657/2, 55, 25)
(31329, 53, 24)
(62659/2, 60, 28)
(31330, 58, 27)
(62661/2, 56, 26)
(31331, 55, 25)
(62663/2, 53, 24)
(31332, 51, 23)
(62665/2, 50, 22)
(250663/8, 48, 21)
(125333/4, 46, 20)
(250669/8, 44, 19)
(31334, 43, 18)
(31337, 43, 18)
(31337, 55, 25)
(31340, 72, 35)
(31341, 70, 34)
(31342, 68, 33)
(31343, 67, 32)
(31344, 68, 33)
(31345, 67, 32)
(31346, 65, 31)
(31347, 63, 30)
(31348, 72, 35)
(31349, 70, 34)
(31350, 68, 33)
(31351, 67, 32)
(31352, 68, 33)
(31353, 67, 32)
(31354, 65, 31)
(31355, 63, 30)
(31360, 41, 17)
(31362, 43, 18)
(62727/2, 44, 19)
(31364, 46, 20)
(31372, 63, 30)
(31373, 62, 29)
(31374, 60, 28)
(31375, 58, 27)
(31376, 60, 28)
(31377, 58, 27)
(31378, 56, 26)
(31379, 55, 25)
(31380, 63, 30)
(31381, 62, 29)
(31382, 60, 28)
(31383, 58, 27)
(31384, 60, 28)
(31385, 58, 27)
(31386, 56, 26)
(31387, 55, 25)
(31388, 44, 19)
(31393, 44, 19)
(31394, 44, 19)
(31395, 44, 19)
(31396, 44, 19)
(31401, 44, 19)
(31402, 44, 19)
(31403, 44, 19)
(31404, 46, 20)
(31410, 46, 20)
(31412, 46, 20)
(31418, 44, 19)
(31420, 43, 18)
(31426, 43, 18)
(31428, 44, 19)
(31460, 36, 14)
(31465, 43, 18)
(31466, 40, 16)
(31467, 43, 18)
(31468, 36, 14)
(31473, 43, 18)
(31474, 40, 16)
(31475, 43, 18)
(31476, 41, 17)
(31480, 42, 17)
(31484, 43, 18)
(31488, 45, 19)
(31494, 43, 18)
(31496, 45, 19)
(31502, 43, 18)
(31504, 45, 19)
(31515, 46, 20)
(31516, 48, 21)
(31518, 46, 20)
(31520, 44, 19)
(31522, 43, 18)
(31524, 41, 17)
(31526, 46, 20)
(31528, 39, 16)
(31529, 46, 20)
(31530, 38, 15)
(31531, 46, 20)
(31532, 36, 14)
(31533, 48, 21)
(31534, 46, 20)
(31535, 53, 24)
(31536, 44, 19)
(31537, 46, 20)
(31538, 43, 18)
(31539, 46, 20)
(31540, 41, 17)
(31542, 46, 20)
(31544, 39, 16)
(31546, 41, 17)
(31548, 43, 18)
(31550, 43, 18)
(31552, 44, 19)
(31554, 41, 17)
(31556, 46, 20)
(31558, 46, 20)
(31560, 39, 16)
(31562, 41, 17)
(31564, 43, 18)
(31566, 43, 18)
(31568, 44, 19)
(31570, 45, 19)
(31572, 46, 20)
(31574, 47, 20)
(31575, 43, 18)
(31576, 48, 21)
(31577, 43, 18)
(31578, 53, 24)
(31579, 43, 18)
(31580, 51, 23)
(63161/2, 43, 18)
(31581, 51, 23)
(63163/2, 43, 18)
(31582, 41, 17)
(63165/2, 43, 18)
(31583, 41, 17)
(63167/2, 43, 18)
(31584, 39, 16)
(63169/2, 43, 18)
(31585, 39, 16)
(63171/2, 43, 18)
(31586, 38, 15)
(63173/2, 43, 18)
(31587, 38, 15)
(63175/2, 43, 18)
(31588, 36, 14)
(31592, 44, 19)
(31594, 41, 17)
(31596, 46, 20)
(31604, 39, 16)
(31622, 49, 22)
(31624, 48, 21)
(31626, 46, 20)
(31628, 45, 19)
(31630, 44, 19)
(31632, 43, 18)
(31634, 41, 17)
(31636, 39, 16)
(31640, 46, 20)
(31644, 51, 23)
(31648, 58, 27)
(31652, 63, 30)
(31660, 39, 16)
(31672, 39, 16)
(31676, 39, 16)
