(0, 67, 32)
(2, 73, 36)
(7/2, 72, 35)
(4, 72, 35)
(17/2, 65, 31)
(9, 67, 32)
(19/2, 68, 33)
(10, 68, 33)
(11, 67, 32)
(12, 72, 35)
(14, 79, 39)
(31/2, 78, 38)
(16, 78, 38)
(45/2, 69, 33)
(23, 71, 34)
(47/2, 72, 35)
(24, 72, 35)
(25, 70, 34)
(26, 70, 34)
(28, 68, 33)
(29, 72, 35)
(59/2, 77, 38)
(30, 75, 37)
(31, 74, 36)
(63/2, 72, 35)
(32, 72, 35)
(65/2, 74, 36)
(131/4, 72, 35)
(263/8, 70, 34)
(267/8, 68, 33)
(271/8, 68, 33)
(279/8, 67, 32)
(36, 67, 32)
(36, 70, 34)
(73/2, 70, 34)
(37, 68, 33)
(75/2, 67, 32)
(38, 64, 30)
(39, 65, 31)
(81/2, 65, 31)
(41, 65, 31)
(83/2, 65, 31)
(42, 68, 33)
(43, 67, 32)
(89/2, 67, 32)
(45, 67, 32)
(91/2, 67, 32)
(46, 77, 38)
(47, 75, 37)
(97/2, 75, 37)
(101/2, 75, 37)
(105/2, 66, 32)
(53, 65, 31)
(107/2, 63, 30)
(54, 63, 30)
(109/2, 62, 29)
(111/2, 65, 31)
(56, 70, 34)
(113/2, 70, 34)
(57, 70, 34)
(115/2, 71, 34)
(58, 74, 36)
(117/2, 72, 35)
(60, 72, 35)
(125/2, 72, 35)
(63, 77, 38)
(127/2, 75, 37)
(64, 75, 37)
(66, 74, 36)
(67, 70, 34)
(71, 75, 37)
(73, 74, 36)
(74, 75, 37)
(75, 74, 36)
(76, 72, 35)
(77, 70, 34)
(78, 72, 35)
(79, 70, 34)
(82, 68, 33)
(83, 67, 32)
(86, 67, 32)
(88, 65, 31)
(90, 67, 32)
(92, 68, 33)
(94, 72, 35)
(95, 75, 37)
(96, 70, 34)
(97, 68, 33)
(197/2, 67, 32)
(99, 67, 32)
(101, 65, 31)
(102, 70, 34)
(103, 75, 37)
(105, 74, 36)
(106, 75, 37)
(107, 74, 36)
(108, 72, 35)
(109, 70, 34)
(219/2, 79, 39)
(110, 75, 37)
(221/2, 67, 32)
(111, 70, 34)
(114, 68, 33)
(115, 67, 32)
(118, 67, 32)
(119, 67, 32)
(119, 70, 34)
(120, 70, 34)
(121, 68, 33)
(122, 67, 32)
(123, 67, 32)
(124, 68, 33)
(126, 68, 33)
(127, 73, 36)
(128, 73, 36)
(129, 72, 35)
(130, 71, 34)
(131, 71, 34)
(263/2, 72, 35)
(132, 71, 34)
(265/2, 72, 35)
(133, 74, 36)
(267/2, 72, 35)
(134, 68, 33)
(269/2, 65, 31)
(135, 86, 43)
(136, 86, 43)
(137, 84, 42)
(138, 82, 41)
(139, 82, 41)
(419/3, 79, 39)
(421/3, 75, 37)
(141, 72, 35)
(425/3, 47, 20)
(425/3, 51, 22)
(425/3, 54, 24)
(425/3, 68, 33)
(427/3, 65, 31)
(143, 62, 29)
(144, 63, 30)
(145, 67, 32)
(293/2, 65, 31)
(147, 63, 30)
(150, 58, 27)
(155, 70, 34)
(156, 75, 37)
(157, 67, 32)
(158, 72, 35)
(159, 70, 34)
(160, 68, 33)
(161, 65, 31)
(162, 68, 33)
(163, 67, 32)
(166, 70, 34)
(167, 82, 41)
(172, 87, 44)
(173, 81, 40)
(174, 84, 42)
(175, 82, 41)
(176, 80, 40)
(177, 77, 38)
(178, 80, 40)
(179, 79, 39)
(361/2, 67, 32)
(181, 79, 39)
(365/2, 77, 38)
(183, 75, 37)
(369/2, 74, 36)
(185, 72, 35)
(187, 67, 32)
(188, 68, 33)
(189, 80, 40)
(381/2, 79, 39)
(191, 77, 38)
(385/2, 75, 37)
(193, 74, 36)
(389/2, 72, 35)
(195, 69, 33)
(196, 70, 34)
(197, 86, 43)
(200, 74, 36)
(201, 86, 43)
(423/2, 82, 41)
(212, 79, 39)
(425/2, 74, 36)
(213, 70, 34)
(427/2, 82, 41)
(214, 81, 40)
(429/2, 78, 38)
(215, 80, 40)
(431/2, 79, 39)
(216, 74, 36)
(433/2, 70, 34)
(217, 74, 36)
(435/2, 70, 34)
(218, 67, 32)
(437/2, 65, 31)
(219, 63, 30)
(220, 67, 32)
(220, 70, 34)
(224, 73, 36)
(225, 72, 35)
(226, 70, 34)
(227, 65, 31)
(228, 69, 33)
(230, 72, 35)
(232, 75, 37)
(233, 79, 39)
(234, 77, 38)
(235, 77, 38)
(237, 75, 37)
(238, 72, 35)
(239, 70, 34)
(240, 67, 32)
(241, 65, 31)
(242, 65, 31)
(243, 65, 31)
(244, 77, 38)
(245, 75, 37)
(246, 72, 35)
(247, 70, 34)
(248, 67, 32)
(249, 65, 31)
(250, 65, 31)
(251, 65, 31)
(252, 66, 31)
(253, 67, 32)
(256, 68, 33)
(257, 71, 34)
(260, 70, 34)
(261, 72, 35)
(262, 74, 36)
(267, 77, 38)
(269, 57, 26)
(271, 58, 27)
(275, 70, 34)
(277, 77, 38)
(279, 82, 41)
(281, 80, 40)
(282, 77, 38)
(283, 79, 39)
(284, 75, 37)
(285, 74, 36)
(286, 70, 34)
(287, 75, 37)
(288, 70, 34)
(289, 68, 33)
(290, 65, 31)
(291, 67, 32)
(292, 63, 30)
(587/2, 62, 29)
(294, 58, 27)
(591/2, 57, 26)
(296, 58, 27)
(593/2, 60, 28)
(297, 61, 29)
(595/2, 60, 28)
(298, 58, 27)
(597/2, 57, 26)
(299, 58, 27)
(599/2, 58, 26)
(300, 58, 27)
(601/2, 60, 28)
(301, 61, 29)
(603/2, 60, 28)
(302, 61, 29)
(605/2, 58, 27)
(303, 61, 29)
(607/2, 60, 28)
(304, 61, 29)
(609/2, 63, 30)
(305, 65, 31)
(611/2, 63, 30)
(306, 61, 29)
(613/2, 60, 28)
(307, 61, 29)
(615/2, 60, 28)
(615/2, 61, 29)
(308, 63, 30)
(617/2, 65, 31)
(309, 63, 30)
(619/2, 65, 31)
(310, 61, 29)
(311, 63, 30)
(623/2, 62, 29)
(312, 63, 30)
(625/2, 65, 31)
(313, 65, 31)
(627/2, 63, 30)
(314, 62, 29)
(315, 63, 30)
(631/2, 62, 29)
(316, 63, 30)
(633/2, 66, 32)
(317, 63, 30)
(635/2, 62, 29)
(318, 63, 30)
(637/2, 66, 32)
(319, 63, 30)
(639/2, 62, 29)
(320, 63, 30)
(641/2, 65, 31)
(321, 66, 32)
(643/2, 65, 31)
(322, 63, 30)
(645/2, 62, 29)
(323, 63, 30)
(647/2, 65, 31)
(324, 66, 32)
(649/2, 69, 33)
(325, 72, 35)
(651/2, 70, 34)
(326, 69, 33)
(653/2, 72, 35)
(327, 75, 37)
(655/2, 72, 35)
(328, 69, 33)
(657/2, 65, 31)
(329, 66, 32)
(659/2, 63, 30)
(330, 60, 28)
(661/2, 58, 27)
(331, 57, 26)
(665/2, 60, 28)
(333, 63, 30)
(667/2, 65, 31)
(334, 72, 35)
(669/2, 77, 38)
(335, 86, 43)
(338, 77, 38)
(339, 82, 41)
(341, 81, 40)
(342, 82, 41)
(343, 81, 40)
(344, 79, 39)
(345, 77, 38)
(346, 79, 39)
(347, 77, 38)
(350, 75, 37)
(351, 74, 36)
(354, 72, 35)
(355, 70, 34)
(357, 69, 33)
(358, 70, 34)
(359, 69, 33)
(360, 67, 32)
(361, 65, 31)
(362, 67, 32)
(363, 65, 31)
(366, 63, 30)
(367, 62, 29)
(370, 70, 34)
(373, 75, 37)
(375, 74, 36)
(376, 75, 37)
(377, 74, 36)
(378, 72, 35)
(379, 70, 34)
(380, 72, 35)
(381, 70, 34)
(384, 68, 33)
(385, 67, 32)
(388, 67, 32)
(390, 65, 31)
(392, 67, 32)
(397, 75, 37)
(398, 70, 34)
(399, 68, 33)
(801/2, 67, 32)
(401, 67, 32)
(403, 65, 31)
(404, 70, 34)
(405, 75, 37)
(407, 74, 36)
(408, 75, 37)
(409, 74, 36)
(410, 72, 35)
(411, 70, 34)
(412, 72, 35)
(413, 70, 34)
(413, 74, 36)
(415, 68, 33)
(417, 67, 32)
(457, 82, 41)
(459, 80, 40)
(460, 79, 39)
(461, 74, 36)
(465, 82, 41)
(467, 81, 40)
(468, 79, 39)
(469, 74, 36)
(474, 74, 36)
(474, 72, 35)
(475, 74, 36)
(476, 76, 37)
(477, 77, 38)
(482, 77, 38)
(483, 76, 37)
(484, 74, 36)
(485, 81, 40)
(487, 80, 39)
(489, 88, 44)
(491, 86, 43)
(492, 83, 41)
(493, 81, 40)
(494, 77, 38)
(495, 76, 37)
(496, 76, 37)
(497, 76, 37)
(1003/2, 72, 35)
(502, 69, 33)
(1005/2, 62, 29)
(503, 64, 30)
(1007/2, 68, 32)
(504, 64, 30)
(505, 69, 33)
(1516/3, 64, 30)
(506, 69, 33)
(1013/2, 68, 32)
(507, 64, 30)
(1017/2, 68, 32)
(509, 69, 33)
(1019/2, 63, 30)
(1021/2, 69, 33)
(511, 70, 34)
(1023/2, 68, 32)
(1025/2, 70, 34)
(513, 72, 35)
(1027/2, 69, 33)
(514, 72, 35)
(1029/2, 69, 33)
(515, 74, 36)
(1031/2, 71, 34)
(516, 74, 36)
(1033/2, 71, 34)
(517, 76, 37)
(520, 76, 37)
(521, 81, 40)
(523, 79, 39)
(524, 81, 40)
(525, 79, 39)
(526, 77, 38)
(527, 76, 37)
(528, 77, 38)
(529, 76, 37)
(531, 74, 36)
(532, 76, 37)
(533, 74, 36)
(534, 72, 35)
(535, 71, 34)
(536, 72, 35)
(537, 71, 34)
(538, 70, 33)
(539, 68, 32)
(540, 70, 33)
(541, 55, 25)
(542, 57, 26)
(548, 81, 40)
(549, 86, 43)
(551, 84, 42)
(552, 86, 43)
(553, 84, 42)
(554, 83, 41)
(555, 86, 43)
(556, 77, 38)
(557, 77, 38)
(558, 76, 37)
(560, 81, 40)
(561, 81, 40)
(562, 80, 39)
(563, 86, 43)
(564, 77, 38)
(565, 77, 38)
(566, 76, 37)
(568, 64, 30)
(569, 69, 33)
(569, 72, 35)
(571, 70, 34)
(1143/2, 67, 32)
(573, 71, 34)
(574, 69, 33)
(575, 69, 33)
(576, 72, 35)
(577, 72, 35)
(578, 71, 34)
(579, 71, 34)
(580, 74, 36)
(581, 74, 36)
(1163/2, 72, 35)
(582, 72, 35)
(1165/2, 76, 37)
(583, 76, 37)
(1167/2, 74, 36)
(584, 74, 36)
(1169/2, 77, 38)
(585, 77, 38)
(1171/2, 76, 37)
(586, 76, 37)
(1173/2, 81, 40)
(587, 81, 40)
(1175/2, 80, 39)
(588, 80, 39)
(1177/2, 83, 41)
(589, 81, 40)
(590, 84, 42)
(1181/2, 83, 41)
(591, 83, 41)
(592, 86, 43)
(2371/4, 74, 36)
(2371/4, 84, 42)
(593, 84, 42)
(1187/2, 81, 40)
(594, 84, 42)
(1189/2, 81, 40)
(595, 84, 42)
(1191/2, 81, 40)
(596, 84, 42)
(1193/2, 81, 40)
(597, 84, 42)
(1195/2, 81, 40)
(598, 84, 42)
(1197/2, 81, 40)
(599, 84, 42)
(1199/2, 81, 40)
(600, 84, 42)
(1201/2, 81, 40)
(601, 87, 44)
(603, 84, 42)
(604, 81, 40)
(605, 78, 38)
(606, 75, 37)
(607, 74, 36)
(608, 74, 36)
(609, 74, 36)
(610, 78, 38)
(611, 79, 39)
(1225/2, 81, 40)
(613, 82, 41)
(615, 79, 39)
(616, 76, 37)
(617, 73, 35)
(618, 70, 34)
(619, 69, 33)
(620, 64, 30)
(621, 67, 32)
(622, 66, 31)
(624, 66, 31)
(625, 75, 37)
(626, 74, 36)
(628, 70, 34)
(629, 81, 40)
(630, 79, 39)
(632, 70, 34)
(633, 81, 40)
(634, 79, 39)
(636, 70, 34)
(637, 81, 40)
(638, 79, 39)
(640, 72, 35)
(641, 82, 41)
(642, 81, 40)
(644, 74, 36)
(645, 84, 42)
(646, 83, 41)
(649, 91, 46)
(669, 79, 39)
(669, 89, 45)
(672, 84, 42)
(673, 87, 44)
(674, 86, 43)
(675, 84, 42)
(676, 81, 40)
(677, 84, 42)
(678, 82, 41)
(679, 81, 40)
(680, 79, 39)
(681, 86, 43)
(692, 67, 32)
(693, 74, 36)
(699, 70, 34)
(701, 75, 37)
(703, 74, 36)
(704, 75, 37)
(705, 74, 36)
(706, 72, 35)
(707, 70, 34)
(708, 72, 35)
(709, 70, 34)
(712, 68, 33)
(713, 67, 32)
(716, 67, 32)
(717, 67, 32)
(718, 65, 31)
(720, 67, 32)
(721, 67, 32)
(722, 68, 33)
(724, 72, 35)
(725, 70, 34)
(726, 75, 37)
(727, 70, 34)
(728, 68, 33)
(729, 67, 32)
(731, 65, 31)
(732, 70, 34)
(733, 75, 37)
(735, 74, 36)
(736, 75, 37)
(737, 74, 36)
(738, 72, 35)
(1477/2, 70, 34)
(739, 82, 41)
(1479/2, 79, 39)
(740, 75, 37)
(1481/2, 72, 35)
(743, 68, 33)
(745, 67, 32)
(748, 67, 32)
(749, 70, 34)
(750, 70, 34)
(751, 68, 33)
(752, 67, 32)
(753, 67, 32)
(754, 68, 33)
(756, 68, 33)
(757, 73, 36)
(758, 73, 36)
(759, 72, 35)
(760, 71, 34)
(761, 71, 34)
(1523/2, 72, 35)
(762, 71, 34)
(1525/2, 72, 35)
(763, 74, 36)
(1527/2, 72, 35)
(764, 68, 33)
(1529/2, 65, 31)
(765, 86, 43)
(766, 86, 43)
(767, 84, 42)
(768, 82, 41)
(769, 82, 41)
(771, 80, 40)
(772, 77, 38)
(773, 75, 37)
(774, 72, 35)
(775, 70, 34)
(776, 70, 34)
(777, 70, 34)
(778, 82, 41)
(778, 86, 43)
(779, 80, 40)
(780, 77, 38)
(781, 75, 37)
(782, 72, 35)
(783, 70, 34)
(784, 70, 34)
(785, 70, 34)
(786, 71, 34)
(787, 72, 35)
(790, 74, 36)
(793, 75, 37)
(795, 77, 38)
(796, 79, 39)
(797, 80, 40)
(2393/3, 77, 38)
(2395/3, 72, 35)
(799, 74, 36)
(800, 70, 34)
(801, 82, 41)
(807, 62, 29)
(809, 63, 30)
(811, 70, 34)
(817, 87, 44)
(819, 86, 43)
(820, 82, 41)
(821, 83, 42)
(822, 80, 40)
(823, 79, 39)
(824, 75, 37)
(825, 80, 40)
(826, 75, 37)
(827, 73, 36)
(828, 70, 34)
(829, 71, 35)
(830, 68, 33)
(831, 67, 32)
(832, 63, 30)
(1667/2, 62, 29)
(834, 63, 30)
(1669/2, 65, 31)
(835, 66, 32)
(1671/2, 65, 31)
(836, 63, 30)
(1673/2, 62, 29)
(837, 64, 30)
(1675/2, 62, 29)
(838, 64, 30)
(1677/2, 65, 31)
(839, 66, 32)
(1679/2, 64, 30)
(840, 59, 28)
(1681/2, 58, 27)
(841, 57, 26)
(1683/2, 66, 32)
(842, 76, 37)
(1685/2, 66, 32)
(843, 76, 37)
(1687/2, 66, 32)
(844, 57, 26)
(1689/2, 66, 32)
(845, 56, 26)
(1691/2, 66, 32)
(846, 76, 37)
(1693/2, 66, 32)
(847, 76, 37)
(1695/2, 66, 32)
(848, 56, 26)
(1697/2, 66, 32)
(849, 55, 25)
(1699/2, 64, 30)
(850, 72, 35)
(1701/2, 79, 39)
(851, 79, 39)
(1703/2, 72, 35)
(852, 64, 30)
(1705/2, 55, 25)
(853, 64, 30)
(1707/2, 72, 35)
(854, 72, 35)
(1709/2, 78, 39)
(855, 72, 35)
(1711/2, 64, 30)
(856, 72, 35)
(857, 64, 30)
(858, 72, 35)
(1717/2, 81, 40)
(859, 81, 40)
(860, 72, 35)
(1721/2, 64, 30)
(861, 64, 30)
(1723/2, 72, 35)
(862, 81, 40)
(1725/2, 72, 35)
(863, 81, 40)
(1727/2, 72, 35)
(864, 64, 30)
(1729/2, 72, 35)
(865, 81, 40)
(1731/2, 77, 38)
(866, 74, 36)
(1733/2, 70, 34)
(867, 69, 33)
(1735/2, 65, 31)
(868, 62, 29)
(1737/2, 58, 27)
(869, 56, 26)
(870, 86, 43)
(871, 84, 42)
(872, 82, 41)
(873, 82, 41)
(878, 86, 43)
(879, 84, 42)
(880, 82, 41)
(881, 82, 41)
(886, 86, 43)
(887, 84, 42)
(888, 82, 41)
(889, 82, 41)
(892, 82, 41)
(893, 87, 44)
(895, 86, 43)
(896, 87, 44)
(897, 86, 43)
(898, 84, 42)
(899, 82, 41)
(900, 84, 42)
(901, 82, 41)
(904, 80, 40)
(905, 79, 39)
(908, 77, 38)
(909, 75, 37)
(912, 73, 36)
(913, 72, 35)
(916, 70, 34)
(917, 68, 33)
(920, 68, 33)
(921, 67, 32)
(924, 67, 32)
(925, 65, 31)
(930, 65, 31)
(931, 65, 31)
(932, 65, 31)
(933, 66, 31)
(938, 66, 31)
(939, 66, 31)
(940, 66, 31)
(941, 67, 32)
(946, 67, 32)
(947, 67, 32)
(948, 67, 32)
(949, 70, 34)
(951, 69, 33)
(954, 69, 33)
(955, 69, 33)
(956, 69, 33)
(957, 70, 34)
(957, 68, 33)
(962, 70, 34)
(962, 70, 34)
(963, 70, 34)
(964, 70, 34)
(965, 77, 38)
(969, 71, 34)
(1028, 82, 41)
(1029, 79, 39)
(1029, 87, 44)
(1032, 86, 43)
(1033, 86, 43)
(1034, 84, 42)
(1035, 82, 41)
(1036, 84, 42)
(1037, 82, 41)
(1040, 80, 40)
(1041, 79, 39)
(1042, 79, 39)
(1043, 80, 40)
(1044, 74, 36)
(1045, 75, 37)
(1046, 82, 41)
(1047, 85, 43)
(1048, 76, 37)
(1049, 77, 38)
(1050, 87, 44)
(1051, 86, 43)
(1052, 84, 42)
(1053, 84, 42)
(1054, 82, 41)
(1056, 80, 40)
(1057, 79, 39)
(1058, 79, 39)
(1059, 80, 40)
(1060, 74, 36)
(1061, 75, 37)
(1062, 82, 41)
(1063, 85, 43)
(1064, 76, 37)
(1065, 77, 38)
(1066, 87, 44)
(1067, 86, 43)
(1068, 84, 42)
(1069, 84, 42)
(1070, 82, 41)
(1071, 91, 46)
(2155/2, 86, 43)
(1078, 88, 44)
(2157/2, 83, 41)
(1079, 86, 43)
(2159/2, 84, 42)
(1080, 81, 40)
(2161/2, 77, 38)
(1081, 76, 37)
(1082, 79, 39)
(1083, 82, 41)
(1086, 77, 38)
(1087, 81, 40)
(2177/2, 79, 39)
(1089, 76, 37)
(1092, 82, 41)
(1093, 88, 44)
(1095, 85, 43)
(1096, 88, 44)
(1097, 85, 43)
(1098, 84, 42)
(1100, 77, 38)
(1101, 82, 41)
(1103, 80, 40)
(1104, 82, 41)
(1105, 80, 40)
(1106, 79, 39)
(1108, 70, 34)
(1109, 75, 37)
(1111, 73, 36)
(1112, 75, 37)
(1113, 73, 36)
(1114, 72, 35)
(1116, 65, 31)
(1117, 70, 34)
(1119, 68, 33)
(1120, 70, 34)
(1121, 68, 33)
(1122, 67, 32)
(1123, 82, 41)
(1127, 82, 41)
(1131, 82, 41)
(1135, 81, 40)
(1136, 82, 41)
(1137, 81, 40)
(2275/2, 79, 39)
(1138, 82, 41)
(2277/2, 79, 39)
(1139, 77, 38)
(2279/2, 75, 37)
(1140, 79, 39)
(2281/2, 75, 37)
(1141, 72, 35)
(2283/2, 70, 34)
(1142, 75, 37)
(2285/2, 70, 34)
(1143, 69, 33)
(2287/2, 67, 32)
(1144, 70, 34)
(2289/2, 67, 32)
(1145, 65, 31)
(2291/2, 63, 30)
(1146, 67, 32)
(2293/2, 63, 30)
(1147, 60, 28)
(2295/2, 58, 27)
(1148, 63, 30)
(2297/2, 58, 27)
(1149, 55, 25)
(2299/2, 58, 27)
(1150, 63, 30)
(2301/2, 67, 32)
(1151, 70, 34)
(2303/2, 67, 32)
(1152, 63, 30)
(2305/2, 58, 27)
(1153, 55, 25)
(1153, 58, 27)
(1155, 58, 27)
(1157, 63, 30)
(10000, 63, 30)
(20017/2, 62, 29)
(10009, 63, 30)
(20019/2, 62, 29)
(10010, 62, 29)
(10011, 63, 30)
(10012, 67, 32)
(10016, 69, 33)
(20049/2, 77, 38)
(10025, 79, 39)
(20051/2, 80, 40)
(10026, 80, 40)
(10027, 79, 39)
(20057/2, 77, 38)
(10029, 80, 40)
(20059/2, 72, 35)
(10030, 68, 33)
(10033, 67, 32)
(20067/2, 65, 31)
(10034, 65, 31)
(10035, 63, 30)
(20071/2, 63, 30)
(10036, 58, 27)
(20073/2, 58, 27)
(10037, 58, 27)
(20075/2, 58, 27)
(10038, 60, 28)
(10040, 60, 28)
(20083/2, 61, 29)
(10042, 61, 29)
(10044, 61, 29)
(10046, 68, 33)
(10048, 63, 30)
(20097/2, 56, 26)
(20099/2, 63, 30)
(10050, 58, 27)
(20101/2, 67, 32)
(20103/2, 58, 27)
(10052, 60, 28)
(10054, 58, 27)
(10055, 62, 29)
(10056, 63, 30)
(20113/2, 63, 30)
(10057, 67, 32)
(20115/2, 65, 31)
(10058, 63, 30)
(10063, 60, 28)
(10064, 68, 33)
(10067, 58, 27)
(10071, 67, 32)
(20143/2, 69, 33)
(20145/2, 70, 34)
(10075, 63, 30)
(10076, 65, 31)
(10077, 67, 32)
(10079, 67, 32)
(10081, 65, 31)
(10083, 63, 30)
(10086, 58, 27)
(10087, 60, 28)
(10089, 61, 29)
(10091, 63, 30)
(10093, 60, 28)
(10093, 63, 30)
(10095, 58, 27)
(10096, 67, 32)
(10097, 63, 30)
(10098, 63, 30)
(10099, 63, 30)
(10101, 62, 29)
(10102, 67, 32)
(10103, 67, 32)
(20207/2, 69, 33)
(20209/2, 70, 34)
(10107, 63, 30)
(10108, 65, 31)
(10109, 67, 32)
(10112, 63, 30)
(10113, 62, 29)
(10115, 63, 30)
(10118, 58, 27)
(10119, 55, 25)
(10120, 55, 25)
(10121, 56, 26)
(10122, 58, 27)
(10123, 56, 26)
(20247/2, 63, 30)
(10124, 62, 29)
(20249/2, 63, 30)
(10125, 65, 31)
(20251/2, 63, 30)
(10126, 60, 28)
(20253/2, 56, 26)
(10127, 55, 25)
(10128, 55, 25)
(10129, 56, 26)
(10130, 61, 29)
(10131, 60, 28)
(10134, 60, 28)
(10135, 65, 31)
(10135, 70, 34)
(10135, 58, 27)
(10139, 63, 30)
(10142, 60, 28)
(10143, 58, 27)
(10145, 60, 28)
(10146, 62, 29)
(10147, 63, 30)
(20295/2, 58, 27)
(10148, 63, 30)
(20297/2, 58, 27)
(10149, 62, 29)
(20299/2, 58, 27)
(10150, 62, 29)
(20301/2, 58, 27)
(10151, 63, 30)
(20303/2, 58, 27)
(10152, 63, 30)
(20305/2, 58, 27)
(20307/2, 58, 27)
(10154, 65, 31)
(20309/2, 58, 27)
(10155, 63, 30)
(10161, 62, 29)
(10163, 63, 30)
(20327/2, 67, 32)
(10164, 63, 30)
(20329/2, 67, 32)
(10165, 70, 34)
(20331/2, 65, 31)
(10166, 70, 34)
(20333/2, 65, 31)
(10167, 70, 34)
(20335/2, 67, 32)
(10168, 70, 34)
(20337/2, 67, 32)
(10169, 68, 33)
(20339/2, 65, 31)
(10170, 68, 33)
(20341/2, 65, 31)
(10171, 67, 32)
(10175, 65, 31)
(10179, 63, 30)
(10181, 75, 37)
(20365/2, 74, 36)
(10183, 72, 35)
(20369/2, 70, 34)
(10185, 67, 32)
(10187, 64, 30)
(10188, 65, 31)
(10189, 77, 38)
(20381/2, 75, 37)
(10191, 74, 36)
(10191, 77, 38)
(10193, 72, 35)
(20387/2, 70, 34)
(20389/2, 69, 33)
(10195, 67, 32)
(10196, 65, 31)
(20393/2, 74, 36)
(10197, 68, 33)
(10199, 67, 32)
(20399/2, 70, 34)
(10200, 74, 36)
(20401/2, 70, 34)
(10202, 72, 35)
(30607/3, 74, 36)
(30608/3, 72, 35)
(10203, 70, 34)
(20407/2, 74, 36)
(10204, 75, 37)
(20409/2, 74, 36)
(10205, 78, 38)
(30616/3, 84, 42)
(30619/3, 81, 40)
(30620/3, 78, 38)
(10207, 79, 39)
(20415/2, 74, 36)
(10208, 70, 34)
(20417/2, 67, 32)
(10209, 79, 39)
(10210, 66, 31)
(30631/3, 62, 29)
(30632/3, 60, 28)
(10211, 58, 27)
(10211, 62, 29)
(10211, 70, 34)
(10213, 55, 25)
(10213, 62, 29)
(10213, 70, 34)
(10215, 70, 34)
(10219, 58, 27)
(10221, 58, 27)
(10221, 64, 30)
(10223, 58, 27)
(10223, 64, 30)
(10227, 60, 28)
(10227, 63, 30)
(10229, 60, 28)
(10229, 63, 30)
(10231, 60, 28)
(10231, 63, 30)
(10235, 62, 29)
(10237, 63, 30)
(10239, 65, 31)
(10241, 63, 30)
(10243, 62, 29)
(10245, 63, 30)
(10247, 65, 31)
(10249, 63, 30)
(10251, 62, 29)
(10253, 65, 31)
(10255, 63, 30)
(10257, 68, 33)
(10259, 67, 32)
(10260, 65, 31)
(10261, 67, 32)
(10262, 65, 31)
(10263, 62, 29)
(20527/2, 65, 31)
(10264, 65, 31)
(41059/4, 69, 33)
(41061/4, 65, 31)
(41065/4, 65, 31)
(10267, 70, 34)
(20535/2, 65, 31)
(20537/2, 65, 31)
(10269, 72, 35)
(20539/2, 65, 31)
(20541/2, 65, 31)
(10271, 74, 36)
(20543/2, 70, 34)
(20545/2, 74, 36)
(10273, 72, 35)
(20547/2, 69, 33)
(20549/2, 72, 35)
(10275, 74, 36)
(20551/2, 70, 34)
(10276, 72, 35)
(20553/2, 74, 36)
(10277, 75, 37)
(20555/2, 72, 35)
(10278, 75, 37)
(20557/2, 72, 35)
(10279, 70, 34)
(10281, 68, 33)
(20563/2, 65, 31)
(10283, 66, 32)
(10284, 63, 30)
(10285, 62, 29)
(10286, 58, 27)
(10287, 63, 30)
(10288, 58, 27)
(10295, 63, 30)
(10299, 64, 30)
(10303, 65, 31)
(10307, 67, 32)
(10311, 68, 33)
(10315, 69, 33)
(10317, 70, 34)
(10319, 72, 35)
(10323, 72, 35)
(10325, 75, 37)
(10327, 68, 33)
(10327, 80, 40)
(10335, 70, 34)
(10335, 77, 38)
(10335, 62, 29)
(10340, 76, 37)
(10341, 77, 38)
(10343, 70, 34)
(20687/2, 72, 35)
(20689/2, 74, 36)
(10347, 74, 36)
(10349, 72, 35)
(10351, 70, 34)
(10352, 65, 31)
(10354, 63, 30)
(10355, 62, 29)
(10357, 58, 27)
(10362, 63, 30)
(10363, 62, 29)
(10365, 60, 28)
(10367, 58, 27)
(10370, 58, 27)
(10373, 67, 32)
(20747/2, 69, 33)
(20749/2, 70, 34)
(10377, 63, 30)
(10378, 65, 31)
(10379, 67, 32)
(10381, 67, 32)
(10383, 65, 31)
(10385, 63, 30)
(10388, 58, 27)
(10389, 60, 28)
(10391, 61, 29)
(10393, 63, 30)
(10395, 60, 28)
(10395, 63, 30)
(10397, 58, 27)
(10398, 67, 32)
(10399, 65, 31)
(10400, 63, 30)
(10401, 63, 30)
(10403, 62, 29)
(10404, 63, 30)
(10405, 67, 32)
(10408, 65, 31)
(10409, 63, 30)
(10411, 67, 32)
(10412, 68, 33)
(10413, 67, 32)
(10416, 65, 31)
(10417, 64, 30)
(10425, 68, 33)
(10427, 67, 32)
(10428, 65, 31)
(10429, 60, 28)
(10433, 68, 33)
(10435, 67, 32)
(10436, 65, 31)
(10437, 60, 28)
(10442, 58, 27)
(10443, 60, 28)
(10444, 62, 29)
(10445, 63, 30)
(10450, 63, 30)
(10451, 62, 29)
(10452, 60, 28)
(10453, 67, 32)
(10453, 72, 35)
(10455, 60, 28)
(10457, 58, 27)
(20915/2, 55, 25)
(10458, 58, 27)
(20917/2, 55, 25)
(10459, 58, 27)
(20919/2, 62, 29)
(10460, 58, 27)
(20921/2, 62, 29)
(10461, 60, 28)
(20923/2, 62, 29)
(10462, 60, 28)
(20925/2, 62, 29)
(10463, 60, 28)
(20927/2, 62, 29)
(10464, 60, 28)
(20929/2, 62, 29)
(10465, 58, 27)
(20931/2, 62, 29)
(10466, 67, 32)
(20933/2, 69, 33)
(10467, 70, 34)
(20935/2, 74, 36)
(10468, 70, 34)
(20937/2, 74, 36)
(10469, 72, 35)
(20939/2, 62, 29)
(10470, 72, 35)
(20941/2, 62, 29)
(10471, 72, 35)
(20943/2, 62, 29)
(10472, 72, 35)
(20945/2, 62, 29)
(10473, 70, 34)
(20947/2, 67, 32)
(10474, 62, 29)
(20949/2, 67, 32)
(10475, 70, 34)
(20951/2, 67, 32)
(10476, 62, 29)
(20953/2, 67, 32)
(10477, 71, 34)
(20955/2, 65, 31)
(10478, 71, 34)
(20957/2, 65, 31)
(10479, 71, 34)
(20959/2, 65, 31)
(10480, 71, 34)
(20961/2, 65, 31)
(10481, 69, 33)
(20963/2, 65, 31)
(10482, 69, 33)
(20965/2, 65, 31)
(10483, 69, 33)
(20967/2, 65, 31)
(10484, 69, 33)
(20969/2, 65, 31)
(10485, 62, 29)
(20971/2, 65, 31)
(10486, 62, 29)
(20973/2, 65, 31)
(10487, 62, 29)
(20975/2, 65, 31)
(10488, 62, 29)
(20977/2, 65, 31)
(10489, 62, 29)
(20979/2, 59, 27)
(10490, 62, 29)
(20981/2, 59, 27)
(10491, 62, 29)
(20983/2, 59, 27)
(10492, 62, 29)
(20985/2, 59, 27)
(10493, 60, 28)
(20987/2, 64, 30)
(10494, 69, 33)
(20989/2, 64, 30)
(10495, 62, 29)
(20991/2, 64, 30)
(10496, 68, 32)
(20993/2, 64, 30)
(10497, 60, 28)
(20995/2, 64, 30)
(10498, 69, 33)
(20997/2, 64, 30)
(10499, 62, 29)
(20999/2, 64, 30)
(10500, 68, 32)
(21001/2, 64, 30)
(10501, 60, 28)
(21003/2, 64, 30)
(10502, 69, 33)
(10503, 59, 27)
(21007/2, 62, 29)
(10504, 59, 27)
(10505, 60, 28)
(21011/2, 62, 29)
(10506, 60, 28)
(21013/2, 62, 29)
(10507, 64, 30)
(10509, 69, 33)
(31528/3, 64, 30)
(10510, 69, 33)
(21021/2, 65, 31)
(21023/2, 67, 32)
(63071/6, 64, 30)
(21025/2, 67, 32)
(10513, 70, 33)
(21027/2, 65, 30)
(21029/2, 70, 33)
(10515, 70, 34)
(21031/2, 68, 32)
(21033/2, 70, 34)
(10517, 72, 35)
(21035/2, 69, 33)
(10518, 72, 35)
(21037/2, 69, 33)
(10519, 74, 36)
(21039/2, 71, 34)
(10520, 74, 36)
(21041/2, 71, 34)
(10521, 76, 37)
(10524, 69, 33)
(10525, 74, 36)
(10527, 72, 35)
(10528, 74, 36)
(10529, 72, 35)
(10530, 71, 34)
(10531, 69, 33)
(10532, 71, 34)
(10533, 69, 33)
(10535, 68, 32)
(10536, 69, 33)
(10537, 68, 32)
(10538, 69, 33)
(10539, 63, 30)
(10544, 76, 37)
(10545, 81, 40)
(10547, 79, 39)
(10548, 81, 40)
(10549, 79, 39)
(10550, 77, 38)
(10551, 76, 37)
(10552, 77, 38)
(10553, 76, 37)
(10554, 74, 36)
(10555, 77, 38)
(10556, 74, 36)
(10557, 74, 36)
(10558, 71, 34)
(10559, 59, 27)
(10559, 62, 29)
(10561, 62, 29)
(10562, 58, 27)
(10563, 59, 27)
(10564, 57, 26)
(10565, 57, 26)
(10566, 55, 25)
(42265/4, 64, 30)
(10570, 65, 31)
(10571, 63, 30)
(10576, 57, 26)
(10577, 57, 26)
(10578, 64, 30)
(10579, 64, 30)
(10580, 68, 32)
(10581, 68, 32)
(21163/2, 65, 31)
(21167/2, 68, 33)
(21169/2, 68, 33)
(10585, 71, 34)
(21171/2, 72, 35)
(10586, 72, 35)
(21173/2, 69, 33)
(10587, 69, 33)
(21175/2, 63, 30)
(10588, 63, 30)
(21177/2, 68, 32)
(10589, 69, 33)
(10590, 76, 37)
(10592, 80, 39)
(42371/4, 81, 40)
(10593, 51, 23)
(10593, 60, 28)
(10594, 51, 23)
(10594, 60, 28)
(10595, 51, 23)
(10595, 60, 28)
(10597, 51, 23)
(10597, 60, 28)
(10601, 39, 16)
(10609, 58, 27)
(10613, 55, 25)
(10622, 57, 26)
(10623, 57, 26)
(10626, 55, 25)
(10626, 67, 32)
(10627, 55, 25)
(10627, 67, 32)
(10630, 56, 26)
(10630, 67, 32)
(10631, 56, 26)
(10631, 67, 32)
(10634, 58, 27)
(10634, 67, 32)
(10635, 58, 27)
(10635, 67, 32)
(10638, 55, 25)
(10638, 67, 32)
(10639, 55, 25)
(10639, 67, 32)
(10642, 62, 29)
(10642, 69, 33)
(10643, 62, 29)
(10643, 69, 33)
(10646, 55, 25)
(10646, 67, 32)
(10647, 55, 25)
(10647, 67, 32)
(10653, 55, 25)
(10657, 58, 27)
(10658, 56, 26)
(10660, 56, 26)
(10661, 60, 28)
(10662, 59, 27)
(10664, 59, 27)
(10665, 62, 29)
(10667, 60, 28)
(10671, 65, 31)
(10675, 63, 30)
(10677, 63, 30)
(10678, 62, 29)
(10679, 60, 28)
(10680, 58, 27)
(10681, 69, 33)
(10685, 66, 31)
(10687, 60, 28)
(10691, 58, 27)
(10693, 57, 26)
(10697, 56, 26)
(10697, 62, 29)
(10699, 55, 25)
(10701, 67, 32)
(10705, 63, 30)
(10709, 63, 30)
(10711, 62, 29)
(10713, 63, 30)
(10715, 58, 27)
(10717, 60, 28)
(10719, 61, 29)
(10721, 63, 30)
(10727, 67, 32)
(10728, 65, 31)
(10729, 63, 30)
(10731, 62, 29)
(10732, 67, 32)
(10733, 67, 32)
(10734, 69, 33)
(10735, 70, 34)
(10737, 63, 30)
(10738, 65, 31)
(10739, 67, 32)
(10741, 67, 32)
(10744, 65, 31)
(10745, 63, 30)
(10748, 58, 27)
(10749, 55, 25)
(10750, 55, 25)
(10752, 58, 27)
(10753, 56, 26)
(21507/2, 63, 30)
(10754, 62, 29)
(21509/2, 63, 30)
(10755, 65, 31)
(21511/2, 63, 30)
(10756, 60, 28)
(21513/2, 56, 26)
(10757, 55, 25)
(10758, 55, 25)
(10759, 56, 26)
(10760, 61, 29)
(10761, 60, 28)
(10764, 60, 28)
(10765, 65, 31)
(10765, 70, 34)
(10765, 58, 27)
(10769, 63, 30)
(10777, 70, 34)
(10780, 68, 33)
(10781, 67, 32)
(10782, 63, 30)
(10783, 62, 29)
(10785, 55, 25)
(21571/2, 58, 27)
(10786, 63, 30)
(21573/2, 58, 27)
(10787, 55, 25)
(21575/2, 58, 27)
(10788, 55, 25)
(21577/2, 58, 27)
(10789, 56, 26)
(21579/2, 60, 28)
(10790, 58, 27)
(21581/2, 56, 26)
(10791, 61, 29)
(21583/2, 58, 27)
(10792, 61, 29)
(21585/2, 58, 27)
(10793, 60, 28)
(10794, 73, 36)
(21589/2, 72, 35)
(21591/2, 70, 34)
(10797, 68, 33)
(10801, 67, 32)
(21603/2, 70, 34)
(21605/2, 70, 34)
(10803, 74, 36)
(21607/2, 70, 34)
(21609/2, 70, 34)
(10805, 75, 37)
(21613/2, 75, 37)
(10807, 77, 38)
(21615/2, 74, 36)
(21617/2, 77, 38)
(10809, 79, 39)
(21619/2, 75, 37)
(21621/2, 67, 32)
(10811, 65, 31)
(21623/2, 62, 29)
(21625/2, 65, 31)
(10813, 67, 32)
(21627/2, 63, 30)
(10814, 65, 31)
(21629/2, 67, 32)
(10815, 68, 33)
(21631/2, 65, 31)
(10816, 68, 33)
(21633/2, 65, 31)
(10817, 70, 34)
(10819, 73, 36)
(10820, 70, 34)
(10821, 71, 35)
(10822, 68, 33)
(10823, 67, 32)
(10824, 63, 30)
(10825, 68, 33)
(10826, 63, 30)
(10833, 68, 33)
(10837, 70, 34)
(10841, 72, 35)
(10845, 64, 30)
(10845, 72, 35)
(10849, 64, 30)
(10849, 72, 35)
(10853, 67, 32)
(10853, 76, 37)
(10855, 64, 30)
(10855, 72, 35)
(10857, 72, 35)
(10857, 81, 40)
(10857, 64, 30)
(10861, 72, 35)
(10861, 81, 40)
(10863, 65, 31)
(10863, 69, 33)
(10865, 65, 31)
(10865, 70, 34)
(10873, 55, 25)
(21747/2, 58, 27)
(10874, 63, 30)
(21749/2, 67, 32)
(10875, 70, 34)
(21751/2, 75, 37)
(10876, 79, 39)
(21753/2, 82, 41)
(10877, 77, 38)
(10878, 74, 36)
(10878, 77, 38)
(10879, 74, 36)
(10879, 77, 38)
(10880, 74, 36)
(10880, 77, 38)
(10881, 55, 25)
(21763/2, 58, 27)
(10882, 63, 30)
(21765/2, 67, 32)
(10883, 70, 34)
(21767/2, 75, 37)
(10884, 79, 39)
(21769/2, 82, 41)
(10886, 74, 36)
(10886, 77, 38)
(10887, 74, 36)
(10887, 77, 38)
(10888, 74, 36)
(10888, 77, 38)
(10889, 63, 30)
(10890, 75, 37)
(10893, 79, 39)
(10894, 81, 40)
(10895, 82, 41)
(10897, 75, 37)
(10902, 72, 35)
(10903, 74, 36)
(10906, 70, 34)
(10907, 68, 33)
(10910, 67, 32)
(10911, 64, 30)
(10914, 65, 31)
(10915, 61, 29)
(10919, 60, 28)
(10923, 58, 27)
(10925, 60, 28)
(10930, 60, 28)
(10931, 60, 28)
(10932, 60, 28)
(10933, 60, 28)
(10938, 60, 28)
(10939, 60, 28)
(10940, 60, 28)
(10941, 60, 28)
(10946, 60, 28)
(10947, 60, 28)
(10948, 60, 28)
(10949, 65, 31)
(10954, 65, 31)
(10955, 65, 31)
(10956, 65, 31)
(10957, 68, 33)
(10961, 65, 31)
(10965, 57, 26)
(10973, 69, 33)
(10975, 67, 32)
(10976, 65, 31)
(10977, 60, 28)
(10980, 60, 28)
(10981, 69, 33)
(10983, 67, 32)
(10984, 65, 31)
(10985, 60, 28)
(10990, 59, 27)
(10991, 60, 28)
(10992, 62, 29)
(10993, 63, 30)
(10998, 63, 30)
(10999, 62, 29)
(11000, 60, 28)
(11001, 67, 32)
(11003, 66, 31)
(11006, 63, 30)
(11007, 62, 29)
(11008, 60, 28)
(11009, 67, 32)
(11011, 66, 31)
(11014, 63, 30)
(11015, 62, 29)
(11016, 60, 28)
(11017, 67, 32)
(11021, 66, 31)
(11028, 67, 32)
(11029, 65, 31)
(22059/2, 63, 30)
(11030, 65, 31)
(22061/2, 63, 30)
(11031, 62, 29)
(22063/2, 65, 31)
(11032, 62, 29)
(22065/2, 65, 31)
(22067/2, 65, 31)
(11034, 70, 34)
(22069/2, 65, 31)
(22071/2, 63, 30)
(11036, 70, 34)
(22073/2, 63, 30)
(22075/2, 63, 30)
(11038, 67, 32)
(22077/2, 63, 30)
(22079/2, 62, 29)
(11040, 65, 31)
(22081/2, 62, 29)
(22083/2, 63, 30)
(11042, 67, 32)
(22085/2, 63, 30)
(22087/2, 62, 29)
(11044, 65, 31)
(22089/2, 62, 29)
(22091/2, 58, 27)
(11046, 67, 32)
(22093/2, 58, 27)
(22095/2, 58, 27)
(11048, 67, 32)
(22097/2, 58, 27)
(22099/2, 60, 28)
(11050, 68, 33)
(22101/2, 60, 28)
(11051, 68, 33)
(22103/2, 60, 28)
(11052, 68, 33)
(22105/2, 60, 28)
(22107/2, 63, 30)
(11054, 67, 32)
(22109/2, 63, 30)
(11055, 62, 29)
(22111/2, 65, 31)
(11056, 62, 29)
(22113/2, 65, 31)
(11057, 63, 30)
(22115/2, 67, 32)
(11058, 63, 30)
(22117/2, 67, 32)
(22119/2, 62, 29)
(11060, 68, 33)
(22121/2, 62, 29)
(22123/2, 63, 30)
(11062, 67, 32)
(22125/2, 63, 30)
(22127/2, 58, 27)
(11064, 67, 32)
(22129/2, 58, 27)
(22131/2, 60, 28)
(11066, 65, 31)
(22133/2, 60, 28)
(22135/2, 60, 28)
(11068, 65, 31)
(22137/2, 60, 28)
(22139/2, 67, 32)
(11070, 64, 30)
(22141/2, 67, 32)
(11071, 65, 31)
(22143/2, 67, 32)
(11072, 65, 31)
(22145/2, 67, 32)
(11073, 64, 30)
(22147/2, 67, 32)
(11074, 64, 30)
(22149/2, 67, 32)
(11075, 62, 29)
(22151/2, 67, 32)
(11076, 62, 29)
(22153/2, 67, 32)
(11077, 64, 30)
(22155/2, 67, 32)
(11078, 64, 30)
(22157/2, 67, 32)
(11079, 64, 30)
(22159/2, 65, 31)
(11080, 64, 30)
(22161/2, 65, 31)
(22163/2, 58, 27)
(11082, 67, 32)
(22165/2, 58, 27)
(22167/2, 58, 27)
(11084, 67, 32)
(22169/2, 58, 27)
(22171/2, 65, 31)
(11086, 64, 30)
(22173/2, 65, 31)
(11087, 62, 29)
(22175/2, 65, 31)
(11088, 62, 29)
(22177/2, 65, 31)
(11089, 64, 30)
(22179/2, 58, 27)
(11090, 64, 30)
(22181/2, 58, 27)
(22183/2, 64, 30)
(11092, 67, 32)
(22185/2, 64, 30)
(22187/2, 64, 30)
(11094, 69, 33)
(22189/2, 64, 30)
(22191/2, 64, 30)
(11096, 67, 32)
(22193/2, 64, 30)
(22195/2, 63, 30)
(11098, 66, 32)
(22197/2, 63, 30)
(22199/2, 62, 29)
(11100, 65, 31)
(22201/2, 62, 29)
(22203/2, 58, 27)
(11102, 63, 30)
(22205/2, 58, 27)
(22207/2, 58, 27)
(11104, 62, 29)
(22209/2, 58, 27)
(22211/2, 58, 27)
(11106, 63, 30)
(22213/2, 58, 27)
(22215/2, 58, 27)
(11108, 63, 30)
(22217/2, 58, 27)
(22219/2, 56, 26)
(11110, 60, 28)
(22221/2, 56, 26)
(22223/2, 55, 25)
(11112, 61, 29)
(22225/2, 55, 25)
(22227/2, 60, 28)
(11114, 63, 30)
(22229/2, 60, 28)
(22231/2, 58, 27)
(11116, 62, 29)
(22233/2, 58, 27)
(22235/2, 58, 27)
(11118, 63, 30)
(22237/2, 58, 27)
(22239/2, 58, 27)
(11120, 62, 29)
(22241/2, 58, 27)
(11121, 63, 30)
(11123, 63, 30)
(11124, 65, 31)
(11125, 63, 30)
(11126, 62, 29)
(11127, 62, 29)
(22255/2, 58, 27)
(11128, 62, 29)
(22257/2, 58, 27)
(11129, 63, 30)
(22259/2, 70, 34)
(11130, 63, 30)
(22261/2, 70, 34)
(11131, 75, 37)
(11132, 77, 38)
(11133, 75, 37)
(11134, 74, 36)
(11135, 70, 34)
(22271/2, 65, 31)
(11136, 62, 29)
(11137, 63, 30)
(11141, 63, 30)
(11145, 58, 27)
(11157, 58, 27)
(20000, 58, 27)
(20004, 56, 26)
(40017/2, 58, 27)
(20009, 58, 27)
(40019/2, 58, 27)
(20010, 58, 27)
(20012, 60, 28)
(20026, 52, 23)
(20026, 52, 23)
(20028, 53, 24)
(20032, 58, 27)
(20034, 58, 27)
(40071/2, 60, 28)
(20036, 51, 23)
(40073/2, 51, 23)
(20037, 50, 22)
(40075/2, 51, 23)
(20038, 60, 28)
(40079/2, 63, 30)
(20040, 63, 30)
(20041, 56, 26)
(20042, 51, 23)
(40087/2, 63, 30)
(20044, 63, 30)
(20045, 58, 27)
(20046, 63, 30)
(40095/2, 63, 30)
(20048, 70, 34)
(40097/2, 63, 30)
(40099/2, 68, 33)
(20050, 67, 32)
(40101/2, 63, 30)
(40103/2, 67, 32)
(20052, 54, 25)
(20054, 53, 24)
(20055, 58, 27)
(40113/2, 58, 27)
(20057, 63, 30)
(40115/2, 62, 29)
(20058, 60, 28)
(20063, 56, 26)
(20064, 58, 27)
(20067, 63, 30)
(20071, 63, 30)
(20073, 65, 31)
(20075, 60, 28)
(20076, 62, 29)
(20077, 63, 30)
(20078, 58, 27)
(20079, 60, 28)
(20081, 62, 29)
(20083, 63, 30)
(40167/2, 58, 27)
(20084, 57, 26)
(40169/2, 58, 27)
(20085, 60, 28)
(40171/2, 58, 27)
(20086, 55, 25)
(40173/2, 51, 23)
(20088, 51, 23)
(20090, 51, 23)
(20092, 51, 23)
(20094, 51, 23)
(20095, 51, 23)
(20096, 51, 23)
(20098, 60, 28)
(20099, 58, 27)
(20102, 63, 30)
(20103, 63, 30)
(20105, 65, 31)
(20106, 67, 32)
(20107, 60, 28)
(20108, 62, 29)
(20109, 63, 30)
(20111, 67, 32)
(20114, 65, 31)
(20115, 63, 30)
(20118, 51, 23)
(20120, 51, 23)
(20121, 51, 23)
(20122, 51, 23)
(20123, 51, 23)
(20126, 63, 30)
(20128, 63, 30)
(20129, 63, 30)
(20130, 63, 30)
(20131, 63, 30)
(20134, 63, 30)
(20135, 58, 27)
(20135, 62, 29)
(20139, 63, 30)
(20141, 53, 24)
(20143, 56, 26)
(20144, 55, 25)
(20145, 56, 26)
(20147, 55, 25)
(40295/2, 51, 23)
(20148, 55, 25)
(40297/2, 51, 23)
(20149, 53, 24)
(40299/2, 46, 20)
(40299/2, 50, 22)
(20150, 53, 24)
(40301/2, 46, 20)
(40301/2, 50, 22)
(20151, 55, 25)
(40303/2, 51, 23)
(20152, 55, 25)
(40305/2, 51, 23)
(20153, 56, 26)
(40307/2, 53, 24)
(20154, 56, 26)
(40309/2, 53, 24)
(20155, 55, 25)
(20159, 53, 24)
(20163, 55, 25)
(40327/2, 58, 27)
(20164, 55, 25)
(40329/2, 58, 27)
(40331/2, 58, 27)
(20166, 62, 29)
(40333/2, 58, 27)
(20167, 63, 30)
(40335/2, 58, 27)
(20168, 63, 30)
(40337/2, 58, 27)
(20169, 53, 24)
(40339/2, 58, 27)
(20170, 53, 24)
(40341/2, 58, 27)
(20171, 51, 23)
(40343/2, 58, 27)
(20172, 63, 30)
(40345/2, 58, 27)
(20173, 63, 30)
(40347/2, 58, 27)
(20174, 63, 30)
(40349/2, 58, 27)
(20175, 63, 30)
(40351/2, 58, 27)
(20176, 63, 30)
(40353/2, 58, 27)
(20177, 62, 29)
(40355/2, 58, 27)
(20178, 62, 29)
(40357/2, 58, 27)
(20179, 63, 30)
(40359/2, 55, 25)
(20180, 58, 27)
(40361/2, 55, 25)
(80723/4, 59, 27)
(80725/4, 55, 25)
(80727/4, 59, 27)
(80729/4, 55, 25)
(20183, 60, 28)
(40367/2, 55, 25)
(20184, 60, 28)
(80739/4, 55, 25)
(80741/4, 60, 28)
(80743/4, 58, 27)
(80745/4, 60, 28)
(20187, 56, 26)
(40375/2, 60, 28)
(20188, 56, 26)
(40377/2, 56, 26)
(40377/2, 60, 28)
(20189, 61, 29)
(40379/2, 56, 26)
(20190, 61, 29)
(20191, 56, 26)
(40383/2, 62, 29)
(20192, 56, 26)
(40385/2, 62, 29)
(20193, 57, 26)
(40387/2, 62, 29)
(20194, 57, 26)
(40389/2, 62, 29)
(20195, 60, 28)
(40391/2, 62, 29)
(20196, 58, 27)
(40393/2, 62, 29)
(20197, 56, 26)
(40395/2, 62, 29)
(20198, 66, 31)
(40397/2, 62, 29)
(20199, 58, 27)
(40399/2, 62, 29)
(20200, 67, 32)
(40401/2, 62, 29)
(20201, 60, 28)
(40403/2, 62, 29)
(20202, 69, 33)
(20203, 58, 27)
(40407/2, 55, 25)
(20204, 58, 27)
(40409/2, 62, 29)
(20205, 66, 31)
(20205, 69, 33)
(20207, 67, 32)
(40415/2, 70, 34)
(20208, 67, 32)
(40417/2, 62, 29)
(20209, 60, 28)
(40419/2, 57, 26)
(20210, 54, 24)
(40421/2, 57, 26)
(20211, 55, 25)
(20211, 62, 29)
(20213, 58, 27)
(20213, 62, 29)
(20215, 58, 27)
(20215, 62, 29)
(20219, 61, 29)
(40441/2, 61, 29)
(20223, 61, 29)
(20227, 53, 24)
(20229, 53, 24)
(20231, 53, 24)
(20235, 53, 24)
(20253, 62, 29)
(20254, 59, 27)
(20255, 55, 25)
(20257, 65, 31)
(20258, 62, 29)
(20259, 58, 27)
(20264, 65, 31)
(40529/2, 63, 30)
(40531/2, 60, 28)
(20267, 58, 27)
(40535/2, 55, 25)
(40537/2, 53, 24)
(40539/2, 51, 23)
(20271, 50, 22)
(20272, 53, 24)
(20273, 57, 26)
(20274, 60, 28)
(20275, 65, 31)
(20276, 70, 34)
(20277, 69, 33)
(20278, 65, 31)
(20279, 58, 27)
(20285, 53, 24)
(20287, 58, 27)
(20289, 56, 26)
(20290, 53, 24)
(20291, 54, 25)
(20292, 51, 23)
(20293, 50, 22)
(20294, 53, 24)
(20295, 51, 23)
(20299, 49, 22)
(20303, 56, 26)
(20307, 52, 24)
(20311, 51, 23)
(20315, 54, 25)
(20317, 54, 25)
(20319, 54, 25)
(20323, 60, 28)
(20323, 63, 30)
(20325, 60, 28)
(20325, 63, 30)
(20327, 60, 28)
(20327, 63, 30)
(20335, 49, 22)
(40671/2, 53, 24)
(20336, 58, 27)
(40673/2, 62, 29)
(20337, 65, 31)
(40675/2, 70, 34)
(20338, 74, 36)
(40677/2, 72, 35)
(20339, 70, 34)
(20341, 53, 24)
(20343, 67, 32)
(20344, 69, 33)
(20345, 70, 34)
(20346, 65, 31)
(20347, 67, 32)
(20349, 69, 33)
(20351, 70, 34)
(20353, 57, 26)
(20355, 50, 22)
(20356, 51, 23)
(20357, 53, 24)
(20359, 51, 23)
(20361, 50, 22)
(20362, 53, 24)
(20363, 58, 27)
(20365, 57, 26)
(20367, 58, 27)
(20370, 63, 30)
(20373, 63, 30)
(20375, 65, 31)
(20377, 60, 28)
(40757/2, 62, 29)
(20379, 63, 30)
(20381, 60, 28)
(20382, 63, 30)
(20383, 62, 29)
(20385, 63, 30)
(40771/2, 58, 27)
(20386, 57, 26)
(40773/2, 58, 27)
(20387, 60, 28)
(40775/2, 58, 27)
(20388, 55, 25)
(40777/2, 51, 23)
(20389, 51, 23)
(20390, 51, 23)
(20392, 51, 23)
(20393, 51, 23)
(20394, 51, 23)
(20396, 51, 23)
(20398, 51, 23)
(20400, 60, 28)
(20401, 58, 27)
(20404, 55, 25)
(20405, 60, 28)
(20407, 55, 25)
(20409, 56, 26)
(20411, 52, 23)
(20413, 46, 20)
(20417, 48, 21)
(20418, 60, 28)
(40837/2, 48, 21)
(40839/2, 60, 28)
(20420, 48, 21)
(40841/2, 60, 28)
(20421, 58, 27)
(40843/2, 48, 21)
(20422, 58, 27)
(20422, 48, 21)
(40845/2, 48, 21)
(20423, 58, 27)
(20423, 48, 21)
(20425, 56, 26)
(40851/2, 53, 24)
(20426, 48, 21)
(40853/2, 53, 24)
(20427, 56, 26)
(40855/2, 60, 28)
(20428, 56, 26)
(40857/2, 60, 28)
(20429, 58, 27)
(40859/2, 48, 21)
(20430, 58, 27)
(40861/2, 48, 21)
(20431, 58, 27)
(40863/2, 48, 21)
(20432, 58, 27)
(40865/2, 48, 21)
(20433, 56, 26)
(40867/2, 53, 24)
(20434, 48, 21)
(40869/2, 53, 24)
(20435, 56, 26)
(40871/2, 60, 28)
(20436, 56, 26)
(40873/2, 60, 28)
(20437, 58, 27)
(40875/2, 48, 21)
(20438, 58, 27)
(40877/2, 48, 21)
(20439, 58, 27)
(40879/2, 48, 21)
(20440, 58, 27)
(40881/2, 48, 21)
(20441, 56, 26)
(40883/2, 53, 24)
(20442, 48, 21)
(40885/2, 53, 24)
(20443, 56, 26)
(40887/2, 53, 24)
(20444, 48, 21)
(40889/2, 53, 24)
(20445, 57, 26)
(40891/2, 48, 21)
(20446, 57, 26)
(40893/2, 48, 21)
(20447, 57, 26)
(40895/2, 48, 21)
(20448, 57, 26)
(40897/2, 48, 21)
(20449, 55, 25)
(40899/2, 48, 21)
(20450, 55, 25)
(40901/2, 48, 21)
(20451, 55, 25)
(40903/2, 48, 21)
(20452, 55, 25)
(40905/2, 48, 21)
(40907/2, 50, 22)
(20454, 51, 23)
(40909/2, 50, 22)
(20455, 51, 23)
(40911/2, 50, 22)
(20456, 51, 23)
(40913/2, 50, 22)
(20457, 51, 23)
(40915/2, 50, 22)
(20458, 51, 23)
(40917/2, 50, 22)
(20459, 55, 25)
(40919/2, 50, 22)
(20460, 55, 25)
(40921/2, 50, 22)
(20461, 54, 24)
(40923/2, 50, 22)
(20462, 54, 24)
(40925/2, 50, 22)
(20463, 57, 26)
(40927/2, 50, 22)
(20464, 57, 26)
(40929/2, 50, 22)
(20465, 62, 29)
(40931/2, 58, 27)
(20466, 50, 22)
(40933/2, 58, 27)
(20467, 62, 29)
(40935/2, 67, 32)
(20468, 62, 29)
(40937/2, 67, 32)
(20469, 66, 31)
(40939/2, 62, 29)
(20470, 66, 31)
(40941/2, 62, 29)
(20471, 67, 32)
(40943/2, 62, 29)
(20472, 69, 33)
(40945/2, 62, 29)
(20473, 67, 32)
(40947/2, 62, 29)
(20474, 58, 27)
(40949/2, 62, 29)
(20475, 67, 32)
(40951/2, 62, 29)
(20476, 58, 27)
(20477, 65, 31)
(40955/2, 62, 29)
(20478, 65, 31)
(40957/2, 62, 29)
(20479, 65, 31)
(40959/2, 62, 29)
(20480, 65, 31)
(40961/2, 62, 29)
(20481, 65, 31)
(40963/2, 62, 29)
(20482, 65, 31)
(40965/2, 62, 29)
(20483, 62, 29)
(40967/2, 65, 31)
(20484, 62, 29)
(20485, 65, 31)
(20488, 58, 27)
(20489, 52, 23)
(20496, 64, 30)
(20497, 76, 37)
(20499, 74, 36)
(20500, 71, 34)
(20501, 69, 33)
(20502, 65, 31)
(20503, 64, 30)
(20504, 64, 30)
(20506, 64, 30)
(20508, 64, 30)
(20509, 60, 28)
(20510, 64, 30)
(20512, 64, 30)
(20514, 52, 23)
(20516, 52, 23)
(20517, 48, 21)
(20518, 52, 23)
(20520, 52, 23)
(41043/2, 57, 26)
(20522, 60, 28)
(41045/2, 64, 30)
(20523, 69, 33)
(20527, 64, 30)
(20529, 69, 33)
(20531, 65, 31)
(20532, 67, 32)
(20533, 65, 31)
(20534, 64, 30)
(20536, 64, 30)
(20537, 76, 37)
(20539, 74, 36)
(20540, 76, 37)
(20541, 74, 36)
(20542, 72, 35)
(20543, 70, 34)
(20544, 72, 35)
(20545, 70, 34)
(20546, 69, 33)
(20547, 61, 28)
(20548, 62, 29)
(20549, 57, 26)
(20553, 56, 25)
(20555, 57, 26)
(20556, 59, 27)
(20557, 56, 26)
(20558, 56, 25)
(20559, 74, 36)
(20560, 65, 31)
(20561, 65, 31)
(20562, 64, 30)
(20564, 59, 27)
(20565, 62, 29)
(20568, 56, 25)
(20569, 57, 26)
(20570, 60, 28)
(41143/2, 59, 27)
(20572, 68, 32)
(20573, 68, 32)
(20574, 69, 33)
(20575, 69, 33)
(20576, 63, 30)
(20577, 64, 30)
(20578, 59, 27)
(20579, 59, 27)
(20580, 64, 30)
(20581, 64, 30)
(41163/2, 57, 26)
(20582, 57, 26)
(41165/2, 69, 33)
(20583, 69, 33)
(41167/2, 64, 30)
(20584, 64, 30)
(20585, 68, 32)
(41171/2, 69, 33)
(20586, 69, 33)
(41173/2, 76, 37)
(20587, 76, 37)
(41175/2, 74, 36)
(20588, 74, 36)
(41177/2, 77, 38)
(20589, 76, 37)
(20590, 72, 35)
(82363/4, 71, 34)
(20591, 71, 34)
(20592, 76, 37)
(20593, 53, 24)
(20593, 76, 37)
(41187/2, 72, 35)
(20594, 76, 37)
(41189/2, 72, 35)
(20595, 76, 37)
(41191/2, 72, 35)
(20596, 76, 37)
(41193/2, 72, 35)
(20597, 76, 37)
(20601, 54, 24)
(20609, 55, 25)
(20613, 51, 23)
(20622, 51, 23)
(20623, 51, 23)
(20626, 55, 25)
(20626, 62, 29)
(20627, 55, 25)
(20627, 62, 29)
(20630, 55, 25)
(20630, 63, 30)
(20631, 55, 25)
(20631, 63, 30)
(20634, 55, 25)
(20634, 62, 29)
(20635, 55, 25)
(20635, 62, 29)
(20637, 61, 28)
(20638, 61, 28)
(20642, 50, 22)
(20642, 60, 28)
(20643, 50, 22)
(20643, 60, 28)
(20646, 50, 22)
(20646, 58, 27)
(20646, 62, 29)
(20647, 58, 27)
(20647, 62, 29)
(20653, 60, 28)
(20657, 51, 23)
(20661, 53, 24)
(20665, 55, 25)
(20669, 57, 26)
(20673, 58, 27)
(20675, 55, 25)
(20676, 54, 24)
(20678, 55, 25)
(20679, 50, 22)
(20681, 60, 28)
(20685, 57, 26)
(20687, 57, 26)
(20691, 55, 25)
(20693, 54, 24)
(20699, 55, 25)
(20701, 58, 27)
(20705, 56, 26)
(20707, 55, 25)
(20708, 56, 26)
(20709, 55, 25)
(20711, 53, 24)
(20713, 51, 23)
(20728, 60, 28)
(20729, 58, 27)
(20732, 51, 23)
(20733, 63, 30)
(20735, 65, 31)
(20737, 60, 28)
(20738, 62, 29)
(20739, 63, 30)
(20741, 60, 28)
(20742, 63, 30)
(20743, 62, 29)
(20745, 63, 30)
(20748, 51, 23)
(20750, 51, 23)
(20751, 51, 23)
(20752, 51, 23)
(20753, 51, 23)
(20756, 63, 30)
(20758, 63, 30)
(20759, 63, 30)
(20760, 63, 30)
(20761, 63, 30)
(20764, 63, 30)
(20765, 58, 27)
(20765, 62, 29)
(20769, 55, 25)
(41539/2, 58, 27)
(20770, 63, 30)
(41541/2, 58, 27)
(20771, 53, 24)
(41543/2, 58, 27)
(20772, 62, 29)
(41545/2, 58, 27)
(20773, 55, 25)
(41547/2, 58, 27)
(20774, 63, 30)
(41549/2, 58, 27)
(20775, 56, 26)
(41551/2, 58, 27)
(20776, 62, 29)
(41553/2, 58, 27)
(20777, 55, 25)
(41555/2, 58, 27)
(20778, 63, 30)
(41557/2, 58, 27)
(20779, 53, 24)
(41559/2, 58, 27)
(20780, 62, 29)
(41561/2, 58, 27)
(20781, 55, 25)
(41563/2, 58, 27)
(20782, 63, 30)
(41565/2, 58, 27)
(20783, 56, 26)
(41567/2, 58, 27)
(20784, 62, 29)
(41569/2, 58, 27)
(20785, 55, 25)
(20787, 52, 23)
(20789, 53, 24)
(20791, 55, 25)
(20793, 56, 26)
(20794, 67, 32)
(20795, 68, 33)
(20796, 67, 32)
(20797, 65, 31)
(20801, 63, 30)
(20808, 56, 26)
(20809, 55, 25)
(20810, 58, 27)
(20811, 56, 26)
(20812, 53, 24)
(20813, 51, 23)
(20814, 48, 21)
(20815, 50, 22)
(20816, 53, 24)
(20817, 58, 27)
(20818, 63, 30)
(20819, 61, 29)
(20820, 58, 27)
(20821, 59, 28)
(20822, 56, 26)
(20823, 55, 25)
(20824, 51, 23)
(20825, 56, 26)
(41651/2, 51, 23)
(20826, 56, 26)
(41653/2, 51, 23)
(20827, 58, 27)
(41655/2, 51, 23)
(20828, 58, 27)
(41657/2, 51, 23)
(20829, 59, 28)
(41659/2, 51, 23)
(20830, 59, 28)
(41661/2, 51, 23)
(20831, 61, 29)
(41663/2, 55, 25)
(20832, 61, 29)
(41665/2, 55, 25)
(20833, 56, 26)
(20837, 54, 25)
(20841, 54, 25)
(20845, 66, 32)
(20849, 55, 25)
(20853, 72, 35)
(20855, 67, 32)
(20857, 60, 28)
(20857, 64, 30)
(20861, 76, 37)
(20863, 60, 28)
(20865, 58, 27)
(20865, 68, 33)
(20873, 63, 30)
(20873, 67, 32)
(20873, 70, 34)
(20873, 55, 25)
(41747/2, 67, 32)
(20874, 63, 30)
(20877, 74, 36)
(20878, 70, 34)
(20879, 70, 34)
(20880, 70, 34)
(20881, 67, 32)
(20881, 70, 34)
(20881, 55, 25)
(20882, 67, 32)
(41765/2, 63, 30)
(20885, 74, 36)
(20886, 70, 34)
(20887, 70, 34)
(20888, 70, 34)
(20889, 63, 30)
(20889, 70, 34)
(20889, 55, 25)
(20890, 67, 32)
(41781/2, 70, 34)
(20893, 72, 35)
(20895, 70, 34)
(20897, 68, 33)
(20899, 67, 32)
(20901, 72, 35)
(20902, 68, 33)
(20903, 65, 31)
(20904, 70, 34)
(20905, 63, 30)
(20907, 62, 29)
(20909, 63, 30)
(20911, 58, 27)
(20913, 60, 28)
(20915, 55, 25)
(20917, 56, 26)
(20921, 50, 22)
(20925, 53, 24)
(20930, 53, 24)
(20931, 53, 24)
(20932, 53, 24)
(20933, 51, 23)
(20938, 51, 23)
(20939, 51, 23)
(20940, 51, 23)
(20941, 58, 27)
(20945, 48, 21)
(20945, 58, 27)
(20946, 48, 21)
(20946, 58, 27)
(20947, 48, 21)
(20947, 58, 27)
(20948, 48, 21)
(20948, 58, 27)
(20953, 60, 28)
(20954, 60, 28)
(20955, 60, 28)
(20956, 60, 28)
(20957, 65, 31)
(20961, 56, 26)
(20965, 53, 24)
(20973, 57, 26)
(41947/2, 48, 21)
(20974, 57, 26)
(41949/2, 48, 21)
(20975, 57, 26)
(41951/2, 48, 21)
(20976, 57, 26)
(41953/2, 48, 21)
(20977, 58, 27)
(62932/3, 48, 21)
(62933/3, 58, 27)
(20978, 48, 21)
(20979, 58, 27)
(62938/3, 48, 21)
(62941/3, 58, 27)
(62942/3, 48, 21)
(20981, 57, 26)
(41963/2, 48, 21)
(20982, 57, 26)
(41965/2, 48, 21)
(20983, 57, 26)
(41967/2, 48, 21)
(20984, 57, 26)
(41969/2, 48, 21)
(20985, 48, 21)
(41971/2, 58, 27)
(20986, 48, 21)
(41973/2, 58, 27)
(20987, 48, 21)
(41975/2, 58, 27)
(20988, 48, 21)
(20989, 57, 26)
(41979/2, 48, 21)
(20990, 57, 26)
(41981/2, 48, 21)
(20991, 57, 26)
(41983/2, 48, 21)
(20992, 57, 26)
(41985/2, 48, 21)
(20993, 57, 26)
(41987/2, 45, 19)
(41987/2, 48, 21)
(20994, 57, 26)
(41989/2, 48, 21)
(20995, 57, 26)
(41991/2, 48, 21)
(20996, 57, 26)
(41993/2, 48, 21)
(20997, 55, 25)
(41995/2, 48, 21)
(20998, 55, 25)
(41997/2, 48, 21)
(20999, 55, 25)
(41999/2, 48, 21)
(21000, 55, 25)
(42001/2, 48, 21)
(21001, 51, 23)
(42003/2, 50, 22)
(21002, 48, 21)
(42005/2, 50, 22)
(21003, 51, 23)
(42007/2, 50, 22)
(21004, 51, 23)
(42009/2, 50, 22)
(21005, 51, 23)
(42011/2, 48, 21)
(21006, 51, 23)
(42013/2, 48, 21)
(21007, 51, 23)
(42015/2, 48, 21)
(21008, 51, 23)
(42017/2, 48, 21)
(21009, 51, 23)
(42019/2, 50, 22)
(21010, 48, 21)
(42021/2, 50, 22)
(21011, 51, 23)
(42023/2, 50, 22)
(21012, 48, 21)
(42025/2, 50, 22)
(21013, 51, 23)
(42027/2, 48, 21)
(21014, 51, 23)
(42029/2, 48, 21)
(21015, 51, 23)
(42031/2, 48, 21)
(21016, 51, 23)
(42033/2, 48, 21)
(21017, 51, 23)
(42035/2, 48, 21)
(21018, 51, 23)
(42037/2, 48, 21)
(21019, 51, 23)
(42039/2, 48, 21)
(21020, 51, 23)
(42041/2, 48, 21)
(21021, 51, 23)
(42043/2, 48, 21)
(21022, 51, 23)
(42045/2, 48, 21)
(21023, 51, 23)
(42047/2, 48, 21)
(21024, 51, 23)
(42049/2, 48, 21)
(21025, 51, 23)
(42051/2, 48, 21)
(21026, 51, 23)
(42053/2, 48, 21)
(21027, 51, 23)
(42055/2, 48, 21)
(21028, 51, 23)
(42057/2, 55, 25)
(21029, 57, 26)
(42059/2, 53, 24)
(21030, 57, 26)
(42061/2, 53, 24)
(21031, 58, 27)
(42063/2, 53, 24)
(21032, 58, 27)
(42065/2, 53, 24)
(42067/2, 58, 27)
(21034, 62, 29)
(42069/2, 58, 27)
(42071/2, 58, 27)
(21036, 67, 32)
(42073/2, 58, 27)
(42075/2, 60, 28)
(21038, 56, 26)
(42077/2, 60, 28)
(42079/2, 56, 26)
(21040, 58, 27)
(42081/2, 56, 26)
(42083/2, 55, 25)
(21042, 58, 27)
(42085/2, 55, 25)
(42087/2, 56, 26)
(21044, 58, 27)
(42089/2, 56, 26)
(42091/2, 55, 25)
(21046, 63, 30)
(42093/2, 55, 25)
(42095/2, 55, 25)
(21048, 64, 30)
(42097/2, 55, 25)
(42099/2, 56, 26)
(21050, 65, 31)
(42101/2, 56, 26)
(42103/2, 56, 26)
(21052, 65, 31)
(42105/2, 56, 26)
(42107/2, 55, 25)
(21054, 58, 27)
(42109/2, 55, 25)
(21055, 56, 26)
(42111/2, 58, 27)
(21056, 53, 24)
(42113/2, 58, 27)
(21057, 55, 25)
(42115/2, 58, 27)
(21058, 55, 25)
(42117/2, 58, 27)
(42119/2, 56, 26)
(21060, 58, 27)
(42121/2, 56, 26)
(42123/2, 55, 25)
(21062, 58, 27)
(42125/2, 55, 25)
(42127/2, 55, 25)
(21064, 64, 30)
(42129/2, 55, 25)
(42131/2, 60, 28)
(21066, 57, 26)
(42133/2, 60, 28)
(42135/2, 63, 30)
(21068, 57, 26)
(42137/2, 63, 30)
(42139/2, 64, 30)
(21070, 55, 25)
(42141/2, 64, 30)
(21071, 62, 29)
(42143/2, 55, 25)
(21072, 62, 29)
(42145/2, 55, 25)
(21073, 60, 28)
(42147/2, 55, 25)
(21074, 60, 28)
(42149/2, 55, 25)
(21075, 59, 27)
(42151/2, 55, 25)
(21076, 59, 27)
(42153/2, 55, 25)
(21077, 60, 28)
(42155/2, 55, 25)
(21078, 60, 28)
(42157/2, 55, 25)
(21079, 60, 28)
(42159/2, 57, 26)
(21080, 60, 28)
(42161/2, 57, 26)
(42163/2, 55, 25)
(21082, 64, 30)
(42165/2, 55, 25)
(42167/2, 55, 25)
(21084, 64, 30)
(42169/2, 55, 25)
(42171/2, 57, 26)
(21086, 58, 27)
(42173/2, 57, 26)
(21087, 58, 27)
(42175/2, 57, 26)
(21088, 58, 27)
(42177/2, 57, 26)
(21089, 55, 25)
(21091, 61, 29)
(21093, 60, 28)
(21095, 58, 27)
(21097, 57, 26)
(21099, 56, 26)
(21101, 55, 25)
(21103, 53, 24)
(21105, 51, 23)
(21113, 54, 25)
(21115, 53, 24)
(21117, 51, 23)
(42243/2, 58, 27)
(21122, 55, 25)
(42245/2, 58, 27)
(21123, 55, 25)
(42247/2, 58, 27)
(21124, 55, 25)
(42249/2, 58, 27)
(21125, 53, 24)
(42251/2, 58, 27)
(21126, 53, 24)
(42253/2, 58, 27)
(21127, 69, 33)
(21128, 70, 34)
(21129, 69, 33)
(21130, 67, 32)
(21131, 67, 32)
(42263/2, 70, 34)
(21132, 67, 32)
(42265/2, 70, 34)
(21133, 69, 33)
(42267/2, 65, 31)
(21134, 69, 33)
(42269/2, 65, 31)
(21135, 62, 29)
(42271/2, 58, 27)
(21136, 53, 24)
(42273/2, 58, 27)
(21137, 58, 27)
(21145, 55, 25)
(21155, 55, 25)
(21157, 55, 25)
(30000, 51, 23)
(30004, 44, 19)
(60017/2, 56, 26)
(30009, 55, 25)
(60019/2, 53, 24)
(30010, 51, 23)
(30012, 51, 23)
(30016, 50, 22)
(60041/2, 60, 28)
(30021, 62, 29)
(60043/2, 63, 30)
(30022, 63, 30)
(30023, 62, 29)
(30025, 61, 29)
(30026, 60, 28)
(30028, 60, 28)
(60057/2, 41, 17)
(30029, 43, 18)
(60059/2, 46, 20)
(60059/2, 44, 19)
(30033, 50, 22)
(30034, 51, 23)
(60071/2, 48, 21)
(30036, 43, 18)
(60073/2, 43, 18)
(30037, 41, 17)
(60075/2, 39, 16)
(30038, 44, 19)
(60079/2, 51, 23)
(30040, 51, 23)
(30041, 44, 19)
(30042, 46, 20)
(60087/2, 51, 23)
(30044, 51, 23)
(30045, 46, 20)
(30046, 48, 21)
(60095/2, 51, 23)
(30048, 47, 21)
(60097/2, 51, 23)
(60099/2, 47, 21)
(30050, 46, 20)
(60101/2, 51, 23)
(60103/2, 46, 20)
(30052, 45, 19)
(30055, 44, 19)
(30056, 43, 18)
(30057, 43, 18)
(30058, 44, 19)
(30058, 51, 23)
(30058, 55, 25)
(30063, 41, 17)
(30071, 60, 28)
(30073, 58, 27)
(30075, 56, 26)
(30077, 55, 25)
(30079, 53, 24)
(30081, 46, 20)
(30083, 39, 16)
(30086, 43, 18)
(30087, 44, 19)
(30089, 46, 20)
(30091, 48, 21)
(30093, 56, 26)
(30095, 55, 25)
(30096, 51, 23)
(30097, 48, 21)
(30098, 45, 19)
(30099, 46, 20)
(30102, 55, 25)
(30103, 60, 28)
(30105, 58, 27)
(30106, 51, 23)
(30107, 56, 26)
(30109, 55, 25)
(30110, 48, 21)
(30111, 53, 24)
(30113, 46, 20)
(30115, 51, 23)
(60231/2, 46, 20)
(30116, 46, 19)
(60233/2, 46, 20)
(30117, 48, 21)
(60235/2, 46, 20)
(30118, 43, 18)
(60237/2, 39, 16)
(30119, 37, 15)
(30123, 36, 14)
(30126, 48, 21)
(30127, 46, 20)
(30128, 46, 20)
(30129, 44, 19)
(30130, 43, 18)
(30131, 44, 19)
(30134, 44, 19)
(30135, 56, 26)
(30139, 55, 25)
(30141, 44, 19)
(30143, 46, 20)
(30147, 39, 16)
(60295/2, 43, 18)
(30148, 39, 16)
(60297/2, 43, 18)
(30149, 44, 19)
(60299/2, 46, 20)
(30150, 44, 19)
(60301/2, 46, 20)
(30151, 43, 18)
(60303/2, 46, 20)
(30152, 43, 18)
(60305/2, 46, 20)
(30153, 38, 15)
(60307/2, 46, 20)
(30154, 38, 15)
(60309/2, 46, 20)
(30155, 39, 16)
(30159, 46, 20)
(30163, 39, 16)
(60327/2, 46, 20)
(30164, 39, 16)
(60329/2, 46, 20)
(30165, 44, 19)
(60331/2, 46, 20)
(30166, 44, 19)
(60333/2, 46, 20)
(30167, 43, 18)
(60335/2, 46, 20)
(30168, 43, 18)
(60337/2, 46, 20)
(30169, 50, 22)
(60339/2, 46, 20)
(30170, 50, 22)
(60341/2, 46, 20)
(30171, 51, 23)
(30175, 46, 20)
(30179, 39, 16)
(30181, 39, 16)
(30185, 40, 16)
(30186, 36, 14)
(30187, 41, 17)
(30189, 41, 17)
(30193, 42, 17)
(30194, 38, 15)
(30195, 43, 18)
(30197, 48, 21)
(30199, 46, 20)
(30200, 50, 22)
(30201, 54, 24)
(30202, 50, 22)
(30203, 55, 25)
(60407/2, 50, 22)
(30204, 55, 25)
(60409/2, 58, 27)
(30205, 60, 28)
(60411/2, 62, 29)
(30206, 60, 28)
(60413/2, 62, 29)
(30207, 58, 27)
(60415/2, 55, 25)
(30208, 50, 22)
(60417/2, 46, 20)
(30209, 42, 17)
(30210, 38, 15)
(30211, 43, 18)
(30213, 43, 18)
(30219, 43, 18)
(30221, 43, 18)
(30223, 43, 18)
(30227, 45, 19)
(30229, 45, 19)
(30231, 45, 19)
(30235, 46, 20)
(30236, 41, 17)
(30237, 48, 21)
(30238, 41, 17)
(30239, 50, 22)
(60481/2, 41, 17)
(30241, 45, 19)
(30242, 41, 17)
(30243, 46, 20)
(30244, 41, 17)
(30245, 48, 21)
(30246, 41, 17)
(30247, 50, 22)
(30248, 41, 17)
(30249, 45, 19)
(30250, 41, 17)
(30251, 46, 20)
(30253, 47, 20)
(30254, 43, 18)
(30255, 48, 21)
(30257, 50, 22)
(30258, 46, 20)
(30259, 51, 23)
(30260, 50, 22)
(30261, 51, 23)
(30262, 50, 22)
(30263, 53, 24)
(30270, 53, 24)
(30271, 53, 24)
(30273, 51, 23)
(30274, 48, 21)
(30275, 46, 20)
(30276, 43, 18)
(30277, 41, 17)
(30278, 39, 16)
(30279, 38, 15)
(60559/2, 46, 20)
(30280, 45, 19)
(60561/2, 46, 20)
(30281, 38, 15)
(60563/2, 46, 20)
(30282, 45, 19)
(60565/2, 46, 20)
(30283, 39, 16)
(60567/2, 44, 19)
(30284, 46, 20)
(60569/2, 44, 19)
(30285, 46, 20)
(30287, 42, 18)
(60575/2, 46, 20)
(30288, 45, 19)
(60577/2, 46, 20)
(30289, 38, 15)
(60579/2, 45, 19)
(60579/2, 46, 20)
(30290, 46, 20)
(30291, 39, 16)
(60583/2, 46, 20)
(30292, 39, 16)
(60585/2, 46, 20)
(30293, 41, 17)
(60587/2, 46, 20)
(30294, 50, 22)
(60589/2, 46, 20)
(30295, 42, 18)
(30299, 43, 18)
(30303, 44, 19)
(30307, 46, 20)
(30311, 48, 21)
(30315, 47, 21)
(30317, 46, 20)
(30319, 45, 19)
(30323, 45, 19)
(30325, 42, 18)
(30327, 41, 17)
(30335, 38, 15)
(60671/2, 41, 17)
(30336, 46, 20)
(60673/2, 50, 22)
(30337, 53, 24)
(60675/2, 58, 27)
(30338, 62, 29)
(60677/2, 65, 31)
(30339, 67, 32)
(30341, 65, 31)
(30343, 63, 30)
(30345, 62, 29)
(30347, 60, 28)
(30349, 53, 24)
(30351, 58, 27)
(30353, 41, 17)
(30355, 43, 18)
(30357, 38, 15)
(30359, 39, 16)
(30361, 46, 20)
(30363, 41, 17)
(30367, 46, 20)
(30370, 55, 25)
(30373, 60, 28)
(30375, 58, 27)
(30377, 56, 26)
(30379, 55, 25)
(30381, 53, 24)
(30383, 46, 20)
(30385, 39, 16)
(30388, 43, 18)
(30389, 44, 19)
(30391, 46, 20)
(30393, 48, 21)
(30395, 56, 26)
(30397, 55, 25)
(30398, 51, 23)
(30399, 48, 21)
(30400, 45, 19)
(30401, 46, 20)
(30407, 59, 27)
(30413, 60, 28)
(30415, 41, 17)
(30417, 36, 14)
(30425, 36, 14)
(30430, 43, 18)
(30431, 40, 16)
(30432, 43, 18)
(30433, 36, 14)
(30438, 43, 18)
(30439, 40, 16)
(30440, 36, 14)
(30441, 41, 17)
(30449, 43, 18)
(30453, 45, 19)
(30457, 43, 18)
(30461, 45, 19)
(30463, 40, 16)
(30464, 42, 17)
(30465, 43, 18)
(30465, 50, 22)
(30469, 45, 19)
(30471, 40, 16)
(30472, 42, 17)
(30477, 44, 18)
(60955/2, 50, 22)
(30478, 44, 18)
(60957/2, 50, 22)
(30479, 44, 18)
(60959/2, 50, 22)
(30480, 44, 18)
(60961/2, 50, 22)
(30481, 45, 19)
(30485, 50, 22)
(91456/3, 47, 20)
(91457/3, 50, 22)
(30486, 47, 20)
(30487, 50, 22)
(60975/2, 47, 20)
(30488, 50, 22)
(60977/2, 47, 20)
(30489, 45, 19)
(30490, 43, 18)
(60981/2, 40, 16)
(30491, 43, 18)
(60983/2, 40, 16)
(30492, 43, 18)
(60985/2, 40, 16)
(30493, 45, 19)
(60987/2, 40, 16)
(30494, 45, 19)
(60989/2, 40, 16)
(121979/4, 47, 20)
(121981/4, 40, 16)
(121983/4, 47, 20)
(121985/4, 40, 16)
(30497, 40, 16)
(60995/2, 41, 17)
(30498, 40, 16)
(60997/2, 41, 17)
(30499, 40, 16)
(60999/2, 41, 17)
(30500, 40, 16)
(61001/2, 41, 17)
(30501, 40, 16)
(61003/2, 41, 17)
(30502, 40, 16)
(30503, 40, 16)
(61007/2, 41, 17)
(30504, 40, 16)
(30505, 64, 30)
(30507, 62, 29)
(30508, 59, 27)
(30509, 57, 26)
(30510, 53, 24)
(30511, 52, 23)
(30512, 50, 22)
(30513, 48, 21)
(30514, 52, 23)
(30515, 50, 22)
(30516, 47, 20)
(30517, 45, 19)
(30518, 41, 17)
(30519, 40, 16)
(30520, 38, 15)
(30521, 36, 14)
(30531, 45, 19)
(30533, 52, 23)
(30535, 50, 22)
(30536, 52, 23)
(30537, 50, 22)
(30538, 48, 21)
(30539, 47, 20)
(30540, 48, 21)
(30541, 47, 20)
(30542, 45, 19)
(30543, 43, 18)
(30544, 45, 19)
(30545, 43, 18)
(30546, 41, 17)
(30547, 40, 16)
(30548, 41, 17)
(30549, 40, 16)
(30550, 38, 15)
(30551, 45, 19)
(30553, 40, 16)
(30559, 38, 15)
(30559, 41, 17)
(30561, 40, 16)
(30567, 38, 15)
(30569, 36, 14)
(30569, 41, 17)
(30572, 50, 22)
(30573, 50, 22)
(30574, 48, 21)
(30575, 48, 21)
(30576, 57, 26)
(30577, 57, 26)
(30578, 56, 25)
(30579, 56, 25)
(30580, 59, 27)
(30581, 59, 27)
(61163/2, 57, 26)
(30582, 57, 26)
(61165/2, 60, 28)
(30583, 60, 28)
(61167/2, 59, 27)
(30584, 59, 27)
(61169/2, 62, 29)
(30585, 62, 29)
(61171/2, 60, 28)
(30586, 60, 28)
(30587, 60, 28)
(61175/2, 59, 27)
(30588, 59, 27)
(61177/2, 62, 29)
(30589, 60, 28)
(30590, 69, 33)
(61181/2, 53, 24)
(61181/2, 68, 32)
(30591, 68, 32)
(30592, 71, 34)
(122371/4, 69, 33)
(30593, 68, 33)
(30594, 68, 33)
(30595, 68, 33)
(30596, 68, 33)
(30597, 69, 33)
(30601, 38, 15)
(30609, 43, 18)
(30613, 36, 14)
(30613, 43, 18)
(30621, 51, 23)
(30622, 48, 21)
(30626, 46, 20)
(30627, 46, 20)
(30630, 48, 21)
(30631, 48, 21)
(30634, 50, 22)
(61269/2, 50, 22)
(30638, 51, 23)
(30639, 51, 23)
(30642, 42, 17)
(30643, 42, 17)
(30646, 41, 17)
(30647, 41, 17)
(30653, 39, 16)
(30657, 36, 14)
(30661, 38, 15)
(30665, 39, 16)
(30669, 41, 17)
(30673, 46, 20)
(30675, 48, 21)
(30677, 43, 18)
(30679, 42, 17)
(30680, 43, 18)
(30681, 38, 15)
(30685, 38, 15)
(30699, 43, 18)
(30701, 39, 16)
(30709, 46, 20)
(30713, 48, 21)
(30715, 43, 18)
(30717, 44, 19)
(30719, 46, 20)
(30721, 48, 21)
(30723, 56, 26)
(30725, 55, 25)
(30726, 43, 18)
(30728, 44, 19)
(30729, 46, 20)
(30732, 55, 25)
(30733, 60, 28)
(30735, 58, 27)
(30737, 56, 26)
(30739, 55, 25)
(30740, 48, 21)
(30741, 53, 24)
(30743, 46, 20)
(30745, 51, 23)
(61491/2, 46, 20)
(30746, 45, 19)
(61493/2, 46, 20)
(30747, 48, 21)
(61495/2, 46, 20)
(30748, 43, 18)
(61497/2, 39, 16)
(30749, 37, 15)
(30753, 36, 14)
(30756, 48, 21)
(30757, 46, 20)
(30758, 46, 20)
(30759, 44, 19)
(30760, 43, 18)
(30761, 44, 19)
(30764, 44, 19)
(30765, 56, 26)
(30769, 55, 25)
(30801, 58, 27)
(30802, 70, 34)
(30803, 68, 33)
(30804, 65, 31)
(30805, 63, 30)
(30806, 60, 28)
(30807, 58, 27)
(30808, 58, 27)
(30809, 58, 27)
(30815, 44, 19)
(30817, 43, 18)
(61635/2, 51, 23)
(30818, 50, 22)
(61637/2, 51, 23)
(30819, 43, 18)
(61639/2, 51, 23)
(30820, 50, 22)
(61641/2, 51, 23)
(30821, 44, 19)
(61643/2, 51, 23)
(30822, 50, 22)
(61645/2, 51, 23)
(30823, 49, 22)
(61647/2, 51, 23)
(30824, 49, 22)
(61649/2, 51, 23)
(30825, 47, 21)
(61651/2, 51, 23)
(30826, 47, 21)
(61653/2, 51, 23)
(30827, 43, 18)
(61655/2, 51, 23)
(30828, 43, 18)
(61657/2, 51, 23)
(30829, 44, 19)
(61659/2, 51, 23)
(30830, 50, 22)
(61661/2, 51, 23)
(30831, 46, 20)
(61663/2, 51, 23)
(30832, 50, 22)
(61665/2, 51, 23)
(30833, 47, 21)
(30837, 46, 20)
(30841, 45, 19)
(30845, 44, 19)
(30849, 43, 18)
(30853, 43, 18)
(30855, 55, 25)
(30857, 42, 18)
(30861, 41, 17)
(30863, 40, 16)
(30865, 38, 15)
(30865, 46, 20)
(30873, 43, 18)
(30874, 46, 20)
(61749/2, 51, 23)
(30875, 55, 25)
(61751/2, 58, 27)
(30876, 63, 30)
(61753/2, 67, 32)
(30877, 68, 33)
(30881, 43, 18)
(61765/2, 46, 20)
(30883, 51, 23)
(61767/2, 55, 25)
(30884, 58, 27)
(61769/2, 50, 22)
(61769/2, 63, 30)
(61769/2, 50, 22)
(61769/2, 67, 32)
(30885, 68, 33)
(30889, 43, 18)
(61779/2, 46, 20)
(30890, 51, 23)
(61781/2, 55, 25)
(30891, 58, 27)
(61783/2, 63, 30)
(30892, 67, 32)
(30897, 68, 33)
(30899, 67, 32)
(30901, 62, 29)
(30901, 65, 31)
(30903, 58, 27)
(30907, 48, 20)
(30909, 48, 21)
(30911, 43, 18)
(30913, 44, 19)
(30915, 40, 16)
(30917, 41, 17)
(30921, 43, 18)
(30925, 44, 19)
(30930, 44, 19)
(30931, 44, 19)
(30933, 44, 19)
(30938, 44, 19)
(30939, 44, 19)
(30940, 44, 19)
(30941, 40, 16)
(30946, 40, 16)
(30947, 40, 16)
(30948, 40, 16)
(30949, 39, 16)
(30954, 39, 16)
(30955, 39, 16)
(30956, 39, 16)
(30957, 38, 15)
(30965, 37, 15)
(30973, 36, 14)
(30978, 43, 18)
(30979, 40, 16)
(30980, 43, 18)
(30981, 36, 14)
(30986, 43, 18)
(30987, 40, 16)
(30988, 36, 14)
(30989, 41, 17)
(30997, 43, 18)
(31001, 45, 19)
(31007, 43, 18)
(31009, 45, 19)
(31015, 43, 18)
(31017, 45, 19)
(31028, 46, 20)
(31029, 48, 21)
(31031, 46, 20)
(31033, 44, 19)
(31035, 43, 18)
(31037, 41, 17)
(31039, 46, 20)
(31041, 39, 16)
(31043, 41, 17)
(31045, 43, 18)
(31047, 43, 18)
(31049, 44, 19)
(31051, 41, 17)
(31053, 46, 20)
(31055, 46, 20)
(31057, 39, 16)
(31059, 41, 17)
(31061, 43, 18)
(31063, 43, 18)
(31065, 45, 19)
(31067, 41, 17)
(31069, 46, 20)
(31071, 47, 20)
(31072, 43, 18)
(31073, 48, 21)
(31074, 43, 18)
(31075, 53, 24)
(31076, 43, 18)
(31077, 52, 23)
(31079, 45, 19)
(31081, 46, 20)
(31083, 43, 18)
(31084, 40, 16)
(31085, 46, 20)
(31089, 40, 16)
(31105, 39, 16)
(31107, 49, 22)
(31109, 48, 21)
(31111, 46, 20)
(31113, 45, 19)
(31115, 44, 19)
(31117, 39, 16)
(31117, 43, 18)
(31119, 41, 17)
(31121, 39, 16)
(31129, 51, 23)
(31137, 51, 23)
(31145, 39, 16)
(31155, 39, 16)
(31157, 39, 16)
