(4, 70, 34)
(13/2, 70, 34)
(7, 69, 33)
(15/2, 70, 34)
(8, 69, 33)
(9, 67, 32)
(11, 67, 32)
(12, 76, 37)
(15, 74, 36)
(16, 74, 36)
(17, 73, 35)
(19, 76, 37)
(20, 74, 36)
(21, 73, 35)
(45/2, 73, 35)
(23, 82, 41)
(47/2, 82, 41)
(24, 88, 44)
(26, 82, 41)
(85/3, 73, 35)
(86/3, 64, 30)
(29, 55, 25)
(88/3, 64, 30)
(89/3, 73, 35)
(30, 82, 41)
(63/2, 81, 40)
(32, 79, 39)
(65/2, 77, 38)
(33, 81, 40)
(67/2, 82, 41)
(34, 82, 41)
(69/2, 81, 40)
(35, 81, 40)
(71/2, 79, 39)
(36, 79, 39)
(73/2, 77, 38)
(37, 77, 38)
(75/2, 79, 39)
(38, 79, 39)
(77/2, 77, 38)
(39, 77, 38)
(79/2, 76, 37)
(40, 76, 37)
(81/2, 74, 36)
(41, 74, 36)
(83/2, 70, 34)
(42, 70, 34)
(85/2, 69, 33)
(43, 69, 33)
(87/2, 67, 32)
(44, 67, 32)
(89/2, 65, 31)
(45, 65, 31)
(91/2, 64, 30)
(46, 64, 30)
(93/2, 62, 29)
(47, 61, 28)
(95/2, 62, 29)
(48, 72, 35)
(50, 67, 32)
(54, 65, 31)
(55, 64, 30)
(56, 62, 29)
(57, 60, 28)
(59, 55, 25)
(60, 60, 28)
(182/3, 64, 30)
(184/3, 67, 32)
(62, 72, 35)
(188/3, 76, 37)
(190/3, 79, 39)
(64, 82, 41)
(67, 70, 34)
(69, 70, 34)
(70, 72, 35)
(71, 74, 36)
(72, 74, 36)
(74, 64, 30)
(76, 82, 41)
(79, 81, 40)
(81, 81, 40)
(163/2, 82, 41)
(82, 82, 41)
(165/2, 81, 40)
(83, 81, 40)
(167/2, 82, 41)
(84, 82, 41)
(169/2, 81, 40)
(85, 81, 40)
(171/2, 79, 39)
(86, 79, 39)
(173/2, 76, 37)
(87, 76, 37)
(175/2, 73, 35)
(89, 69, 33)
(179/2, 70, 34)
(90, 70, 34)
(181/2, 69, 33)
(91, 69, 33)
(183/2, 67, 32)
(92, 67, 32)
(185/2, 65, 31)
(93, 69, 33)
(187/2, 65, 31)
(94, 65, 31)
(189/2, 62, 29)
(95, 62, 29)
(191/2, 57, 26)
(97, 76, 37)
(195/2, 77, 38)
(98, 77, 38)
(197/2, 76, 37)
(99, 76, 37)
(199/2, 77, 38)
(100, 77, 38)
(201/2, 76, 37)
(101, 76, 37)
(203/2, 77, 38)
(102, 77, 38)
(205/2, 76, 37)
(103, 76, 37)
(207/2, 77, 38)
(104, 77, 38)
(209/2, 76, 37)
(105, 76, 37)
(211/2, 77, 38)
(106, 77, 38)
(213/2, 76, 37)
(107, 76, 37)
(215/2, 77, 38)
(108, 76, 37)
(217/2, 77, 38)
(109, 76, 37)
(219/2, 77, 38)
(110, 76, 37)
(221/2, 77, 38)
(111, 76, 37)
(223/2, 77, 38)
(112, 76, 37)
(227/2, 69, 33)
(114, 68, 32)
(231/2, 71, 34)
(116, 69, 33)
(235/2, 72, 35)
(118, 76, 37)
(239/2, 74, 36)
(120, 74, 36)
(241/2, 72, 35)
(121, 71, 34)
(243/2, 69, 33)
(122, 81, 40)
(123, 81, 40)
(124, 81, 40)
(253/2, 80, 39)
(127, 81, 40)
(255/2, 80, 39)
(128, 81, 40)
(259/2, 69, 33)
(130, 71, 34)
(263/2, 81, 40)
(132, 81, 40)
(267/2, 72, 35)
(134, 73, 35)
(271/2, 81, 40)
(136, 81, 40)
(275/2, 78, 38)
(138, 76, 37)
(279/2, 75, 36)
(140, 83, 41)
(141, 74, 36)
(285/2, 77, 38)
(143, 76, 37)
(287/2, 77, 38)
(144, 76, 37)
(291/2, 69, 33)
(146, 68, 32)
(295/2, 71, 34)
(148, 69, 33)
(299/2, 72, 35)
(150, 76, 37)
(303/2, 74, 36)
(152, 74, 36)
(305/2, 72, 35)
(153, 71, 34)
(307/2, 69, 33)
(154, 81, 40)
(155, 81, 40)
(156, 81, 40)
(164, 79, 39)
(168, 77, 38)
(172, 89, 45)
(174, 88, 44)
(349/2, 89, 45)
(175, 88, 44)
(351/2, 89, 45)
(176, 88, 44)
(355/2, 81, 40)
(178, 80, 39)
(359/2, 83, 41)
(180, 81, 40)
(363/2, 84, 42)
(182, 88, 44)
(367/2, 86, 43)
(184, 86, 43)
(369/2, 84, 42)
(185, 83, 41)
(371/2, 81, 40)
(186, 81, 40)
(373/2, 80, 39)
(187, 78, 38)
(375/2, 76, 37)
(188, 88, 44)
(381/2, 89, 45)
(191, 88, 44)
(383/2, 89, 45)
(192, 88, 44)
(387/2, 81, 40)
(194, 80, 39)
(391/2, 83, 41)
(196, 81, 40)
(393/2, 84, 42)
(197, 81, 40)
(395/2, 84, 42)
(198, 88, 44)
(399/2, 86, 43)
(200, 86, 43)
(401/2, 84, 42)
(201, 83, 41)
(403/2, 81, 40)
(202, 81, 40)
(405/2, 80, 39)
(203, 78, 38)
(407/2, 76, 37)
(204, 81, 40)
(409/2, 80, 39)
(205, 81, 40)
(411/2, 83, 41)
(206, 83, 41)
(413/2, 81, 40)
(207, 81, 40)
(415/2, 77, 38)
(208, 77, 38)
(417/2, 76, 37)
(209, 76, 37)
(419/2, 74, 36)
(210, 74, 36)
(421/2, 72, 35)
(211, 72, 35)
(423/2, 71, 34)
(212, 71, 34)
(425/2, 69, 33)
(213, 69, 33)
(427/2, 65, 31)
(214, 65, 31)
(429/2, 64, 30)
(215, 64, 30)
(431/2, 62, 29)
(216, 62, 29)
(433/2, 60, 28)
(217, 60, 28)
(435/2, 59, 27)
(218, 59, 27)
(437/2, 57, 26)
(219, 56, 25)
(439/2, 57, 26)
(220, 60, 28)
(224, 61, 28)
(228, 62, 29)
(232, 57, 26)
(232, 64, 30)
(236, 57, 26)
(236, 65, 31)
(237, 81, 40)
(475/2, 82, 41)
(238, 82, 41)
(477/2, 81, 40)
(239, 81, 40)
(479/2, 79, 39)
(240, 79, 39)
(481/2, 77, 38)
(241, 77, 38)
(483/2, 76, 37)
(242, 76, 37)
(485/2, 74, 36)
(243, 74, 36)
(487/2, 70, 34)
(244, 70, 34)
(489/2, 69, 33)
(245, 69, 33)
(491/2, 67, 32)
(246, 67, 32)
(493/2, 65, 31)
(247, 65, 31)
(495/2, 64, 30)
(248, 64, 30)
(497/2, 62, 29)
(249, 62, 29)
(499/2, 58, 27)
(250, 58, 27)
(501/2, 57, 26)
(251, 57, 26)
(503/2, 57, 26)
(252, 63, 29)
(260, 64, 30)
(264, 66, 31)
(268, 67, 32)
(270, 68, 32)
(272, 69, 33)
(274, 73, 35)
(276, 78, 38)
(278, 84, 42)
(280, 83, 41)
(282, 88, 44)
(567/2, 88, 44)
(284, 88, 44)
(286, 84, 42)
(575/2, 83, 41)
(288, 81, 40)
(290, 79, 39)
(292, 79, 39)
(587/2, 78, 38)
(294, 78, 38)
(298, 88, 44)
(599/2, 88, 44)
(300, 88, 44)
(302, 85, 42)
(607/2, 83, 41)
(304, 82, 40)
(305, 88, 44)
(306, 88, 44)
(307, 82, 40)
(308, 83, 41)
(324, 71, 34)
(324, 83, 41)
(325, 71, 34)
(325, 83, 41)
(326, 71, 34)
(326, 83, 41)
(327, 71, 34)
(327, 83, 41)
(328, 71, 34)
(328, 83, 41)
(337, 81, 40)
(675/2, 79, 39)
(338, 79, 39)
(339, 78, 38)
(679/2, 76, 37)
(340, 75, 36)
(341, 83, 41)
(343, 84, 42)
(687/2, 83, 41)
(344, 81, 40)
(345, 81, 40)
(691/2, 79, 39)
(346, 78, 38)
(347, 81, 40)
(695/2, 79, 39)
(348, 78, 38)
(349, 78, 38)
(699/2, 76, 37)
(350, 75, 36)
(351, 75, 36)
(703/2, 72, 35)
(352, 71, 34)
(353, 71, 34)
(707/2, 69, 33)
(354, 67, 32)
(355, 67, 32)
(711/2, 66, 31)
(356, 64, 30)
(357, 64, 30)
(715/2, 66, 31)
(358, 67, 32)
(359, 67, 32)
(719/2, 69, 33)
(360, 71, 34)
(361, 71, 34)
(723/2, 73, 35)
(1447/4, 75, 36)
(362, 76, 37)
(363, 76, 37)
(727/2, 78, 38)
(364, 79, 39)
(365, 76, 37)
(731/2, 73, 35)
(366, 70, 33)
(367, 70, 33)
(735/2, 79, 39)
(368, 78, 38)
(369, 69, 33)
(739/2, 71, 34)
(370, 72, 35)
(371, 71, 34)
(743/2, 69, 33)
(372, 67, 32)
(373, 64, 30)
(747/2, 66, 31)
(374, 67, 32)
(375, 67, 32)
(751/2, 69, 33)
(376, 71, 34)
(377, 71, 34)
(755/2, 73, 35)
(1511/4, 75, 36)
(378, 76, 37)
(379, 76, 37)
(759/2, 78, 38)
(380, 79, 39)
(381, 76, 37)
(763/2, 73, 35)
(382, 70, 33)
(383, 70, 33)
(383, 79, 39)
(384, 78, 38)
(385, 69, 33)
(771/2, 71, 34)
(386, 72, 35)
(387, 71, 34)
(775/2, 69, 33)
(388, 77, 38)
(389, 74, 36)
(779/2, 71, 34)
(390, 68, 32)
(391, 77, 38)
(392, 76, 37)
(393, 69, 33)
(787/2, 71, 34)
(394, 73, 35)
(395, 71, 34)
(791/2, 69, 33)
(396, 75, 36)
(397, 72, 35)
(795/2, 69, 33)
(398, 66, 31)
(399, 75, 36)
(400, 76, 37)
(401, 71, 34)
(803/2, 67, 32)
(402, 64, 30)
(403, 76, 37)
(404, 78, 38)
(405, 75, 36)
(811/2, 72, 35)
(406, 69, 33)
(407, 78, 38)
(408, 79, 39)
(409, 71, 34)
(819/2, 64, 30)
(410, 55, 25)
(411, 71, 34)
(412, 85, 42)
(413, 76, 37)
(414, 85, 42)
(417, 79, 39)
(418, 78, 38)
(419, 79, 39)
(420, 78, 38)
(423, 76, 37)
(424, 76, 37)
(425, 76, 37)
(426, 78, 38)
(426, 76, 37)
(426, 75, 36)
(427, 76, 37)
(428, 76, 37)
(432, 75, 36)
(434, 78, 38)
(438, 81, 40)
(440, 84, 42)
(442, 75, 36)
(444, 74, 36)
(449, 74, 36)
(450, 72, 35)
(451, 71, 34)
(452, 69, 33)
(454, 68, 32)
(913/2, 69, 33)
(457, 71, 34)
(915/2, 72, 35)
(458, 74, 36)
(917/2, 76, 37)
(459, 78, 38)
(919/2, 80, 39)
(921/2, 83, 41)
(461, 81, 40)
(923/2, 78, 38)
(462, 75, 36)
(463, 76, 37)
(929/2, 83, 41)
(465, 81, 40)
(931/2, 78, 38)
(466, 75, 36)
(467, 76, 37)
(937/2, 83, 41)
(469, 81, 40)
(939/2, 78, 38)
(470, 75, 36)
(471, 76, 37)
(945/2, 83, 41)
(473, 81, 40)
(947/2, 78, 38)
(474, 75, 36)
(475, 76, 37)
(953/2, 88, 44)
(477, 84, 42)
(955/2, 83, 41)
(478, 86, 43)
(957/2, 84, 42)
(479, 81, 40)
(959/2, 78, 38)
(480, 76, 37)
(961/2, 75, 36)
(481, 76, 37)
(963/2, 78, 38)
(482, 76, 37)
(969/2, 88, 44)
(485, 84, 42)
(971/2, 83, 41)
(486, 86, 43)
(973/2, 84, 42)
(487, 81, 40)
(975/2, 78, 38)
(488, 76, 37)
(977/2, 75, 36)
(489, 76, 37)
(979/2, 78, 38)
(490, 76, 37)
(985/2, 88, 44)
(493, 88, 44)
(987/2, 83, 41)
(494, 83, 41)
(989/2, 84, 42)
(495, 84, 42)
(991/2, 80, 39)
(496, 80, 39)
(993/2, 81, 40)
(497, 81, 40)
(995/2, 75, 36)
(498, 75, 36)
(997/2, 76, 37)
(499, 76, 37)
(999/2, 79, 39)
(500, 79, 39)
(1001/2, 76, 37)
(501, 73, 35)
(1003/2, 70, 33)
(502, 67, 32)
(1005/2, 64, 30)
(503, 76, 37)
(1007/2, 76, 37)
(504, 76, 37)
(1009/2, 73, 35)
(505, 70, 33)
(1011/2, 67, 32)
(506, 67, 32)
(1013/2, 66, 31)
(507, 67, 32)
(1015/2, 64, 30)
(508, 63, 29)
(1017/2, 71, 34)
(509, 81, 40)
(1019/2, 81, 40)
(510, 81, 40)
(1025/2, 78, 38)
(513, 75, 36)
(1027/2, 71, 34)
(514, 74, 36)
(1029/2, 72, 35)
(515, 71, 34)
(1031/2, 69, 33)
(516, 68, 32)
(1033/2, 76, 37)
(517, 86, 43)
(1035/2, 86, 43)
(518, 86, 43)
(1041/2, 83, 41)
(521, 80, 39)
(1043/2, 76, 37)
(522, 79, 39)
(1045/2, 77, 38)
(523, 76, 37)
(1047/2, 74, 36)
(524, 73, 35)
(1049/2, 76, 37)
(525, 88, 44)
(1051/2, 88, 44)
(526, 88, 44)
(1057/2, 85, 42)
(529, 82, 40)
(1059/2, 78, 38)
(530, 79, 39)
(1061/2, 75, 36)
(531, 78, 38)
(1063/2, 76, 37)
(532, 75, 36)
(1065/2, 78, 38)
(533, 93, 47)
(1067/2, 93, 47)
(534, 93, 47)
(538, 90, 45)
(540, 87, 43)
(542, 84, 42)
(544, 81, 40)
(546, 78, 38)
(548, 75, 36)
(556, 63, 29)
(557, 64, 30)
(1115/2, 66, 31)
(558, 67, 32)
(1117/2, 69, 33)
(559, 71, 34)
(1119/2, 73, 35)
(560, 75, 36)
(1121/2, 76, 37)
(561, 78, 38)
(1123/2, 79, 39)
(562, 81, 40)
(1125/2, 83, 41)
(563, 85, 42)
(1127/2, 87, 43)
(564, 88, 44)
(565, 86, 43)
(1131/2, 84, 42)
(566, 86, 43)
(567, 81, 40)
(1135/2, 84, 42)
(568, 83, 41)
(569, 81, 40)
(1139/2, 79, 39)
(570, 78, 38)
(571, 79, 39)
(1143/2, 81, 40)
(572, 79, 39)
(573, 78, 38)
(1147/2, 76, 37)
(574, 79, 39)
(575, 78, 38)
(1151/2, 76, 37)
(576, 83, 41)
(577, 81, 40)
(1155/2, 79, 39)
(578, 78, 38)
(579, 79, 39)
(1159/2, 78, 38)
(580, 76, 37)
(581, 78, 38)
(1163/2, 79, 39)
(582, 81, 40)
(583, 79, 39)
(1167/2, 78, 38)
(584, 83, 41)
(585, 81, 40)
(1171/2, 79, 39)
(586, 84, 42)
(587, 83, 41)
(1175/2, 81, 40)
(588, 88, 44)
(589, 86, 43)
(1179/2, 84, 42)
(590, 83, 41)
(591, 81, 40)
(592, 79, 39)
(1187/2, 81, 40)
(594, 78, 38)
(596, 76, 37)
(597, 64, 30)
(1195/2, 66, 31)
(598, 67, 32)
(599, 67, 32)
(1199/2, 69, 33)
(600, 71, 34)
(601, 71, 34)
(1203/2, 73, 35)
(2407/4, 75, 36)
(602, 76, 37)
(603, 76, 37)
(1207/2, 78, 38)
(604, 79, 39)
(605, 79, 39)
(1211/2, 81, 40)
(606, 83, 41)
(609, 81, 40)
(1219/2, 79, 39)
(610, 78, 38)
(611, 79, 39)
(1223/2, 78, 38)
(612, 76, 37)
(613, 64, 30)
(1227/2, 66, 31)
(614, 67, 32)
(615, 67, 32)
(1231/2, 69, 33)
(616, 71, 34)
(617, 71, 34)
(1235/2, 73, 35)
(2471/4, 75, 36)
(618, 76, 37)
(619, 76, 37)
(1239/2, 78, 38)
(620, 79, 39)
(621, 79, 39)
(1243/2, 81, 40)
(622, 83, 41)
(625, 81, 40)
(1251/2, 79, 39)
(626, 78, 38)
(1253/2, 81, 40)
(627, 79, 39)
(1255/2, 78, 38)
(628, 76, 37)
(1257/2, 76, 37)
(629, 79, 39)
(1259/2, 83, 41)
(630, 88, 44)
(1261/2, 86, 43)
(631, 84, 42)
(1263/2, 83, 41)
(632, 86, 43)
(1265/2, 84, 42)
(633, 83, 41)
(1267/2, 81, 40)
(634, 79, 39)
(1269/2, 78, 38)
(635, 83, 41)
(1271/2, 83, 41)
(636, 81, 40)
(1273/2, 79, 39)
(637, 78, 38)
(1275/2, 76, 37)
(638, 79, 39)
(1277/2, 76, 37)
(639, 73, 35)
(1279/2, 70, 33)
(640, 71, 34)
(1281/2, 69, 33)
(641, 72, 35)
(1283/2, 71, 34)
(642, 69, 33)
(1285/2, 67, 32)
(643, 66, 31)
(1287/2, 64, 30)
(644, 63, 29)
(645, 64, 30)
(646, 66, 31)
(647, 67, 32)
(648, 69, 33)
(648, 84, 42)
(650, 69, 33)
(650, 83, 41)
(652, 59, 27)
(652, 67, 32)
(652, 71, 34)
(652, 76, 37)
(680, 81, 40)
(686, 82, 41)
(690, 81, 40)
(692, 80, 39)
(694, 76, 37)
(695, 77, 38)
(696, 79, 39)
(698, 81, 40)
(699, 79, 39)
(700, 79, 39)
(701, 78, 38)
(702, 74, 36)
(703, 76, 37)
(704, 77, 38)
(706, 79, 39)
(707, 77, 38)
(708, 77, 38)
(709, 76, 37)
(710, 74, 36)
(711, 76, 37)
(712, 77, 38)
(717, 76, 37)
(718, 74, 36)
(719, 74, 36)
(720, 79, 39)
(726, 81, 40)
(728, 81, 40)
(730, 79, 39)
(732, 79, 39)
(733, 77, 38)
(734, 74, 36)
(735, 76, 37)
(736, 77, 38)
(738, 79, 39)
(739, 77, 38)
(740, 77, 38)
(741, 76, 37)
(742, 71, 34)
(743, 72, 35)
(744, 74, 36)
(746, 76, 37)
(747, 74, 36)
(748, 74, 36)
(749, 72, 35)
(750, 77, 38)
(751, 76, 37)
(752, 76, 37)
(753, 74, 36)
(754, 79, 39)
(755, 77, 38)
(756, 77, 38)
(757, 76, 37)
(758, 81, 40)
(759, 79, 39)
(760, 79, 39)
(761, 77, 38)
(762, 77, 38)
(763, 76, 37)
(764, 73, 35)
(765, 74, 36)
(766, 74, 36)
(767, 76, 37)
(768, 76, 37)
(769, 77, 38)
(771, 77, 38)
(772, 77, 38)
(773, 82, 41)
(775, 74, 36)
(776, 74, 36)
(777, 75, 37)
(778, 86, 43)
(779, 84, 42)
(780, 84, 42)
(781, 82, 41)
(782, 82, 41)
(783, 81, 40)
(784, 81, 40)
(785, 79, 39)
(786, 79, 39)
(787, 78, 38)
(788, 78, 38)
(789, 79, 39)
(790, 79, 39)
(791, 73, 36)
(792, 73, 36)
(793, 72, 35)
(794, 72, 35)
(795, 82, 41)
(796, 82, 41)
(797, 81, 40)
(798, 81, 40)
(799, 75, 37)
(800, 75, 37)
(801, 74, 36)
(802, 74, 36)
(803, 84, 42)
(804, 84, 42)
(805, 82, 41)
(806, 82, 41)
(807, 81, 40)
(808, 81, 40)
(809, 79, 39)
(1621/2, 82, 41)
(811, 81, 40)
(1623/2, 82, 41)
(812, 81, 40)
(1627/2, 74, 36)
(814, 73, 35)
(1631/2, 76, 37)
(816, 74, 36)
(1635/2, 77, 38)
(818, 81, 40)
(1639/2, 79, 39)
(820, 79, 39)
(821, 77, 38)
(822, 76, 37)
(823, 74, 36)
(824, 86, 43)
(825, 86, 43)
(826, 86, 43)
(830, 86, 43)
(832, 84, 42)
(834, 84, 42)
(837, 82, 41)
(838, 81, 40)
(839, 79, 39)
(840, 88, 44)
(841, 88, 44)
(842, 88, 44)
(846, 86, 43)
(849, 84, 42)
(851, 83, 41)
(853, 81, 40)
(855, 79, 39)
(857, 77, 38)
(859, 76, 37)
(861, 74, 36)
(1725/2, 83, 41)
(863, 81, 40)
(1727/2, 83, 41)
(864, 81, 40)
(1733/2, 83, 41)
(867, 81, 40)
(1735/2, 83, 41)
(868, 81, 40)
(1741/2, 83, 41)
(871, 81, 40)
(1743/2, 83, 41)
(872, 81, 40)
(1749/2, 83, 41)
(875, 81, 40)
(1751/2, 83, 41)
(876, 81, 40)
(1757/2, 89, 45)
(879, 88, 44)
(1759/2, 89, 45)
(880, 88, 44)
(1763/2, 81, 40)
(882, 80, 39)
(1767/2, 83, 41)
(884, 81, 40)
(1771/2, 84, 42)
(886, 88, 44)
(1775/2, 86, 43)
(888, 84, 42)
(1779/2, 81, 40)
(890, 83, 41)
(1783/2, 80, 39)
(892, 81, 40)
(1787/2, 84, 42)
(894, 86, 43)
(1791/2, 83, 41)
(896, 84, 42)
(1795/2, 81, 40)
(898, 79, 39)
(1799/2, 76, 37)
(900, 77, 38)
(1803/2, 74, 36)
(902, 84, 42)
(1807/2, 81, 40)
(904, 83, 41)
(1811/2, 79, 39)
(906, 77, 38)
(1815/2, 74, 36)
(908, 76, 37)
(1819/2, 72, 35)
(910, 82, 41)
(1823/2, 79, 39)
(912, 81, 40)
(1827/2, 77, 38)
(914, 81, 40)
(1831/2, 77, 38)
(916, 81, 40)
(1835/2, 77, 38)
(918, 81, 40)
(1839/2, 65, 31)
(920, 64, 30)
(1841/2, 69, 33)
(921, 72, 35)
(1843/2, 76, 37)
(922, 74, 36)
(1845/2, 72, 35)
(923, 71, 34)
(1847/2, 72, 35)
(924, 69, 33)
(1849/2, 72, 35)
(925, 76, 37)
(1851/2, 81, 40)
(926, 77, 38)
(1853/2, 76, 37)
(927, 75, 36)
(1855/2, 76, 37)
(928, 72, 35)
(1857/2, 76, 37)
(929, 81, 40)
(1859/2, 84, 42)
(930, 83, 41)
(1861/2, 81, 40)
(931, 80, 39)
(1863/2, 81, 40)
(932, 76, 37)
(1865/2, 81, 40)
(933, 84, 42)
(1867/2, 88, 44)
(934, 88, 44)
(1869/2, 86, 43)
(935, 84, 42)
(1871/2, 83, 41)
(936, 88, 44)
(1873/2, 86, 43)
(937, 84, 42)
(1875/2, 83, 41)
(938, 84, 42)
(1877/2, 83, 41)
(939, 81, 40)
(1879/2, 79, 39)
(940, 81, 40)
(1881/2, 79, 39)
(941, 77, 38)
(1883/2, 76, 37)
(942, 77, 38)
(1885/2, 76, 37)
(943, 74, 36)
(1887/2, 72, 35)
(944, 77, 38)
(1889/2, 76, 37)
(945, 74, 36)
(1891/2, 72, 35)
(946, 74, 36)
(1893/2, 72, 35)
(947, 71, 34)
(1895/2, 69, 33)
(948, 71, 34)
(1897/2, 69, 33)
(949, 67, 32)
(1899/2, 65, 31)
(950, 67, 32)
(1901/2, 65, 31)
(951, 64, 30)
(1903/2, 62, 29)
(952, 61, 28)
(956, 70, 34)
(1917/2, 70, 34)
(959, 69, 33)
(1919/2, 70, 34)
(960, 69, 33)
(961, 67, 32)
(963, 67, 32)
(964, 76, 37)
(967, 74, 36)
(968, 74, 36)
(1937/2, 73, 35)
(969, 76, 37)
(1939/2, 79, 39)
(970, 82, 41)
(1945/2, 79, 39)
(973, 76, 37)
(1947/2, 73, 35)
(974, 70, 34)
(1949/2, 67, 32)
(975, 64, 30)
(1951/2, 61, 28)
(976, 57, 26)
(978, 72, 35)
(1961/2, 72, 35)
(981, 71, 34)
(1963/2, 72, 35)
(982, 71, 34)
(983, 69, 33)
(985, 72, 35)
(987, 70, 34)
(989, 68, 32)
(991, 69, 33)
(993, 69, 33)
(994, 81, 40)
(995, 72, 35)
(997, 71, 34)
(1997/2, 77, 38)
(999, 76, 37)
(1999/2, 77, 38)
(1000, 76, 37)
(2003/2, 69, 33)
(1002, 68, 32)
(2007/2, 71, 34)
(1004, 69, 33)
(2011/2, 72, 35)
(1006, 76, 37)
(2015/2, 74, 36)
(1008, 74, 36)
(2017/2, 72, 35)
(1009, 71, 34)
(2019/2, 69, 33)
(1010, 81, 40)
(1011, 81, 40)
(1012, 81, 40)
(2029/2, 80, 39)
(1015, 81, 40)
(2031/2, 80, 39)
(1016, 81, 40)
(2035/2, 69, 33)
(1018, 71, 34)
(2039/2, 81, 40)
(1020, 81, 40)
(2043/2, 72, 35)
(1022, 73, 35)
(2047/2, 81, 40)
(1024, 81, 40)
(2051/2, 78, 38)
(1026, 76, 37)
(2055/2, 75, 36)
(1028, 83, 41)
(1029, 74, 36)
(2061/2, 77, 38)
(1031, 76, 37)
(2063/2, 77, 38)
(1032, 76, 37)
(2067/2, 69, 33)
(1034, 68, 32)
(2071/2, 71, 34)
(1036, 69, 33)
(2075/2, 72, 35)
(1038, 76, 37)
(2079/2, 74, 36)
(1040, 74, 36)
(2081/2, 72, 35)
(1041, 71, 34)
(2083/2, 69, 33)
(1042, 81, 40)
(1043, 81, 40)
(1044, 81, 40)
(1047, 81, 40)
(1048, 81, 40)
(2097/2, 79, 39)
(1049, 77, 38)
(2099/2, 76, 37)
(1050, 84, 42)
(1051, 84, 42)
(1052, 84, 42)
(1060, 82, 41)
(1065, 81, 40)
(1066, 79, 39)
(1067, 77, 38)
(1068, 76, 37)
(1070, 88, 44)
(1073, 85, 42)
(1074, 81, 40)
(1075, 79, 39)
(1077, 77, 38)
(1078, 76, 37)
(1079, 74, 36)
(1081, 72, 35)
(1082, 68, 32)
(1083, 69, 33)
(1084, 69, 33)
(1092, 71, 34)
(1096, 69, 33)
(1100, 68, 32)
(1104, 69, 33)
(1112, 71, 34)
(1120, 69, 33)
(1123, 68, 32)
(1124, 69, 33)
(1127, 68, 32)
(1128, 71, 34)
(1131, 69, 33)
(1132, 71, 34)
(1135, 69, 33)
(1137, 74, 36)
(2275/2, 74, 36)
(1138, 74, 36)
(1141, 69, 33)
(2283/2, 71, 34)
(1142, 72, 35)
(1145, 69, 33)
(2291/2, 71, 34)
(1146, 73, 35)
(1149, 69, 33)
(2299/2, 71, 34)
(4599/4, 73, 35)
(1150, 74, 36)
(1153, 69, 33)
(2307/2, 71, 34)
(1154, 72, 35)
(1155, 72, 35)
(2311/2, 74, 36)
(1156, 76, 37)
(1157, 76, 37)
(2315/2, 78, 38)
(4631/4, 80, 39)
(1158, 81, 40)
(1159, 81, 40)
(2319/2, 83, 41)
(1160, 84, 42)
(1161, 81, 40)
(2323/2, 78, 38)
(1162, 75, 36)
(1163, 75, 36)
(2327/2, 84, 42)
(1164, 83, 41)
(1165, 71, 34)
(2331/2, 71, 34)
(1166, 77, 38)
(1167, 76, 37)
(2335/2, 74, 36)
(1168, 72, 35)
(1169, 69, 33)
(2339/2, 71, 34)
(1170, 72, 35)
(1171, 72, 35)
(2343/2, 74, 36)
(1172, 76, 37)
(1173, 76, 37)
(2347/2, 78, 38)
(4695/4, 80, 39)
(1174, 81, 40)
(1175, 81, 40)
(2351/2, 83, 41)
(1176, 84, 42)
(1177, 81, 40)
(2355/2, 78, 38)
(1178, 75, 36)
(1179, 75, 36)
(2359/2, 84, 42)
(1180, 83, 41)
(1181, 74, 36)
(2363/2, 76, 37)
(1182, 77, 38)
(1183, 76, 37)
(2367/2, 74, 36)
(1184, 82, 41)
(1185, 79, 39)
(2371/2, 76, 37)
(1186, 73, 35)
(1187, 82, 41)
(1188, 81, 40)
(1189, 74, 36)
(2379/2, 76, 37)
(1190, 78, 38)
(1191, 69, 33)
(1192, 80, 40)
(1193, 77, 38)
(2387/2, 74, 36)
(1194, 71, 34)
(1195, 80, 40)
(1196, 79, 39)
(1197, 72, 35)
(2395/2, 74, 36)
(1198, 76, 37)
(1199, 74, 36)
(2399/2, 72, 35)
(1200, 77, 38)
(1201, 74, 36)
(2403/2, 72, 35)
(1202, 71, 34)
(1203, 69, 33)
(1204, 76, 37)
(1205, 74, 36)
(2411/2, 72, 35)
(1206, 71, 34)
(1207, 69, 33)
(1208, 74, 36)
(1209, 74, 36)
(2419/2, 72, 35)
(1210, 71, 34)
(1211, 69, 33)
(1212, 81, 40)
(1214, 57, 26)
(1216, 56, 25)
(1217, 57, 26)
(2435/2, 59, 27)
(1218, 60, 28)
(2437/2, 62, 29)
(1219, 64, 30)
(2439/2, 66, 31)
(1220, 68, 32)
(2441/2, 69, 33)
(1221, 71, 34)
(2443/2, 72, 35)
(1222, 74, 36)
(2445/2, 76, 37)
(1223, 78, 38)
(2447/2, 80, 39)
(1224, 81, 40)
(1225, 79, 39)
(2451/2, 77, 38)
(1226, 79, 39)
(1227, 77, 38)
(2455/2, 76, 37)
(1228, 77, 38)
(1229, 76, 37)
(2459/2, 74, 36)
(1230, 76, 37)
(1231, 74, 36)
(2463/2, 73, 35)
(1232, 74, 36)
(1233, 72, 35)
(2467/2, 71, 34)
(1234, 72, 35)
(1235, 71, 34)
(2471/2, 69, 33)
(1236, 77, 38)
(1238, 76, 37)
(1242, 81, 40)
(1246, 84, 42)
(1250, 89, 45)
(1254, 88, 44)
(1256, 81, 40)
(1257, 69, 33)
(2515/2, 71, 34)
(1258, 72, 35)
(1259, 72, 35)
(2519/2, 74, 36)
(1260, 76, 37)
(1261, 76, 37)
(2523/2, 78, 38)
(5047/4, 80, 39)
(1262, 81, 40)
(1263, 81, 40)
(2527/2, 83, 41)
(1264, 84, 42)
(1265, 84, 42)
(2531/2, 86, 43)
(1266, 88, 44)
(1269, 86, 43)
(2539/2, 84, 42)
(1270, 83, 41)
(1271, 84, 42)
(2543/2, 83, 41)
(1272, 81, 40)
(1273, 57, 26)
(2547/2, 59, 27)
(1274, 60, 28)
(1275, 60, 28)
(2551/2, 62, 29)
(1276, 64, 30)
(1277, 64, 30)
(2555/2, 66, 31)
(5111/4, 68, 32)
(1278, 69, 33)
(1279, 69, 33)
(2559/2, 71, 34)
(1280, 72, 35)
(1281, 72, 35)
(2563/2, 74, 36)
(1282, 76, 37)
(1284, 72, 35)
(1285, 72, 35)
(2571/2, 74, 36)
(1286, 76, 37)
(1288, 69, 33)
(1288, 84, 42)
(1289, 69, 33)
(1289, 84, 42)
(2579/2, 69, 33)
(2579/2, 86, 43)
(1290, 69, 33)
(1290, 88, 44)
(1293, 86, 43)
(2587/2, 84, 42)
(1294, 83, 41)
(2589/2, 86, 43)
(1295, 84, 42)
(2591/2, 83, 41)
(1296, 81, 40)
(2639/2, 69, 33)
(1320, 69, 33)
(1322, 64, 30)
(1328, 81, 40)
(1330, 82, 41)
(1334, 81, 40)
(1336, 79, 39)
(1338, 77, 38)
(1339, 79, 39)
(1340, 79, 39)
(1342, 81, 40)
(1343, 79, 39)
(1344, 78, 38)
(1346, 81, 40)
(1348, 86, 43)
(1350, 88, 44)
(1352, 89, 45)
(1356, 91, 46)
(1358, 89, 45)
(1360, 88, 44)
(1368, 86, 43)
(1376, 84, 42)
(1384, 81, 40)
(1392, 76, 37)
(1396, 76, 37)
(2799/2, 76, 37)
(1400, 88, 44)
(1405, 84, 42)
(1406, 84, 42)
(1406, 83, 41)
(1407, 81, 40)
(1408, 76, 37)
(1412, 76, 37)
(2831/2, 76, 37)
(1416, 88, 44)
(1421, 84, 42)
(1422, 84, 42)
(1422, 83, 41)
(1423, 81, 40)
(1424, 76, 37)
(1427, 69, 33)
(1428, 68, 32)
(1431, 71, 34)
(1432, 69, 33)
(1435, 72, 35)
(1436, 76, 37)
(1439, 81, 40)
(1440, 81, 40)
(1443, 74, 36)
(1444, 73, 35)
(1447, 76, 37)
(1448, 74, 36)
(1451, 77, 38)
(1452, 81, 40)
(1455, 81, 40)
(1456, 81, 40)
(1457, 82, 41)
(2917/2, 81, 40)
(1459, 81, 40)
(2919/2, 80, 39)
(2921/2, 76, 37)
(5843/4, 77, 38)
(1461, 79, 39)
(2923/2, 81, 40)
(5847/4, 79, 39)
(1462, 79, 39)
(2925/2, 77, 38)
(5851/4, 76, 37)
(1463, 76, 37)
(2927/2, 74, 36)
(5855/4, 72, 35)
(1464, 72, 35)
(2929/2, 71, 34)
(5859/4, 69, 33)
(1465, 81, 40)
(1466, 72, 35)
(2935/2, 69, 33)
(1468, 66, 31)
(2937/2, 64, 30)
(1469, 64, 30)
(1470, 63, 29)
(1471, 72, 35)
(1472, 71, 34)
(2945/2, 81, 40)
(1473, 81, 40)
(1474, 80, 39)
(2949/2, 74, 36)
(1475, 77, 38)
(2955/2, 74, 36)
(1478, 77, 38)
(2959/2, 74, 36)
(1480, 71, 34)
(2961/2, 69, 33)
(1481, 69, 33)
(2963/2, 68, 32)
(1482, 71, 34)
(2965/2, 64, 30)
(1483, 63, 29)
(2967/2, 63, 29)
(2969/2, 61, 28)
(1485, 66, 31)
(1487, 64, 30)
(1488, 61, 28)
(1490, 62, 29)
(1491, 64, 30)
(2985/2, 66, 31)
(1493, 68, 32)
(2987/2, 71, 34)
(1494, 71, 34)
(1495, 69, 33)
(2993/2, 73, 35)
(1497, 78, 38)
(1499, 76, 37)
(1500, 73, 35)
(1502, 73, 35)
(1503, 74, 36)
(3009/2, 74, 36)
(1505, 76, 37)
(3011/2, 81, 40)
(1506, 79, 39)
(1507, 78, 38)
(1508, 81, 40)
(3017/2, 80, 39)
(1509, 80, 39)
(1510, 78, 38)
(1511, 76, 37)
(3023/2, 74, 36)
(1512, 73, 35)
(1513, 71, 34)
(1514, 73, 35)
(6059/4, 71, 34)
(1515, 74, 36)
(1518, 73, 35)
(6075/4, 71, 34)
(1519, 74, 36)
(1523, 74, 36)
(6095/4, 73, 35)
(1524, 76, 37)
(1525, 73, 35)
(1526, 69, 33)
(6107/4, 67, 32)
(1527, 67, 32)
(1528, 66, 31)
(1529, 76, 37)
(6119/4, 74, 36)
(1530, 78, 38)
(1531, 74, 36)
(1532, 71, 34)
(6131/4, 69, 33)
(1533, 68, 32)
(3067/2, 71, 34)
(1534, 74, 36)
(1535, 73, 35)
(1536, 71, 34)
(3073/2, 74, 36)
(1537, 78, 38)
(1538, 76, 37)
(1539, 62, 29)
(1539, 76, 37)
(1541, 74, 36)
(3083/2, 71, 34)
(1542, 69, 33)
(3099/2, 69, 33)
(1550, 69, 33)
(6203/4, 71, 34)
(1551, 73, 35)
(6207/4, 73, 35)
(1552, 76, 37)
(3107/2, 73, 35)
(1554, 71, 34)
(1555, 69, 33)
(10000, 55, 25)
(10000, 64, 30)
(40001/4, 55, 25)
(40001/4, 64, 30)
(20001/2, 55, 25)
(20001/2, 64, 30)
(40003/4, 55, 25)
(40003/4, 64, 30)
(10001, 55, 25)
(10001, 64, 30)
(40005/4, 55, 25)
(40005/4, 64, 30)
(20003/2, 55, 25)
(20003/2, 64, 30)
(40007/4, 55, 25)
(40007/4, 64, 30)
(10002, 55, 25)
(10002, 64, 30)
(10004, 55, 25)
(10004, 64, 30)
(10006, 55, 25)
(10006, 64, 30)
(10008, 55, 25)
(10008, 64, 30)
(10010, 55, 25)
(10010, 64, 30)
(10012, 55, 25)
(10012, 64, 30)
(10014, 55, 25)
(10014, 64, 30)
(10016, 55, 25)
(10016, 64, 30)
(10018, 55, 25)
(10018, 64, 30)
(10020, 55, 25)
(10020, 64, 30)
(10022, 55, 25)
(10022, 64, 30)
(10024, 55, 25)
(10024, 64, 30)
(10026, 55, 25)
(10026, 64, 30)
(10028, 55, 25)
(10028, 64, 30)
(10030, 55, 25)
(10030, 64, 30)
(10032, 57, 26)
(10032, 62, 29)
(10035, 77, 38)
(20071/2, 76, 37)
(10036, 76, 37)
(20073/2, 74, 36)
(10037, 74, 36)
(20075/2, 76, 37)
(10038, 76, 37)
(20077/2, 74, 36)
(10039, 74, 36)
(20079/2, 70, 34)
(10040, 70, 34)
(20081/2, 69, 33)
(10041, 69, 33)
(20083/2, 67, 32)
(10042, 67, 32)
(20085/2, 65, 31)
(10043, 65, 31)
(20087/2, 64, 30)
(10044, 64, 30)
(20089/2, 62, 29)
(10045, 62, 29)
(20091/2, 58, 27)
(10046, 58, 27)
(20093/2, 57, 26)
(10047, 55, 25)
(20095/2, 57, 26)
(10048, 58, 27)
(10056, 55, 25)
(10056, 67, 32)
(10058, 55, 25)
(10058, 67, 32)
(10060, 55, 25)
(10060, 67, 32)
(10062, 55, 25)
(10062, 67, 32)
(10064, 58, 27)
(10064, 65, 31)
(10066, 58, 27)
(10066, 65, 31)
(10068, 58, 27)
(10068, 65, 31)
(10070, 58, 27)
(10070, 65, 31)
(10072, 55, 25)
(10072, 64, 30)
(10074, 55, 25)
(10074, 64, 30)
(10076, 55, 25)
(10076, 64, 30)
(10078, 55, 25)
(10078, 64, 30)
(10080, 55, 25)
(10080, 64, 30)
(10081, 76, 37)
(20163/2, 79, 39)
(10082, 79, 39)
(20165/2, 76, 37)
(10083, 76, 37)
(20167/2, 79, 39)
(10084, 79, 39)
(20169/2, 76, 37)
(10085, 76, 37)
(20171/2, 73, 35)
(10086, 73, 35)
(20173/2, 70, 34)
(10087, 70, 34)
(20175/2, 67, 32)
(10089, 65, 31)
(20179/2, 67, 32)
(10090, 67, 32)
(20181/2, 65, 31)
(10091, 65, 31)
(20183/2, 64, 30)
(10092, 64, 30)
(20185/2, 62, 29)
(10093, 65, 31)
(20187/2, 62, 29)
(10094, 62, 29)
(20189/2, 57, 26)
(10095, 57, 26)
(10097, 71, 34)
(20195/2, 74, 36)
(10098, 74, 36)
(20197/2, 71, 34)
(10099, 71, 34)
(20199/2, 74, 36)
(10100, 74, 36)
(20201/2, 71, 34)
(10101, 71, 34)
(20203/2, 74, 36)
(10102, 74, 36)
(20205/2, 71, 34)
(10103, 71, 34)
(20207/2, 74, 36)
(10104, 74, 36)
(20209/2, 71, 34)
(10105, 71, 34)
(20211/2, 74, 36)
(10106, 74, 36)
(20213/2, 71, 34)
(10107, 71, 34)
(20215/2, 74, 36)
(10112, 64, 30)
(30338/3, 69, 33)
(30340/3, 64, 30)
(10114, 64, 30)
(30344/3, 65, 31)
(30346/3, 64, 30)
(10116, 64, 30)
(30350/3, 69, 33)
(30352/3, 64, 30)
(10118, 64, 30)
(30356/3, 65, 31)
(30358/3, 64, 30)
(10120, 64, 30)
(10122, 69, 33)
(10122, 79, 39)
(10124, 69, 33)
(10124, 77, 38)
(10126, 69, 33)
(10126, 76, 37)
(10128, 75, 36)
(10130, 74, 36)
(10131, 62, 29)
(10133, 64, 30)
(10133, 69, 33)
(10135, 64, 30)
(10135, 69, 33)
(20273/2, 63, 29)
(10137, 69, 33)
(20277/2, 63, 29)
(10139, 69, 33)
(20281/2, 62, 29)
(10141, 71, 34)
(20283/2, 62, 29)
(10142, 71, 34)
(20285/2, 62, 29)
(10143, 71, 34)
(20287/2, 62, 29)
(10144, 60, 28)
(20289/2, 60, 28)
(10145, 64, 30)
(20293/2, 62, 29)
(10147, 64, 30)
(20297/2, 60, 28)
(10149, 64, 30)
(20301/2, 62, 29)
(10151, 59, 27)
(20305/2, 60, 28)
(10153, 64, 30)
(10155, 79, 39)
(20313/2, 77, 38)
(10157, 76, 37)
(20315/2, 74, 36)
(10158, 82, 41)
(10159, 82, 41)
(10160, 82, 41)
(10166, 81, 40)
(10170, 80, 39)
(10172, 83, 41)
(10174, 86, 43)
(10176, 84, 42)
(10178, 76, 37)
(10180, 76, 37)
(20363/2, 81, 40)
(10182, 84, 42)
(20367/2, 83, 41)
(10184, 81, 40)
(20369/2, 76, 37)
(10185, 72, 35)
(20371/2, 76, 37)
(10186, 76, 37)
(20373/2, 71, 34)
(10187, 68, 32)
(20375/2, 71, 34)
(10188, 71, 34)
(20377/2, 69, 33)
(10189, 68, 32)
(20379/2, 69, 33)
(10190, 76, 37)
(20381/2, 74, 36)
(10191, 72, 35)
(20383/2, 71, 34)
(10192, 69, 33)
(20385/2, 64, 30)
(10193, 69, 33)
(20387/2, 72, 35)
(10194, 76, 37)
(10196, 76, 37)
(20393/2, 81, 40)
(10197, 76, 37)
(20395/2, 81, 40)
(10198, 84, 42)
(20399/2, 83, 41)
(10200, 81, 40)
(10201, 69, 33)
(10201, 76, 37)
(10202, 69, 33)
(10202, 76, 37)
(10203, 68, 32)
(10203, 71, 34)
(10204, 69, 33)
(10205, 76, 37)
(20411/2, 77, 38)
(10206, 77, 38)
(20413/2, 76, 37)
(10207, 76, 37)
(20415/2, 74, 36)
(10208, 74, 36)
(20417/2, 72, 35)
(10209, 72, 35)
(20419/2, 68, 32)
(10210, 68, 32)
(20421/2, 69, 33)
(10211, 69, 33)
(20423/2, 65, 31)
(10212, 65, 31)
(20425/2, 64, 30)
(10213, 64, 30)
(20427/2, 62, 29)
(10214, 62, 29)
(20429/2, 60, 28)
(10215, 60, 28)
(20431/2, 59, 27)
(10216, 59, 27)
(20433/2, 57, 26)
(10217, 57, 26)
(20435/2, 56, 25)
(10218, 56, 25)
(20437/2, 57, 26)
(10219, 57, 26)
(20439/2, 57, 26)
(10220, 57, 26)
(10228, 59, 27)
(10232, 61, 28)
(10236, 62, 29)
(10237, 77, 38)
(20475/2, 79, 39)
(10238, 79, 39)
(20477/2, 77, 38)
(10239, 77, 38)
(20479/2, 76, 37)
(10240, 76, 37)
(20481/2, 74, 36)
(10241, 74, 36)
(20483/2, 70, 34)
(10242, 70, 34)
(20485/2, 69, 33)
(10243, 69, 33)
(20487/2, 67, 32)
(10244, 67, 32)
(20489/2, 65, 31)
(10245, 65, 31)
(20491/2, 64, 30)
(10246, 64, 30)
(20493/2, 62, 29)
(10247, 62, 29)
(20495/2, 58, 27)
(10248, 58, 27)
(20497/2, 57, 26)
(10249, 57, 26)
(20499/2, 55, 25)
(10250, 55, 25)
(20501/2, 57, 26)
(10251, 57, 26)
(20503/2, 57, 26)
(10252, 59, 27)
(10260, 61, 28)
(10264, 63, 29)
(10268, 64, 30)
(10270, 64, 30)
(10272, 64, 30)
(10274, 69, 33)
(10276, 72, 35)
(10278, 78, 38)
(10280, 71, 34)
(10280, 79, 39)
(10282, 71, 34)
(10282, 83, 41)
(10283, 79, 39)
(10284, 78, 38)
(10286, 76, 37)
(10290, 88, 44)
(20583/2, 88, 44)
(10292, 88, 44)
(10294, 85, 42)
(20591/2, 83, 41)
(10296, 82, 40)
(10297, 85, 42)
(10298, 85, 42)
(10299, 79, 39)
(10300, 79, 39)
(10301, 78, 38)
(10302, 78, 38)
(10303, 79, 39)
(10304, 79, 39)
(10305, 78, 38)
(10306, 78, 38)
(10307, 76, 37)
(10308, 75, 36)
(10309, 83, 41)
(10311, 81, 40)
(20623/2, 79, 39)
(10312, 79, 39)
(10313, 78, 38)
(20627/2, 76, 37)
(10314, 76, 37)
(10315, 74, 36)
(20631/2, 72, 35)
(10316, 72, 35)
(10317, 71, 34)
(20635/2, 69, 33)
(10318, 69, 33)
(10319, 67, 32)
(20639/2, 66, 31)
(10320, 69, 33)
(20641/2, 67, 32)
(10321, 66, 31)
(20643/2, 64, 30)
(10322, 69, 33)
(20645/2, 67, 32)
(10323, 66, 31)
(20647/2, 64, 30)
(10324, 71, 34)
(10325, 71, 34)
(10327, 72, 35)
(20655/2, 71, 34)
(10328, 71, 34)
(10329, 69, 33)
(20659/2, 67, 32)
(10330, 67, 32)
(10331, 66, 31)
(20663/2, 64, 30)
(10332, 64, 30)
(10333, 62, 29)
(20667/2, 60, 28)
(10334, 60, 28)
(10335, 59, 27)
(20671/2, 57, 26)
(10336, 57, 26)
(10338, 58, 26)
(10340, 59, 27)
(10341, 71, 34)
(10343, 72, 35)
(20687/2, 71, 34)
(10344, 69, 33)
(10345, 69, 33)
(20691/2, 67, 32)
(10346, 66, 31)
(10347, 81, 40)
(20695/2, 79, 39)
(10348, 78, 38)
(10349, 78, 38)
(20699/2, 76, 37)
(10350, 75, 36)
(10351, 75, 36)
(20703/2, 72, 35)
(10352, 71, 34)
(10353, 71, 34)
(20707/2, 69, 33)
(10354, 67, 32)
(10355, 67, 32)
(20711/2, 66, 31)
(10356, 64, 30)
(10357, 59, 27)
(20715/2, 59, 27)
(10358, 59, 27)
(10359, 67, 32)
(20719/2, 67, 32)
(10360, 67, 32)
(10361, 67, 32)
(20723/2, 67, 32)
(10362, 67, 32)
(10363, 67, 32)
(20727/2, 67, 32)
(10364, 67, 32)
(10365, 67, 32)
(20731/2, 67, 32)
(10366, 67, 32)
(10367, 67, 32)
(20735/2, 67, 32)
(10368, 66, 31)
(10369, 66, 31)
(20739/2, 67, 32)
(10370, 69, 33)
(10371, 67, 32)
(20743/2, 66, 31)
(10372, 64, 30)
(10373, 67, 32)
(20747/2, 67, 32)
(10374, 67, 32)
(10375, 67, 32)
(20751/2, 67, 32)
(10376, 67, 32)
(10377, 67, 32)
(20755/2, 67, 32)
(10378, 67, 32)
(10379, 67, 32)
(20759/2, 67, 32)
(10380, 67, 32)
(10381, 67, 32)
(20763/2, 67, 32)
(10382, 67, 32)
(10383, 67, 32)
(10384, 66, 31)
(10385, 66, 31)
(20771/2, 66, 31)
(10386, 66, 31)
(10387, 66, 31)
(20775/2, 66, 31)
(10388, 65, 31)
(10389, 65, 31)
(20779/2, 65, 31)
(10390, 65, 31)
(10391, 65, 31)
(20783/2, 65, 31)
(10392, 64, 30)
(10393, 64, 30)
(20787/2, 64, 30)
(10394, 64, 30)
(10395, 64, 30)
(20791/2, 64, 30)
(10396, 66, 31)
(10397, 66, 31)
(20795/2, 66, 31)
(10398, 66, 31)
(10399, 66, 31)
(20799/2, 66, 31)
(10400, 67, 32)
(10401, 67, 32)
(20803/2, 67, 32)
(10402, 67, 32)
(10403, 67, 32)
(20807/2, 67, 32)
(10404, 72, 35)
(10405, 72, 35)
(20811/2, 72, 35)
(10406, 72, 35)
(10407, 72, 35)
(20815/2, 72, 35)
(10408, 71, 34)
(10408, 76, 37)
(10409, 71, 34)
(10409, 76, 37)
(20819/2, 71, 34)
(20819/2, 76, 37)
(10410, 71, 34)
(10410, 76, 37)
(20821/2, 71, 34)
(20821/2, 76, 37)
(10411, 71, 34)
(10411, 76, 37)
(20823/2, 71, 34)
(20823/2, 76, 37)
(10412, 70, 33)
(10412, 76, 37)
(10413, 70, 33)
(10413, 76, 37)
(20827/2, 70, 33)
(20827/2, 76, 37)
(10414, 70, 33)
(10414, 76, 37)
(10430, 78, 38)
(10433, 72, 35)
(10434, 71, 34)
(10435, 72, 35)
(10436, 71, 34)
(10439, 69, 33)
(10440, 69, 33)
(10441, 69, 33)
(10442, 71, 34)
(10442, 69, 33)
(10442, 68, 32)
(10443, 69, 33)
(10444, 69, 33)
(10448, 68, 32)
(10450, 65, 31)
(10453, 65, 31)
(10454, 64, 30)
(10455, 65, 31)
(10476, 69, 33)
(10480, 71, 34)
(10484, 72, 35)
(10488, 71, 34)
(10492, 69, 33)
(10493, 57, 26)
(10494, 57, 26)
(10495, 57, 26)
(10496, 57, 26)
(10497, 57, 26)
(10498, 57, 26)
(10499, 57, 26)
(10500, 64, 30)
(10501, 64, 30)
(10502, 64, 30)
(10503, 64, 30)
(10504, 64, 30)
(10505, 64, 30)
(10506, 64, 30)
(10507, 64, 30)
(10510, 59, 27)
(21021/2, 59, 27)
(10511, 59, 27)
(21023/2, 59, 27)
(10512, 59, 27)
(10518, 64, 30)
(21037/2, 64, 30)
(10519, 64, 30)
(21039/2, 64, 30)
(10520, 64, 30)
(10526, 67, 32)
(21053/2, 67, 32)
(10527, 67, 32)
(21055/2, 67, 32)
(10528, 67, 32)
(10532, 75, 36)
(10532, 78, 38)
(10534, 75, 36)
(10534, 78, 38)
(10536, 75, 36)
(10536, 78, 38)
(10540, 75, 36)
(10540, 78, 38)
(10542, 75, 36)
(10542, 78, 38)
(10544, 75, 36)
(10544, 78, 38)
(10548, 69, 33)
(10556, 63, 29)
(10558, 64, 30)
(21117/2, 66, 31)
(10559, 67, 32)
(21119/2, 69, 33)
(10560, 71, 34)
(21121/2, 73, 35)
(10561, 75, 36)
(21123/2, 76, 37)
(10562, 78, 38)
(21125/2, 79, 39)
(10563, 83, 41)
(21127/2, 81, 40)
(10564, 79, 39)
(10565, 78, 38)
(21131/2, 76, 37)
(10566, 74, 36)
(10567, 76, 37)
(21135/2, 78, 38)
(10568, 79, 39)
(10569, 78, 38)
(21139/2, 79, 39)
(10570, 81, 40)
(10571, 79, 39)
(21143/2, 78, 38)
(10572, 76, 37)
(10573, 75, 36)
(21147/2, 76, 37)
(10574, 76, 37)
(10575, 74, 36)
(21151/2, 72, 35)
(10576, 71, 34)
(10577, 76, 37)
(10578, 76, 37)
(10579, 75, 36)
(10580, 76, 37)
(10582, 64, 30)
(10582, 69, 33)
(10582, 76, 37)
(10584, 64, 30)
(10584, 71, 34)
(10584, 76, 37)
(10586, 64, 30)
(10586, 72, 35)
(10586, 76, 37)
(10588, 64, 30)
(10588, 71, 34)
(10588, 83, 41)
(10589, 83, 41)
(21179/2, 81, 40)
(10590, 79, 39)
(10591, 78, 38)
(10592, 76, 37)
(21187/2, 78, 38)
(10594, 75, 36)
(10596, 76, 37)
(10597, 55, 25)
(10597, 64, 30)
(21195/2, 55, 25)
(21195/2, 64, 30)
(10598, 55, 25)
(10598, 64, 30)
(10599, 55, 25)
(10599, 64, 30)
(21199/2, 55, 25)
(21199/2, 64, 30)
(10600, 55, 25)
(10600, 64, 30)
(10601, 55, 25)
(10601, 64, 30)
(21203/2, 55, 25)
(21203/2, 64, 30)
(10602, 55, 25)
(10602, 64, 30)
(10603, 55, 25)
(10603, 64, 30)
(21207/2, 55, 25)
(21207/2, 64, 30)
(10604, 60, 28)
(10604, 64, 30)
(10605, 60, 28)
(10605, 64, 30)
(21211/2, 60, 28)
(21211/2, 64, 30)
(10606, 59, 27)
(10606, 64, 30)
(10609, 64, 30)
(10610, 64, 30)
(10611, 63, 29)
(10612, 64, 30)
(10613, 55, 25)
(10613, 64, 30)
(21227/2, 55, 25)
(21227/2, 64, 30)
(10614, 55, 25)
(10614, 64, 30)
(10620, 64, 30)
(10620, 76, 37)
(10621, 63, 30)
(10621, 75, 37)
(10622, 62, 29)
(10622, 74, 36)
(10625, 71, 34)
(10626, 72, 35)
(10627, 69, 33)
(10628, 67, 32)
(21257/2, 64, 30)
(10629, 67, 32)
(21259/2, 71, 34)
(10630, 76, 37)
(21261/2, 74, 36)
(10631, 72, 35)
(21263/2, 71, 34)
(10632, 74, 36)
(21265/2, 72, 35)
(10633, 71, 34)
(21267/2, 69, 33)
(10634, 79, 39)
(21269/2, 78, 38)
(10635, 83, 41)
(21271/2, 83, 41)
(10636, 81, 40)
(21273/2, 79, 39)
(10637, 78, 38)
(21275/2, 76, 37)
(10638, 79, 39)
(21277/2, 76, 37)
(10639, 73, 35)
(21279/2, 70, 33)
(10640, 71, 34)
(21281/2, 69, 33)
(10641, 72, 35)
(21283/2, 71, 34)
(10642, 69, 33)
(21285/2, 67, 32)
(10643, 66, 31)
(21287/2, 64, 30)
(10644, 63, 29)
(10645, 64, 30)
(10646, 66, 31)
(10647, 67, 32)
(10648, 64, 30)
(10648, 72, 35)
(10648, 76, 37)
(10650, 66, 31)
(10650, 75, 36)
(10652, 55, 25)
(10652, 64, 30)
(10652, 71, 34)
(10652, 76, 37)
(10668, 76, 37)
(10672, 77, 38)
(10674, 76, 37)
(10676, 75, 36)
(10678, 71, 34)
(10679, 73, 35)
(10680, 74, 36)
(10682, 76, 37)
(10683, 74, 36)
(10684, 74, 36)
(10685, 73, 35)
(10686, 73, 35)
(10687, 73, 35)
(10688, 73, 35)
(10689, 74, 36)
(10690, 76, 37)
(10691, 77, 38)
(10692, 77, 38)
(10693, 76, 37)
(10694, 74, 36)
(10695, 71, 34)
(10696, 74, 36)
(10697, 73, 35)
(10698, 73, 35)
(10700, 72, 35)
(10702, 74, 36)
(10703, 72, 35)
(10704, 72, 35)
(10705, 71, 34)
(10706, 77, 38)
(10707, 71, 34)
(10708, 72, 35)
(10712, 74, 36)
(10714, 72, 35)
(10716, 71, 34)
(10718, 67, 32)
(10719, 69, 33)
(10720, 70, 34)
(10722, 72, 35)
(10723, 70, 34)
(10724, 70, 34)
(10726, 69, 33)
(10727, 71, 34)
(10728, 73, 35)
(10729, 69, 33)
(10730, 71, 34)
(10731, 73, 35)
(10732, 74, 36)
(10734, 62, 29)
(10738, 60, 28)
(10740, 60, 28)
(10742, 59, 27)
(10745, 65, 31)
(10746, 64, 30)
(10747, 64, 30)
(10748, 64, 30)
(10751, 73, 35)
(10753, 74, 36)
(10754, 74, 36)
(10756, 67, 32)
(21517/2, 70, 34)
(10759, 69, 33)
(21519/2, 70, 34)
(10760, 69, 33)
(21523/2, 62, 29)
(10762, 61, 28)
(21527/2, 64, 30)
(10764, 62, 29)
(21531/2, 65, 31)
(10766, 69, 33)
(21535/2, 67, 32)
(10768, 67, 32)
(21537/2, 65, 31)
(10769, 64, 30)
(21539/2, 62, 29)
(10770, 74, 36)
(10771, 74, 36)
(10772, 74, 36)
(10778, 66, 31)
(10778, 69, 33)
(10780, 62, 29)
(10781, 74, 36)
(10782, 74, 36)
(10783, 72, 35)
(10784, 73, 35)
(10785, 67, 32)
(10786, 70, 34)
(10787, 69, 33)
(10788, 69, 33)
(10789, 70, 34)
(10790, 70, 34)
(10791, 70, 34)
(10792, 70, 34)
(10793, 69, 33)
(10794, 70, 34)
(10795, 79, 39)
(10796, 76, 37)
(10797, 77, 38)
(10798, 77, 38)
(10799, 72, 35)
(10800, 72, 35)
(10801, 69, 33)
(10802, 69, 33)
(10803, 81, 40)
(10804, 81, 40)
(10805, 79, 39)
(10806, 79, 39)
(10807, 77, 38)
(10808, 77, 38)
(10809, 76, 37)
(10810, 77, 38)
(10811, 76, 37)
(10812, 76, 37)
(10813, 74, 36)
(21629/2, 70, 34)
(10815, 69, 33)
(21631/2, 70, 34)
(10816, 69, 33)
(21635/2, 62, 29)
(10818, 61, 28)
(21639/2, 64, 30)
(10820, 62, 29)
(21643/2, 65, 31)
(10822, 69, 33)
(21647/2, 67, 32)
(10824, 66, 31)
(10825, 67, 32)
(21651/2, 69, 33)
(10826, 70, 34)
(10827, 69, 33)
(21655/2, 67, 32)
(10828, 75, 37)
(10829, 75, 37)
(10830, 75, 37)
(10833, 72, 35)
(21667/2, 74, 36)
(10834, 75, 37)
(10835, 77, 38)
(21671/2, 75, 37)
(10836, 74, 36)
(10840, 71, 34)
(10840, 83, 41)
(10840, 64, 30)
(10843, 80, 39)
(21687/2, 76, 37)
(10844, 77, 38)
(10845, 77, 38)
(10846, 77, 38)
(10848, 76, 37)
(10849, 77, 38)
(21699/2, 76, 37)
(10850, 74, 36)
(10851, 76, 37)
(21703/2, 74, 36)
(10852, 72, 35)
(10853, 74, 36)
(21707/2, 72, 35)
(10854, 70, 34)
(10855, 72, 35)
(21711/2, 70, 34)
(10856, 69, 33)
(10857, 70, 34)
(21715/2, 69, 33)
(10858, 67, 32)
(10859, 69, 33)
(21719/2, 67, 32)
(10860, 65, 31)
(10861, 67, 32)
(21723/2, 65, 31)
(10862, 64, 30)
(10863, 65, 31)
(21727/2, 64, 30)
(10864, 65, 31)
(10865, 71, 34)
(21731/2, 72, 35)
(10866, 74, 36)
(10868, 65, 31)
(10869, 71, 34)
(21739/2, 72, 35)
(10870, 74, 36)
(10872, 71, 34)
(10873, 71, 34)
(21747/2, 73, 35)
(10874, 75, 36)
(10876, 71, 34)
(10877, 71, 34)
(21755/2, 73, 35)
(10878, 75, 36)
(10880, 76, 37)
(21765/2, 77, 38)
(10883, 76, 37)
(21767/2, 77, 38)
(10884, 76, 37)
(21771/2, 69, 33)
(10886, 68, 32)
(21775/2, 71, 34)
(10888, 69, 33)
(21779/2, 72, 35)
(10890, 76, 37)
(21783/2, 74, 36)
(10892, 72, 35)
(21787/2, 76, 37)
(10894, 77, 38)
(21791/2, 74, 36)
(10896, 76, 37)
(21795/2, 72, 35)
(10898, 70, 34)
(21799/2, 67, 32)
(10900, 69, 33)
(21803/2, 65, 31)
(10902, 75, 37)
(21807/2, 72, 35)
(10904, 74, 36)
(21811/2, 71, 34)
(10906, 68, 33)
(21815/2, 65, 31)
(10908, 67, 32)
(21819/2, 64, 30)
(10910, 73, 36)
(21823/2, 70, 34)
(10912, 72, 35)
(21827/2, 69, 33)
(10914, 72, 35)
(21831/2, 69, 33)
(10916, 74, 36)
(21835/2, 69, 33)
(10918, 74, 36)
(21839/2, 69, 33)
(10920, 64, 30)
(21841/2, 69, 33)
(10921, 72, 35)
(21843/2, 76, 37)
(10922, 74, 36)
(21845/2, 72, 35)
(10923, 71, 34)
(21847/2, 72, 35)
(10924, 69, 33)
(21849/2, 72, 35)
(10925, 76, 37)
(21851/2, 81, 40)
(10926, 77, 38)
(21853/2, 76, 37)
(10927, 75, 36)
(21855/2, 76, 37)
(10928, 72, 35)
(21857/2, 76, 37)
(10929, 81, 40)
(21859/2, 84, 42)
(10930, 83, 41)
(21861/2, 81, 40)
(10931, 80, 39)
(21863/2, 81, 40)
(10932, 76, 37)
(21865/2, 69, 33)
(10933, 72, 35)
(21867/2, 76, 37)
(10934, 76, 37)
(21869/2, 74, 36)
(10935, 72, 35)
(21871/2, 71, 34)
(10936, 76, 37)
(21873/2, 74, 36)
(10937, 72, 35)
(21875/2, 71, 34)
(10938, 72, 35)
(21877/2, 71, 34)
(10939, 69, 33)
(21879/2, 67, 32)
(10940, 69, 33)
(21881/2, 67, 32)
(10941, 65, 31)
(21883/2, 64, 30)
(10942, 65, 31)
(21885/2, 64, 30)
(10943, 62, 29)
(21887/2, 60, 28)
(10944, 77, 38)
(21889/2, 76, 37)
(10945, 74, 36)
(21891/2, 72, 35)
(10946, 74, 36)
(21893/2, 72, 35)
(10947, 71, 34)
(21895/2, 69, 33)
(10948, 71, 34)
(21897/2, 69, 33)
(10949, 67, 32)
(21899/2, 65, 31)
(10950, 67, 32)
(21901/2, 65, 31)
(10951, 64, 30)
(21903/2, 62, 29)
(10952, 55, 25)
(10952, 64, 30)
(43809/4, 55, 25)
(43809/4, 64, 30)
(21905/2, 55, 25)
(21905/2, 64, 30)
(43811/4, 55, 25)
(43811/4, 64, 30)
(10953, 55, 25)
(10953, 64, 30)
(43813/4, 55, 25)
(43813/4, 64, 30)
(21907/2, 55, 25)
(21907/2, 64, 30)
(43815/4, 55, 25)
(43815/4, 64, 30)
(10954, 55, 25)
(10954, 64, 30)
(10956, 55, 25)
(10956, 64, 30)
(10958, 55, 25)
(10958, 64, 30)
(10960, 55, 25)
(10960, 64, 30)
(10962, 55, 25)
(10962, 64, 30)
(10964, 55, 25)
(10964, 64, 30)
(10966, 55, 25)
(10966, 64, 30)
(10968, 55, 25)
(10968, 64, 30)
(10970, 55, 25)
(10970, 64, 30)
(10972, 55, 25)
(10972, 64, 30)
(10974, 55, 25)
(10974, 64, 30)
(10976, 57, 26)
(10976, 66, 31)
(10978, 57, 26)
(10978, 66, 31)
(10980, 57, 26)
(10980, 66, 31)
(10982, 57, 26)
(10982, 66, 31)
(10984, 55, 25)
(10984, 67, 32)
(10986, 55, 25)
(10986, 67, 32)
(10988, 57, 26)
(10990, 57, 26)
(10992, 57, 26)
(10994, 57, 26)
(10996, 59, 27)
(10998, 59, 27)
(10999, 74, 36)
(11000, 72, 35)
(11001, 64, 30)
(11002, 76, 37)
(11003, 64, 30)
(11005, 64, 30)
(11006, 72, 35)
(11007, 71, 34)
(11009, 69, 33)
(11010, 79, 39)
(11011, 69, 33)
(11012, 77, 38)
(11013, 69, 33)
(11014, 76, 37)
(11015, 69, 33)
(11016, 75, 36)
(11017, 69, 33)
(11018, 74, 36)
(11019, 69, 33)
(11020, 72, 35)
(22041/2, 69, 33)
(11021, 72, 35)
(22043/2, 69, 33)
(11022, 73, 35)
(22045/2, 69, 33)
(11023, 73, 35)
(22047/2, 69, 33)
(11024, 74, 36)
(22049/2, 69, 33)
(11025, 74, 36)
(22051/2, 69, 33)
(11026, 72, 35)
(22053/2, 69, 33)
(11027, 72, 35)
(22055/2, 69, 33)
(11028, 74, 36)
(22057/2, 72, 35)
(11029, 71, 34)
(22059/2, 69, 33)
(11030, 68, 32)
(22061/2, 62, 29)
(11031, 59, 27)
(22063/2, 62, 29)
(11032, 60, 28)
(22065/2, 64, 30)
(11033, 60, 28)
(22067/2, 64, 30)
(11034, 62, 29)
(22069/2, 64, 30)
(11035, 62, 29)
(22071/2, 64, 30)
(11036, 60, 28)
(22073/2, 64, 30)
(11037, 60, 28)
(22075/2, 57, 26)
(11038, 56, 25)
(11040, 60, 28)
(11042, 79, 39)
(11044, 79, 39)
(22089/2, 77, 38)
(11045, 76, 37)
(22091/2, 74, 36)
(11046, 82, 41)
(11047, 82, 41)
(11048, 82, 41)
(11051, 82, 41)
(11052, 82, 41)
(22105/2, 81, 40)
(11053, 79, 39)
(22107/2, 78, 38)
(11054, 86, 43)
(11055, 86, 43)
(11056, 86, 43)
(11069, 86, 43)
(11070, 84, 42)
(11071, 82, 41)
(11072, 81, 40)
(11073, 79, 39)
(11074, 76, 37)
(11075, 69, 33)
(11078, 67, 32)
(11079, 65, 31)
(11081, 64, 30)
(11082, 62, 29)
(11083, 60, 28)
(11084, 60, 28)
(11086, 61, 28)
(11087, 64, 30)
(11088, 67, 32)
(11090, 65, 31)
(11092, 64, 30)
(11094, 62, 29)
(11096, 60, 28)
(11100, 59, 27)
(11104, 60, 28)
(11112, 63, 29)
(11121, 62, 29)
(22243/2, 64, 30)
(11122, 65, 31)
(11125, 62, 29)
(22251/2, 64, 30)
(11126, 65, 31)
(11129, 60, 28)
(22259/2, 62, 29)
(11130, 64, 30)
(11133, 60, 28)
(22267/2, 62, 29)
(11134, 64, 30)
(11137, 65, 31)
(22275/2, 65, 31)
(11138, 65, 31)
(11141, 64, 30)
(22283/2, 64, 30)
(11142, 64, 30)
(11145, 64, 30)
(22291/2, 64, 30)
(11146, 69, 33)
(11149, 62, 29)
(22299/2, 62, 29)
(11150, 65, 31)
(11153, 60, 28)
(22307/2, 60, 28)
(11154, 60, 28)
(11155, 60, 28)
(22311/2, 60, 28)
(11156, 60, 28)
(11157, 60, 28)
(22315/2, 60, 28)
(11158, 60, 28)
(11159, 60, 28)
(22319/2, 60, 28)
(11160, 60, 28)
(11160, 69, 33)
(11161, 60, 28)
(11161, 69, 33)
(22323/2, 60, 28)
(22323/2, 69, 33)
(11162, 60, 28)
(11162, 69, 33)
(11163, 60, 28)
(11163, 69, 33)
(22327/2, 60, 28)
(22327/2, 69, 33)
(11164, 59, 27)
(11164, 68, 32)
(11165, 59, 27)
(11165, 68, 32)
(22331/2, 59, 27)
(22331/2, 68, 32)
(11166, 59, 27)
(11166, 68, 32)
(11167, 59, 27)
(11167, 68, 32)
(22335/2, 59, 27)
(22335/2, 68, 32)
(11168, 60, 28)
(11168, 69, 33)
(11169, 60, 28)
(11169, 69, 33)
(22339/2, 60, 28)
(22339/2, 69, 33)
(11170, 60, 28)
(11170, 69, 33)
(11171, 60, 28)
(11171, 69, 33)
(22343/2, 60, 28)
(22343/2, 69, 33)
(11172, 60, 28)
(11172, 69, 33)
(11173, 60, 28)
(11173, 69, 33)
(22347/2, 60, 28)
(22347/2, 69, 33)
(11174, 60, 28)
(11174, 69, 33)
(11175, 60, 28)
(11175, 69, 33)
(22351/2, 60, 28)
(22351/2, 69, 33)
(11176, 60, 28)
(11176, 69, 33)
(11177, 60, 28)
(11177, 69, 33)
(22355/2, 60, 28)
(22355/2, 69, 33)
(11178, 60, 28)
(11178, 69, 33)
(11179, 60, 28)
(11179, 69, 33)
(22359/2, 60, 28)
(22359/2, 69, 33)
(11180, 59, 27)
(11180, 68, 32)
(11181, 59, 27)
(11181, 68, 32)
(22363/2, 59, 27)
(22363/2, 68, 32)
(11182, 59, 27)
(11182, 68, 32)
(11183, 59, 27)
(11183, 68, 32)
(22367/2, 59, 27)
(22367/2, 68, 32)
(11184, 61, 28)
(11185, 61, 28)
(22371/2, 61, 28)
(11186, 61, 28)
(11187, 61, 28)
(22375/2, 61, 28)
(11188, 62, 29)
(11189, 62, 29)
(22379/2, 62, 29)
(11190, 62, 29)
(11191, 62, 29)
(22383/2, 62, 29)
(11192, 62, 29)
(11193, 62, 29)
(22387/2, 62, 29)
(11194, 62, 29)
(11195, 62, 29)
(22391/2, 62, 29)
(11196, 64, 30)
(11197, 64, 30)
(22395/2, 64, 30)
(11198, 64, 30)
(11199, 64, 30)
(22399/2, 64, 30)
(11200, 65, 31)
(22401/2, 65, 31)
(11201, 65, 31)
(22403/2, 65, 31)
(11202, 65, 31)
(22405/2, 65, 31)
(11203, 65, 31)
(22407/2, 65, 31)
(11204, 64, 30)
(22409/2, 64, 30)
(11205, 64, 30)
(22411/2, 64, 30)
(11206, 64, 30)
(22413/2, 64, 30)
(11207, 64, 30)
(22415/2, 64, 30)
(11208, 62, 29)
(22417/2, 62, 29)
(11209, 62, 29)
(22419/2, 62, 29)
(11210, 62, 29)
(22421/2, 62, 29)
(11211, 62, 29)
(22423/2, 62, 29)
(11212, 63, 29)
(22425/2, 63, 29)
(11213, 63, 29)
(22427/2, 63, 29)
(11214, 63, 29)
(22429/2, 63, 29)
(11215, 63, 29)
(22431/2, 63, 29)
(11216, 64, 30)
(11220, 59, 27)
(22441/2, 60, 28)
(11221, 62, 29)
(22443/2, 64, 30)
(11222, 66, 31)
(22445/2, 68, 32)
(11223, 69, 33)
(22447/2, 71, 34)
(11224, 72, 35)
(11225, 71, 34)
(22451/2, 69, 33)
(11226, 70, 34)
(11227, 69, 33)
(22455/2, 67, 32)
(11228, 69, 33)
(11229, 67, 32)
(22459/2, 65, 31)
(11230, 67, 32)
(11231, 65, 31)
(22463/2, 64, 30)
(11232, 62, 29)
(11233, 64, 30)
(22467/2, 65, 31)
(11234, 64, 30)
(11235, 62, 29)
(22471/2, 60, 28)
(11236, 72, 35)
(11237, 71, 34)
(22475/2, 69, 33)
(11238, 68, 32)
(22477/2, 71, 34)
(11239, 69, 33)
(22479/2, 68, 32)
(11240, 69, 33)
(11241, 71, 34)
(22483/2, 72, 35)
(11242, 74, 36)
(11243, 72, 35)
(22487/2, 71, 34)
(11244, 76, 37)
(11245, 74, 36)
(22491/2, 72, 35)
(11246, 77, 38)
(11247, 76, 37)
(22495/2, 74, 36)
(11248, 81, 40)
(11249, 79, 39)
(22499/2, 77, 38)
(11250, 76, 37)
(11251, 74, 36)
(11252, 72, 35)
(22507/2, 74, 36)
(11254, 71, 34)
(11256, 69, 33)
(11257, 60, 28)
(11257, 69, 33)
(22515/2, 60, 28)
(22515/2, 69, 33)
(11258, 60, 28)
(11258, 69, 33)
(11259, 60, 28)
(11259, 69, 33)
(22519/2, 60, 28)
(22519/2, 69, 33)
(11260, 60, 28)
(11260, 69, 33)
(11261, 60, 28)
(11261, 69, 33)
(22523/2, 60, 28)
(22523/2, 69, 33)
(11262, 60, 28)
(11262, 69, 33)
(11263, 60, 28)
(11263, 69, 33)
(22527/2, 60, 28)
(22527/2, 69, 33)
(11264, 65, 31)
(11264, 69, 33)
(11265, 65, 31)
(11265, 69, 33)
(22531/2, 65, 31)
(22531/2, 69, 33)
(11266, 64, 30)
(11266, 69, 33)
(11269, 64, 30)
(11269, 69, 33)
(11270, 65, 31)
(11270, 69, 33)
(11271, 68, 32)
(11272, 69, 33)
(11280, 69, 33)
(11281, 68, 33)
(11282, 67, 32)
(11284, 69, 33)
(11285, 68, 33)
(11286, 67, 32)
(11288, 69, 33)
(11288, 81, 40)
(11289, 69, 33)
(11289, 81, 40)
(22579/2, 69, 33)
(22579/2, 83, 41)
(11290, 69, 33)
(11290, 84, 42)
(11294, 71, 34)
(11294, 80, 39)
(11296, 69, 33)
(22593/2, 72, 35)
(11297, 76, 37)
(22595/2, 81, 40)
(11298, 80, 39)
(22597/2, 81, 40)
(11299, 76, 37)
(22599/2, 81, 40)
(11300, 79, 39)
(22601/2, 77, 38)
(11301, 76, 37)
(22603/2, 74, 36)
(11302, 72, 35)
(22605/2, 71, 34)
(11303, 76, 37)
(22607/2, 76, 37)
(11304, 74, 36)
(22609/2, 72, 35)
(11305, 71, 34)
(22611/2, 69, 33)
(11306, 72, 35)
(22613/2, 69, 33)
(11307, 66, 31)
(22615/2, 63, 29)
(11308, 64, 30)
(22617/2, 62, 29)
(11309, 65, 31)
(22619/2, 64, 30)
(11310, 62, 29)
(22621/2, 60, 28)
(11311, 59, 27)
(22623/2, 57, 26)
(11312, 56, 25)
(22627/2, 71, 34)
(22627/2, 76, 37)
(11314, 71, 34)
(11314, 76, 37)
(22631/2, 72, 35)
(11316, 72, 35)
(22635/2, 69, 33)
(22635/2, 81, 40)
(11318, 69, 33)
(11318, 81, 40)
(22639/2, 72, 35)
(22639/2, 76, 37)
(11320, 72, 35)
(11320, 76, 37)
(22645/2, 76, 37)
(11323, 81, 40)
(22647/2, 84, 42)
(11324, 88, 44)
(11326, 59, 27)
(11326, 68, 32)
(11328, 61, 28)
(11328, 69, 33)
(45313/4, 61, 28)
(45313/4, 69, 33)
(22657/2, 61, 28)
(22657/2, 69, 33)
(45315/4, 61, 28)
(45315/4, 69, 33)
(11329, 61, 28)
(11329, 69, 33)
(45317/4, 61, 28)
(45317/4, 69, 33)
(22659/2, 61, 28)
(22659/2, 69, 33)
(45319/4, 61, 28)
(45319/4, 69, 33)
(11330, 61, 28)
(11330, 69, 33)
(11332, 61, 28)
(11332, 69, 33)
(11334, 61, 28)
(11334, 69, 33)
(11336, 61, 28)
(11336, 69, 33)
(11338, 61, 28)
(11338, 69, 33)
(11340, 61, 28)
(11340, 69, 33)
(11342, 61, 28)
(11342, 69, 33)
(11344, 62, 29)
(11346, 62, 29)
(11348, 62, 29)
(11350, 62, 29)
(11352, 62, 29)
(11354, 62, 29)
(11356, 62, 29)
(11358, 62, 29)
(11360, 61, 28)
(22721/2, 61, 28)
(11361, 61, 28)
(22723/2, 61, 28)
(11362, 61, 28)
(22725/2, 61, 28)
(11363, 61, 28)
(22727/2, 61, 28)
(11364, 61, 28)
(11366, 61, 28)
(11368, 60, 28)
(11370, 60, 28)
(11372, 59, 27)
(11374, 59, 27)
(11376, 58, 27)
(11377, 58, 27)
(11378, 58, 27)
(11379, 58, 27)
(11380, 57, 26)
(11381, 57, 26)
(11382, 57, 26)
(11383, 57, 26)
(11384, 59, 27)
(11386, 59, 27)
(11388, 60, 28)
(11390, 60, 28)
(11392, 64, 30)
(11396, 63, 29)
(11400, 62, 29)
(11404, 60, 28)
(11408, 64, 30)
(11412, 63, 29)
(11416, 62, 29)
(11420, 60, 28)
(11424, 60, 28)
(11440, 65, 31)
(22969/2, 57, 26)
(11485, 57, 26)
(11487, 56, 25)
(11488, 57, 26)
(11490, 57, 26)
(11491, 57, 26)
(22985/2, 57, 26)
(11493, 56, 25)
(22987/2, 56, 25)
(11494, 56, 25)
(11495, 57, 26)
(22993/2, 64, 30)
(11497, 71, 34)
(11500, 69, 33)
(11502, 67, 32)
(11503, 66, 31)
(23009/2, 71, 34)
(11505, 74, 36)
(23011/2, 73, 35)
(11506, 73, 35)
(11506, 76, 37)
(11507, 74, 36)
(11508, 78, 38)
(23017/2, 76, 37)
(11509, 76, 37)
(11510, 74, 36)
(11511, 73, 35)
(23023/2, 71, 34)
(11512, 74, 36)
(11514, 69, 33)
(46059/4, 71, 34)
(11515, 68, 32)
(11518, 69, 33)
(46075/4, 71, 34)
(11519, 68, 32)
(11523, 68, 32)
(46095/4, 69, 33)
(11524, 69, 33)
(11526, 61, 28)
(11527, 61, 28)
(11528, 62, 29)
(11529, 70, 33)
(46119/4, 71, 34)
(11530, 71, 34)
(11532, 62, 29)
(46131/4, 61, 28)
(11533, 59, 27)
(23067/2, 59, 27)
(11534, 68, 32)
(11535, 69, 33)
(11537, 71, 34)
(11538, 73, 35)
(11539, 66, 31)
(11541, 64, 30)
(23083/2, 62, 29)
(11542, 61, 28)
(11544, 62, 29)
(46179/4, 61, 28)
(11545, 64, 30)
(11547, 62, 29)
(46191/4, 64, 30)
(11548, 61, 28)
(11550, 62, 29)
(11551, 64, 30)
(11554, 61, 28)
(11554, 64, 30)
(20000, 52, 23)
(20000, 55, 25)
(80001/4, 52, 23)
(80001/4, 55, 25)
(40001/2, 52, 23)
(40001/2, 55, 25)
(80003/4, 52, 23)
(80003/4, 55, 25)
(20001, 52, 23)
(20001, 55, 25)
(80005/4, 52, 23)
(80005/4, 55, 25)
(40003/2, 52, 23)
(40003/2, 55, 25)
(80007/4, 52, 23)
(80007/4, 55, 25)
(20002, 52, 23)
(20002, 55, 25)
(20004, 52, 23)
(20004, 55, 25)
(20006, 52, 23)
(20006, 55, 25)
(20008, 52, 23)
(20008, 55, 25)
(20010, 52, 23)
(20010, 55, 25)
(20012, 52, 23)
(20012, 55, 25)
(20014, 52, 23)
(20014, 55, 25)
(20016, 52, 23)
(20016, 55, 25)
(20018, 52, 23)
(20018, 55, 25)
(20020, 52, 23)
(20020, 55, 25)
(20022, 52, 23)
(20022, 55, 25)
(20024, 52, 23)
(20024, 55, 25)
(20026, 52, 23)
(20026, 55, 25)
(20028, 52, 23)
(20028, 55, 25)
(20030, 52, 23)
(20030, 55, 25)
(20032, 53, 24)
(20037, 69, 33)
(40075/2, 70, 34)
(20038, 70, 34)
(40077/2, 69, 33)
(20039, 69, 33)
(40079/2, 67, 32)
(20040, 67, 32)
(40081/2, 65, 31)
(20041, 65, 31)
(40083/2, 61, 28)
(20042, 61, 28)
(40085/2, 62, 29)
(20043, 62, 29)
(40087/2, 58, 27)
(20044, 58, 27)
(40089/2, 57, 26)
(20045, 57, 26)
(40091/2, 55, 25)
(20046, 55, 25)
(40093/2, 53, 24)
(20047, 52, 23)
(40095/2, 53, 24)
(20048, 48, 21)
(20048, 55, 25)
(20050, 48, 21)
(20050, 55, 25)
(20052, 48, 21)
(20052, 55, 25)
(20054, 48, 21)
(20054, 55, 25)
(20056, 48, 21)
(20056, 55, 25)
(20058, 48, 21)
(20058, 55, 25)
(20060, 48, 21)
(20060, 55, 25)
(20062, 48, 21)
(20062, 55, 25)
(20064, 53, 24)
(20066, 53, 24)
(20068, 53, 24)
(20070, 53, 24)
(20072, 48, 21)
(20072, 58, 27)
(20074, 48, 21)
(20074, 58, 27)
(20076, 48, 21)
(20076, 58, 27)
(20078, 48, 21)
(20078, 58, 27)
(20080, 57, 26)
(20081, 73, 35)
(40163/2, 76, 37)
(20082, 76, 37)
(40165/2, 73, 35)
(20083, 73, 35)
(40167/2, 76, 37)
(20084, 76, 37)
(40169/2, 73, 35)
(20085, 73, 35)
(40171/2, 70, 34)
(20086, 70, 34)
(40173/2, 67, 32)
(20087, 67, 32)
(40175/2, 64, 30)
(20089, 62, 29)
(40179/2, 61, 28)
(20090, 61, 28)
(40181/2, 62, 29)
(20091, 62, 29)
(40183/2, 58, 27)
(20092, 58, 27)
(40185/2, 57, 26)
(20093, 62, 29)
(40187/2, 57, 26)
(20094, 57, 26)
(40189/2, 53, 24)
(20095, 53, 24)
(40191/2, 50, 22)
(20097, 68, 32)
(40195/2, 71, 34)
(20098, 71, 34)
(40197/2, 68, 32)
(20099, 68, 32)
(40199/2, 71, 34)
(20100, 71, 34)
(40201/2, 68, 32)
(20101, 68, 32)
(40203/2, 71, 34)
(20102, 71, 34)
(40205/2, 68, 32)
(20103, 68, 32)
(40207/2, 71, 34)
(20104, 71, 34)
(40209/2, 68, 32)
(20105, 68, 32)
(40211/2, 71, 34)
(20106, 71, 34)
(40213/2, 68, 32)
(20107, 68, 32)
(40215/2, 71, 34)
(40225/2, 52, 23)
(20113, 60, 28)
(40229/2, 52, 23)
(20115, 62, 29)
(40233/2, 52, 23)
(20117, 57, 26)
(40237/2, 52, 23)
(20119, 59, 27)
(40241/2, 52, 23)
(20121, 57, 26)
(40245/2, 57, 26)
(20123, 64, 30)
(40249/2, 57, 26)
(20125, 65, 31)
(40253/2, 52, 23)
(20127, 57, 26)
(40257/2, 59, 27)
(20129, 57, 26)
(40259/2, 59, 27)
(20130, 57, 26)
(40261/2, 59, 27)
(20131, 57, 26)
(40263/2, 59, 27)
(20132, 57, 26)
(40265/2, 60, 28)
(20133, 57, 26)
(40267/2, 60, 28)
(20134, 57, 26)
(40269/2, 61, 28)
(20135, 57, 26)
(40271/2, 61, 28)
(20136, 60, 28)
(40275/2, 57, 26)
(20138, 60, 28)
(40279/2, 57, 26)
(20140, 69, 33)
(20142, 68, 32)
(40285/2, 65, 31)
(20143, 64, 30)
(40287/2, 65, 31)
(20144, 64, 30)
(40291/2, 57, 26)
(20146, 56, 25)
(40295/2, 59, 27)
(20148, 57, 26)
(40299/2, 60, 28)
(20150, 64, 30)
(20152, 64, 30)
(20155, 67, 32)
(40313/2, 65, 31)
(20157, 64, 30)
(40315/2, 62, 29)
(20158, 70, 34)
(20159, 70, 34)
(20160, 70, 34)
(20161, 69, 33)
(20162, 67, 32)
(20163, 65, 31)
(20164, 64, 30)
(20165, 62, 29)
(20166, 61, 28)
(20167, 57, 26)
(20168, 65, 31)
(20169, 64, 30)
(20170, 62, 29)
(20171, 60, 28)
(20172, 62, 29)
(20174, 68, 32)
(20174, 71, 34)
(20176, 69, 33)
(40353/2, 60, 28)
(20177, 52, 23)
(40357/2, 62, 29)
(20179, 52, 23)
(40361/2, 57, 26)
(20181, 60, 28)
(40363/2, 64, 30)
(20182, 65, 31)
(40365/2, 64, 30)
(20183, 67, 32)
(40367/2, 65, 31)
(20184, 64, 30)
(20186, 52, 23)
(40377/2, 57, 26)
(20189, 59, 27)
(40379/2, 60, 28)
(20190, 52, 23)
(40381/2, 59, 27)
(20191, 60, 28)
(40383/2, 62, 29)
(20192, 60, 28)
(20193, 52, 23)
(20194, 62, 29)
(40389/2, 59, 27)
(20195, 62, 29)
(40391/2, 59, 27)
(20196, 64, 30)
(20197, 60, 28)
(20198, 65, 31)
(40397/2, 64, 30)
(20199, 67, 32)
(40399/2, 65, 31)
(20200, 64, 30)
(20201, 60, 28)
(20201, 64, 30)
(20202, 62, 29)
(20203, 62, 29)
(20204, 60, 28)
(20205, 72, 35)
(40411/2, 74, 36)
(20206, 74, 36)
(40413/2, 72, 35)
(20207, 72, 35)
(40415/2, 68, 32)
(20208, 68, 32)
(40417/2, 69, 33)
(20209, 69, 33)
(40419/2, 65, 31)
(20210, 65, 31)
(40421/2, 64, 30)
(20211, 64, 30)
(40423/2, 62, 29)
(20212, 62, 29)
(40425/2, 60, 28)
(20213, 60, 28)
(40427/2, 56, 25)
(20214, 56, 25)
(40429/2, 57, 26)
(20215, 57, 26)
(40431/2, 53, 24)
(20216, 53, 24)
(40433/2, 52, 23)
(20217, 52, 23)
(40435/2, 50, 22)
(20218, 50, 22)
(40437/2, 48, 21)
(20219, 48, 21)
(40439/2, 48, 21)
(20220, 52, 23)
(20228, 56, 25)
(20232, 55, 25)
(20236, 53, 24)
(20237, 74, 36)
(40475/2, 73, 35)
(20238, 73, 35)
(40477/2, 74, 36)
(20239, 74, 36)
(40479/2, 70, 34)
(20240, 70, 34)
(40481/2, 69, 33)
(20241, 69, 33)
(40483/2, 67, 32)
(20242, 67, 32)
(40485/2, 65, 31)
(20243, 65, 31)
(40487/2, 61, 28)
(20244, 61, 28)
(40489/2, 62, 29)
(20245, 62, 29)
(40491/2, 58, 27)
(20246, 58, 27)
(40493/2, 57, 26)
(20247, 57, 26)
(40495/2, 55, 25)
(20248, 55, 25)
(40497/2, 53, 24)
(20249, 53, 24)
(40499/2, 52, 23)
(20250, 52, 23)
(40501/2, 53, 24)
(20251, 53, 24)
(40503/2, 53, 24)
(20252, 54, 24)
(20260, 58, 26)
(20264, 57, 26)
(20268, 55, 25)
(20270, 59, 27)
(20272, 60, 28)
(20274, 61, 28)
(20274, 64, 30)
(20276, 69, 33)
(20278, 69, 33)
(20280, 76, 37)
(40563/2, 71, 34)
(20282, 67, 32)
(40565/2, 64, 30)
(20283, 59, 27)
(40567/2, 55, 25)
(20284, 57, 26)
(20286, 64, 30)
(40573/2, 66, 31)
(20287, 64, 30)
(40575/2, 66, 31)
(20288, 60, 28)
(20288, 64, 30)
(20290, 64, 30)
(40581/2, 66, 31)
(20291, 64, 30)
(40583/2, 66, 31)
(20292, 58, 26)
(20294, 61, 28)
(40589/2, 64, 30)
(20295, 61, 28)
(40591/2, 64, 30)
(20296, 66, 31)
(20298, 64, 30)
(40597/2, 61, 28)
(20299, 64, 30)
(40599/2, 61, 28)
(20300, 54, 24)
(20300, 58, 26)
(20302, 64, 30)
(40605/2, 61, 28)
(20303, 64, 30)
(40607/2, 61, 28)
(20304, 54, 24)
(20306, 54, 24)
(20308, 59, 27)
(20311, 76, 37)
(40623/2, 74, 36)
(20312, 74, 36)
(20313, 72, 35)
(40627/2, 71, 34)
(20314, 71, 34)
(20315, 69, 33)
(40631/2, 67, 32)
(20316, 67, 32)
(20317, 66, 31)
(40635/2, 64, 30)
(20318, 64, 30)
(20319, 62, 29)
(40639/2, 60, 28)
(20320, 60, 28)
(20322, 61, 28)
(20324, 59, 27)
(20325, 66, 31)
(20327, 67, 32)
(40655/2, 66, 31)
(20328, 66, 31)
(20329, 64, 30)
(40659/2, 62, 29)
(20330, 62, 29)
(20331, 60, 28)
(40663/2, 59, 27)
(20332, 59, 27)
(20333, 57, 26)
(40667/2, 55, 25)
(20334, 55, 25)
(20335, 54, 24)
(40671/2, 52, 23)
(20336, 52, 23)
(20338, 52, 23)
(20340, 54, 24)
(20341, 59, 27)
(20343, 60, 28)
(40687/2, 59, 27)
(20344, 57, 26)
(20345, 69, 33)
(40691/2, 67, 32)
(20346, 66, 31)
(20347, 69, 33)
(40695/2, 67, 32)
(20348, 66, 31)
(20349, 66, 31)
(40699/2, 64, 30)
(20350, 63, 29)
(20351, 63, 29)
(40703/2, 60, 28)
(20352, 59, 27)
(20353, 59, 27)
(40707/2, 57, 26)
(20354, 55, 25)
(20355, 55, 25)
(40711/2, 54, 24)
(20356, 52, 23)
(20357, 55, 25)
(40715/2, 55, 25)
(20358, 55, 25)
(20359, 59, 27)
(40719/2, 59, 27)
(20360, 59, 27)
(20361, 59, 27)
(40723/2, 59, 27)
(20362, 59, 27)
(20363, 59, 27)
(40727/2, 59, 27)
(20364, 58, 26)
(20365, 58, 26)
(40731/2, 58, 26)
(20366, 58, 26)
(20367, 58, 26)
(40735/2, 58, 26)
(20368, 57, 26)
(20369, 57, 26)
(40739/2, 57, 26)
(20370, 63, 29)
(20371, 63, 29)
(40743/2, 63, 29)
(20372, 64, 30)
(20373, 59, 27)
(40747/2, 59, 27)
(20374, 59, 27)
(20375, 59, 27)
(40751/2, 59, 27)
(20376, 59, 27)
(20377, 59, 27)
(40755/2, 59, 27)
(20378, 59, 27)
(20379, 59, 27)
(40759/2, 59, 27)
(20380, 58, 26)
(20381, 58, 26)
(40763/2, 58, 26)
(20382, 58, 26)
(20383, 58, 26)
(20384, 57, 26)
(20385, 57, 26)
(40771/2, 57, 26)
(20386, 57, 26)
(20387, 57, 26)
(40775/2, 57, 26)
(20388, 56, 25)
(20389, 56, 25)
(40779/2, 56, 25)
(20390, 56, 25)
(20391, 56, 25)
(40783/2, 56, 25)
(20392, 57, 26)
(20393, 57, 26)
(40787/2, 57, 26)
(20394, 57, 26)
(20395, 57, 26)
(40791/2, 57, 26)
(20396, 57, 26)
(20397, 57, 26)
(40795/2, 57, 26)
(20398, 57, 26)
(20399, 57, 26)
(40799/2, 57, 26)
(20400, 59, 27)
(20401, 59, 27)
(40803/2, 59, 27)
(20402, 59, 27)
(20403, 59, 27)
(40807/2, 59, 27)
(20404, 63, 29)
(20405, 63, 29)
(40811/2, 63, 29)
(20406, 63, 29)
(20407, 63, 29)
(40815/2, 63, 29)
(20408, 64, 30)
(20409, 64, 30)
(40819/2, 64, 30)
(20410, 64, 30)
(40821/2, 64, 30)
(20411, 64, 30)
(40823/2, 64, 30)
(20412, 61, 28)
(20413, 61, 28)
(40827/2, 61, 28)
(20414, 61, 28)
(20442, 71, 34)
(20445, 65, 31)
(20446, 64, 30)
(20447, 65, 31)
(20448, 64, 30)
(20451, 62, 29)
(20452, 62, 29)
(20453, 62, 29)
(20454, 64, 30)
(20454, 62, 29)
(20454, 61, 28)
(20455, 62, 29)
(20456, 62, 29)
(20460, 60, 28)
(20464, 59, 27)
(20468, 57, 26)
(20472, 59, 27)
(20476, 57, 26)
(20478, 52, 23)
(20480, 59, 27)
(20482, 52, 23)
(20484, 60, 28)
(20486, 52, 23)
(20488, 59, 27)
(20490, 52, 23)
(20493, 52, 23)
(20494, 52, 23)
(20495, 52, 23)
(20496, 52, 23)
(20497, 52, 23)
(20498, 52, 23)
(20499, 52, 23)
(20500, 52, 23)
(20500, 58, 26)
(20501, 52, 23)
(20501, 58, 26)
(20502, 52, 23)
(20502, 58, 26)
(20503, 52, 23)
(20503, 58, 26)
(20504, 52, 23)
(20504, 58, 26)
(20505, 52, 23)
(20505, 58, 26)
(20506, 52, 23)
(20506, 58, 26)
(20507, 52, 23)
(20507, 58, 26)
(20510, 54, 24)
(20510, 57, 26)
(41021/2, 54, 24)
(41021/2, 57, 26)
(20511, 54, 24)
(20511, 57, 26)
(41023/2, 54, 24)
(41023/2, 57, 26)
(20512, 54, 24)
(20512, 57, 26)
(20518, 59, 27)
(20518, 62, 29)
(41037/2, 59, 27)
(41037/2, 62, 29)
(20519, 59, 27)
(20519, 62, 29)
(41039/2, 59, 27)
(41039/2, 62, 29)
(20520, 59, 27)
(20520, 62, 29)
(20526, 61, 28)
(20526, 64, 30)
(41053/2, 61, 28)
(41053/2, 64, 30)
(20527, 61, 28)
(20527, 64, 30)
(41055/2, 61, 28)
(41055/2, 64, 30)
(20528, 61, 28)
(20528, 64, 30)
(20532, 72, 35)
(41067/2, 69, 33)
(20534, 72, 35)
(41071/2, 69, 33)
(20536, 72, 35)
(20540, 75, 36)
(41083/2, 69, 33)
(20542, 75, 36)
(41087/2, 69, 33)
(20544, 75, 36)
(20548, 66, 31)
(20548, 69, 33)
(20559, 60, 28)
(41119/2, 59, 27)
(20560, 69, 33)
(41121/2, 67, 32)
(20561, 66, 31)
(41123/2, 64, 30)
(20562, 63, 29)
(41125/2, 60, 28)
(20563, 59, 27)
(41127/2, 59, 27)
(20564, 59, 27)
(20565, 57, 26)
(41131/2, 55, 25)
(20566, 57, 26)
(20567, 59, 27)
(41135/2, 60, 28)
(20568, 62, 29)
(20569, 60, 28)
(41139/2, 59, 27)
(20570, 60, 28)
(20571, 59, 27)
(41143/2, 57, 26)
(20572, 59, 27)
(20573, 57, 26)
(41147/2, 55, 25)
(20574, 64, 30)
(20575, 66, 31)
(41151/2, 67, 32)
(20576, 67, 32)
(20577, 67, 32)
(20578, 69, 33)
(20579, 69, 33)
(20580, 67, 32)
(20582, 60, 28)
(20582, 64, 30)
(20584, 59, 27)
(20584, 64, 30)
(20586, 60, 28)
(20586, 64, 30)
(20586, 69, 33)
(20588, 59, 27)
(20588, 67, 32)
(20591, 72, 35)
(20592, 71, 34)
(41187/2, 72, 35)
(20594, 69, 33)
(41189/2, 72, 35)
(20595, 71, 34)
(41191/2, 69, 33)
(20596, 67, 32)
(20600, 52, 23)
(41201/2, 52, 23)
(20601, 52, 23)
(41203/2, 52, 23)
(20602, 52, 23)
(41205/2, 52, 23)
(20603, 52, 23)
(41207/2, 52, 23)
(20604, 52, 23)
(41209/2, 52, 23)
(20605, 52, 23)
(41211/2, 52, 23)
(20606, 52, 23)
(41213/2, 54, 24)
(20607, 55, 25)
(41215/2, 57, 26)
(20608, 59, 27)
(20609, 64, 30)
(20610, 60, 28)
(20611, 57, 26)
(20612, 55, 25)
(20615, 55, 25)
(20615, 64, 30)
(41231/2, 55, 25)
(41231/2, 64, 30)
(20616, 55, 25)
(20616, 64, 30)
(20617, 55, 25)
(20617, 64, 30)
(41235/2, 55, 25)
(41235/2, 64, 30)
(20618, 55, 25)
(20618, 64, 30)
(20619, 55, 25)
(20619, 64, 30)
(41239/2, 55, 25)
(41239/2, 64, 30)
(20620, 60, 28)
(20621, 60, 28)
(41243/2, 60, 28)
(20622, 59, 27)
(20625, 64, 30)
(20626, 64, 30)
(20627, 63, 29)
(20628, 64, 30)
(41257/2, 64, 30)
(20629, 67, 32)
(41259/2, 71, 34)
(20630, 76, 37)
(41261/2, 74, 36)
(20631, 72, 35)
(41263/2, 71, 34)
(20632, 74, 36)
(41265/2, 72, 35)
(20633, 71, 34)
(41267/2, 69, 33)
(20634, 67, 32)
(41269/2, 66, 31)
(20635, 71, 34)
(41271/2, 71, 34)
(20636, 69, 33)
(41273/2, 67, 32)
(20637, 66, 31)
(41275/2, 64, 30)
(20638, 67, 32)
(41277/2, 64, 30)
(20639, 61, 28)
(41279/2, 58, 26)
(20640, 59, 27)
(41281/2, 57, 26)
(20641, 60, 28)
(41283/2, 59, 27)
(20642, 57, 26)
(41285/2, 55, 25)
(20643, 54, 24)
(41287/2, 52, 23)
(20644, 51, 22)
(20645, 52, 23)
(20646, 54, 24)
(20647, 55, 25)
(20648, 57, 26)
(20652, 71, 34)
(20656, 72, 35)
(20658, 71, 34)
(20660, 70, 33)
(20662, 66, 31)
(20663, 68, 32)
(20664, 69, 33)
(20666, 71, 34)
(20667, 69, 33)
(20668, 68, 32)
(20669, 64, 30)
(20670, 66, 31)
(20671, 68, 32)
(20672, 69, 33)
(20673, 71, 34)
(20674, 72, 35)
(20675, 69, 33)
(20676, 66, 31)
(20678, 63, 29)
(20679, 64, 30)
(20680, 65, 31)
(20681, 69, 33)
(20682, 67, 32)
(20683, 65, 31)
(20684, 64, 30)
(20686, 67, 32)
(20687, 64, 30)
(20688, 67, 32)
(20689, 65, 31)
(20690, 64, 30)
(20691, 62, 29)
(20692, 64, 30)
(20696, 70, 34)
(20697, 69, 33)
(20698, 67, 32)
(20699, 64, 30)
(20700, 62, 29)
(20702, 68, 33)
(20704, 67, 32)
(20710, 72, 35)
(20712, 70, 34)
(20714, 69, 33)
(20716, 67, 32)
(20718, 65, 31)
(20720, 64, 30)
(20722, 62, 29)
(20724, 61, 28)
(20725, 62, 29)
(20726, 61, 28)
(20727, 62, 29)
(20728, 64, 30)
(20729, 61, 28)
(20730, 62, 29)
(20731, 64, 30)
(20732, 57, 26)
(20734, 58, 27)
(20738, 57, 26)
(20740, 57, 26)
(20742, 56, 25)
(20743, 57, 26)
(20744, 59, 27)
(20746, 60, 28)
(20747, 59, 27)
(20748, 59, 27)
(20749, 57, 26)
(20750, 67, 32)
(20752, 65, 31)
(20754, 68, 33)
(20756, 67, 32)
(20760, 69, 33)
(20762, 70, 34)
(20766, 69, 33)
(20768, 69, 33)
(20770, 65, 31)
(20771, 67, 32)
(20772, 68, 33)
(20774, 70, 34)
(20775, 68, 33)
(20776, 67, 32)
(41557/2, 63, 30)
(20779, 62, 29)
(41559/2, 63, 30)
(20780, 62, 29)
(41563/2, 55, 25)
(20782, 54, 24)
(41567/2, 57, 26)
(20784, 55, 25)
(41571/2, 58, 27)
(20786, 62, 29)
(41575/2, 60, 28)
(20788, 60, 28)
(41577/2, 58, 27)
(20789, 57, 26)
(41579/2, 55, 25)
(20790, 67, 32)
(20791, 67, 32)
(20792, 67, 32)
(20793, 70, 34)
(20794, 70, 34)
(20795, 73, 36)
(20796, 73, 36)
(20797, 72, 35)
(20798, 72, 35)
(20799, 69, 33)
(20800, 69, 33)
(20801, 72, 35)
(20802, 72, 35)
(20803, 75, 37)
(20804, 75, 37)
(20805, 74, 36)
(20806, 74, 36)
(20807, 72, 35)
(20808, 72, 35)
(20809, 70, 34)
(20810, 69, 33)
(20811, 67, 32)
(20812, 65, 31)
(20814, 64, 30)
(20815, 67, 32)
(20816, 65, 31)
(41637/2, 70, 34)
(20819, 69, 33)
(41639/2, 70, 34)
(20820, 69, 33)
(41643/2, 62, 29)
(20822, 61, 28)
(41647/2, 64, 30)
(20824, 62, 29)
(41661/2, 58, 27)
(20831, 57, 26)
(41663/2, 58, 27)
(20832, 57, 26)
(20834, 69, 33)
(20836, 62, 29)
(20838, 74, 36)
(41685/2, 60, 28)
(20843, 59, 27)
(41687/2, 60, 28)
(20844, 59, 27)
(20846, 71, 34)
(20848, 64, 30)
(20850, 76, 37)
(20854, 52, 23)
(20855, 50, 22)
(41711/2, 52, 23)
(20856, 53, 24)
(20857, 52, 23)
(41715/2, 53, 24)
(20858, 55, 25)
(20859, 53, 24)
(41719/2, 55, 25)
(20860, 57, 26)
(20861, 57, 26)
(41723/2, 59, 27)
(20862, 60, 28)
(20863, 62, 29)
(41727/2, 60, 28)
(20864, 59, 27)
(20865, 65, 31)
(41731/2, 67, 32)
(20866, 69, 33)
(20868, 62, 29)
(20869, 65, 31)
(41739/2, 67, 32)
(20870, 69, 33)
(20872, 63, 29)
(20873, 63, 29)
(41747/2, 64, 30)
(20874, 66, 31)
(20876, 63, 29)
(20877, 63, 29)
(41755/2, 66, 31)
(20878, 69, 33)
(20880, 72, 35)
(20882, 74, 36)
(41767/2, 71, 34)
(20884, 72, 35)
(41773/2, 65, 31)
(20887, 64, 30)
(41775/2, 65, 31)
(20888, 64, 30)
(41779/2, 57, 26)
(20890, 56, 25)
(41783/2, 59, 27)
(20892, 52, 23)
(20894, 59, 27)
(41791/2, 62, 29)
(20896, 60, 28)
(41795/2, 64, 30)
(20898, 64, 30)
(41799/2, 67, 32)
(20900, 65, 31)
(41803/2, 69, 33)
(20902, 57, 26)
(41807/2, 60, 28)
(20904, 59, 27)
(41811/2, 62, 29)
(20906, 62, 29)
(41815/2, 65, 31)
(20908, 64, 30)
(41819/2, 67, 32)
(20910, 55, 25)
(41823/2, 58, 27)
(20912, 57, 26)
(41827/2, 60, 28)
(20914, 57, 26)
(41831/2, 60, 28)
(20916, 57, 26)
(41835/2, 62, 29)
(20918, 57, 26)
(41839/2, 62, 29)
(20920, 52, 23)
(41841/2, 57, 26)
(20921, 60, 28)
(41843/2, 64, 30)
(20922, 62, 29)
(41845/2, 60, 28)
(20923, 59, 27)
(41847/2, 60, 28)
(20924, 57, 26)
(41849/2, 60, 28)
(20925, 64, 30)
(41851/2, 69, 33)
(20926, 65, 31)
(41853/2, 64, 30)
(20927, 63, 29)
(41855/2, 64, 30)
(20928, 60, 28)
(41857/2, 64, 30)
(20929, 69, 33)
(41859/2, 72, 35)
(20930, 71, 34)
(41861/2, 69, 33)
(20931, 68, 32)
(41863/2, 69, 33)
(20932, 64, 30)
(41865/2, 69, 33)
(20933, 72, 35)
(41867/2, 76, 37)
(20934, 76, 37)
(41869/2, 74, 36)
(20935, 72, 35)
(41871/2, 71, 34)
(20936, 76, 37)
(41873/2, 74, 36)
(20937, 72, 35)
(41875/2, 71, 34)
(20938, 72, 35)
(41877/2, 71, 34)
(20939, 69, 33)
(41879/2, 67, 32)
(20940, 69, 33)
(41881/2, 67, 32)
(20941, 65, 31)
(41883/2, 64, 30)
(20942, 65, 31)
(41885/2, 64, 30)
(20943, 62, 29)
(41887/2, 60, 28)
(20944, 65, 31)
(41889/2, 64, 30)
(20945, 62, 29)
(41891/2, 60, 28)
(20946, 62, 29)
(41893/2, 60, 28)
(20947, 59, 27)
(41895/2, 57, 26)
(20948, 59, 27)
(41897/2, 57, 26)
(20949, 55, 25)
(41899/2, 53, 24)
(20950, 55, 25)
(41901/2, 53, 24)
(20951, 52, 23)
(41903/2, 50, 22)
(20952, 52, 23)
(20952, 55, 25)
(83809/4, 52, 23)
(83809/4, 55, 25)
(41905/2, 52, 23)
(41905/2, 55, 25)
(83811/4, 52, 23)
(83811/4, 55, 25)
(20953, 52, 23)
(20953, 55, 25)
(83813/4, 52, 23)
(83813/4, 55, 25)
(41907/2, 52, 23)
(41907/2, 55, 25)
(83815/4, 52, 23)
(83815/4, 55, 25)
(20954, 52, 23)
(20954, 55, 25)
(20956, 52, 23)
(20956, 55, 25)
(20958, 52, 23)
(20958, 55, 25)
(20960, 52, 23)
(20960, 55, 25)
(20962, 52, 23)
(20962, 55, 25)
(20964, 52, 23)
(20964, 55, 25)
(20966, 52, 23)
(20966, 55, 25)
(20968, 52, 23)
(20968, 55, 25)
(20970, 52, 23)
(20970, 55, 25)
(20972, 52, 23)
(20972, 55, 25)
(20974, 52, 23)
(20974, 55, 25)
(20976, 48, 21)
(20978, 48, 21)
(20980, 48, 21)
(20982, 48, 21)
(20984, 48, 21)
(20986, 48, 21)
(20988, 48, 21)
(20990, 49, 21)
(20992, 50, 22)
(20997, 51, 22)
(20998, 52, 23)
(42001/2, 52, 23)
(21001, 60, 28)
(42005/2, 52, 23)
(21003, 62, 29)
(42009/2, 57, 26)
(21005, 52, 23)
(42013/2, 59, 27)
(21007, 52, 23)
(42017/2, 57, 26)
(21009, 52, 23)
(42021/2, 57, 26)
(21011, 67, 32)
(42025/2, 57, 26)
(21013, 65, 31)
(42029/2, 57, 26)
(21015, 64, 30)
(21016, 57, 26)
(42033/2, 59, 27)
(21017, 57, 26)
(42035/2, 59, 27)
(21018, 57, 26)
(42037/2, 59, 27)
(21019, 57, 26)
(42039/2, 59, 27)
(21020, 57, 26)
(42041/2, 60, 28)
(21021, 57, 26)
(42043/2, 60, 28)
(21022, 57, 26)
(42045/2, 61, 28)
(21023, 57, 26)
(42047/2, 61, 28)
(21024, 57, 26)
(42049/2, 62, 29)
(21025, 57, 26)
(42051/2, 62, 29)
(21026, 57, 26)
(42053/2, 60, 28)
(21027, 57, 26)
(42055/2, 60, 28)
(21028, 59, 27)
(42057/2, 60, 28)
(21029, 59, 27)
(42059/2, 57, 26)
(21030, 64, 30)
(21031, 74, 36)
(21032, 74, 36)
(42065/2, 72, 35)
(21033, 71, 34)
(42067/2, 69, 33)
(21034, 76, 37)
(42069/2, 74, 36)
(21035, 72, 35)
(42071/2, 71, 34)
(21036, 76, 37)
(21038, 59, 27)
(42077/2, 64, 30)
(21039, 59, 27)
(42079/2, 64, 30)
(21040, 57, 26)
(42081/2, 64, 30)
(21041, 57, 26)
(42083/2, 64, 30)
(21042, 62, 29)
(42085/2, 61, 28)
(21043, 59, 27)
(42087/2, 57, 26)
(21044, 67, 32)
(42089/2, 65, 31)
(21045, 64, 30)
(42091/2, 62, 29)
(21046, 70, 34)
(21047, 70, 34)
(21048, 70, 34)
(21051, 70, 34)
(21052, 70, 34)
(42105/2, 69, 33)
(21053, 67, 32)
(42107/2, 66, 31)
(21054, 74, 36)
(21055, 74, 36)
(21056, 74, 36)
(21064, 48, 21)
(21068, 48, 21)
(21072, 49, 21)
(21076, 50, 22)
(21080, 52, 23)
(21084, 53, 24)
(21104, 53, 24)
(21112, 54, 24)
(21121, 59, 27)
(42243/2, 60, 28)
(21122, 62, 29)
(21125, 59, 27)
(42251/2, 60, 28)
(21126, 62, 29)
(21129, 57, 26)
(42259/2, 59, 27)
(21130, 60, 28)
(21133, 57, 26)
(42267/2, 59, 27)
(21134, 60, 28)
(21136, 56, 25)
(21140, 57, 26)
(21144, 55, 25)
(21148, 53, 24)
(21151, 50, 22)
(21152, 52, 23)
(21153, 52, 23)
(42307/2, 52, 23)
(21154, 52, 23)
(21155, 52, 23)
(42311/2, 52, 23)
(21156, 52, 23)
(21157, 52, 23)
(42315/2, 52, 23)
(21158, 52, 23)
(21159, 52, 23)
(42319/2, 52, 23)
(21160, 52, 23)
(21161, 52, 23)
(42323/2, 52, 23)
(21162, 52, 23)
(21163, 52, 23)
(42327/2, 52, 23)
(21164, 52, 23)
(21165, 52, 23)
(42331/2, 52, 23)
(21166, 52, 23)
(21167, 52, 23)
(42335/2, 52, 23)
(21168, 52, 23)
(21169, 52, 23)
(42339/2, 52, 23)
(21170, 52, 23)
(21171, 52, 23)
(42343/2, 52, 23)
(21172, 52, 23)
(21173, 52, 23)
(42347/2, 52, 23)
(21174, 52, 23)
(21175, 52, 23)
(42351/2, 52, 23)
(21176, 52, 23)
(21177, 52, 23)
(42355/2, 52, 23)
(21178, 52, 23)
(21179, 52, 23)
(42359/2, 52, 23)
(21180, 52, 23)
(21181, 52, 23)
(42363/2, 52, 23)
(21182, 52, 23)
(21183, 52, 23)
(42367/2, 52, 23)
(21184, 52, 23)
(21184, 55, 25)
(21185, 52, 23)
(21185, 55, 25)
(42371/2, 52, 23)
(42371/2, 55, 25)
(21186, 52, 23)
(21186, 55, 25)
(21187, 52, 23)
(21187, 55, 25)
(42375/2, 52, 23)
(42375/2, 55, 25)
(21188, 54, 24)
(21189, 54, 24)
(42379/2, 54, 24)
(21190, 54, 24)
(21191, 54, 24)
(42383/2, 54, 24)
(21192, 53, 24)
(21192, 56, 26)
(21193, 53, 24)
(21193, 56, 26)
(42387/2, 53, 24)
(42387/2, 56, 26)
(21194, 53, 24)
(21194, 56, 26)
(21195, 53, 24)
(21195, 56, 26)
(42391/2, 53, 24)
(42391/2, 56, 26)
(21196, 52, 23)
(21196, 55, 25)
(21197, 52, 23)
(21197, 55, 25)
(42395/2, 52, 23)
(42395/2, 55, 25)
(21198, 52, 23)
(21199, 52, 23)
(42399/2, 52, 23)
(21200, 57, 26)
(42401/2, 57, 26)
(21201, 57, 26)
(42403/2, 57, 26)
(21202, 57, 26)
(42405/2, 57, 26)
(21203, 57, 26)
(42407/2, 57, 26)
(21204, 57, 26)
(42409/2, 57, 26)
(21205, 57, 26)
(42411/2, 57, 26)
(21206, 57, 26)
(42413/2, 57, 26)
(21207, 57, 26)
(42415/2, 57, 26)
(21208, 57, 26)
(42417/2, 57, 26)
(21209, 57, 26)
(42419/2, 57, 26)
(21210, 57, 26)
(42421/2, 57, 26)
(21211, 57, 26)
(42423/2, 57, 26)
(21212, 57, 26)
(42425/2, 57, 26)
(21213, 57, 26)
(42427/2, 57, 26)
(21214, 54, 24)
(42429/2, 54, 24)
(21215, 54, 24)
(42431/2, 54, 24)
(21216, 59, 27)
(21222, 69, 33)
(42445/2, 71, 34)
(21223, 72, 35)
(42447/2, 74, 36)
(21224, 76, 37)
(21226, 52, 23)
(21227, 53, 24)
(42455/2, 55, 25)
(21228, 53, 24)
(21229, 55, 25)
(42459/2, 57, 26)
(21230, 55, 25)
(21231, 57, 26)
(42463/2, 58, 27)
(21232, 57, 26)
(21233, 55, 25)
(42467/2, 53, 24)
(21234, 52, 23)
(21235, 64, 30)
(21237, 62, 29)
(42475/2, 60, 28)
(21238, 59, 27)
(42477/2, 62, 29)
(21239, 60, 28)
(42479/2, 59, 27)
(21240, 57, 26)
(21241, 59, 27)
(42483/2, 60, 28)
(21242, 62, 29)
(21243, 60, 28)
(42487/2, 59, 27)
(21244, 64, 30)
(21245, 62, 29)
(42491/2, 60, 28)
(21246, 65, 31)
(21247, 64, 30)
(42495/2, 62, 29)
(21248, 69, 33)
(21250, 72, 35)
(21251, 71, 34)
(21252, 69, 33)
(42507/2, 71, 34)
(21254, 68, 32)
(21256, 69, 33)
(21273, 52, 23)
(21273, 57, 26)
(42547/2, 52, 23)
(42547/2, 57, 26)
(21274, 52, 23)
(21274, 57, 26)
(21275, 52, 23)
(21275, 57, 26)
(42551/2, 52, 23)
(42551/2, 57, 26)
(21276, 52, 23)
(21276, 60, 28)
(21277, 52, 23)
(21277, 60, 28)
(42555/2, 52, 23)
(42555/2, 60, 28)
(21278, 52, 23)
(21278, 60, 28)
(21279, 52, 23)
(21279, 60, 28)
(42559/2, 52, 23)
(42559/2, 60, 28)
(21280, 53, 24)
(21281, 56, 26)
(21282, 60, 28)
(21284, 53, 24)
(21285, 56, 26)
(21286, 60, 28)
(21288, 53, 24)
(21288, 57, 26)
(21289, 53, 24)
(21289, 57, 26)
(42579/2, 53, 24)
(42579/2, 57, 26)
(21290, 52, 23)
(21290, 57, 26)
(21294, 64, 30)
(21296, 57, 26)
(42593/2, 60, 28)
(21297, 64, 30)
(42595/2, 69, 33)
(21298, 68, 32)
(42597/2, 69, 33)
(21299, 64, 30)
(42599/2, 69, 33)
(21300, 67, 32)
(42601/2, 65, 31)
(21301, 64, 30)
(42603/2, 62, 29)
(21302, 60, 28)
(42605/2, 59, 27)
(21303, 64, 30)
(42607/2, 64, 30)
(21304, 62, 29)
(42609/2, 60, 28)
(21305, 59, 27)
(42611/2, 57, 26)
(21306, 60, 28)
(42613/2, 57, 26)
(21307, 54, 24)
(42615/2, 51, 22)
(21308, 52, 23)
(21309, 65, 31)
(42619/2, 64, 30)
(21310, 62, 29)
(42621/2, 60, 28)
(21311, 59, 27)
(42623/2, 57, 26)
(21312, 56, 25)
(42627/2, 64, 30)
(21314, 64, 30)
(42631/2, 64, 30)
(42631/2, 69, 33)
(21316, 64, 30)
(21316, 69, 33)
(42635/2, 62, 29)
(42635/2, 69, 33)
(21318, 62, 29)
(21318, 69, 33)
(42639/2, 64, 30)
(42639/2, 69, 33)
(21320, 64, 30)
(21320, 69, 33)
(42645/2, 64, 30)
(21323, 69, 33)
(42647/2, 72, 35)
(21324, 76, 37)
(21326, 64, 30)
(21328, 52, 23)
(85313/4, 52, 23)
(42657/2, 52, 23)
(85315/4, 52, 23)
(21329, 52, 23)
(85317/4, 52, 23)
(42659/2, 52, 23)
(85319/4, 52, 23)
(21330, 52, 23)
(21332, 52, 23)
(21334, 52, 23)
(21336, 52, 23)
(21338, 52, 23)
(21340, 52, 23)
(21342, 52, 23)
(21344, 54, 24)
(21346, 54, 24)
(21348, 54, 24)
(21350, 54, 24)
(21352, 56, 25)
(21354, 56, 25)
(21356, 56, 25)
(21358, 56, 25)
(21360, 57, 26)
(42721/2, 57, 26)
(21361, 57, 26)
(42723/2, 57, 26)
(21362, 57, 26)
(42725/2, 57, 26)
(21363, 57, 26)
(42727/2, 57, 26)
(21364, 57, 26)
(21366, 57, 26)
(21368, 57, 26)
(21370, 57, 26)
(21372, 55, 25)
(21374, 55, 25)
(21376, 52, 23)
(21377, 52, 23)
(21378, 52, 23)
(21379, 52, 23)
(21380, 48, 21)
(21381, 48, 21)
(21382, 48, 21)
(21383, 48, 21)
(21384, 50, 22)
(21386, 50, 22)
(21388, 51, 22)
(21390, 51, 22)
(21392, 52, 23)
(21392, 60, 28)
(21400, 59, 27)
(21404, 57, 26)
(21408, 56, 25)
(21412, 57, 26)
(21416, 59, 27)
(21420, 57, 26)
(21424, 52, 23)
(21424, 57, 26)
(21440, 57, 26)
(42969/2, 52, 23)
(21485, 50, 22)
(21487, 59, 27)
(21488, 52, 23)
(21490, 50, 22)
(21491, 49, 21)
(42985/2, 59, 27)
(21493, 50, 22)
(42987/2, 50, 22)
(21494, 50, 22)
(21495, 49, 21)
(42993/2, 57, 26)
(21497, 62, 29)
(21499, 64, 30)
(21500, 69, 33)
(21502, 57, 26)
(21503, 59, 27)
(43009/2, 69, 33)
(21505, 67, 32)
(43011/2, 69, 33)
(21506, 62, 29)
(21506, 69, 33)
(21509, 62, 29)
(21509, 71, 34)
(21512, 64, 30)
(21514, 64, 30)
(21518, 57, 26)
(86075/4, 56, 25)
(21519, 59, 27)
(21523, 59, 27)
(86095/4, 57, 26)
(21524, 61, 28)
(21526, 66, 31)
(86107/4, 64, 30)
(21527, 64, 30)
(21528, 62, 29)
(21529, 66, 31)
(21532, 66, 31)
(21533, 64, 30)
(43067/2, 64, 30)
(21534, 59, 27)
(21535, 57, 26)
(21537, 68, 32)
(21538, 69, 33)
(21541, 68, 32)
(21542, 69, 33)
(21544, 54, 24)
(86179/4, 52, 23)
(21545, 55, 25)
(21547, 54, 24)
(86191/4, 52, 23)
(21548, 55, 25)
(21550, 54, 24)
(21551, 52, 23)
(21554, 52, 23)
(21554, 57, 26)
(30000, 37, 14)
(30000, 46, 20)
(120001/4, 37, 14)
(120001/4, 46, 20)
(60001/2, 37, 14)
(60001/2, 46, 20)
(120003/4, 37, 14)
(120003/4, 46, 20)
(30001, 37, 14)
(30001, 46, 20)
(120005/4, 37, 14)
(120005/4, 46, 20)
(60003/2, 37, 14)
(60003/2, 46, 20)
(120007/4, 37, 14)
(120007/4, 46, 20)
(30002, 37, 14)
(30002, 46, 20)
(30004, 37, 14)
(30004, 46, 20)
(30006, 37, 14)
(30006, 46, 20)
(30008, 37, 14)
(30008, 46, 20)
(30010, 37, 14)
(30010, 46, 20)
(30012, 37, 14)
(30012, 46, 20)
(30014, 37, 14)
(30014, 46, 20)
(30016, 37, 14)
(30016, 46, 20)
(30018, 37, 14)
(30018, 46, 20)
(30020, 37, 14)
(30020, 46, 20)
(30022, 37, 14)
(30022, 46, 20)
(30024, 37, 14)
(30024, 46, 20)
(30026, 37, 14)
(30026, 46, 20)
(30028, 37, 14)
(30028, 46, 20)
(30030, 37, 14)
(30030, 46, 20)
(30032, 38, 15)
(30040, 50, 22)
(30048, 40, 16)
(30048, 48, 21)
(30050, 40, 16)
(30050, 48, 21)
(30052, 40, 16)
(30052, 48, 21)
(30054, 40, 16)
(30054, 48, 21)
(30056, 40, 16)
(30056, 48, 21)
(30058, 40, 16)
(30058, 48, 21)
(30060, 40, 16)
(30060, 48, 21)
(30062, 40, 16)
(30062, 48, 21)
(30064, 38, 15)
(30066, 38, 15)
(30068, 38, 15)
(30070, 38, 15)
(30072, 36, 14)
(30074, 36, 14)
(30076, 36, 14)
(30078, 36, 14)
(30080, 37, 14)
(30088, 38, 15)
(30096, 44, 18)
(30112, 45, 19)
(60227/2, 52, 23)
(30114, 47, 20)
(60231/2, 52, 23)
(30116, 48, 21)
(60235/2, 52, 23)
(30118, 44, 18)
(60239/2, 52, 23)
(30120, 45, 19)
(60243/2, 52, 23)
(30122, 49, 21)
(60247/2, 45, 19)
(30124, 50, 22)
(60251/2, 53, 24)
(30126, 48, 21)
(60255/2, 52, 23)
(30128, 47, 20)
(30130, 41, 17)
(30132, 40, 16)
(30134, 43, 18)
(30136, 42, 17)
(30138, 54, 24)
(30140, 53, 24)
(30142, 52, 23)
(30144, 45, 19)
(60291/2, 52, 23)
(30146, 47, 20)
(60295/2, 52, 23)
(30148, 48, 21)
(60299/2, 52, 23)
(30150, 44, 18)
(60303/2, 52, 23)
(30152, 45, 19)
(60307/2, 52, 23)
(30154, 50, 22)
(60309/2, 49, 21)
(30155, 47, 20)
(60311/2, 45, 19)
(30156, 50, 22)
(30167, 61, 28)
(30168, 62, 29)
(30169, 60, 28)
(30170, 59, 27)
(30171, 57, 26)
(30172, 56, 25)
(30173, 62, 29)
(30174, 40, 16)
(30176, 45, 19)
(60355/2, 52, 23)
(30178, 47, 20)
(60359/2, 52, 23)
(30180, 48, 21)
(60363/2, 45, 19)
(30182, 38, 15)
(30184, 40, 16)
(60371/2, 52, 23)
(30186, 50, 22)
(60375/2, 52, 23)
(30188, 48, 21)
(60379/2, 52, 23)
(30190, 44, 18)
(60383/2, 52, 23)
(30192, 45, 19)
(60387/2, 52, 23)
(30194, 47, 20)
(60391/2, 52, 23)
(30196, 48, 21)
(60395/2, 45, 19)
(30198, 38, 15)
(30200, 40, 16)
(30201, 52, 23)
(30202, 52, 23)
(30203, 52, 23)
(30204, 45, 19)
(30212, 45, 19)
(30220, 45, 19)
(60441/2, 44, 18)
(30221, 44, 18)
(60443/2, 45, 19)
(30222, 45, 19)
(60445/2, 44, 18)
(30223, 44, 18)
(60447/2, 45, 19)
(30224, 45, 19)
(60449/2, 43, 18)
(30225, 43, 18)
(60451/2, 45, 19)
(30226, 45, 19)
(60453/2, 43, 18)
(30227, 43, 18)
(60455/2, 45, 19)
(30228, 45, 19)
(60457/2, 41, 17)
(30229, 41, 17)
(60459/2, 45, 19)
(30230, 45, 19)
(60461/2, 41, 17)
(30231, 41, 17)
(60463/2, 45, 19)
(30232, 40, 16)
(60465/2, 45, 19)
(30233, 40, 16)
(60467/2, 45, 19)
(30234, 40, 16)
(60469/2, 45, 19)
(30235, 40, 16)
(60471/2, 45, 19)
(30236, 38, 15)
(30244, 50, 22)
(30244, 62, 29)
(30252, 47, 20)
(60505/2, 48, 21)
(30253, 48, 21)
(60507/2, 47, 20)
(30254, 47, 20)
(60509/2, 48, 21)
(30255, 48, 21)
(60511/2, 47, 20)
(30256, 45, 19)
(60513/2, 47, 20)
(30257, 47, 20)
(60515/2, 45, 19)
(30258, 45, 19)
(60517/2, 47, 20)
(30259, 47, 20)
(60519/2, 45, 19)
(30260, 43, 18)
(60521/2, 45, 19)
(30261, 45, 19)
(60523/2, 43, 18)
(30262, 43, 18)
(60525/2, 45, 19)
(30263, 45, 19)
(60527/2, 43, 18)
(30264, 42, 17)
(60529/2, 43, 18)
(30265, 43, 18)
(60531/2, 42, 17)
(30266, 42, 17)
(60533/2, 43, 18)
(30267, 43, 18)
(60535/2, 42, 17)
(30268, 40, 16)
(60537/2, 43, 18)
(30269, 47, 20)
(60539/2, 52, 23)
(30270, 52, 23)
(60541/2, 50, 22)
(30271, 48, 21)
(60543/2, 47, 20)
(30272, 45, 19)
(60545/2, 48, 21)
(30273, 52, 23)
(60547/2, 57, 26)
(30274, 57, 26)
(60549/2, 55, 25)
(30275, 53, 24)
(60551/2, 52, 23)
(30276, 51, 22)
(60553/2, 54, 24)
(30277, 57, 26)
(60555/2, 63, 29)
(30278, 63, 29)
(60557/2, 60, 28)
(30279, 59, 27)
(60559/2, 57, 26)
(30280, 55, 25)
(60561/2, 57, 26)
(30281, 59, 27)
(60563/2, 60, 28)
(30282, 59, 27)
(60565/2, 64, 30)
(30283, 64, 30)
(60567/2, 64, 30)
(30284, 64, 30)
(60569/2, 69, 33)
(30285, 69, 33)
(60571/2, 72, 35)
(30286, 72, 35)
(30288, 57, 26)
(60577/2, 69, 33)
(30289, 69, 33)
(60579/2, 72, 35)
(30290, 72, 35)
(30292, 61, 28)
(60585/2, 64, 30)
(30293, 64, 30)
(60587/2, 66, 31)
(30294, 66, 31)
(30296, 61, 28)
(60593/2, 64, 30)
(30297, 64, 30)
(60595/2, 66, 31)
(30298, 66, 31)
(30300, 58, 26)
(60601/2, 64, 30)
(30301, 64, 30)
(60603/2, 66, 31)
(30302, 66, 31)
(30304, 61, 28)
(60609/2, 64, 30)
(30305, 64, 30)
(60611/2, 67, 32)
(30306, 67, 32)
(60613/2, 64, 30)
(30307, 66, 31)
(60615/2, 67, 32)
(30308, 66, 31)
(30309, 71, 34)
(30311, 72, 35)
(60623/2, 71, 34)
(30312, 71, 34)
(30313, 69, 33)
(60627/2, 67, 32)
(30314, 67, 32)
(30315, 66, 31)
(60631/2, 64, 30)
(30316, 64, 30)
(30317, 62, 29)
(60635/2, 60, 28)
(30318, 60, 28)
(30319, 59, 27)
(60639/2, 57, 26)
(30320, 57, 26)
(30322, 58, 26)
(30324, 59, 27)
(30325, 63, 29)
(30327, 64, 30)
(60655/2, 63, 29)
(30328, 63, 29)
(30329, 60, 28)
(60659/2, 59, 27)
(30330, 59, 27)
(30331, 57, 26)
(60663/2, 55, 25)
(30332, 55, 25)
(30333, 54, 24)
(60667/2, 52, 23)
(30334, 52, 23)
(30335, 50, 22)
(60671/2, 48, 21)
(30336, 48, 21)
(30338, 48, 21)
(30340, 47, 20)
(30341, 59, 27)
(30343, 60, 28)
(60687/2, 59, 27)
(30344, 57, 26)
(30345, 57, 26)
(60691/2, 55, 25)
(30346, 54, 24)
(30347, 57, 26)
(60695/2, 55, 25)
(30348, 54, 24)
(30349, 54, 24)
(60699/2, 52, 23)
(30350, 51, 22)
(30351, 51, 22)
(60703/2, 48, 21)
(30352, 47, 20)
(30353, 47, 20)
(60707/2, 45, 19)
(30354, 43, 18)
(30355, 43, 18)
(60711/2, 42, 17)
(30356, 40, 16)
(30357, 52, 23)
(60715/2, 52, 23)
(30358, 52, 23)
(30359, 52, 23)
(60719/2, 52, 23)
(30360, 52, 23)
(30361, 52, 23)
(60723/2, 52, 23)
(30362, 52, 23)
(30363, 52, 23)
(60727/2, 52, 23)
(30364, 52, 23)
(30365, 52, 23)
(60731/2, 52, 23)
(30366, 52, 23)
(30367, 52, 23)
(60735/2, 52, 23)
(30368, 51, 22)
(30369, 51, 22)
(60739/2, 51, 22)
(30370, 47, 20)
(30371, 47, 20)
(60743/2, 47, 20)
(30372, 40, 16)
(30373, 52, 23)
(60747/2, 52, 23)
(30374, 52, 23)
(30375, 52, 23)
(60751/2, 52, 23)
(30376, 52, 23)
(30377, 52, 23)
(60755/2, 52, 23)
(30378, 52, 23)
(30379, 52, 23)
(60759/2, 52, 23)
(30380, 52, 23)
(30381, 52, 23)
(60763/2, 52, 23)
(30382, 52, 23)
(30383, 52, 23)
(30384, 51, 22)
(30385, 51, 22)
(60771/2, 51, 22)
(30386, 51, 22)
(30387, 51, 22)
(60775/2, 51, 22)
(30388, 50, 22)
(30389, 50, 22)
(60779/2, 50, 22)
(30390, 50, 22)
(30391, 50, 22)
(60783/2, 50, 22)
(30392, 49, 21)
(30393, 49, 21)
(60787/2, 49, 21)
(30394, 49, 21)
(30395, 49, 21)
(60791/2, 49, 21)
(30396, 48, 21)
(30397, 48, 21)
(60795/2, 48, 21)
(30398, 48, 21)
(30399, 48, 21)
(60799/2, 48, 21)
(30400, 47, 20)
(30401, 47, 20)
(60803/2, 47, 20)
(30402, 47, 20)
(30403, 47, 20)
(60807/2, 47, 20)
(30404, 45, 19)
(30405, 45, 19)
(60811/2, 45, 19)
(30406, 45, 19)
(30407, 45, 19)
(60815/2, 45, 19)
(30408, 43, 18)
(30409, 43, 18)
(60819/2, 43, 18)
(30410, 43, 18)
(60821/2, 43, 18)
(30411, 43, 18)
(60823/2, 43, 18)
(30412, 42, 17)
(30413, 42, 17)
(60827/2, 42, 17)
(30414, 42, 17)
(30456, 64, 30)
(30460, 69, 33)
(30464, 71, 34)
(30468, 72, 35)
(30472, 71, 34)
(30476, 48, 21)
(30480, 47, 20)
(30484, 45, 19)
(30488, 43, 18)
(30489, 42, 17)
(30490, 43, 18)
(30491, 40, 16)
(30492, 36, 14)
(30493, 48, 21)
(30494, 48, 21)
(30495, 48, 21)
(30496, 48, 21)
(30497, 48, 21)
(30498, 48, 21)
(30499, 48, 21)
(30500, 49, 21)
(30501, 49, 21)
(30502, 49, 21)
(30503, 49, 21)
(30504, 49, 21)
(30505, 49, 21)
(30506, 49, 21)
(30507, 49, 21)
(30510, 51, 22)
(61021/2, 51, 22)
(30511, 51, 22)
(61023/2, 51, 22)
(30512, 51, 22)
(30518, 56, 25)
(61037/2, 56, 25)
(30519, 56, 25)
(61039/2, 56, 25)
(30520, 56, 25)
(30526, 58, 26)
(61053/2, 58, 26)
(30527, 58, 26)
(61055/2, 58, 26)
(30528, 58, 26)
(30532, 69, 33)
(61065/2, 57, 26)
(30533, 69, 33)
(61067/2, 69, 33)
(30534, 69, 33)
(61069/2, 69, 33)
(30535, 69, 33)
(61071/2, 69, 33)
(30536, 69, 33)
(61073/2, 57, 26)
(30537, 69, 33)
(61075/2, 69, 33)
(30538, 69, 33)
(61077/2, 69, 33)
(30539, 69, 33)
(61079/2, 69, 33)
(30540, 72, 35)
(61081/2, 57, 26)
(30541, 72, 35)
(61083/2, 72, 35)
(30542, 72, 35)
(61085/2, 72, 35)
(30543, 72, 35)
(61087/2, 72, 35)
(30544, 72, 35)
(61089/2, 57, 26)
(30545, 72, 35)
(61091/2, 72, 35)
(30546, 72, 35)
(61093/2, 72, 35)
(30547, 72, 35)
(61095/2, 72, 35)
(30548, 72, 35)
(61097/2, 72, 35)
(30549, 69, 33)
(61099/2, 69, 33)
(30550, 66, 31)
(61101/2, 66, 31)
(30551, 63, 29)
(61103/2, 63, 29)
(30552, 69, 33)
(61105/2, 69, 33)
(30553, 66, 31)
(61107/2, 66, 31)
(30554, 63, 29)
(61109/2, 63, 29)
(30555, 60, 28)
(61111/2, 60, 28)
(30556, 66, 31)
(61113/2, 66, 31)
(30557, 63, 29)
(61115/2, 63, 29)
(30558, 60, 28)
(61117/2, 59, 27)
(30559, 57, 26)
(61119/2, 55, 25)
(30560, 54, 24)
(61121/2, 52, 23)
(30561, 51, 22)
(61123/2, 48, 21)
(30562, 47, 20)
(61125/2, 45, 19)
(30563, 43, 18)
(61127/2, 42, 17)
(30564, 40, 16)
(30565, 42, 17)
(61131/2, 43, 18)
(30566, 42, 17)
(30567, 43, 18)
(61135/2, 45, 19)
(30568, 43, 18)
(30569, 45, 19)
(61139/2, 47, 20)
(30570, 45, 19)
(30571, 47, 20)
(61143/2, 48, 21)
(30572, 47, 20)
(30573, 48, 21)
(61147/2, 50, 22)
(30574, 48, 21)
(30575, 50, 22)
(61151/2, 52, 23)
(30576, 47, 20)
(30577, 59, 27)
(30578, 59, 27)
(30579, 59, 27)
(30580, 52, 23)
(30582, 48, 21)
(30584, 43, 18)
(30586, 45, 19)
(30588, 40, 16)
(30591, 45, 19)
(30592, 47, 20)
(30593, 52, 23)
(61187/2, 55, 25)
(30594, 59, 27)
(30595, 47, 20)
(30596, 48, 21)
(30597, 48, 21)
(61195/2, 48, 21)
(30598, 48, 21)
(30599, 48, 21)
(61199/2, 48, 21)
(30600, 47, 20)
(30601, 47, 20)
(61203/2, 47, 20)
(30602, 47, 20)
(30603, 47, 20)
(61207/2, 47, 20)
(30604, 45, 19)
(30605, 45, 19)
(61211/2, 45, 19)
(30606, 43, 18)
(30609, 48, 21)
(30610, 45, 19)
(30611, 47, 20)
(30612, 40, 16)
(30613, 52, 23)
(61227/2, 52, 23)
(30614, 52, 23)
(30615, 52, 23)
(61231/2, 52, 23)
(30616, 50, 22)
(30617, 50, 22)
(61235/2, 50, 22)
(30618, 50, 22)
(30619, 50, 22)
(61239/2, 50, 22)
(30620, 48, 21)
(30621, 48, 21)
(61243/2, 48, 21)
(30622, 43, 18)
(30625, 43, 18)
(30626, 45, 19)
(30627, 47, 20)
(30628, 40, 16)
(30629, 55, 25)
(61259/2, 59, 27)
(30630, 64, 30)
(61261/2, 62, 29)
(30631, 60, 28)
(61263/2, 59, 27)
(30632, 62, 29)
(61265/2, 60, 28)
(30633, 59, 27)
(61267/2, 57, 26)
(30634, 55, 25)
(61269/2, 54, 24)
(30635, 59, 27)
(61271/2, 59, 27)
(30636, 57, 26)
(61273/2, 55, 25)
(30637, 54, 24)
(61275/2, 52, 23)
(30638, 55, 25)
(61277/2, 52, 23)
(30639, 49, 21)
(61279/2, 46, 19)
(30640, 47, 20)
(61281/2, 45, 19)
(30641, 48, 21)
(61283/2, 47, 20)
(30642, 45, 19)
(61285/2, 43, 18)
(30643, 42, 17)
(61287/2, 40, 16)
(30644, 39, 15)
(30645, 40, 16)
(30646, 42, 17)
(30647, 43, 18)
(30648, 45, 19)
(30650, 47, 20)
(30652, 40, 16)
(61413/2, 37, 15)
(30707, 36, 14)
(61415/2, 37, 15)
(30708, 36, 14)
(61461/2, 40, 16)
(30731, 38, 15)
(61463/2, 40, 16)
(30732, 38, 15)
(61477/2, 39, 15)
(30739, 40, 16)
(61479/2, 39, 15)
(30740, 40, 16)
(61493/2, 44, 18)
(30747, 45, 19)
(61495/2, 44, 18)
(30748, 45, 19)
(61501/2, 45, 19)
(30751, 46, 20)
(61503/2, 45, 19)
(30752, 46, 20)
(61509/2, 47, 20)
(30755, 48, 21)
(61511/2, 47, 20)
(30756, 48, 21)
(61517/2, 49, 21)
(30759, 50, 22)
(61519/2, 49, 21)
(30760, 50, 22)
(30762, 38, 15)
(61541/2, 48, 21)
(30771, 46, 20)
(61543/2, 48, 21)
(30772, 46, 20)
(61549/2, 47, 20)
(30775, 48, 21)
(61551/2, 47, 20)
(30776, 48, 21)
(30780, 38, 15)
(30782, 39, 16)
(30786, 38, 15)
(30788, 39, 16)
(61581/2, 39, 15)
(30791, 40, 16)
(61583/2, 39, 15)
(30792, 40, 16)
(61589/2, 40, 16)
(30795, 41, 17)
(61591/2, 40, 16)
(30796, 41, 17)
(61597/2, 41, 17)
(30799, 42, 17)
(61599/2, 41, 17)
(30800, 42, 17)
(61605/2, 42, 17)
(30803, 43, 18)
(61607/2, 42, 17)
(30804, 43, 18)
(30812, 45, 19)
(30820, 45, 19)
(61645/2, 58, 27)
(30823, 57, 26)
(61647/2, 58, 27)
(30824, 57, 26)
(61651/2, 50, 22)
(30826, 55, 25)
(61655/2, 58, 27)
(30828, 54, 24)
(61669/2, 42, 17)
(30835, 43, 18)
(61671/2, 42, 17)
(30836, 43, 18)
(61673/2, 42, 17)
(30837, 43, 18)
(61675/2, 42, 17)
(30838, 43, 18)
(30840, 56, 25)
(30840, 59, 27)
(61693/2, 44, 18)
(30847, 45, 19)
(61695/2, 44, 18)
(30848, 45, 19)
(61699/2, 48, 21)
(30850, 47, 20)
(61703/2, 50, 22)
(30852, 48, 21)
(61707/2, 52, 23)
(30854, 37, 14)
(61711/2, 40, 16)
(30856, 38, 15)
(61715/2, 41, 17)
(30858, 40, 16)
(61719/2, 43, 18)
(30860, 41, 17)
(61723/2, 45, 19)
(30862, 40, 16)
(61727/2, 45, 19)
(30864, 50, 22)
(30865, 62, 29)
(61731/2, 64, 30)
(30866, 65, 31)
(30868, 50, 22)
(30869, 62, 29)
(61739/2, 64, 30)
(30870, 65, 31)
(30872, 47, 20)
(30875, 59, 27)
(30876, 47, 20)
(30879, 47, 20)
(30880, 40, 16)
(61761/2, 41, 17)
(30881, 40, 16)
(61763/2, 41, 17)
(30882, 40, 16)
(30884, 40, 16)
(61769/2, 41, 17)
(30885, 40, 16)
(61771/2, 41, 17)
(30886, 40, 16)
(30888, 52, 23)
(61777/2, 53, 24)
(30889, 52, 23)
(61779/2, 53, 24)
(30890, 52, 23)
(61781/2, 53, 24)
(30891, 52, 23)
(61783/2, 53, 24)
(30892, 52, 23)
(61787/2, 45, 19)
(30894, 44, 18)
(61791/2, 47, 20)
(30896, 45, 19)
(61795/2, 48, 21)
(30898, 49, 21)
(61799/2, 52, 23)
(30900, 50, 22)
(61803/2, 53, 24)
(30902, 42, 17)
(61807/2, 45, 19)
(30904, 43, 18)
(61811/2, 47, 20)
(30906, 47, 20)
(61815/2, 50, 22)
(30908, 48, 21)
(61819/2, 52, 23)
(30910, 52, 23)
(61823/2, 55, 25)
(30912, 53, 24)
(61827/2, 57, 26)
(30914, 53, 24)
(61831/2, 57, 26)
(30916, 53, 24)
(61835/2, 57, 26)
(30918, 53, 24)
(61839/2, 57, 26)
(30920, 52, 23)
(61841/2, 57, 26)
(30921, 60, 28)
(61843/2, 64, 30)
(30922, 62, 29)
(61845/2, 60, 28)
(30923, 59, 27)
(61847/2, 60, 28)
(30924, 57, 26)
(30942, 53, 24)
(61885/2, 52, 23)
(30943, 50, 22)
(61887/2, 48, 21)
(30944, 53, 24)
(61889/2, 52, 23)
(30945, 50, 22)
(61891/2, 48, 21)
(30946, 50, 22)
(61893/2, 48, 21)
(30947, 47, 20)
(61895/2, 45, 19)
(30948, 47, 20)
(61897/2, 45, 19)
(30949, 43, 18)
(61899/2, 41, 17)
(30950, 43, 18)
(61901/2, 41, 17)
(30951, 40, 16)
(61903/2, 38, 15)
(30952, 37, 14)
(30952, 46, 20)
(123809/4, 37, 14)
(123809/4, 46, 20)
(61905/2, 37, 14)
(61905/2, 46, 20)
(123811/4, 37, 14)
(123811/4, 46, 20)
(30953, 37, 14)
(30953, 46, 20)
(123813/4, 37, 14)
(123813/4, 46, 20)
(61907/2, 37, 14)
(61907/2, 46, 20)
(123815/4, 37, 14)
(123815/4, 46, 20)
(30954, 37, 14)
(30954, 46, 20)
(30956, 37, 14)
(30956, 46, 20)
(30958, 37, 14)
(30958, 46, 20)
(30960, 37, 14)
(30960, 46, 20)
(30962, 37, 14)
(30962, 46, 20)
(30964, 37, 14)
(30964, 46, 20)
(30966, 37, 14)
(30966, 46, 20)
(30968, 37, 14)
(30968, 46, 20)
(30970, 37, 14)
(30970, 46, 20)
(30972, 37, 14)
(30972, 46, 20)
(30974, 37, 14)
(30974, 46, 20)
(30976, 39, 15)
(30978, 39, 15)
(30980, 39, 15)
(30982, 39, 15)
(30984, 40, 16)
(30986, 40, 16)
(30988, 41, 17)
(30990, 41, 17)
(30992, 41, 17)
(30994, 42, 17)
(30996, 43, 18)
(30998, 43, 18)
(123993/4, 43, 18)
(61997/2, 43, 18)
(123995/4, 43, 18)
(30999, 44, 18)
(123997/4, 44, 18)
(61999/2, 44, 18)
(123999/4, 44, 18)
(31000, 45, 19)
(62003/2, 52, 23)
(31002, 47, 20)
(62007/2, 52, 23)
(31004, 48, 21)
(62011/2, 52, 23)
(31006, 44, 18)
(62015/2, 52, 23)
(31008, 45, 19)
(62019/2, 52, 23)
(31010, 49, 21)
(62023/2, 45, 19)
(31012, 50, 22)
(62027/2, 53, 24)
(31014, 48, 21)
(62031/2, 52, 23)
(31016, 47, 20)
(31018, 41, 17)
(31020, 40, 16)
(31022, 43, 18)
(31024, 42, 17)
(31026, 54, 24)
(31028, 53, 24)
(31030, 52, 23)
(31031, 40, 16)
(31032, 45, 19)
(62067/2, 52, 23)
(31034, 47, 20)
(62071/2, 52, 23)
(31036, 48, 21)
(31038, 64, 30)
(62079/2, 62, 29)
(31040, 62, 29)
(62081/2, 60, 28)
(31041, 59, 27)
(62083/2, 57, 26)
(31042, 69, 33)
(31043, 69, 33)
(31044, 69, 33)
(31047, 69, 33)
(31048, 69, 33)
(62097/2, 67, 32)
(31049, 65, 31)
(62099/2, 64, 30)
(31050, 72, 35)
(31051, 72, 35)
(31052, 72, 35)
(31057, 72, 35)
(31058, 70, 34)
(31059, 69, 33)
(31060, 67, 32)
(31061, 65, 31)
(31062, 64, 30)
(31063, 65, 31)
(31064, 64, 30)
(31066, 70, 34)
(31070, 67, 32)
(31072, 64, 30)
(31074, 69, 33)
(31078, 69, 33)
(31081, 72, 35)
(31082, 71, 34)
(31083, 69, 33)
(31085, 67, 32)
(31086, 64, 30)
(31087, 61, 28)
(31088, 64, 30)
(31090, 62, 29)
(31091, 57, 26)
(31092, 53, 24)
(31093, 50, 22)
(31094, 45, 19)
(31095, 41, 17)
(31096, 38, 15)
(31104, 36, 14)
(31108, 48, 21)
(31112, 47, 20)
(31120, 40, 16)
(31123, 52, 23)
(31124, 40, 16)
(31127, 52, 23)
(31128, 60, 28)
(31131, 52, 23)
(31132, 60, 28)
(31135, 52, 23)
(31136, 60, 28)
(31139, 59, 27)
(31140, 62, 29)
(31143, 60, 28)
(31144, 62, 29)
(31145, 61, 28)
(31146, 64, 30)
(31147, 64, 30)
(31148, 64, 30)
(31149, 62, 29)
(31150, 69, 33)
(31151, 65, 31)
(31152, 64, 30)
(31160, 63, 29)
(31164, 62, 29)
(31167, 59, 27)
(31168, 64, 30)
(31176, 63, 29)
(31180, 62, 29)
(31184, 45, 19)
(31192, 47, 20)
(31196, 48, 21)
(31200, 50, 22)
(31203, 50, 22)
(62407/2, 50, 22)
(31204, 52, 23)
(31207, 52, 23)
(62415/2, 52, 23)
(31208, 53, 24)
(31211, 53, 24)
(62423/2, 53, 24)
(31212, 54, 24)
(31214, 57, 26)
(31216, 62, 29)
(31218, 65, 31)
(62437/2, 64, 30)
(31219, 62, 29)
(62439/2, 60, 28)
(31220, 59, 27)
(62441/2, 57, 26)
(31221, 56, 25)
(62443/2, 53, 24)
(31222, 52, 23)
(62445/2, 50, 22)
(31223, 48, 21)
(62447/2, 47, 20)
(31224, 45, 19)
(31225, 47, 20)
(62451/2, 48, 21)
(31226, 37, 14)
(31227, 38, 15)
(62455/2, 40, 16)
(31228, 38, 15)
(31229, 40, 16)
(62459/2, 41, 17)
(31230, 40, 16)
(31231, 41, 17)
(62463/2, 43, 18)
(31232, 41, 17)
(31233, 40, 16)
(62467/2, 38, 15)
(31234, 45, 19)
(31235, 47, 20)
(62471/2, 48, 21)
(31236, 50, 22)
(31237, 47, 20)
(31238, 52, 23)
(31239, 40, 16)
(31240, 45, 19)
(31242, 41, 17)
(31244, 36, 14)
(31246, 38, 15)
(31248, 45, 19)
(31251, 50, 22)
(31252, 52, 23)
(31254, 40, 16)
(31256, 41, 17)
(31257, 41, 17)
(62515/2, 41, 17)
(31258, 41, 17)
(31259, 41, 17)
(62519/2, 41, 17)
(31260, 40, 16)
(31261, 40, 16)
(62523/2, 40, 16)
(31262, 40, 16)
(31263, 40, 16)
(62527/2, 40, 16)
(31264, 38, 15)
(31265, 38, 15)
(62531/2, 38, 15)
(31266, 36, 14)
(31269, 48, 21)
(31270, 50, 22)
(31271, 52, 23)
(31272, 45, 19)
(62545/2, 45, 19)
(31273, 45, 19)
(62547/2, 45, 19)
(31274, 45, 19)
(62549/2, 45, 19)
(31275, 45, 19)
(62551/2, 45, 19)
(31276, 43, 18)
(62553/2, 43, 18)
(31277, 43, 18)
(62555/2, 43, 18)
(31278, 43, 18)
(62557/2, 43, 18)
(31279, 43, 18)
(62559/2, 43, 18)
(31280, 41, 17)
(31282, 36, 14)
(31284, 41, 17)
(31286, 36, 14)
(31288, 41, 17)
(31289, 41, 17)
(62579/2, 41, 17)
(31290, 40, 16)
(31294, 52, 23)
(31296, 45, 19)
(62593/2, 48, 21)
(31297, 52, 23)
(62595/2, 57, 26)
(31298, 56, 25)
(62597/2, 57, 26)
(31299, 52, 23)
(62599/2, 57, 26)
(31300, 55, 25)
(62601/2, 53, 24)
(31301, 52, 23)
(62603/2, 50, 22)
(31302, 48, 21)
(62605/2, 47, 20)
(31303, 52, 23)
(62607/2, 52, 23)
(31304, 50, 22)
(62609/2, 48, 21)
(31305, 47, 20)
(62611/2, 45, 19)
(31306, 48, 21)
(62613/2, 45, 19)
(31307, 42, 17)
(62615/2, 39, 15)
(31308, 40, 16)
(31309, 53, 24)
(62619/2, 52, 23)
(31310, 50, 22)
(62621/2, 48, 21)
(31311, 47, 20)
(62623/2, 45, 19)
(31312, 44, 18)
(62627/2, 56, 25)
(31314, 56, 25)
(62631/2, 57, 26)
(31316, 57, 26)
(62635/2, 53, 24)
(31318, 53, 24)
(62639/2, 52, 23)
(31320, 52, 23)
(62645/2, 52, 23)
(31323, 57, 26)
(62647/2, 60, 28)
(31324, 64, 30)
(31326, 52, 23)
(31328, 45, 19)
(125313/4, 45, 19)
(62657/2, 45, 19)
(125315/4, 45, 19)
(31329, 45, 19)
(125317/4, 45, 19)
(62659/2, 45, 19)
(125319/4, 45, 19)
(31330, 45, 19)
(31332, 45, 19)
(31334, 45, 19)
(31336, 45, 19)
(31338, 45, 19)
(31340, 45, 19)
(31342, 45, 19)
(31344, 45, 19)
(31346, 45, 19)
(31348, 45, 19)
(31350, 45, 19)
(31352, 45, 19)
(31354, 45, 19)
(31356, 45, 19)
(31358, 45, 19)
(31360, 45, 19)
(62721/2, 45, 19)
(31361, 45, 19)
(62723/2, 45, 19)
(31362, 45, 19)
(62725/2, 45, 19)
(31363, 45, 19)
(62727/2, 45, 19)
(31364, 45, 19)
(31366, 45, 19)
(31368, 42, 17)
(31370, 42, 17)
(31372, 43, 18)
(31374, 43, 18)
(31376, 36, 14)
(31377, 36, 14)
(31378, 36, 14)
(31379, 36, 14)
(31380, 41, 17)
(31381, 41, 17)
(31382, 41, 17)
(31383, 41, 17)
(31384, 41, 17)
(31385, 41, 17)
(31386, 41, 17)
(31387, 41, 17)
(31388, 41, 17)
(31390, 41, 17)
(31392, 40, 16)
(31396, 41, 17)
(31400, 44, 18)
(31404, 45, 19)
(31408, 40, 16)
(31412, 41, 17)
(31416, 44, 18)
(31420, 45, 19)
(31424, 45, 19)
(31440, 38, 15)
(62969/2, 45, 19)
(31485, 38, 15)
(31487, 40, 16)
(31488, 45, 19)
(31490, 42, 17)
(31491, 40, 16)
(62985/2, 39, 15)
(31493, 40, 16)
(62987/2, 40, 16)
(31494, 40, 16)
(31495, 45, 19)
(62993/2, 69, 33)
(31499, 68, 32)
(31500, 69, 33)
(31509, 69, 33)
(31512, 68, 32)
(31514, 57, 26)
(126059/4, 56, 25)
(31515, 59, 27)
(31516, 64, 30)
(31520, 64, 30)
(31523, 64, 30)
(31526, 57, 26)
(31527, 50, 22)
(31529, 61, 28)
(126119/4, 59, 27)
(31530, 62, 29)
(31531, 59, 27)
(31532, 50, 22)
(31533, 52, 23)
(63067/2, 52, 23)
(31534, 53, 23)
(31535, 54, 24)
(31537, 62, 29)
(31538, 61, 28)
(31539, 59, 27)
(31541, 52, 23)
(31542, 57, 26)
(31544, 38, 15)
(31544, 45, 19)
(31545, 37, 14)
(31547, 38, 15)
(31547, 45, 19)
(31551, 45, 19)
(31554, 45, 19)
(31554, 52, 23)
(31556, 45, 19)
