(4, 70, 34)
(5, 72, 35)
(13/2, 70, 34)
(7, 69, 33)
(15/2, 70, 34)
(8, 69, 33)
(9, 67, 32)
(11, 67, 32)
(12, 76, 37)
(15, 74, 36)
(16, 74, 36)
(17, 73, 35)
(19, 76, 37)
(20, 74, 36)
(21, 73, 35)
(45/2, 73, 35)
(23, 81, 40)
(47/2, 82, 41)
(24, 83, 41)
(24, 88, 44)
(26, 79, 39)
(26, 82, 41)
(28, 83, 41)
(57/2, 73, 35)
(29, 55, 25)
(29, 64, 30)
(88/3, 64, 30)
(89/3, 73, 35)
(30, 83, 41)
(31, 81, 40)
(32, 79, 39)
(65/2, 77, 38)
(33, 81, 40)
(67/2, 83, 41)
(34, 83, 41)
(69/2, 81, 40)
(35, 81, 40)
(71/2, 79, 39)
(36, 79, 39)
(73/2, 77, 38)
(37, 77, 38)
(75/2, 79, 39)
(38, 79, 39)
(77/2, 77, 38)
(39, 77, 38)
(79/2, 76, 37)
(40, 76, 37)
(81/2, 74, 36)
(41, 74, 36)
(83/2, 70, 34)
(42, 70, 34)
(85/2, 69, 33)
(43, 69, 33)
(87/2, 67, 32)
(44, 67, 32)
(89/2, 65, 31)
(45, 65, 31)
(91/2, 64, 30)
(46, 64, 30)
(93/2, 62, 29)
(47, 61, 28)
(95/2, 62, 29)
(48, 69, 33)
(48, 72, 35)
(50, 67, 32)
(54, 65, 31)
(55, 64, 30)
(56, 62, 29)
(57, 60, 28)
(58, 55, 25)
(60, 60, 28)
(182/3, 64, 30)
(184/3, 67, 32)
(62, 72, 35)
(188/3, 76, 37)
(190/3, 79, 39)
(64, 83, 41)
(67, 70, 34)
(69, 70, 34)
(70, 72, 35)
(71, 74, 36)
(72, 74, 36)
(74, 64, 30)
(76, 82, 41)
(79, 81, 40)
(80, 72, 35)
(81, 81, 40)
(163/2, 83, 41)
(82, 81, 40)
(83, 81, 40)
(167/2, 83, 41)
(84, 83, 41)
(169/2, 81, 40)
(85, 81, 40)
(171/2, 79, 39)
(86, 79, 39)
(173/2, 76, 37)
(87, 73, 35)
(88, 69, 33)
(177/2, 71, 34)
(89, 71, 34)
(179/2, 69, 33)
(90, 69, 33)
(181/2, 67, 32)
(92, 67, 32)
(185/2, 69, 33)
(93, 62, 29)
(189/2, 57, 26)
(96, 72, 35)
(97, 77, 38)
(195/2, 77, 38)
(98, 76, 37)
(197/2, 77, 38)
(100, 77, 38)
(201/2, 76, 37)
(101, 77, 38)
(203/2, 77, 38)
(104, 77, 38)
(209/2, 76, 38)
(105, 76, 37)
(215/2, 76, 38)
(108, 77, 38)
(221/2, 77, 38)
(111, 76, 37)
(223/2, 77, 38)
(112, 69, 33)
(225/2, 65, 31)
(227/2, 67, 32)
(116, 69, 33)
(235/2, 72, 35)
(118, 74, 36)
(120, 74, 36)
(241/2, 72, 35)
(121, 71, 34)
(243/2, 69, 33)
(122, 81, 40)
(123, 81, 40)
(124, 81, 40)
(253/2, 79, 39)
(127, 81, 40)
(255/2, 79, 39)
(128, 81, 40)
(259/2, 69, 33)
(130, 81, 40)
(132, 81, 40)
(267/2, 72, 35)
(134, 72, 35)
(271/2, 81, 40)
(136, 81, 40)
(275/2, 78, 38)
(138, 72, 35)
(138, 74, 36)
(138, 76, 37)
(140, 83, 41)
(141, 74, 36)
(285/2, 77, 38)
(143, 76, 37)
(144, 76, 37)
(291/2, 69, 33)
(146, 65, 31)
(148, 72, 35)
(297/2, 74, 36)
(152, 74, 36)
(305/2, 72, 35)
(153, 69, 33)
(307/2, 81, 40)
(309/2, 81, 40)
(156, 81, 40)
(160, 62, 29)
(160, 81, 40)
(164, 79, 39)
(168, 77, 38)
(172, 89, 45)
(174, 88, 44)
(349/2, 89, 45)
(175, 88, 44)
(351/2, 89, 45)
(176, 88, 44)
(355/2, 81, 40)
(178, 79, 39)
(359/2, 83, 41)
(180, 81, 40)
(363/2, 84, 42)
(182, 88, 44)
(367/2, 86, 43)
(184, 86, 43)
(369/2, 84, 42)
(185, 83, 41)
(371/2, 81, 40)
(186, 81, 40)
(188, 88, 44)
(381/2, 89, 45)
(191, 88, 44)
(383/2, 89, 45)
(192, 88, 44)
(387/2, 81, 40)
(194, 80, 39)
(391/2, 83, 41)
(196, 81, 40)
(393/2, 84, 42)
(197, 81, 40)
(395/2, 84, 42)
(198, 88, 44)
(399/2, 86, 43)
(200, 86, 43)
(401/2, 84, 42)
(201, 83, 41)
(403/2, 80, 39)
(204, 81, 40)
(409/2, 80, 39)
(205, 81, 40)
(411/2, 83, 41)
(206, 81, 40)
(208, 77, 38)
(417/2, 76, 37)
(209, 74, 36)
(419/2, 74, 36)
(212, 71, 34)
(425/2, 69, 33)
(213, 69, 33)
(427/2, 65, 31)
(214, 65, 31)
(429/2, 64, 30)
(215, 64, 30)
(431/2, 62, 29)
(216, 62, 29)
(433/2, 60, 28)
(217, 60, 28)
(435/2, 59, 27)
(218, 59, 27)
(437/2, 57, 26)
(219, 56, 25)
(439/2, 57, 26)
(220, 60, 28)
(228, 62, 29)
(232, 57, 26)
(232, 64, 30)
(236, 79, 39)
(473/2, 77, 38)
(237, 77, 38)
(475/2, 74, 36)
(238, 70, 34)
(240, 70, 34)
(481/2, 69, 33)
(241, 69, 33)
(483/2, 67, 32)
(242, 67, 32)
(485/2, 65, 31)
(243, 64, 30)
(244, 62, 29)
(489/2, 62, 29)
(245, 59, 27)
(491/2, 59, 27)
(246, 57, 26)
(493/2, 57, 26)
(247, 57, 26)
(248, 60, 28)
(252, 62, 29)
(256, 64, 30)
(260, 66, 31)
(264, 67, 32)
(266, 68, 32)
(268, 69, 33)
(270, 73, 35)
(272, 76, 37)
(273, 84, 42)
(276, 83, 41)
(278, 88, 44)
(559/2, 88, 44)
(280, 88, 44)
(282, 84, 42)
(567/2, 83, 41)
(284, 81, 40)
(286, 79, 39)
(288, 79, 39)
(579/2, 77, 38)
(290, 77, 38)
(296, 88, 44)
(298, 81, 40)
(298, 84, 42)
(599/2, 83, 41)
(300, 79, 39)
(300, 81, 40)
(301, 88, 44)
(303, 88, 44)
(304, 83, 41)
(305, 72, 35)
(320, 83, 41)
(641/2, 83, 41)
(321, 84, 42)
(324, 83, 41)
(328, 71, 34)
(328, 83, 41)
(332, 83, 41)
(665/2, 81, 40)
(333, 79, 39)
(667/2, 79, 39)
(669/2, 77, 38)
(669/2, 79, 39)
(336, 74, 36)
(337, 83, 41)
(339, 84, 42)
(679/2, 83, 41)
(340, 81, 40)
(341, 81, 40)
(683/2, 79, 39)
(342, 77, 38)
(343, 81, 40)
(687/2, 79, 39)
(344, 76, 37)
(344, 77, 38)
(345, 77, 38)
(691/2, 74, 36)
(348, 71, 34)
(697/2, 69, 33)
(349, 67, 32)
(350, 67, 32)
(352, 64, 30)
(707/2, 66, 31)
(354, 67, 32)
(711/2, 67, 32)
(356, 71, 34)
(357, 71, 34)
(715/2, 76, 37)
(717/2, 77, 38)
(717/2, 79, 39)
(360, 79, 39)
(1445/4, 69, 33)
(1449/4, 69, 33)
(1451/4, 79, 39)
(364, 77, 38)
(365, 69, 33)
(731/2, 71, 34)
(366, 72, 35)
(367, 71, 34)
(735/2, 69, 33)
(368, 67, 32)
(739/2, 64, 30)
(370, 67, 32)
(371, 67, 32)
(743/2, 69, 33)
(372, 71, 34)
(373, 71, 34)
(747/2, 74, 36)
(374, 76, 37)
(375, 76, 37)
(751/2, 78, 38)
(376, 79, 39)
(377, 74, 36)
(1513/4, 79, 39)
(380, 69, 33)
(761/2, 70, 34)
(381, 70, 34)
(384, 77, 38)
(385, 74, 36)
(1543/4, 77, 38)
(388, 74, 36)
(779/2, 70, 34)
(390, 69, 33)
(392, 72, 35)
(392, 74, 36)
(393, 72, 35)
(787/2, 67, 32)
(394, 74, 36)
(396, 70, 34)
(793/2, 67, 32)
(397, 64, 30)
(400, 72, 35)
(400, 74, 36)
(400, 76, 37)
(801/2, 72, 35)
(401, 77, 38)
(404, 79, 39)
(405, 70, 34)
(811/2, 64, 30)
(406, 55, 25)
(407, 70, 34)
(408, 85, 42)
(409, 76, 37)
(410, 85, 42)
(413, 79, 39)
(414, 78, 38)
(420, 75, 36)
(424, 76, 37)
(428, 75, 36)
(430, 78, 38)
(434, 81, 40)
(436, 84, 42)
(438, 75, 36)
(440, 74, 36)
(445, 74, 36)
(446, 70, 34)
(448, 69, 33)
(452, 67, 32)
(905/2, 69, 33)
(453, 70, 34)
(907/2, 72, 35)
(454, 74, 36)
(909/2, 76, 37)
(455, 78, 38)
(911/2, 79, 39)
(456, 79, 39)
(913/2, 82, 41)
(457, 81, 40)
(915/2, 76, 37)
(915/2, 77, 38)
(915/2, 79, 39)
(458, 69, 33)
(460, 81, 40)
(929/2, 82, 41)
(465, 77, 38)
(467, 72, 35)
(467, 74, 36)
(467, 76, 37)
(937/2, 82, 41)
(469, 81, 40)
(939/2, 77, 38)
(472, 64, 31)
(945/2, 67, 32)
(473, 69, 33)
(947/2, 86, 43)
(474, 84, 42)
(949/2, 81, 40)
(475, 76, 37)
(475, 77, 38)
(475, 79, 39)
(476, 74, 36)
(476, 76, 37)
(953/2, 77, 38)
(477, 76, 37)
(961/2, 88, 44)
(965/2, 84, 42)
(483, 82, 41)
(967/2, 86, 43)
(484, 76, 37)
(969/2, 72, 35)
(969/2, 74, 36)
(969/2, 76, 37)
(485, 77, 38)
(971/2, 76, 37)
(488, 88, 44)
(1955/4, 82, 41)
(1957/4, 84, 42)
(1959/4, 84, 42)
(1961/4, 77, 38)
(1961/4, 79, 39)
(492, 79, 39)
(985/2, 81, 40)
(493, 81, 40)
(987/2, 72, 35)
(987/2, 74, 36)
(987/2, 76, 37)
(494, 74, 36)
(989/2, 76, 37)
(500, 76, 37)
(1001/2, 74, 36)
(501, 67, 32)
(501, 69, 33)
(1003/2, 67, 32)
(502, 67, 32)
(1005/2, 64, 30)
(503, 65, 31)
(1510/3, 67, 32)
(1511/3, 64, 30)
(504, 60, 28)
(504, 62, 29)
(1009/2, 70, 34)
(505, 81, 40)
(1011/2, 81, 40)
(506, 81, 40)
(2035/4, 76, 37)
(2037/4, 72, 35)
(2037/4, 76, 37)
(2039/4, 74, 36)
(1021/2, 74, 36)
(511, 70, 34)
(1023/2, 69, 33)
(512, 65, 31)
(512, 67, 32)
(512, 69, 33)
(1025/2, 86, 43)
(513, 86, 43)
(516, 86, 43)
(1033/2, 82, 41)
(2069/4, 79, 39)
(2071/4, 77, 38)
(2073/4, 74, 36)
(520, 73, 35)
(1041/2, 88, 44)
(521, 88, 44)
(2099/4, 74, 36)
(2099/4, 77, 38)
(2099/4, 77, 38)
(2101/4, 79, 39)
(526, 77, 38)
(528, 72, 35)
(528, 74, 36)
(1057/2, 78, 38)
(529, 81, 40)
(1059/2, 81, 40)
(532, 81, 40)
(534, 90, 45)
(536, 87, 43)
(538, 84, 42)
(540, 81, 40)
(542, 77, 38)
(544, 74, 36)
(548, 74, 36)
(552, 62, 29)
(553, 64, 30)
(2215/4, 64, 30)
(1109/2, 67, 32)
(555, 69, 33)
(1111/2, 70, 34)
(556, 76, 37)
(556, 76, 37)
(556, 77, 38)
(556, 79, 39)
(1113/2, 79, 39)
(557, 81, 40)
(1115/2, 86, 43)
(560, 88, 44)
(1123/2, 86, 43)
(1125/2, 86, 43)
(1127/2, 81, 40)
(564, 82, 41)
(565, 81, 40)
(2263/4, 77, 38)
(2265/4, 79, 39)
(568, 79, 39)
(1137/2, 78, 38)
(569, 79, 39)
(1139/2, 78, 38)
(570, 76, 37)
(572, 82, 41)
(1147/2, 81, 40)
(574, 79, 39)
(1149/2, 77, 38)
(1151/2, 79, 39)
(576, 76, 37)
(576, 79, 39)
(1153/2, 79, 39)
(577, 81, 40)
(578, 79, 39)
(580, 82, 41)
(1163/2, 81, 40)
(582, 84, 42)
(1167/2, 82, 41)
(584, 88, 44)
(585, 86, 43)
(1171/2, 84, 42)
(586, 82, 41)
(587, 81, 40)
(588, 79, 39)
(590, 78, 38)
(592, 76, 37)
(593, 64, 30)
(1187/2, 66, 31)
(594, 67, 32)
(595, 67, 32)
(1191/2, 69, 33)
(596, 70, 34)
(597, 70, 34)
(1195/2, 73, 35)
(2391/4, 75, 36)
(598, 76, 37)
(599, 76, 37)
(1199/2, 78, 38)
(600, 79, 39)
(601, 79, 39)
(1203/2, 81, 40)
(602, 82, 41)
(605, 81, 40)
(1211/2, 79, 39)
(606, 78, 38)
(607, 79, 39)
(1215/2, 78, 38)
(608, 76, 37)
(609, 64, 30)
(1219/2, 66, 31)
(610, 67, 32)
(611, 67, 32)
(1223/2, 69, 33)
(612, 70, 34)
(613, 70, 34)
(1227/2, 73, 35)
(2455/4, 75, 36)
(614, 76, 37)
(615, 76, 37)
(1231/2, 78, 38)
(616, 79, 39)
(617, 79, 39)
(1235/2, 81, 40)
(620, 82, 41)
(621, 81, 40)
(1243/2, 79, 39)
(622, 78, 38)
(1245/2, 81, 40)
(623, 79, 39)
(1247/2, 78, 38)
(624, 76, 37)
(1249/2, 76, 37)
(625, 79, 39)
(1251/2, 82, 41)
(626, 88, 44)
(1253/2, 86, 43)
(627, 84, 42)
(1255/2, 82, 41)
(628, 86, 43)
(1257/2, 84, 42)
(629, 82, 41)
(1259/2, 81, 40)
(630, 79, 39)
(1261/2, 78, 38)
(631, 82, 41)
(1263/2, 82, 41)
(632, 81, 40)
(1265/2, 79, 39)
(633, 78, 38)
(1267/2, 76, 37)
(634, 79, 39)
(1269/2, 76, 37)
(635, 73, 35)
(1271/2, 70, 33)
(636, 70, 34)
(1273/2, 69, 33)
(637, 72, 35)
(1275/2, 70, 34)
(638, 69, 33)
(1277/2, 67, 32)
(639, 66, 31)
(1279/2, 64, 30)
(640, 63, 29)
(641, 64, 30)
(642, 66, 31)
(643, 67, 32)
(644, 69, 33)
(644, 84, 42)
(645, 72, 35)
(646, 69, 33)
(646, 82, 41)
(647, 72, 35)
(648, 58, 27)
(648, 67, 32)
(648, 70, 34)
(648, 76, 37)
(649, 72, 35)
(676, 81, 40)
(680, 81, 40)
(682, 82, 41)
(686, 81, 40)
(688, 80, 39)
(690, 76, 37)
(691, 77, 38)
(692, 79, 39)
(694, 81, 40)
(695, 79, 39)
(696, 79, 39)
(697, 78, 38)
(698, 74, 36)
(699, 76, 37)
(700, 77, 38)
(702, 79, 39)
(703, 77, 38)
(704, 77, 38)
(705, 76, 37)
(706, 74, 36)
(707, 76, 37)
(708, 77, 38)
(713, 79, 39)
(714, 77, 38)
(715, 77, 38)
(716, 82, 41)
(722, 84, 42)
(724, 84, 42)
(726, 82, 41)
(728, 82, 41)
(729, 81, 40)
(730, 77, 38)
(731, 79, 39)
(732, 81, 40)
(734, 82, 41)
(735, 81, 40)
(736, 81, 40)
(737, 79, 39)
(738, 74, 36)
(739, 76, 37)
(740, 77, 38)
(742, 79, 39)
(743, 77, 38)
(744, 77, 38)
(745, 76, 37)
(746, 81, 40)
(747, 79, 39)
(748, 79, 39)
(749, 77, 38)
(750, 82, 41)
(751, 81, 40)
(752, 77, 38)
(753, 76, 37)
(754, 81, 40)
(755, 79, 39)
(756, 79, 39)
(757, 77, 38)
(758, 77, 38)
(759, 76, 37)
(760, 73, 35)
(761, 74, 36)
(762, 74, 36)
(763, 76, 37)
(764, 76, 37)
(765, 77, 38)
(767, 77, 38)
(768, 77, 38)
(769, 82, 41)
(770, 72, 35)
(771, 74, 36)
(772, 74, 36)
(773, 75, 37)
(1549/2, 70, 34)
(1549/2, 86, 43)
(1549/2, 84, 42)
(776, 84, 42)
(777, 82, 41)
(778, 82, 41)
(779, 81, 40)
(780, 81, 40)
(781, 79, 39)
(782, 79, 39)
(783, 78, 38)
(784, 78, 38)
(785, 79, 39)
(786, 79, 39)
(787, 73, 36)
(788, 74, 36)
(789, 72, 35)
(1581/2, 72, 35)
(791, 82, 41)
(792, 82, 41)
(793, 81, 40)
(794, 81, 40)
(795, 75, 37)
(796, 74, 36)
(797, 74, 36)
(798, 84, 42)
(800, 84, 42)
(801, 82, 41)
(802, 82, 41)
(803, 81, 40)
(804, 81, 40)
(805, 79, 39)
(1613/2, 82, 41)
(807, 81, 40)
(808, 81, 40)
(1619/2, 76, 37)
(812, 74, 36)
(1627/2, 78, 38)
(814, 81, 40)
(1631/2, 79, 39)
(816, 79, 39)
(817, 78, 38)
(818, 76, 37)
(819, 74, 36)
(820, 86, 43)
(821, 86, 43)
(824, 86, 43)
(828, 84, 42)
(830, 84, 42)
(832, 84, 42)
(833, 82, 41)
(834, 81, 40)
(835, 79, 39)
(836, 88, 44)
(837, 88, 44)
(840, 88, 44)
(844, 86, 43)
(845, 84, 42)
(847, 82, 41)
(849, 81, 40)
(851, 79, 39)
(853, 78, 38)
(855, 76, 37)
(856, 74, 36)
(1715/2, 82, 41)
(858, 81, 40)
(1717/2, 82, 41)
(860, 81, 40)
(864, 81, 40)
(1733/2, 82, 41)
(867, 81, 40)
(1735/2, 82, 41)
(868, 81, 40)
(1743/2, 82, 41)
(872, 81, 40)
(1749/2, 89, 45)
(1751/2, 89, 45)
(876, 88, 44)
(1755/2, 81, 40)
(878, 80, 39)
(880, 81, 40)
(1763/2, 84, 42)
(882, 88, 44)
(1767/2, 86, 43)
(884, 84, 42)
(887, 81, 40)
(888, 81, 40)
(1779/2, 84, 42)
(890, 86, 43)
(1783/2, 82, 41)
(892, 84, 42)
(1787/2, 81, 40)
(894, 79, 39)
(3579/4, 76, 37)
(896, 78, 38)
(1795/2, 74, 36)
(898, 84, 42)
(900, 82, 41)
(1803/2, 79, 39)
(902, 78, 38)
(1807/2, 74, 36)
(904, 72, 35)
(1809/2, 81, 40)
(906, 79, 39)
(908, 81, 40)
(1819/2, 78, 38)
(910, 81, 40)
(1823/2, 78, 38)
(912, 78, 38)
(916, 64, 30)
(1833/2, 69, 33)
(917, 72, 35)
(1835/2, 76, 37)
(918, 74, 36)
(1837/2, 70, 34)
(919, 72, 35)
(920, 69, 33)
(1841/2, 72, 35)
(921, 76, 37)
(1843/2, 81, 40)
(922, 78, 38)
(1845/2, 76, 37)
(924, 72, 35)
(1849/2, 84, 42)
(925, 82, 41)
(1851/2, 81, 40)
(926, 80, 39)
(1853/2, 81, 40)
(928, 76, 37)
(1857/2, 88, 44)
(929, 88, 44)
(1859/2, 86, 43)
(930, 84, 42)
(932, 88, 44)
(1865/2, 84, 42)
(933, 82, 41)
(1867/2, 81, 40)
(3737/4, 79, 39)
(936, 81, 40)
(2809/3, 79, 39)
(2810/3, 78, 38)
(937, 78, 38)
(1875/2, 76, 37)
(940, 78, 38)
(1881/2, 74, 36)
(941, 72, 35)
(1883/2, 74, 36)
(942, 72, 35)
(1885/2, 69, 33)
(944, 70, 34)
(1889/2, 69, 33)
(945, 67, 32)
(1891/2, 67, 32)
(946, 64, 30)
(1893/2, 62, 29)
(948, 61, 28)
(952, 70, 34)
(952, 70, 34)
(1905/2, 72, 35)
(954, 70, 34)
(2863/3, 69, 33)
(2864/3, 70, 34)
(956, 67, 32)
(957, 72, 35)
(958, 67, 32)
(960, 76, 37)
(963, 74, 36)
(964, 74, 36)
(1929/2, 73, 35)
(965, 76, 37)
(1931/2, 79, 39)
(966, 83, 41)
(968, 76, 37)
(1937/2, 73, 35)
(969, 71, 34)
(1939/2, 67, 32)
(970, 64, 30)
(1941/2, 61, 28)
(972, 57, 26)
(974, 72, 35)
(1953/2, 72, 35)
(977, 71, 34)
(1955/2, 72, 35)
(978, 71, 34)
(979, 69, 33)
(981, 72, 35)
(983, 70, 34)
(985, 68, 32)
(987, 69, 33)
(989, 69, 33)
(990, 81, 40)
(991, 72, 35)
(993, 71, 34)
(1989/2, 78, 38)
(995, 76, 37)
(1991/2, 78, 38)
(996, 76, 37)
(1993/2, 69, 33)
(997, 66, 31)
(998, 67, 32)
(1999/2, 71, 34)
(1000, 69, 33)
(2003/2, 72, 35)
(1002, 76, 37)
(2007/2, 74, 36)
(1004, 74, 36)
(2009/2, 72, 35)
(1005, 71, 34)
(2011/2, 69, 33)
(1006, 81, 40)
(1007, 81, 40)
(1008, 81, 40)
(1011, 81, 40)
(2023/2, 80, 39)
(1012, 81, 40)
(2027/2, 69, 33)
(1014, 71, 34)
(2031/2, 81, 40)
(1016, 81, 40)
(2035/2, 72, 35)
(1018, 73, 35)
(2039/2, 81, 40)
(1020, 81, 40)
(2043/2, 78, 38)
(1022, 76, 37)
(2047/2, 75, 36)
(1025, 74, 36)
(2053/2, 77, 38)
(1027, 76, 37)
(2055/2, 77, 38)
(1028, 76, 37)
(4115/4, 69, 33)
(4117/4, 68, 32)
(4123/4, 71, 34)
(1032, 69, 33)
(2067/2, 72, 35)
(1034, 76, 37)
(2071/2, 74, 36)
(1036, 74, 36)
(2073/2, 72, 35)
(1037, 71, 34)
(2075/2, 69, 33)
(1038, 81, 40)
(1039, 81, 40)
(1040, 81, 40)
(1043, 81, 40)
(1044, 81, 40)
(2089/2, 79, 39)
(1045, 78, 38)
(2091/2, 76, 37)
(1046, 84, 42)
(1047, 84, 42)
(1048, 84, 42)
(1052, 71, 34)
(1056, 82, 41)
(1061, 81, 40)
(1062, 79, 39)
(1063, 78, 38)
(1064, 76, 37)
(1066, 88, 44)
(3208/3, 84, 42)
(1070, 81, 40)
(1071, 79, 39)
(1073, 78, 38)
(1074, 76, 37)
(1075, 74, 36)
(1077, 72, 35)
(1078, 68, 32)
(1079, 69, 33)
(1080, 69, 33)
(1088, 71, 34)
(1092, 69, 33)
(1096, 68, 32)
(1100, 69, 33)
(1108, 71, 34)
(1116, 69, 33)
(1119, 68, 32)
(1120, 69, 33)
(1123, 68, 32)
(1124, 71, 34)
(1127, 69, 33)
(1128, 71, 34)
(1133, 74, 36)
(2267/2, 74, 36)
(1134, 74, 36)
(1137, 69, 33)
(2275/2, 71, 34)
(1138, 72, 35)
(1141, 69, 33)
(2283/2, 71, 34)
(1142, 73, 35)
(1145, 69, 33)
(2291/2, 71, 34)
(4583/4, 73, 35)
(1146, 74, 36)
(1148, 72, 35)
(1149, 69, 33)
(2299/2, 71, 34)
(1150, 72, 35)
(1151, 72, 35)
(2303/2, 74, 36)
(1152, 78, 38)
(4609/4, 81, 40)
(4613/4, 81, 40)
(4615/4, 83, 41)
(1156, 84, 42)
(2315/2, 81, 40)
(1158, 76, 37)
(1158, 78, 38)
(1158, 79, 39)
(2317/2, 72, 35)
(2317/2, 74, 36)
(2317/2, 76, 37)
(2319/2, 74, 36)
(1160, 83, 41)
(2323/2, 71, 34)
(1162, 77, 38)
(1163, 76, 37)
(2327/2, 74, 36)
(1164, 72, 35)
(1165, 72, 35)
(1166, 66, 31)
(1168, 76, 37)
(1168, 78, 38)
(4673/4, 81, 40)
(4677/4, 81, 40)
(4679/4, 83, 41)
(1172, 84, 42)
(1173, 81, 40)
(1175, 76, 37)
(2351/2, 74, 36)
(1176, 83, 41)
(1177, 75, 36)
(2355/2, 76, 37)
(1178, 78, 38)
(1180, 83, 41)
(2363/2, 79, 39)
(1182, 71, 34)
(1182, 74, 36)
(1183, 83, 41)
(1184, 81, 40)
(1185, 74, 36)
(2371/2, 76, 37)
(2371/2, 78, 38)
(1188, 80, 40)
(1189, 77, 38)
(2379/2, 74, 36)
(1190, 71, 34)
(1191, 80, 40)
(1192, 79, 39)
(1193, 76, 37)
(1194, 74, 36)
(1196, 78, 38)
(1197, 74, 36)
(2395/2, 72, 35)
(1198, 71, 34)
(1200, 74, 36)
(2401/2, 71, 34)
(2403/2, 69, 33)
(1204, 74, 36)
(1205, 74, 36)
(2411/2, 71, 34)
(1209, 57, 26)
(1212, 55, 25)
(1213, 57, 26)
(2427/2, 59, 27)
(1214, 60, 28)
(2429/2, 62, 29)
(1215, 64, 30)
(2431/2, 66, 31)
(1216, 67, 32)
(2433/2, 69, 33)
(2437/2, 71, 34)
(1219, 72, 35)
(2439/2, 74, 36)
(1220, 81, 40)
(2441/2, 79, 39)
(2443/2, 79, 39)
(1222, 78, 38)
(1224, 78, 38)
(4897/4, 74, 36)
(4899/4, 71, 34)
(4899/4, 74, 36)
(1228, 74, 36)
(2457/2, 72, 35)
(1229, 72, 35)
(1230, 71, 34)
(2461/2, 69, 33)
(1232, 78, 38)
(1234, 76, 37)
(1240, 81, 40)
(1242, 84, 42)
(1246, 90, 45)
(1248, 90, 45)
(1250, 88, 44)
(1253, 79, 39)
(1254, 72, 35)
(1255, 74, 36)
(1256, 78, 38)
(5025/4, 81, 40)
(5029/4, 81, 40)
(5031/4, 83, 41)
(1260, 84, 42)
(1261, 84, 42)
(2523/2, 86, 43)
(1262, 88, 44)
(1265, 86, 43)
(2531/2, 84, 42)
(1266, 83, 41)
(1268, 81, 40)
(1269, 57, 26)
(2539/2, 59, 27)
(1270, 60, 28)
(1271, 60, 28)
(2543/2, 62, 29)
(2545/2, 64, 30)
(1273, 64, 30)
(1274, 66, 31)
(5097/4, 68, 32)
(1275, 69, 33)
(2551/2, 71, 34)
(1276, 72, 35)
(1277, 74, 36)
(2555/2, 76, 37)
(2561/2, 72, 35)
(1281, 74, 36)
(2563/2, 76, 37)
(1284, 69, 33)
(1284, 84, 42)
(1285, 84, 42)
(1288, 91, 46)
(2577/2, 41, 17)
(2577/2, 48, 21)
(2577/2, 52, 23)
(2577/2, 55, 25)
(2577/2, 90, 45)
(1289, 86, 43)
(2579/2, 90, 45)
(1290, 88, 44)
(2581/2, 86, 43)
(1292, 84, 42)
(1293, 76, 37)
(1312, 72, 35)
(1314, 67, 32)
(1320, 81, 40)
(1322, 82, 41)
(1326, 81, 40)
(1328, 79, 39)
(1331, 78, 38)
(1332, 79, 39)
(1334, 81, 40)
(1335, 79, 39)
(1336, 78, 38)
(1338, 81, 40)
(1340, 62, 29)
(1340, 62, 29)
(1340, 86, 43)
(1342, 88, 44)
(1344, 89, 45)
(1348, 91, 46)
(1350, 90, 45)
(1352, 88, 44)
(1360, 86, 43)
(1368, 84, 42)
(1376, 81, 40)
(1384, 76, 37)
(1388, 76, 37)
(1391, 76, 37)
(1392, 88, 44)
(1397, 84, 42)
(1398, 83, 41)
(1399, 81, 40)
(1400, 76, 37)
(1404, 76, 37)
(1406, 76, 37)
(1408, 88, 44)
(2827/2, 83, 41)
(2829/2, 81, 40)
(1416, 76, 37)
(1420, 67, 32)
(1423, 71, 34)
(1424, 69, 33)
(1427, 72, 35)
(1428, 76, 37)
(1431, 81, 40)
(1432, 81, 40)
(1435, 74, 36)
(1436, 73, 35)
(1439, 76, 37)
(1440, 74, 36)
(1443, 78, 38)
(1444, 81, 40)
(1447, 81, 40)
(1448, 81, 40)
(1449, 82, 41)
(2901/2, 81, 40)
(1451, 81, 40)
(2903/2, 80, 39)
(2905/2, 67, 32)
(1453, 80, 39)
(2907/2, 81, 40)
(1454, 79, 39)
(2909/2, 77, 38)
(1455, 72, 35)
(5821/4, 72, 35)
(1457, 81, 40)
(1458, 66, 31)
(2917/2, 64, 30)
(1461, 64, 30)
(1462, 63, 29)
(1463, 72, 35)
(1464, 71, 34)
(2929/2, 81, 40)
(1465, 81, 40)
(1466, 79, 39)
(5867/4, 77, 38)
(2939/2, 74, 36)
(1470, 77, 38)
(2943/2, 74, 36)
(1472, 71, 34)
(2945/2, 69, 33)
(1473, 65, 31)
(2949/2, 67, 32)
(1475, 71, 34)
(2951/2, 63, 29)
(1476, 63, 29)
(1477, 61, 28)
(1480, 66, 31)
(1482, 64, 30)
(1483, 61, 28)
(1485, 62, 29)
(1486, 64, 30)
(2975/2, 68, 32)
(1488, 71, 34)
(1489, 71, 34)
(1490, 69, 33)
(1492, 78, 38)
(1495, 73, 35)
(1498, 74, 36)
(2999/2, 74, 36)
(1501, 80, 39)
(1502, 78, 38)
(1503, 81, 40)
(3007/2, 78, 38)
(3007/2, 80, 39)
(1504, 80, 39)
(3011/2, 78, 38)
(3013/2, 64, 30)
(1507, 73, 35)
(3017/2, 71, 34)
(3019/2, 73, 35)
(1510, 74, 36)
(1513, 73, 35)
(1518, 74, 36)
(1519, 73, 35)
(1520, 69, 33)
(6083/4, 67, 32)
(1522, 67, 32)
(1525, 78, 38)
(1526, 74, 36)
(1527, 71, 34)
(1528, 68, 32)
(3057/2, 71, 34)
(1529, 74, 36)
(1531, 71, 34)
(3063/2, 74, 36)
(1532, 78, 38)
(1533, 76, 37)
(1534, 62, 29)
(1534, 76, 37)
(1536, 71, 34)
(1537, 69, 33)
(1543, 69, 33)
(3089/2, 69, 33)
(1545, 69, 33)
(6183/4, 71, 34)
(1546, 73, 35)
(6187/4, 73, 35)
(1549, 71, 34)
(1550, 69, 33)
(1552, 69, 33)
(1553, 73, 35)
(1554, 73, 35)
(10000, 55, 25)
(10000, 64, 30)
(40001/4, 55, 25)
(40001/4, 64, 30)
(20001/2, 55, 25)
(20001/2, 64, 30)
(40003/4, 55, 25)
(40003/4, 64, 30)
(10001, 55, 25)
(10001, 64, 30)
(40005/4, 55, 25)
(40005/4, 64, 30)
(20003/2, 55, 25)
(20003/2, 64, 30)
(40007/4, 55, 25)
(40007/4, 64, 30)
(10004, 77, 38)
(10009, 55, 25)
(10009, 64, 30)
(10009, 55, 25)
(10009, 76, 37)
(10012, 55, 25)
(10012, 74, 36)
(10013, 76, 37)
(10013, 79, 39)
(10016, 74, 36)
(10017, 79, 39)
(10020, 55, 25)
(10022, 74, 36)
(10023, 79, 39)
(10024, 79, 39)
(10028, 79, 39)
(10032, 57, 26)
(10032, 62, 29)
(10033, 72, 35)
(10034, 72, 35)
(10035, 77, 38)
(20071/2, 76, 37)
(10036, 76, 37)
(20073/2, 74, 36)
(10037, 74, 36)
(20075/2, 76, 37)
(10038, 76, 37)
(20077/2, 62, 29)
(20077/2, 74, 36)
(10039, 71, 34)
(10040, 70, 34)
(20081/2, 69, 33)
(10041, 69, 33)
(20083/2, 67, 32)
(10042, 67, 32)
(20085/2, 65, 31)
(10043, 65, 31)
(20087/2, 64, 30)
(10044, 64, 30)
(20089/2, 62, 29)
(10045, 62, 29)
(20091/2, 58, 27)
(10046, 58, 27)
(20093/2, 57, 26)
(10047, 55, 25)
(20095/2, 57, 26)
(10056, 76, 37)
(10056, 79, 39)
(10056, 81, 40)
(20113/2, 67, 32)
(20113/2, 77, 38)
(20113/2, 81, 40)
(10060, 83, 41)
(20121/2, 77, 38)
(10064, 59, 27)
(10064, 65, 31)
(10064, 79, 39)
(10065, 79, 39)
(10068, 59, 27)
(10068, 65, 31)
(10070, 76, 37)
(10070, 79, 39)
(10072, 64, 30)
(10072, 74, 36)
(10072, 77, 38)
(10074, 57, 25)
(10074, 64, 30)
(10076, 79, 39)
(10076, 79, 39)
(20153/2, 57, 25)
(20153/2, 74, 36)
(10080, 53, 24)
(10080, 64, 30)
(10081, 76, 37)
(20163/2, 79, 39)
(10082, 79, 39)
(20165/2, 76, 37)
(10083, 76, 37)
(20167/2, 79, 39)
(10084, 79, 39)
(20169/2, 76, 37)
(10085, 76, 37)
(20171/2, 73, 35)
(20171/2, 73, 35)
(60515/6, 70, 34)
(60521/6, 70, 34)
(60523/6, 67, 32)
(50439/5, 65, 31)
(100883/10, 67, 32)
(50444/5, 67, 32)
(100893/10, 65, 31)
(50449/5, 65, 31)
(100903/10, 64, 30)
(50459/5, 64, 30)
(100923/10, 62, 29)
(50464/5, 65, 31)
(100933/10, 62, 29)
(50469/5, 62, 29)
(100943/10, 57, 26)
(50474/5, 57, 26)
(50479/5, 73, 35)
(100973/10, 71, 34)
(50489/5, 74, 36)
(100983/10, 74, 36)
(50494/5, 71, 34)
(100993/10, 74, 36)
(50499/5, 74, 36)
(101003/10, 71, 34)
(50504/5, 71, 34)
(101013/10, 74, 36)
(101021/10, 74, 36)
(50519/5, 74, 36)
(90941/9, 70, 34)
(101051/10, 74, 36)
(90950/9, 70, 34)
(50559/5, 64, 30)
(101133/10, 69, 33)
(101143/10, 64, 30)
(50579/5, 69, 33)
(50584/5, 64, 30)
(50589/5, 64, 30)
(50599/5, 64, 30)
(50609/5, 69, 33)
(50609/5, 79, 39)
(50619/5, 69, 33)
(50619/5, 77, 38)
(50629/5, 69, 33)
(50629/5, 76, 37)
(50639/5, 75, 36)
(50649/5, 75, 36)
(101303/10, 62, 29)
(50664/5, 64, 30)
(50674/5, 64, 30)
(50674/5, 69, 33)
(101363/10, 63, 29)
(91238/9, 63, 29)
(101403/10, 62, 29)
(50704/5, 71, 34)
(101413/10, 62, 29)
(50709/5, 71, 34)
(101423/10, 62, 29)
(50714/5, 71, 34)
(101433/10, 62, 29)
(50739/5, 60, 28)
(101483/10, 60, 28)
(50744/5, 64, 30)
(101503/10, 62, 29)
(50754/5, 64, 30)
(101523/10, 60, 28)
(50764/5, 64, 30)
(50769/5, 69, 33)
(50779/5, 79, 39)
(101563/10, 77, 38)
(50784/5, 74, 36)
(101573/10, 83, 41)
(101583/10, 83, 41)
(50799/5, 62, 29)
(50819/5, 83, 41)
(50829/5, 81, 40)
(50849/5, 80, 39)
(50879/5, 84, 42)
(50889/5, 76, 37)
(50899/5, 81, 40)
(101803/10, 84, 42)
(50909/5, 83, 41)
(50919/5, 81, 40)
(101843/10, 73, 35)
(50924/5, 71, 34)
(101853/10, 65, 31)
(101853/10, 67, 32)
(101853/10, 69, 33)
(50929/5, 71, 34)
(50939/5, 71, 34)
(101883/10, 69, 33)
(50944/5, 68, 32)
(101893/10, 69, 33)
(50949/5, 62, 29)
(50949/5, 64, 30)
(101903/10, 60, 28)
(50959/5, 69, 33)
(71345/7, 64, 30)
(20385/2, 69, 33)
(50964/5, 73, 35)
(50969/5, 76, 37)
(50979/5, 76, 37)
(101963/10, 81, 40)
(50999/5, 81, 40)
(51004/5, 76, 37)
(102013/10, 76, 37)
(51009/5, 67, 32)
(51009/5, 71, 34)
(51019/5, 69, 33)
(51024/5, 65, 31)
(102053/10, 77, 38)
(51039/5, 74, 36)
(102083/10, 73, 35)
(51044/5, 73, 35)
(102093/10, 65, 31)
(102093/10, 67, 32)
(102093/10, 69, 33)
(51049/5, 67, 32)
(102103/10, 69, 33)
(51059/5, 64, 30)
(102123/10, 64, 30)
(51064/5, 62, 29)
(102133/10, 62, 29)
(51069/5, 60, 28)
(102141/10, 60, 28)
(91931/9, 59, 27)
(51079/5, 59, 27)
(102163/10, 57, 26)
(51084/5, 57, 26)
(102173/10, 54, 25)
(51089/5, 54, 25)
(102183/10, 57, 26)
(51094/5, 57, 26)
(102193/10, 57, 26)
(51099/5, 57, 26)
(51159/5, 60, 28)
(51179/5, 74, 36)
(102363/10, 71, 34)
(102363/10, 71, 34)
(102363/10, 71, 34)
(51184/5, 69, 33)
(102373/10, 69, 33)
(51189/5, 67, 32)
(51199/5, 67, 32)
(102403/10, 65, 31)
(51204/5, 64, 30)
(102413/10, 62, 29)
(51209/5, 62, 29)
(102423/10, 59, 27)
(51219/5, 59, 27)
(102443/10, 57, 26)
(51224/5, 57, 26)
(102453/10, 55, 25)
(51229/5, 55, 25)
(102463/10, 57, 26)
(51234/5, 57, 26)
(102473/10, 57, 26)
(51279/5, 61, 28)
(51299/5, 63, 29)
(51319/5, 64, 30)
(51329/5, 64, 30)
(51339/5, 64, 30)
(51349/5, 69, 33)
(51359/5, 72, 35)
(51369/5, 76, 37)
(51379/5, 71, 34)
(51379/5, 79, 39)
(51389/5, 83, 41)
(102783/10, 79, 39)
(51399/5, 77, 38)
(51409/5, 76, 37)
(51429/5, 88, 44)
(102873/10, 88, 44)
(51439/5, 88, 44)
(51449/5, 84, 42)
(102913/10, 83, 41)
(51459/5, 82, 40)
(51464/5, 84, 42)
(51469/5, 84, 42)
(51474/5, 79, 39)
(51479/5, 79, 39)
(51484/5, 77, 38)
(51489/5, 79, 39)
(51499/5, 79, 39)
(51504/5, 77, 38)
(51519/5, 74, 36)
(51524/5, 81, 40)
(51539/5, 79, 39)
(103081/10, 77, 38)
(103081/10, 79, 39)
(92777/9, 75, 36)
(51559/5, 72, 35)
(103123/10, 71, 34)
(51564/5, 69, 33)
(103133/10, 69, 33)
(51574/5, 67, 32)
(103153/10, 66, 31)
(51579/5, 69, 33)
(103163/10, 67, 32)
(51584/5, 65, 31)
(103173/10, 64, 30)
(51589/5, 69, 33)
(103183/10, 67, 32)
(51594/5, 65, 31)
(103193/10, 64, 30)
(51599/5, 71, 34)
(51604/5, 71, 34)
(51614/5, 72, 35)
(103233/10, 71, 34)
(51619/5, 71, 34)
(51624/5, 69, 33)
(103253/10, 67, 32)
(51629/5, 67, 32)
(51639/5, 64, 30)
(51644/5, 62, 29)
(103293/10, 60, 28)
(51649/5, 60, 28)
(51654/5, 59, 27)
(103313/10, 57, 26)
(51659/5, 57, 26)
(51669/5, 57, 26)
(51679/5, 71, 34)
(51689/5, 72, 35)
(103383/10, 71, 34)
(51699/5, 69, 33)
(51704/5, 69, 33)
(103413/10, 67, 32)
(51719/5, 74, 36)
(51724/5, 74, 36)
(103453/10, 72, 35)
(51739/5, 71, 34)
(103483/10, 69, 33)
(51744/5, 67, 32)
(51749/5, 67, 32)
(103503/10, 65, 31)
(51759/5, 64, 30)
(103533/10, 59, 27)
(51769/5, 59, 27)
(51774/5, 67, 32)
(103553/10, 67, 32)
(51779/5, 67, 32)
(51784/5, 67, 32)
(103573/10, 67, 32)
(51789/5, 67, 32)
(51794/5, 67, 32)
(103593/10, 67, 32)
(51799/5, 67, 32)
(51804/5, 67, 32)
(103613/10, 67, 32)
(51809/5, 67, 32)
(51814/5, 67, 32)
(103633/10, 67, 32)
(51819/5, 65, 31)
(103653/10, 67, 32)
(51829/5, 69, 33)
(51834/5, 67, 32)
(51839/5, 64, 30)
(51844/5, 67, 32)
(103693/10, 67, 32)
(51849/5, 67, 32)
(51854/5, 67, 32)
(103713/10, 67, 32)
(51859/5, 67, 32)
(51864/5, 67, 32)
(103733/10, 67, 32)
(51869/5, 67, 32)
(51874/5, 67, 32)
(103753/10, 67, 32)
(51879/5, 67, 32)
(51884/5, 67, 32)
(103773/10, 67, 32)
(51889/5, 67, 32)
(51894/5, 67, 32)
(51919/5, 65, 31)
(51939/5, 64, 30)
(51944/5, 64, 30)
(103893/10, 64, 30)
(51949/5, 64, 30)
(51954/5, 64, 30)
(103913/10, 64, 30)
(51959/5, 66, 31)
(51964/5, 66, 31)
(51979/5, 67, 32)
(51984/5, 67, 32)
(103973/10, 67, 32)
(51989/5, 67, 32)
(51994/5, 67, 32)
(103993/10, 67, 32)
(51999/5, 72, 35)
(104013/10, 72, 35)
(52009/5, 72, 35)
(104033/10, 72, 35)
(52019/5, 76, 37)
(104043/10, 70, 34)
(104043/10, 76, 37)
(52024/5, 70, 34)
(104053/10, 70, 34)
(104053/10, 76, 37)
(52029/5, 70, 34)
(52029/5, 76, 37)
(104063/10, 70, 34)
(52034/5, 70, 34)
(52039/5, 70, 33)
(104083/10, 76, 37)
(52044/5, 76, 37)
(52129/5, 78, 38)
(52144/5, 72, 35)
(52149/5, 70, 34)
(52154/5, 72, 35)
(52159/5, 70, 34)
(52174/5, 69, 33)
(52179/5, 69, 33)
(52184/5, 70, 34)
(104371/10, 65, 31)
(104381/10, 67, 32)
(52199/5, 69, 33)
(52219/5, 67, 32)
(52229/5, 65, 31)
(52239/5, 65, 31)
(52244/5, 64, 30)
(52359/5, 69, 33)
(52379/5, 70, 34)
(52399/5, 72, 35)
(52419/5, 70, 34)
(52419/5, 70, 34)
(52439/5, 69, 33)
(52444/5, 57, 26)
(52449/5, 57, 26)
(52454/5, 57, 26)
(52459/5, 57, 26)
(52464/5, 57, 26)
(52469/5, 57, 26)
(52474/5, 57, 26)
(52479/5, 64, 30)
(52484/5, 64, 30)
(52489/5, 64, 30)
(52499/5, 64, 30)
(52504/5, 64, 30)
(52509/5, 64, 30)
(52514/5, 64, 30)
(52529/5, 58, 27)
(105063/10, 58, 27)
(52534/5, 58, 27)
(105073/10, 58, 27)
(52539/5, 58, 27)
(52569/5, 64, 30)
(105143/10, 64, 30)
(52574/5, 64, 30)
(105153/10, 64, 30)
(52579/5, 64, 30)
(52584/5, 69, 33)
(52609/5, 67, 32)
(105223/10, 67, 32)
(52614/5, 67, 32)
(105233/10, 67, 32)
(52619/5, 67, 32)
(52624/5, 72, 35)
(52639/5, 74, 36)
(52649/5, 74, 36)
(52649/5, 77, 38)
(52659/5, 72, 35)
(105363/10, 76, 37)
(105363/10, 79, 39)
(52699/5, 72, 35)
(52704/5, 76, 37)
(52719/5, 69, 33)
(52759/5, 62, 29)
(52769/5, 64, 30)
(105543/10, 66, 31)
(52774/5, 67, 32)
(105553/10, 69, 33)
(52779/5, 70, 34)
(105563/10, 76, 37)
(52784/5, 81, 40)
(52799/5, 79, 39)
(105601/10, 77, 38)
(95045/9, 75, 36)
(105611/10, 77, 38)
(52819/5, 79, 39)
(105641/10, 77, 38)
(95081/9, 79, 39)
(105651/10, 81, 40)
(105661/10, 79, 39)
(52839/5, 75, 36)
(105683/10, 76, 37)
(52844/5, 76, 37)
(105693/10, 75, 36)
(52849/5, 72, 35)
(52859/5, 70, 34)
(52864/5, 76, 37)
(52869/5, 76, 37)
(52874/5, 75, 36)
(52879/5, 76, 37)
(52889/5, 64, 30)
(52889/5, 69, 33)
(52889/5, 76, 37)
(52899/5, 64, 30)
(52899/5, 70, 34)
(52899/5, 76, 37)
(52909/5, 64, 30)
(52909/5, 72, 35)
(52909/5, 76, 37)
(52919/5, 64, 30)
(52919/5, 82, 41)
(105843/10, 82, 41)
(105851/10, 79, 39)
(52939/5, 76, 37)
(105893/10, 76, 37)
(105893/10, 77, 38)
(52949/5, 75, 36)
(52959/5, 76, 37)
(52964/5, 55, 25)
(52964/5, 64, 30)
(105933/10, 55, 25)
(105933/10, 64, 30)
(52969/5, 55, 25)
(52969/5, 64, 30)
(52974/5, 55, 25)
(52974/5, 64, 30)
(105953/10, 55, 25)
(105953/10, 64, 30)
(52979/5, 55, 25)
(52979/5, 64, 30)
(52984/5, 55, 25)
(52984/5, 64, 30)
(105973/10, 55, 25)
(105973/10, 64, 30)
(52989/5, 55, 25)
(52989/5, 64, 30)
(52994/5, 55, 25)
(52994/5, 64, 30)
(105993/10, 55, 25)
(105993/10, 64, 30)
(52999/5, 60, 28)
(52999/5, 64, 30)
(53004/5, 60, 28)
(53004/5, 64, 30)
(106013/10, 60, 28)
(106013/10, 64, 30)
(53019/5, 58, 27)
(53019/5, 64, 30)
(53024/5, 64, 30)
(53029/5, 64, 30)
(53034/5, 63, 29)
(53039/5, 64, 30)
(53044/5, 55, 25)
(53044/5, 64, 30)
(106093/10, 55, 25)
(106093/10, 64, 30)
(53049/5, 55, 25)
(53049/5, 64, 30)
(53079/5, 64, 30)
(53079/5, 76, 37)
(53089/5, 72, 35)
(53099/5, 62, 29)
(53099/5, 75, 36)
(53104/5, 70, 34)
(53109/5, 72, 35)
(53114/5, 69, 33)
(53119/5, 67, 32)
(106243/10, 64, 30)
(53124/5, 67, 32)
(106253/10, 70, 34)
(53129/5, 76, 37)
(106263/10, 75, 36)
(53134/5, 72, 35)
(106273/10, 70, 34)
(53139/5, 75, 36)
(106283/10, 72, 35)
(53144/5, 70, 34)
(106293/10, 69, 33)
(53149/5, 79, 39)
(106303/10, 78, 38)
(53154/5, 82, 41)
(106313/10, 82, 41)
(53159/5, 81, 40)
(106323/10, 79, 39)
(53164/5, 78, 38)
(106333/10, 76, 37)
(53169/5, 79, 39)
(106343/10, 76, 37)
(53174/5, 73, 35)
(106353/10, 70, 33)
(53179/5, 70, 34)
(106363/10, 69, 33)
(53184/5, 72, 35)
(106373/10, 70, 34)
(53189/5, 69, 33)
(106383/10, 67, 32)
(53194/5, 66, 31)
(106393/10, 64, 30)
(53199/5, 63, 29)
(53204/5, 64, 30)
(53209/5, 66, 31)
(53214/5, 67, 32)
(53219/5, 64, 30)
(53219/5, 72, 35)
(53219/5, 76, 37)
(53224/5, 72, 35)
(53229/5, 77, 38)
(106461/10, 66, 31)
(106461/10, 75, 36)
(53239/5, 55, 25)
(53239/5, 64, 30)
(53239/5, 70, 34)
(53239/5, 76, 37)
(53244/5, 69, 33)
(53319/5, 76, 37)
(53339/5, 77, 38)
(53349/5, 76, 37)
(53359/5, 75, 36)
(53369/5, 70, 34)
(53374/5, 73, 35)
(53379/5, 74, 36)
(53389/5, 76, 37)
(53394/5, 74, 36)
(53399/5, 74, 36)
(53404/5, 73, 35)
(53409/5, 73, 35)
(53414/5, 73, 35)
(53419/5, 73, 35)
(53424/5, 74, 36)
(53429/5, 76, 37)
(53434/5, 77, 38)
(53439/5, 77, 38)
(53444/5, 76, 37)
(53449/5, 74, 36)
(53454/5, 70, 34)
(53459/5, 74, 36)
(53464/5, 73, 35)
(53469/5, 73, 35)
(53479/5, 72, 35)
(53489/5, 74, 36)
(53494/5, 72, 35)
(53499/5, 72, 35)
(53504/5, 70, 34)
(53509/5, 77, 38)
(53514/5, 70, 34)
(53519/5, 72, 35)
(53539/5, 74, 36)
(53549/5, 72, 35)
(53559/5, 70, 34)
(53569/5, 67, 32)
(53574/5, 69, 33)
(53579/5, 70, 34)
(53589/5, 72, 35)
(53594/5, 70, 34)
(53599/5, 70, 34)
(53609/5, 69, 33)
(53614/5, 71, 34)
(53619/5, 73, 35)
(53624/5, 69, 33)
(53629/5, 70, 34)
(53634/5, 73, 35)
(53639/5, 74, 36)
(53649/5, 62, 29)
(53669/5, 60, 28)
(53679/5, 60, 28)
(53689/5, 58, 27)
(53694/5, 72, 35)
(53699/5, 65, 31)
(53704/5, 64, 30)
(53709/5, 64, 30)
(53719/5, 64, 30)
(53724/5, 72, 35)
(107463/10, 72, 35)
(53734/5, 73, 35)
(53744/5, 74, 36)
(53749/5, 74, 36)
(53759/5, 67, 32)
(107543/10, 70, 34)
(53774/5, 69, 33)
(107553/10, 70, 34)
(53779/5, 69, 33)
(107573/10, 62, 29)
(53789/5, 61, 28)
(107593/10, 64, 30)
(53799/5, 62, 29)
(107613/10, 65, 31)
(53809/5, 69, 33)
(107633/10, 67, 32)
(53819/5, 67, 32)
(107643/10, 65, 31)
(53824/5, 64, 30)
(107653/10, 62, 29)
(53829/5, 74, 36)
(53834/5, 74, 36)
(53839/5, 74, 36)
(53869/5, 65, 31)
(53869/5, 69, 33)
(53879/5, 62, 29)
(53884/5, 74, 36)
(107783/10, 74, 36)
(53894/5, 72, 35)
(53899/5, 73, 35)
(53904/5, 67, 32)
(53909/5, 70, 34)
(53914/5, 69, 33)
(53919/5, 69, 33)
(53924/5, 70, 34)
(53929/5, 70, 34)
(53934/5, 70, 34)
(53939/5, 70, 34)
(53944/5, 69, 33)
(53949/5, 70, 34)
(107903/10, 79, 39)
(53959/5, 77, 38)
(53964/5, 72, 35)
(53979/5, 69, 33)
(53984/5, 81, 40)
(53999/5, 81, 40)
(54009/5, 79, 39)
(54014/5, 77, 38)
(54019/5, 77, 38)
(54024/5, 77, 38)
(54039/5, 74, 36)
(108093/10, 70, 34)
(54049/5, 69, 33)
(108103/10, 70, 34)
(54059/5, 69, 33)
(108133/10, 62, 29)
(54069/5, 61, 28)
(108153/10, 64, 30)
(54079/5, 62, 29)
(108173/10, 69, 33)
(54094/5, 67, 32)
(54099/5, 67, 32)
(108203/10, 69, 33)
(54104/5, 70, 34)
(54119/5, 76, 37)
(54139/5, 74, 36)
(97457/9, 77, 38)
(54159/5, 74, 36)
(54179/5, 64, 30)
(54179/5, 71, 34)
(54194/5, 77, 38)
(54194/5, 79, 39)
(54199/5, 77, 38)
(54204/5, 77, 38)
(54209/5, 77, 38)
(54219/5, 77, 38)
(108443/10, 74, 36)
(54224/5, 76, 37)
(108453/10, 74, 36)
(54239/5, 74, 36)
(108483/10, 70, 34)
(54244/5, 70, 34)
(54259/5, 70, 34)
(108523/10, 69, 33)
(54264/5, 67, 32)
(54279/5, 67, 32)
(108563/10, 64, 30)
(108573/10, 64, 30)
(54299/5, 65, 31)
(54304/5, 70, 34)
(108613/10, 74, 36)
(54319/5, 62, 29)
(54329/5, 74, 36)
(54339/5, 70, 34)
(54344/5, 70, 34)
(54359/5, 70, 34)
(108733/10, 70, 34)
(54369/5, 74, 36)
(54379/5, 76, 37)
(54384/5, 72, 35)
(108783/10, 77, 38)
(54399/5, 69, 33)
(108803/10, 65, 31)
(108803/10, 69, 33)
(108813/10, 67, 32)
(54419/5, 69, 33)
(108853/10, 72, 35)
(54429/5, 74, 36)
(54439/5, 76, 37)
(108883/10, 77, 38)
(108891/10, 74, 36)
(54459/5, 76, 37)
(108933/10, 72, 35)
(54469/5, 70, 34)
(54479/5, 69, 33)
(108973/10, 65, 31)
(54489/5, 72, 35)
(54499/5, 74, 36)
(109013/10, 72, 34)
(54509/5, 69, 33)
(54519/5, 67, 32)
(109053/10, 64, 30)
(54529/5, 74, 36)
(109073/10, 70, 34)
(54539/5, 69, 33)
(54549/5, 69, 33)
(54559/5, 74, 36)
(54564/5, 69, 33)
(109133/10, 74, 36)
(54574/5, 69, 33)
(54579/5, 69, 33)
(109163/10, 72, 35)
(109173/10, 76, 37)
(54589/5, 74, 36)
(109183/10, 72, 35)
(54594/5, 70, 34)
(109193/10, 72, 35)
(54599/5, 69, 33)
(109203/10, 72, 35)
(54604/5, 81, 40)
(109213/10, 77, 38)
(54609/5, 75, 36)
(54619/5, 72, 35)
(109243/10, 69, 33)
(54624/5, 70, 34)
(109253/10, 82, 41)
(54629/5, 81, 40)
(109263/10, 78, 39)
(54634/5, 81, 40)
(54639/5, 76, 37)
(109293/10, 72, 35)
(54649/5, 76, 37)
(109303/10, 64, 30)
(54654/5, 60, 28)
(54654/5, 62, 29)
(54659/5, 64, 30)
(109323/10, 60, 28)
(109323/10, 62, 29)
(54664/5, 60, 28)
(109333/10, 72, 35)
(54669/5, 70, 34)
(109343/10, 69, 33)
(54674/5, 67, 32)
(54679/5, 69, 33)
(109363/10, 67, 32)
(54684/5, 65, 31)
(109373/10, 64, 30)
(54689/5, 64, 30)
(109383/10, 62, 29)
(54694/5, 60, 28)
(54699/5, 77, 38)
(109403/10, 75, 36)
(54709/5, 75, 36)
(76595/7, 70, 34)
(21885/2, 69, 33)
(54719/5, 70, 34)
(76609/7, 69, 33)
(21889/2, 67, 32)
(54724/5, 67, 32)
(109453/10, 65, 31)
(54729/5, 64, 30)
(109463/10, 62, 29)
(54739/5, 55, 25)
(54739/5, 64, 30)
(109481/10, 64, 30)
(109483/10, 64, 30)
(98537/9, 60, 28)
(54764/5, 75, 36)
(54779/5, 76, 37)
(54779/5, 79, 39)
(54804/5, 76, 37)
(54819/5, 79, 39)
(109643/10, 74, 36)
(109643/10, 78, 38)
(54839/5, 64, 30)
(54839/5, 79, 39)
(54849/5, 55, 25)
(54849/5, 64, 30)
(54849/5, 76, 37)
(54859/5, 57, 26)
(54869/5, 74, 36)
(54879/5, 57, 26)
(54879/5, 76, 37)
(54884/5, 74, 36)
(54884/5, 57, 26)
(54884/5, 62, 29)
(54884/5, 66, 31)
(54899/5, 78, 38)
(54899/5, 81, 40)
(109803/10, 81, 40)
(54919/5, 69, 33)
(54919/5, 72, 35)
(54939/5, 57, 26)
(54939/5, 67, 32)
(109883/10, 57, 26)
(54959/5, 59, 27)
(54959/5, 72, 35)
(54964/5, 59, 27)
(54969/5, 74, 36)
(54979/5, 72, 35)
(54984/5, 64, 30)
(54989/5, 76, 37)
(54994/5, 64, 30)
(55004/5, 64, 30)
(55009/5, 72, 35)
(55014/5, 71, 34)
(55024/5, 69, 33)
(55029/5, 79, 39)
(110063/10, 69, 33)
(55039/5, 78, 38)
(55044/5, 69, 33)
(55049/5, 76, 37)
(55054/5, 69, 33)
(55059/5, 75, 36)
(55064/5, 69, 33)
(55069/5, 74, 36)
(55074/5, 69, 33)
(55079/5, 72, 35)
(110163/10, 69, 33)
(55084/5, 72, 35)
(110173/10, 69, 33)
(55089/5, 73, 35)
(110183/10, 69, 33)
(55094/5, 73, 35)
(110193/10, 69, 33)
(55099/5, 74, 36)
(110203/10, 69, 33)
(55104/5, 74, 36)
(110213/10, 69, 33)
(55109/5, 72, 35)
(110223/10, 69, 33)
(55114/5, 72, 35)
(110233/10, 69, 33)
(55119/5, 74, 36)
(110243/10, 72, 35)
(55124/5, 71, 34)
(110253/10, 69, 33)
(55129/5, 68, 32)
(110263/10, 62, 29)
(55134/5, 59, 27)
(110273/10, 62, 29)
(55139/5, 60, 28)
(110283/10, 64, 30)
(55144/5, 60, 28)
(110293/10, 64, 30)
(55149/5, 62, 29)
(110303/10, 64, 30)
(55154/5, 62, 29)
(110313/10, 64, 30)
(55159/5, 60, 28)
(110323/10, 64, 30)
(55164/5, 60, 28)
(110333/10, 57, 26)
(55169/5, 56, 25)
(55179/5, 59, 27)
(55189/5, 79, 39)
(55199/5, 79, 39)
(110403/10, 78, 38)
(55204/5, 76, 37)
(110413/10, 74, 36)
(55209/5, 82, 41)
(55214/5, 82, 41)
(55219/5, 82, 41)
(55234/5, 82, 41)
(55239/5, 82, 41)
(110483/10, 81, 40)
(55244/5, 79, 39)
(110493/10, 79, 39)
(110493/10, 78, 38)
(55249/5, 86, 43)
(55254/5, 86, 43)
(55259/5, 67, 32)
(55279/5, 86, 43)
(55324/5, 86, 43)
(55329/5, 84, 42)
(55334/5, 82, 41)
(55339/5, 81, 40)
(55344/5, 79, 39)
(55349/5, 76, 37)
(55354/5, 69, 33)
(55369/5, 67, 32)
(55374/5, 66, 31)
(55379/5, 66, 31)
(55384/5, 64, 30)
(55389/5, 62, 29)
(55394/5, 60, 28)
(55399/5, 60, 28)
(55409/5, 61, 28)
(55414/5, 64, 30)
(55419/5, 67, 32)
(55429/5, 66, 31)
(55439/5, 64, 30)
(55449/5, 62, 29)
(55499/5, 60, 28)
(55539/5, 63, 29)
(55584/5, 62, 29)
(111173/10, 63, 30)
(55589/5, 65, 31)
(55599/5, 62, 29)
(111203/10, 64, 30)
(55604/5, 66, 31)
(55619/5, 60, 28)
(111243/10, 62, 29)
(55624/5, 64, 30)
(55639/5, 60, 28)
(111283/10, 62, 29)
(55644/5, 64, 30)
(55644/5, 66, 31)
(55659/5, 66, 31)
(111323/10, 66, 31)
(55664/5, 66, 31)
(55679/5, 64, 30)
(111363/10, 64, 30)
(55684/5, 64, 30)
(55699/5, 72, 35)
(77988/7, 64, 30)
(22283/2, 64, 30)
(55709/5, 69, 33)
(55724/5, 62, 29)
(111453/10, 62, 29)
(55729/5, 66, 31)
(55739/5, 60, 28)
(111483/10, 60, 28)
(55744/5, 60, 28)
(55749/5, 60, 28)
(111503/10, 60, 28)
(55759/5, 60, 28)
(55764/5, 60, 28)
(111533/10, 60, 28)
(55769/5, 60, 28)
(55774/5, 60, 28)
(111553/10, 60, 28)
(55779/5, 60, 28)
(55779/5, 69, 33)
(55784/5, 60, 28)
(111573/10, 60, 28)
(111573/10, 69, 33)
(55789/5, 60, 28)
(55794/5, 60, 28)
(111593/10, 60, 28)
(111593/10, 69, 33)
(55799/5, 59, 27)
(55799/5, 67, 32)
(55804/5, 59, 27)
(55804/5, 67, 32)
(111613/10, 59, 27)
(111613/10, 67, 32)
(55809/5, 59, 27)
(55809/5, 67, 32)
(55814/5, 59, 27)
(55814/5, 67, 32)
(111633/10, 59, 27)
(111633/10, 67, 32)
(55819/5, 60, 28)
(55819/5, 69, 33)
(55824/5, 60, 28)
(111653/10, 60, 28)
(55829/5, 60, 28)
(55829/5, 69, 33)
(55834/5, 60, 28)
(55834/5, 69, 33)
(111673/10, 60, 28)
(111673/10, 69, 33)
(55839/5, 60, 28)
(55844/5, 60, 28)
(111693/10, 60, 28)
(55849/5, 60, 28)
(55854/5, 60, 28)
(55854/5, 69, 33)
(111713/10, 60, 28)
(55859/5, 60, 28)
(55864/5, 60, 28)
(111733/10, 60, 28)
(111733/10, 69, 33)
(55869/5, 60, 28)
(55874/5, 60, 28)
(111753/10, 60, 28)
(55879/5, 59, 27)
(111763/10, 59, 27)
(111763/10, 67, 32)
(55884/5, 59, 27)
(55884/5, 67, 32)
(111773/10, 59, 27)
(111773/10, 67, 32)
(55894/5, 59, 27)
(55894/5, 67, 32)
(111793/10, 59, 27)
(55899/5, 59, 27)
(55904/5, 60, 28)
(55909/5, 60, 28)
(111823/10, 60, 28)
(55914/5, 60, 28)
(55919/5, 62, 29)
(55924/5, 62, 29)
(111853/10, 62, 29)
(55929/5, 62, 29)
(111863/10, 62, 29)
(55939/5, 62, 29)
(55949/5, 62, 29)
(111903/10, 62, 29)
(55954/5, 62, 29)
(55959/5, 64, 30)
(111923/10, 64, 30)
(55964/5, 64, 30)
(55969/5, 64, 30)
(111943/10, 64, 30)
(55979/5, 66, 31)
(55999/5, 64, 30)
(112003/10, 64, 30)
(56004/5, 64, 30)
(112013/10, 64, 30)
(56009/5, 64, 30)
(112023/10, 64, 30)
(56014/5, 64, 30)
(112033/10, 64, 30)
(56019/5, 62, 29)
(112043/10, 62, 29)
(56024/5, 62, 29)
(112053/10, 62, 29)
(56029/5, 62, 29)
(112063/10, 62, 29)
(56034/5, 62, 29)
(112073/10, 62, 29)
(56039/5, 63, 29)
(112083/10, 63, 29)
(56044/5, 63, 29)
(112093/10, 63, 29)
(56049/5, 63, 29)
(112103/10, 63, 29)
(56054/5, 63, 29)
(112113/10, 63, 29)
(56059/5, 64, 30)
(56079/5, 59, 27)
(112163/10, 60, 28)
(56084/5, 62, 29)
(56084/5, 64, 30)
(112173/10, 69, 33)
(56089/5, 71, 34)
(56099/5, 71, 34)
(112203/10, 69, 33)
(56104/5, 71, 34)
(56109/5, 69, 33)
(112223/10, 67, 32)
(56119/5, 69, 33)
(112253/10, 67, 32)
(56129/5, 67, 32)
(112273/10, 64, 30)
(56139/5, 62, 29)
(56144/5, 64, 30)
(112293/10, 66, 31)
(56149/5, 64, 30)
(56154/5, 62, 29)
(112313/10, 60, 28)
(56159/5, 71, 34)
(112323/10, 69, 33)
(56164/5, 66, 31)
(56169/5, 67, 32)
(112343/10, 71, 34)
(56174/5, 69, 33)
(112353/10, 67, 32)
(56179/5, 71, 34)
(112363/10, 74, 36)
(112373/10, 72, 35)
(56199/5, 76, 37)
(112403/10, 74, 36)
(56204/5, 78, 38)
(112413/10, 76, 37)
(56219/5, 81, 40)
(56224/5, 79, 39)
(112453/10, 78, 38)
(56229/5, 74, 36)
(56239/5, 72, 35)
(112493/10, 74, 36)
(56249/5, 71, 34)
(56259/5, 60, 28)
(112523/10, 60, 28)
(112523/10, 69, 33)
(56264/5, 60, 28)
(56264/5, 69, 33)
(56274/5, 60, 28)
(56274/5, 69, 33)
(112553/10, 60, 28)
(112553/10, 69, 33)
(56279/5, 60, 28)
(56279/5, 69, 33)
(56284/5, 60, 28)
(112573/10, 60, 28)
(56289/5, 60, 28)
(56289/5, 69, 33)
(56294/5, 60, 28)
(112593/10, 60, 28)
(56299/5, 66, 31)
(56299/5, 69, 33)
(56304/5, 69, 33)
(112613/10, 66, 31)
(112613/10, 69, 33)
(56309/5, 64, 30)
(56309/5, 64, 30)
(56309/5, 69, 33)
(56319/5, 64, 30)
(22529/2, 64, 30)
(22529/2, 69, 33)
(78856/7, 69, 33)
(56329/5, 66, 31)
(56334/5, 67, 32)
(56339/5, 69, 33)
(56344/5, 83, 41)
(56379/5, 69, 33)
(56384/5, 68, 33)
(56389/5, 67, 32)
(56399/5, 69, 33)
(56404/5, 69, 33)
(56409/5, 67, 32)
(56409/5, 67, 32)
(56419/5, 81, 40)
(112843/10, 81, 40)
(112863/10, 83, 41)
(56439/5, 84, 42)
(112893/10, 71, 34)
(56459/5, 69, 33)
(79052/7, 76, 37)
(22587/2, 81, 40)
(56469/5, 79, 39)
(112943/10, 81, 40)
(56474/5, 76, 37)
(112953/10, 81, 40)
(56479/5, 79, 39)
(112963/10, 78, 38)
(56484/5, 74, 36)
(112973/10, 60, 28)
(56489/5, 60, 28)
(112983/10, 60, 28)
(56499/5, 74, 36)
(113003/10, 71, 34)
(56504/5, 72, 35)
(113023/10, 63, 29)
(56519/5, 64, 30)
(113043/10, 62, 29)
(56524/5, 65, 31)
(113053/10, 62, 29)
(56529/5, 60, 28)
(113063/10, 59, 27)
(56534/5, 57, 26)
(56539/5, 56, 25)
(113093/10, 76, 37)
(56549/5, 76, 37)
(56554/5, 72, 35)
(56559/5, 72, 35)
(56559/5, 76, 37)
(56579/5, 88, 44)
(22633/2, 72, 35)
(79220/7, 59, 27)
(79220/7, 67, 32)
(56589/5, 69, 33)
(56599/5, 61, 28)
(113201/10, 61, 28)
(113203/10, 61, 28)
(101885/9, 61, 28)
(56604/5, 61, 28)
(113211/10, 61, 28)
(113213/10, 61, 28)
(101894/9, 61, 28)
(56619/5, 62, 29)
(113253/10, 83, 41)
(56639/5, 62, 29)
(113283/10, 69, 33)
(56659/5, 69, 33)
(56659/5, 83, 41)
(56669/5, 60, 28)
(56679/5, 62, 29)
(56679/5, 76, 37)
(113363/10, 76, 37)
(56699/5, 62, 29)
(56699/5, 76, 37)
(56709/5, 62, 29)
(56709/5, 76, 37)
(113451/10, 76, 37)
(56739/5, 62, 29)
(56759/5, 61, 28)
(113523/10, 61, 28)
(56764/5, 61, 28)
(113533/10, 61, 28)
(56769/5, 61, 28)
(113543/10, 61, 28)
(56774/5, 61, 28)
(113553/10, 61, 28)
(56779/5, 62, 29)
(113563/10, 71, 34)
(56784/5, 60, 28)
(56799/5, 71, 34)
(56804/5, 71, 34)
(56819/5, 69, 33)
(56824/5, 69, 33)
(56839/5, 59, 27)
(56844/5, 59, 27)
(56849/5, 59, 27)
(56854/5, 59, 27)
(56859/5, 57, 26)
(56864/5, 57, 26)
(56869/5, 57, 26)
(56874/5, 57, 26)
(56879/5, 59, 27)
(56889/5, 59, 27)
(56899/5, 60, 28)
(56909/5, 60, 28)
(56919/5, 64, 30)
(56939/5, 62, 29)
(56959/5, 62, 29)
(56979/5, 60, 28)
(56999/5, 64, 30)
(57039/5, 62, 29)
(57059/5, 60, 28)
(57079/5, 60, 28)
(57119/5, 60, 28)
(57179/5, 66, 31)
(57384/5, 57, 26)
(57399/5, 57, 26)
(57409/5, 56, 25)
(57414/5, 57, 26)
(57424/5, 57, 26)
(57429/5, 57, 26)
(114873/10, 57, 26)
(57439/5, 56, 25)
(114883/10, 56, 25)
(57444/5, 56, 25)
(57449/5, 57, 26)
(114913/10, 64, 30)
(57459/5, 71, 34)
(57479/5, 68, 32)
(57489/5, 71, 34)
(57504/5, 73, 35)
(57504/5, 76, 37)
(115023/10, 74, 36)
(115033/10, 78, 38)
(57519/5, 74, 36)
(57524/5, 73, 35)
(115053/10, 71, 34)
(57534/5, 74, 36)
(57544/5, 69, 33)
(103586/9, 71, 34)
(57549/5, 68, 32)
(57564/5, 69, 33)
(103622/9, 71, 34)
(57569/5, 68, 32)
(57589/5, 68, 32)
(57599/5, 61, 28)
(57609/5, 61, 28)
(57614/5, 62, 29)
(57619/5, 71, 34)
(57624/5, 71, 34)
(57639/5, 59, 27)
(115283/10, 59, 27)
(57644/5, 68, 32)
(57659/5, 71, 34)
(57669/5, 66, 31)
(57679/5, 62, 29)
(57684/5, 61, 28)
(57689/5, 73, 35)
(57699/5, 64, 30)
(57709/5, 62, 29)
(103883/9, 64, 30)
(57714/5, 61, 28)
(57724/5, 62, 29)
(57729/5, 64, 30)
(57744/5, 59, 27)
(57744/5, 61, 28)
(57744/5, 64, 30)
(57759/5, 61, 28)
(57759/5, 64, 30)
(57764/5, 61, 28)
(57764/5, 64, 30)
(20000, 52, 23)
(20000, 55, 25)
(80001/4, 52, 23)
(80001/4, 55, 25)
(40001/2, 52, 23)
(40001/2, 55, 25)
(80003/4, 52, 23)
(80003/4, 55, 25)
(20001, 52, 23)
(20001, 55, 25)
(80005/4, 52, 23)
(80005/4, 55, 25)
(40003/2, 52, 23)
(40003/2, 55, 25)
(80007/4, 52, 23)
(80007/4, 55, 25)
(20002, 52, 23)
(20002, 55, 25)
(20002, 59, 27)
(20002, 62, 29)
(20002, 65, 31)
(20004, 52, 23)
(20004, 55, 25)
(20006, 52, 23)
(20006, 55, 25)
(20008, 52, 23)
(20008, 55, 25)
(20008, 65, 31)
(20008, 69, 33)
(20010, 52, 23)
(20010, 55, 25)
(20010, 67, 32)
(20010, 71, 34)
(20012, 52, 23)
(20012, 55, 25)
(20012, 65, 31)
(20012, 69, 33)
(20014, 52, 23)
(20014, 55, 25)
(20014, 64, 30)
(20016, 52, 23)
(20016, 55, 25)
(20016, 67, 32)
(20018, 52, 23)
(20018, 55, 25)
(20020, 52, 23)
(20020, 55, 25)
(20024, 55, 25)
(20026, 52, 23)
(20026, 67, 32)
(20028, 52, 23)
(20028, 55, 25)
(20030, 52, 23)
(20030, 55, 25)
(20032, 53, 24)
(20036, 62, 29)
(20037, 69, 33)
(40075/2, 70, 34)
(20038, 70, 34)
(40077/2, 69, 33)
(20039, 69, 33)
(40079/2, 67, 32)
(20040, 67, 32)
(40081/2, 65, 31)
(20041, 65, 31)
(40083/2, 61, 28)
(20042, 61, 28)
(40085/2, 62, 29)
(20043, 62, 29)
(40087/2, 58, 27)
(20044, 58, 27)
(40089/2, 57, 26)
(20045, 57, 26)
(40091/2, 55, 25)
(20046, 55, 25)
(40093/2, 53, 24)
(20047, 52, 23)
(40095/2, 53, 24)
(20048, 71, 34)
(20048, 48, 21)
(20048, 55, 25)
(20050, 67, 32)
(20051, 65, 31)
(20051, 69, 33)
(20052, 48, 21)
(20052, 52, 23)
(20052, 55, 25)
(20052, 69, 33)
(20054, 64, 30)
(20054, 48, 21)
(20056, 55, 25)
(20060, 48, 21)
(20060, 64, 30)
(20060, 67, 32)
(20061, 48, 21)
(20063, 69, 33)
(20063, 65, 31)
(20064, 53, 24)
(20066, 67, 32)
(20068, 69, 33)
(40137/2, 64, 30)
(40137/2, 69, 33)
(20072, 67, 32)
(20072, 71, 34)
(20073, 67, 32)
(20073, 71, 34)
(20080, 57, 26)
(20081, 72, 35)
(40163/2, 76, 37)
(20082, 76, 37)
(40165/2, 72, 35)
(20083, 72, 35)
(40167/2, 77, 38)
(20084, 76, 37)
(40169/2, 73, 35)
(20085, 73, 35)
(40171/2, 70, 34)
(20086, 70, 34)
(40173/2, 67, 32)
(20087, 67, 32)
(40175/2, 64, 30)
(20089, 62, 29)
(40183/2, 60, 28)
(20092, 59, 27)
(40185/2, 57, 26)
(20093, 62, 29)
(40187/2, 57, 26)
(20094, 57, 26)
(40189/2, 53, 24)
(20095, 53, 24)
(40191/2, 50, 22)
(20096, 65, 31)
(20096, 69, 33)
(20097, 71, 34)
(60292/3, 67, 32)
(60293/3, 67, 32)
(20098, 71, 34)
(20100, 71, 34)
(40201/2, 68, 32)
(20101, 68, 32)
(40203/2, 71, 34)
(20102, 71, 34)
(40205/2, 68, 32)
(20103, 68, 32)
(40207/2, 71, 34)
(20104, 71, 34)
(40209/2, 67, 32)
(20105, 67, 32)
(40211/2, 71, 34)
(20106, 71, 34)
(40213/2, 67, 32)
(20107, 67, 32)
(40215/2, 71, 34)
(40225/2, 52, 23)
(20113, 60, 28)
(40229/2, 52, 23)
(40233/2, 52, 23)
(20117, 57, 26)
(40237/2, 52, 23)
(20119, 59, 27)
(40241/2, 52, 23)
(20121, 57, 26)
(20123, 57, 26)
(40249/2, 57, 26)
(40251/2, 52, 23)
(20126, 57, 26)
(20128, 57, 26)
(40257/2, 59, 27)
(20129, 57, 26)
(40259/2, 59, 27)
(20130, 57, 26)
(40261/2, 59, 27)
(20131, 57, 26)
(40263/2, 59, 27)
(20132, 57, 26)
(40265/2, 60, 28)
(20133, 57, 26)
(40267/2, 60, 28)
(20134, 57, 26)
(40269/2, 60, 28)
(20135, 57, 26)
(40271/2, 60, 28)
(20136, 60, 28)
(40275/2, 57, 26)
(20138, 60, 28)
(40279/2, 57, 26)
(20140, 69, 33)
(20142, 64, 30)
(20148, 64, 30)
(40299/2, 57, 26)
(20150, 59, 27)
(40301/2, 57, 26)
(20152, 64, 30)
(20155, 67, 32)
(40313/2, 64, 30)
(20157, 71, 34)
(20158, 71, 34)
(20160, 70, 34)
(20161, 69, 33)
(20162, 67, 32)
(20164, 64, 30)
(60496/3, 59, 27)
(60496/3, 62, 29)
(20166, 60, 28)
(20167, 57, 26)
(20168, 65, 31)
(20169, 64, 30)
(40341/2, 62, 29)
(20171, 60, 28)
(20172, 62, 29)
(20174, 68, 32)
(20174, 71, 34)
(20176, 69, 33)
(40353/2, 60, 28)
(20177, 52, 23)
(40357/2, 62, 29)
(20179, 52, 23)
(40361/2, 57, 26)
(20181, 64, 30)
(40363/2, 64, 30)
(20184, 64, 30)
(20186, 52, 23)
(40377/2, 57, 26)
(20189, 59, 27)
(40379/2, 60, 28)
(20190, 52, 23)
(40381/2, 59, 27)
(20191, 60, 28)
(40383/2, 62, 29)
(20192, 60, 28)
(20193, 52, 23)
(20194, 62, 29)
(40389/2, 59, 27)
(20195, 62, 29)
(40391/2, 59, 27)
(20196, 64, 30)
(20197, 60, 28)
(20198, 64, 30)
(40397/2, 67, 32)
(20200, 64, 30)
(20201, 60, 28)
(20201, 64, 30)
(20202, 62, 29)
(20203, 62, 29)
(20204, 60, 28)
(20205, 72, 35)
(40411/2, 74, 36)
(20206, 74, 36)
(40413/2, 72, 35)
(20208, 67, 32)
(40417/2, 69, 33)
(20209, 64, 30)
(20212, 62, 29)
(40425/2, 60, 28)
(20213, 60, 28)
(20213, 53, 24)
(40427/2, 57, 26)
(20214, 57, 26)
(40429/2, 53, 24)
(40431/2, 53, 24)
(20216, 52, 23)
(40433/2, 52, 23)
(20217, 50, 22)
(40435/2, 50, 22)
(20218, 48, 21)
(40437/2, 48, 21)
(20219, 48, 21)
(40439/2, 52, 23)
(40455/2, 56, 25)
(40463/2, 55, 25)
(40471/2, 71, 34)
(80945/4, 67, 32)
(80947/4, 67, 32)
(40479/2, 59, 27)
(40479/2, 60, 28)
(40479/2, 62, 29)
(20240, 62, 29)
(40481/2, 59, 27)
(20241, 59, 27)
(40483/2, 57, 26)
(20242, 57, 26)
(40487/2, 53, 24)
(20244, 52, 23)
(40489/2, 52, 23)
(20245, 53, 24)
(40491/2, 53, 24)
(20246, 53, 24)
(40495/2, 54, 24)
(40511/2, 58, 26)
(40519/2, 57, 26)
(40527/2, 55, 25)
(40531/2, 59, 27)
(40535/2, 60, 28)
(40539/2, 60, 28)
(40539/2, 64, 30)
(40539/2, 67, 32)
(40543/2, 69, 33)
(40547/2, 69, 33)
(40551/2, 76, 37)
(20277, 71, 34)
(40555/2, 67, 32)
(20278, 64, 30)
(40557/2, 59, 27)
(20279, 55, 25)
(40559/2, 57, 26)
(40563/2, 64, 30)
(20282, 65, 31)
(20282, 67, 32)
(40565/2, 64, 30)
(40567/2, 60, 28)
(40567/2, 64, 30)
(40571/2, 64, 30)
(20286, 67, 32)
(40573/2, 64, 30)
(40575/2, 57, 26)
(40579/2, 59, 27)
(40579/2, 62, 29)
(40583/2, 65, 31)
(40587/2, 64, 30)
(20294, 59, 27)
(20294, 60, 28)
(20294, 62, 29)
(20295, 60, 28)
(20296, 64, 30)
(40593/2, 60, 28)
(40593/2, 62, 29)
(20297, 64, 30)
(40595/2, 60, 28)
(40599/2, 54, 24)
(40603/2, 54, 24)
(40607/2, 59, 27)
(40611/2, 76, 37)
(20306, 74, 36)
(40615/2, 74, 36)
(40617/2, 72, 35)
(20309, 71, 34)
(40619/2, 71, 34)
(40621/2, 69, 33)
(20311, 67, 32)
(40623/2, 67, 32)
(20312, 65, 31)
(40625/2, 64, 30)
(20313, 62, 29)
(40627/2, 60, 28)
(40631/2, 60, 28)
(40635/2, 60, 28)
(40635/2, 61, 28)
(40639/2, 59, 27)
(40641/2, 66, 31)
(40645/2, 67, 32)
(40647/2, 64, 30)
(20324, 62, 29)
(81297/4, 60, 28)
(40655/2, 59, 27)
(40657/2, 57, 26)
(20329, 55, 25)
(40659/2, 54, 24)
(20330, 52, 23)
(40663/2, 52, 23)
(40667/2, 52, 23)
(40671/2, 59, 27)
(40677/2, 60, 28)
(20339, 59, 27)
(40679/2, 57, 26)
(40681/2, 69, 33)
(20341, 69, 33)
(40687/2, 53, 24)
(20344, 60, 28)
(20344, 62, 29)
(20345, 62, 29)
(40695/2, 59, 27)
(20349, 59, 27)
(40699/2, 57, 26)
(20350, 55, 25)
(40701/2, 52, 23)
(20351, 53, 24)
(40703/2, 52, 23)
(40705/2, 59, 27)
(20353, 59, 27)
(40711/2, 59, 27)
(40713/2, 59, 27)
(20357, 59, 27)
(40715/2, 59, 27)
(40717/2, 59, 27)
(20359, 59, 27)
(40719/2, 57, 26)
(40721/2, 57, 26)
(20361, 57, 26)
(40723/2, 57, 26)
(40725/2, 57, 26)
(20363, 57, 26)
(40727/2, 57, 26)
(40729/2, 57, 26)
(20365, 57, 26)
(40731/2, 62, 29)
(40733/2, 62, 29)
(20367, 62, 29)
(40735/2, 64, 30)
(40737/2, 59, 27)
(20369, 59, 27)
(40739/2, 59, 27)
(40741/2, 59, 27)
(20371, 59, 27)
(40743/2, 59, 27)
(40745/2, 59, 27)
(20373, 59, 27)
(40747/2, 59, 27)
(40749/2, 59, 27)
(20375, 59, 27)
(40751/2, 57, 26)
(40753/2, 57, 26)
(20377, 57, 26)
(40755/2, 57, 26)
(40757/2, 57, 26)
(40759/2, 57, 26)
(20380, 57, 26)
(40761/2, 57, 26)
(40763/2, 57, 26)
(20382, 57, 26)
(40767/2, 55, 25)
(40775/2, 57, 26)
(40777/2, 57, 26)
(20389, 57, 26)
(40779/2, 57, 26)
(40781/2, 57, 26)
(20391, 57, 26)
(40783/2, 57, 26)
(40785/2, 57, 26)
(20393, 57, 26)
(40787/2, 57, 26)
(40789/2, 57, 26)
(20395, 57, 26)
(40791/2, 58, 27)
(40793/2, 58, 27)
(40795/2, 58, 27)
(40799/2, 62, 29)
(40799/2, 64, 30)
(40805/2, 52, 23)
(40807/2, 64, 30)
(20404, 64, 30)
(40809/2, 64, 30)
(20405, 64, 30)
(40815/2, 60, 28)
(81631/4, 60, 28)
(81633/4, 60, 28)
(40875/2, 70, 34)
(40881/2, 64, 30)
(40887/2, 64, 30)
(40893/2, 62, 29)
(40895/2, 62, 29)
(40897/2, 62, 29)
(40899/2, 58, 27)
(40899/2, 60, 28)
(40899/2, 61, 29)
(40901/2, 61, 29)
(40903/2, 62, 29)
(40911/2, 60, 28)
(40919/2, 58, 27)
(40927/2, 57, 26)
(40935/2, 58, 27)
(40943/2, 57, 26)
(40947/2, 52, 23)
(40951/2, 58, 27)
(40955/2, 52, 23)
(40959/2, 60, 28)
(40963/2, 52, 23)
(40967/2, 58, 27)
(40971/2, 52, 23)
(40975/2, 52, 23)
(40977/2, 52, 23)
(40979/2, 52, 23)
(40981/2, 52, 23)
(40983/2, 52, 23)
(20492, 52, 23)
(20493, 52, 23)
(20494, 52, 23)
(40991/2, 52, 23)
(40991/2, 57, 26)
(40993/2, 52, 23)
(40993/2, 57, 26)
(40995/2, 52, 23)
(40995/2, 57, 26)
(40999/2, 52, 23)
(20500, 52, 23)
(20500, 57, 26)
(20501, 52, 23)
(20501, 57, 26)
(20502, 52, 23)
(20502, 57, 26)
(41011/2, 52, 23)
(82023/4, 52, 24)
(82023/4, 57, 26)
(82025/4, 52, 24)
(82025/4, 57, 26)
(82027/4, 52, 24)
(82027/4, 57, 26)
(41015/2, 53, 24)
(41015/2, 57, 26)
(41017/2, 62, 29)
(41027/2, 58, 27)
(41027/2, 62, 29)
(20514, 58, 27)
(20514, 62, 29)
(41029/2, 58, 27)
(41029/2, 62, 29)
(20515, 58, 27)
(20515, 62, 29)
(41031/2, 58, 27)
(41031/2, 62, 29)
(41043/2, 58, 27)
(41043/2, 60, 28)
(41043/2, 62, 29)
(20522, 64, 30)
(41045/2, 60, 28)
(41045/2, 64, 30)
(20523, 60, 28)
(20523, 64, 30)
(41047/2, 60, 28)
(41047/2, 64, 30)
(41055/2, 57, 26)
(41057/2, 72, 35)
(20530, 69, 33)
(41071/2, 75, 36)
(20537, 69, 33)
(41075/2, 75, 36)
(20539, 69, 33)
(41079/2, 75, 36)
(41087/2, 66, 31)
(41095/2, 65, 31)
(41095/2, 69, 33)
(41107/2, 60, 28)
(20554, 58, 27)
(41111/2, 69, 33)
(20556, 67, 32)
(41113/2, 60, 28)
(41113/2, 62, 29)
(20557, 58, 27)
(41119/2, 57, 26)
(20560, 57, 26)
(20561, 58, 27)
(41123/2, 60, 28)
(41127/2, 62, 29)
(20564, 60, 28)
(41129/2, 58, 27)
(20565, 60, 28)
(41133/2, 58, 27)
(20567, 57, 26)
(41135/2, 58, 27)
(20569, 57, 26)
(41139/2, 55, 25)
(20570, 64, 30)
(41141/2, 67, 32)
(41143/2, 67, 32)
(41145/2, 67, 32)
(41147/2, 69, 33)
(41149/2, 69, 33)
(41151/2, 67, 32)
(41153/2, 60, 28)
(41153/2, 64, 30)
(41159/2, 64, 30)
(20580, 69, 33)
(41167/2, 67, 32)
(20585, 72, 35)
(41175/2, 70, 34)
(20589, 72, 35)
(41179/2, 69, 33)
(20590, 72, 35)
(41181/2, 70, 34)
(20591, 69, 33)
(41183/2, 67, 32)
(41191/2, 52, 23)
(20596, 52, 23)
(41193/2, 52, 23)
(20597, 52, 23)
(41195/2, 52, 23)
(20598, 52, 23)
(41197/2, 52, 23)
(20599, 52, 23)
(41199/2, 52, 23)
(20600, 52, 23)
(41201/2, 52, 23)
(20601, 52, 23)
(41203/2, 52, 23)
(20602, 54, 24)
(41205/2, 55, 25)
(20603, 57, 26)
(41207/2, 58, 27)
(41209/2, 64, 30)
(41211/2, 60, 28)
(41213/2, 57, 26)
(41215/2, 55, 25)
(41219/2, 55, 25)
(41219/2, 64, 30)
(20610, 55, 25)
(20610, 64, 30)
(41223/2, 55, 25)
(41223/2, 64, 30)
(41225/2, 55, 25)
(41225/2, 64, 30)
(20613, 55, 25)
(20613, 64, 30)
(41227/2, 55, 25)
(41227/2, 64, 30)
(41229/2, 55, 25)
(41229/2, 64, 30)
(20615, 55, 25)
(20615, 64, 30)
(41231/2, 60, 28)
(41233/2, 60, 28)
(20617, 60, 28)
(41235/2, 58, 27)
(41241/2, 64, 30)
(41243/2, 64, 30)
(41245/2, 63, 29)
(41247/2, 64, 30)
(20624, 64, 30)
(41249/2, 67, 32)
(20625, 70, 34)
(41251/2, 76, 37)
(20626, 74, 36)
(41253/2, 72, 35)
(20627, 70, 34)
(41255/2, 74, 36)
(20628, 72, 35)
(41257/2, 70, 34)
(20629, 69, 33)
(41259/2, 67, 32)
(20630, 66, 31)
(41261/2, 70, 34)
(20631, 70, 34)
(41263/2, 69, 33)
(20632, 67, 32)
(41265/2, 66, 31)
(20633, 64, 30)
(41267/2, 67, 32)
(20634, 64, 30)
(41269/2, 61, 28)
(20635, 57, 26)
(41271/2, 58, 27)
(20636, 57, 26)
(41273/2, 60, 28)
(20637, 58, 27)
(41275/2, 57, 26)
(20638, 55, 25)
(41277/2, 54, 24)
(20639, 52, 23)
(41279/2, 51, 22)
(41281/2, 52, 23)
(41283/2, 54, 24)
(41285/2, 55, 25)
(41287/2, 57, 26)
(41295/2, 70, 34)
(41303/2, 72, 35)
(41307/2, 70, 34)
(41311/2, 70, 33)
(41315/2, 66, 31)
(41317/2, 68, 32)
(41319/2, 69, 33)
(41323/2, 70, 34)
(41325/2, 69, 33)
(41327/2, 68, 32)
(41329/2, 64, 30)
(41331/2, 66, 31)
(41333/2, 68, 32)
(41335/2, 69, 33)
(41337/2, 70, 34)
(41339/2, 72, 35)
(41341/2, 69, 33)
(41343/2, 66, 31)
(41347/2, 63, 29)
(41349/2, 64, 30)
(41351/2, 65, 31)
(41353/2, 69, 33)
(41355/2, 67, 32)
(41357/2, 65, 31)
(41359/2, 64, 30)
(41363/2, 67, 32)
(41365/2, 64, 30)
(41367/2, 67, 32)
(41369/2, 65, 31)
(41371/2, 64, 30)
(41373/2, 62, 29)
(41375/2, 64, 30)
(41383/2, 70, 34)
(41385/2, 69, 33)
(41387/2, 67, 32)
(41389/2, 64, 30)
(41391/2, 62, 29)
(41395/2, 68, 33)
(41399/2, 67, 32)
(41411/2, 72, 35)
(41415/2, 70, 34)
(41419/2, 69, 33)
(41423/2, 67, 32)
(41427/2, 65, 31)
(41431/2, 64, 30)
(41435/2, 62, 29)
(41439/2, 61, 28)
(41441/2, 62, 29)
(41443/2, 61, 28)
(41445/2, 62, 29)
(41447/2, 64, 30)
(41449/2, 61, 28)
(41451/2, 62, 29)
(41453/2, 64, 30)
(41455/2, 57, 26)
(41459/2, 58, 27)
(41463/2, 58, 27)
(41467/2, 57, 26)
(41471/2, 57, 26)
(41475/2, 56, 25)
(41477/2, 57, 26)
(41479/2, 59, 27)
(41483/2, 60, 28)
(41485/2, 59, 27)
(41487/2, 58, 27)
(41489/2, 57, 26)
(41491/2, 67, 32)
(41495/2, 65, 31)
(41499/2, 68, 33)
(41503/2, 67, 32)
(41511/2, 69, 33)
(41515/2, 70, 34)
(41523/2, 69, 33)
(41527/2, 69, 33)
(41531/2, 65, 31)
(41533/2, 67, 32)
(41535/2, 68, 33)
(41539/2, 70, 34)
(41541/2, 68, 33)
(41543/2, 67, 32)
(20774, 63, 30)
(41549/2, 62, 29)
(20775, 63, 30)
(41551/2, 62, 29)
(20777, 55, 25)
(41555/2, 54, 24)
(20779, 57, 26)
(41559/2, 55, 25)
(20781, 58, 27)
(41563/2, 62, 29)
(20783, 60, 28)
(41567/2, 60, 28)
(20784, 58, 27)
(41569/2, 57, 26)
(20785, 55, 25)
(41571/2, 67, 32)
(41573/2, 67, 32)
(41575/2, 70, 34)
(41577/2, 70, 34)
(41579/2, 74, 36)
(41583/2, 74, 36)
(41585/2, 72, 35)
(41587/2, 72, 35)
(41589/2, 69, 33)
(41591/2, 69, 33)
(41593/2, 72, 35)
(41595/2, 72, 35)
(41597/2, 76, 37)
(41599/2, 76, 37)
(41601/2, 74, 36)
(41603/2, 74, 36)
(41605/2, 72, 35)
(41607/2, 72, 35)
(41609/2, 57, 26)
(41609/2, 70, 34)
(41611/2, 69, 33)
(41613/2, 67, 32)
(41615/2, 65, 31)
(41619/2, 64, 30)
(41621/2, 67, 32)
(41623/2, 62, 29)
(20813, 70, 34)
(41627/2, 69, 33)
(20814, 70, 34)
(41631/2, 69, 33)
(20817, 62, 29)
(20818, 58, 27)
(20818, 60, 28)
(20818, 62, 29)
(20819, 64, 30)
(41639/2, 62, 29)
(20826, 58, 27)
(41653/2, 57, 26)
(20827, 58, 27)
(41655/2, 57, 26)
(41659/2, 69, 33)
(41663/2, 62, 29)
(41667/2, 74, 36)
(20838, 60, 28)
(41677/2, 58, 27)
(20839, 60, 28)
(41679/2, 58, 27)
(41683/2, 70, 34)
(41687/2, 64, 30)
(41699/2, 52, 23)
(41701/2, 50, 22)
(20851, 52, 23)
(41703/2, 53, 24)
(20853, 52, 23)
(41707/2, 53, 24)
(20854, 55, 25)
(20855, 53, 24)
(41711/2, 57, 26)
(20857, 57, 26)
(41715/2, 58, 27)
(20858, 60, 28)
(20859, 50, 22)
(41719/2, 58, 27)
(41721/2, 67, 32)
(20861, 69, 33)
(41727/2, 67, 32)
(41729/2, 69, 33)
(41735/2, 63, 29)
(41737/2, 63, 29)
(20869, 64, 30)
(41739/2, 65, 31)
(41743/2, 62, 29)
(20872, 64, 30)
(41745/2, 69, 33)
(41751/2, 72, 35)
(41753/2, 62, 29)
(41755/2, 74, 36)
(20879, 70, 34)
(41759/2, 72, 35)
(20881, 64, 30)
(41767/2, 57, 26)
(20884, 56, 25)
(41771/2, 58, 27)
(41775/2, 52, 23)
(41779/2, 62, 29)
(41783/2, 60, 28)
(83569/4, 64, 30)
(83571/4, 64, 30)
(41787/2, 67, 32)
(41791/2, 65, 31)
(20897, 69, 33)
(41795/2, 57, 26)
(20899, 60, 28)
(41799/2, 62, 29)
(20900, 62, 29)
(41803/2, 65, 31)
(41807/2, 64, 30)
(20905, 67, 32)
(41811/2, 58, 27)
(41815/2, 57, 26)
(41817/2, 60, 28)
(83637/4, 57, 26)
(83643/4, 60, 28)
(41823/2, 57, 26)
(20913, 62, 29)
(41827/2, 57, 26)
(20915, 62, 29)
(41831/2, 52, 23)
(20916, 57, 26)
(41833/2, 60, 28)
(20917, 64, 30)
(41835/2, 60, 28)
(20918, 60, 28)
(41839/2, 57, 26)
(20920, 60, 28)
(41841/2, 69, 33)
(20921, 65, 31)
(41843/2, 64, 30)
(41847/2, 60, 28)
(20924, 72, 35)
(41849/2, 70, 34)
(20925, 69, 33)
(41851/2, 67, 32)
(20926, 69, 33)
(41855/2, 64, 30)
(20928, 76, 37)
(41857/2, 76, 37)
(125573/6, 74, 36)
(125575/6, 72, 35)
(41859/2, 70, 34)
(41863/2, 76, 37)
(20932, 74, 36)
(41865/2, 70, 34)
(20933, 72, 35)
(41867/2, 70, 34)
(20934, 69, 33)
(41871/2, 69, 33)
(20936, 67, 32)
(41873/2, 64, 30)
(20937, 64, 30)
(41875/2, 60, 28)
(41879/2, 60, 28)
(20940, 62, 29)
(41881/2, 60, 28)
(20941, 58, 27)
(41883/2, 57, 26)
(41887/2, 58, 27)
(20944, 57, 26)
(41889/2, 53, 24)
(20945, 53, 24)
(41891/2, 52, 23)
(20946, 50, 22)
(41895/2, 52, 23)
(41895/2, 55, 25)
(83791/4, 52, 23)
(83791/4, 55, 25)
(20948, 52, 23)
(20948, 55, 25)
(83793/4, 52, 23)
(41897/2, 52, 23)
(41897/2, 55, 25)
(83795/4, 52, 23)
(83795/4, 55, 25)
(20949, 52, 23)
(20949, 55, 25)
(20949, 65, 30)
(41905/2, 52, 23)
(41905/2, 64, 30)
(41911/2, 52, 23)
(41911/2, 55, 25)
(41911/2, 64, 30)
(41921/2, 51, 23)
(41921/2, 55, 25)
(41925/2, 69, 33)
(41927/2, 52, 23)
(41927/2, 55, 25)
(41927/2, 64, 30)
(20964, 64, 30)
(20964, 67, 32)
(20964, 52, 23)
(20964, 55, 25)
(41935/2, 66, 31)
(41935/2, 69, 33)
(41937/2, 52, 23)
(41937/2, 55, 25)
(41943/2, 52, 23)
(41951/2, 48, 21)
(41951/2, 62, 29)
(41953/2, 59, 27)
(41953/2, 62, 29)
(41961/2, 57, 26)
(41967/2, 48, 21)
(41983/2, 50, 22)
(41985/2, 51, 22)
(41987/2, 52, 23)
(20996, 52, 23)
(41993/2, 60, 28)
(20998, 52, 23)
(41997/2, 62, 29)
(21000, 57, 26)
(42001/2, 52, 23)
(21002, 59, 27)
(42005/2, 52, 23)
(21004, 57, 26)
(42009/2, 52, 23)
(21006, 57, 26)
(42013/2, 67, 32)
(21008, 57, 26)
(42017/2, 66, 31)
(21010, 57, 26)
(42021/2, 64, 30)
(42023/2, 57, 26)
(21012, 59, 27)
(42025/2, 57, 26)
(21013, 59, 27)
(42027/2, 57, 26)
(21014, 59, 27)
(42029/2, 57, 26)
(21015, 59, 27)
(42031/2, 57, 26)
(21016, 60, 28)
(42033/2, 57, 26)
(21017, 60, 28)
(42035/2, 57, 26)
(21018, 61, 28)
(42037/2, 57, 26)
(21019, 61, 28)
(42039/2, 57, 26)
(21020, 62, 29)
(42041/2, 57, 26)
(21021, 62, 29)
(42043/2, 57, 26)
(21022, 60, 28)
(42045/2, 57, 26)
(21023, 60, 28)
(42047/2, 59, 27)
(21024, 60, 28)
(42049/2, 59, 27)
(21025, 57, 26)
(42051/2, 64, 30)
(42053/2, 74, 36)
(42055/2, 74, 36)
(21028, 72, 35)
(42057/2, 71, 34)
(21029, 69, 33)
(42059/2, 76, 37)
(21030, 74, 36)
(42061/2, 72, 35)
(21031, 71, 34)
(42063/2, 76, 37)
(42067/2, 59, 27)
(21034, 64, 30)
(42069/2, 59, 27)
(21035, 64, 30)
(42071/2, 57, 26)
(21036, 64, 30)
(42073/2, 57, 26)
(21037, 64, 30)
(42075/2, 62, 29)
(21038, 61, 28)
(42077/2, 59, 27)
(21039, 57, 26)
(42079/2, 67, 32)
(21040, 66, 31)
(42081/2, 64, 30)
(21041, 62, 29)
(42083/2, 70, 34)
(42085/2, 70, 34)
(42087/2, 70, 34)
(42093/2, 70, 34)
(42095/2, 70, 34)
(21048, 69, 33)
(42097/2, 67, 32)
(21049, 66, 31)
(42099/2, 74, 36)
(42101/2, 74, 36)
(42103/2, 74, 36)
(42103/2, 57, 26)
(42143/2, 50, 22)
(42143/2, 67, 32)
(42151/2, 52, 23)
(42159/2, 54, 24)
(42199/2, 54, 24)
(42215/2, 54, 24)
(42233/2, 59, 27)
(126701/6, 60, 28)
(42235/2, 62, 29)
(42239/2, 59, 27)
(42241/2, 59, 27)
(21121, 60, 28)
(42243/2, 62, 29)
(42247/2, 62, 29)
(42249/2, 57, 26)
(21125, 59, 27)
(42251/2, 60, 28)
(42255/2, 62, 29)
(42257/2, 57, 26)
(21129, 59, 27)
(42259/2, 60, 28)
(42263/2, 56, 25)
(42271/2, 57, 26)
(42279/2, 55, 25)
(42287/2, 54, 24)
(42293/2, 50, 22)
(42295/2, 52, 23)
(42297/2, 52, 23)
(21149, 52, 23)
(42299/2, 52, 23)
(42301/2, 52, 23)
(21151, 52, 23)
(42303/2, 52, 23)
(42305/2, 52, 23)
(21153, 52, 23)
(42307/2, 52, 23)
(42309/2, 52, 23)
(21155, 52, 23)
(42311/2, 52, 23)
(42313/2, 52, 23)
(21157, 52, 23)
(42315/2, 52, 23)
(42317/2, 52, 23)
(21159, 52, 23)
(42319/2, 52, 23)
(42321/2, 52, 23)
(21161, 52, 23)
(42323/2, 52, 23)
(42325/2, 52, 23)
(21163, 52, 23)
(42327/2, 52, 23)
(42329/2, 52, 23)
(21165, 52, 23)
(42331/2, 52, 23)
(42333/2, 52, 23)
(21167, 52, 23)
(42335/2, 52, 23)
(42337/2, 52, 23)
(21169, 52, 23)
(42339/2, 52, 23)
(42341/2, 52, 23)
(21171, 52, 23)
(42343/2, 52, 23)
(42345/2, 52, 23)
(21173, 52, 23)
(42347/2, 52, 23)
(42349/2, 52, 23)
(21175, 52, 23)
(42351/2, 52, 23)
(42353/2, 52, 23)
(21177, 52, 23)
(42355/2, 52, 23)
(42357/2, 52, 23)
(21179, 52, 23)
(42359/2, 52, 23)
(42359/2, 55, 25)
(42361/2, 52, 23)
(21181, 52, 23)
(21181, 55, 25)
(42363/2, 52, 23)
(42363/2, 55, 25)
(42365/2, 52, 23)
(42365/2, 55, 25)
(21183, 52, 23)
(21183, 55, 25)
(42367/2, 54, 24)
(42369/2, 54, 24)
(21185, 54, 24)
(42371/2, 54, 24)
(42373/2, 54, 24)
(21187, 54, 24)
(42375/2, 54, 24)
(42375/2, 57, 26)
(42377/2, 54, 24)
(42377/2, 57, 26)
(21189, 54, 24)
(21189, 57, 26)
(42379/2, 54, 24)
(42379/2, 57, 26)
(42381/2, 54, 24)
(42381/2, 57, 26)
(21191, 54, 24)
(21191, 57, 26)
(42383/2, 52, 23)
(42383/2, 55, 25)
(42385/2, 52, 23)
(21193, 52, 23)
(21193, 55, 25)
(42387/2, 52, 23)
(42389/2, 52, 23)
(21195, 52, 23)
(42391/2, 57, 26)
(21196, 57, 26)
(42393/2, 57, 26)
(21197, 57, 26)
(42395/2, 57, 26)
(21198, 57, 26)
(42397/2, 57, 26)
(21199, 57, 26)
(42399/2, 57, 26)
(21200, 57, 26)
(42401/2, 57, 26)
(21201, 57, 26)
(42403/2, 57, 26)
(21202, 57, 26)
(42405/2, 57, 26)
(21203, 57, 26)
(42407/2, 57, 26)
(21204, 57, 26)
(42409/2, 57, 26)
(21205, 57, 26)
(42411/2, 57, 26)
(21206, 57, 26)
(42413/2, 57, 26)
(21207, 57, 26)
(42415/2, 57, 26)
(21208, 57, 26)
(42417/2, 57, 26)
(21209, 57, 26)
(42419/2, 54, 24)
(21210, 54, 24)
(42421/2, 54, 24)
(21211, 54, 24)
(42423/2, 59, 27)
(42435/2, 69, 33)
(21218, 74, 36)
(42439/2, 76, 37)
(42443/2, 52, 23)
(42445/2, 54, 24)
(21223, 55, 25)
(42447/2, 54, 24)
(42449/2, 57, 26)
(21225, 57, 26)
(42451/2, 58, 27)
(42455/2, 57, 26)
(42457/2, 54, 24)
(42459/2, 52, 23)
(42463/2, 64, 30)
(42465/2, 62, 29)
(21233, 60, 28)
(42467/2, 59, 27)
(21234, 62, 29)
(42469/2, 60, 28)
(21235, 59, 27)
(42471/2, 57, 26)
(42473/2, 59, 27)
(21237, 60, 28)
(42475/2, 62, 29)
(21238, 60, 28)
(42479/2, 64, 30)
(21240, 62, 29)
(42481/2, 60, 28)
(21241, 64, 30)
(42487/2, 69, 33)
(42491/2, 72, 35)
(42493/2, 71, 34)
(42495/2, 69, 33)
(21249, 71, 34)
(42503/2, 69, 33)
(42537/2, 52, 23)
(42537/2, 57, 26)
(21269, 52, 23)
(21269, 57, 26)
(42539/2, 52, 23)
(42539/2, 57, 26)
(42541/2, 52, 23)
(42541/2, 57, 26)
(21271, 52, 23)
(21271, 57, 26)
(42543/2, 52, 23)
(42543/2, 60, 28)
(42545/2, 52, 23)
(42545/2, 60, 28)
(21273, 52, 23)
(21273, 60, 28)
(42547/2, 52, 23)
(42547/2, 60, 28)
(42549/2, 52, 23)
(42549/2, 60, 28)
(21275, 52, 23)
(21275, 60, 28)
(42551/2, 54, 24)
(42553/2, 56, 26)
(42555/2, 60, 28)
(42559/2, 54, 24)
(42561/2, 57, 26)
(42563/2, 60, 28)
(42567/2, 54, 24)
(42567/2, 57, 26)
(42569/2, 54, 24)
(42569/2, 57, 26)
(21285, 54, 24)
(21285, 57, 26)
(42579/2, 52, 23)
(42579/2, 57, 26)
(42583/2, 57, 26)
(21293, 64, 30)
(42587/2, 69, 33)
(21294, 66, 31)
(21294, 67, 32)
(21294, 69, 33)
(42589/2, 69, 33)
(21295, 64, 30)
(42591/2, 67, 32)
(21296, 60, 28)
(42593/2, 64, 30)
(21297, 64, 30)
(42599/2, 60, 28)
(21300, 57, 26)
(42601/2, 60, 28)
(21301, 57, 26)
(42603/2, 54, 24)
(21302, 51, 22)
(42607/2, 52, 23)
(21305, 54, 24)
(42611/2, 62, 29)
(21306, 60, 28)
(42613/2, 59, 27)
(21307, 57, 26)
(21308, 64, 30)
(42617/2, 64, 30)
(21310, 69, 33)
(42621/2, 69, 33)
(42623/2, 69, 33)
(42627/2, 64, 30)
(21314, 72, 35)
(42631/2, 76, 37)
(127901/6, 64, 30)
(42639/2, 52, 23)
(42643/2, 52, 23)
(85287/4, 52, 23)
(21322, 52, 23)
(85289/4, 52, 23)
(42645/2, 52, 23)
(85291/4, 52, 23)
(21323, 52, 23)
(42647/2, 62, 29)
(42647/2, 66, 31)
(42655/2, 52, 23)
(42655/2, 62, 29)
(42655/2, 66, 31)
(42679/2, 54, 24)
(42679/2, 62, 29)
(42679/2, 66, 31)
(42695/2, 69, 33)
(21348, 56, 25)
(21348, 69, 33)
(42703/2, 57, 26)
(21352, 57, 26)
(42705/2, 57, 26)
(21353, 57, 26)
(42707/2, 57, 26)
(21354, 57, 26)
(42709/2, 57, 26)
(21355, 57, 26)
(42711/2, 57, 26)
(42719/2, 57, 26)
(42723/2, 57, 26)
(42723/2, 67, 32)
(42727/2, 55, 25)
(42735/2, 52, 23)
(42739/2, 52, 23)
(128221/6, 52, 23)
(128225/6, 52, 23)
(42743/2, 48, 21)
(42745/2, 48, 21)
(42747/2, 48, 21)
(42749/2, 48, 21)
(42751/2, 50, 22)
(42755/2, 50, 22)
(42759/2, 51, 22)
(42763/2, 51, 22)
(42767/2, 52, 23)
(42767/2, 60, 28)
(42783/2, 59, 27)
(42791/2, 52, 23)
(42791/2, 57, 26)
(42799/2, 56, 25)
(42807/2, 57, 26)
(42815/2, 59, 27)
(42823/2, 57, 26)
(42831/2, 52, 23)
(42831/2, 57, 26)
(42863/2, 57, 26)
(42953/2, 52, 23)
(42959/2, 50, 22)
(42965/2, 52, 23)
(42967/2, 50, 22)
(42971/2, 49, 21)
(21487, 50, 22)
(42975/2, 50, 22)
(42977/2, 50, 22)
(42979/2, 49, 21)
(21491, 57, 26)
(42983/2, 62, 29)
(42987/2, 64, 30)
(42989/2, 69, 33)
(42993/2, 57, 26)
(42995/2, 69, 33)
(21498, 67, 32)
(42997/2, 69, 33)
(43001/2, 69, 33)
(86007/4, 59, 27)
(43013/2, 64, 30)
(43013/2, 71, 34)
(43017/2, 64, 30)
(43025/2, 57, 26)
(21513, 56, 25)
(43027/2, 59, 27)
(43033/2, 59, 27)
(43035/2, 59, 27)
(21518, 57, 26)
(43041/2, 56, 25)
(43043/2, 64, 30)
(43045/2, 62, 29)
(43049/2, 66, 31)
(43055/2, 64, 30)
(21528, 59, 27)
(21529, 57, 26)
(43063/2, 68, 32)
(21532, 69, 33)
(43075/2, 69, 33)
(43079/2, 54, 24)
(21540, 52, 23)
(43081/2, 55, 25)
(43085/2, 54, 24)
(21543, 52, 23)
(43087/2, 55, 25)
(43091/2, 54, 24)
(43093/2, 52, 23)
(43099/2, 52, 23)
(43099/2, 57, 26)
(43107/2, 61, 28)
(30000, 37, 14)
(30000, 46, 20)
(120001/4, 37, 14)
(120001/4, 46, 20)
(60001/2, 37, 14)
(60001/2, 46, 20)
(120003/4, 37, 14)
(120003/4, 46, 20)
(30001, 37, 14)
(30001, 46, 20)
(120005/4, 37, 14)
(120005/4, 46, 20)
(60003/2, 37, 14)
(60003/2, 46, 20)
(120007/4, 37, 14)
(120007/4, 46, 20)
(30004, 37, 14)
(30004, 46, 20)
(30004, 57, 26)
(30006, 37, 14)
(30006, 46, 20)
(30006, 55, 25)
(60017/2, 36, 14)
(60017/2, 47, 20)
(30012, 36, 14)
(30012, 46, 20)
(30014, 60, 28)
(60029/2, 62, 29)
(30016, 37, 14)
(30016, 47, 20)
(30018, 37, 14)
(30018, 43, 18)
(30018, 47, 20)
(30020, 37, 14)
(30020, 46, 20)
(30022, 37, 14)
(30022, 40, 16)
(30022, 46, 20)
(30024, 37, 14)
(30024, 47, 20)
(30026, 57, 26)
(30026, 60, 28)
(30028, 36, 14)
(30028, 41, 17)
(30028, 46, 20)
(30028, 60, 28)
(30030, 36, 14)
(30030, 46, 20)
(30030, 60, 28)
(30032, 38, 15)
(30040, 50, 22)
(30048, 60, 28)
(30049, 40, 16)
(30049, 48, 21)
(30051, 60, 28)
(30052, 40, 16)
(30052, 56, 26)
(30056, 40, 16)
(30056, 48, 21)
(30058, 62, 29)
(30060, 40, 16)
(30060, 48, 21)
(30060, 57, 26)
(120241/4, 40, 16)
(120241/4, 60, 28)
(30068, 47, 20)
(60137/2, 52, 23)
(30072, 36, 14)
(30074, 52, 23)
(60149/2, 52, 23)
(30076, 35, 13)
(30076, 40, 16)
(30080, 36, 14)
(30088, 38, 15)
(30088, 38, 15)
(30096, 43, 18)
(30098, 43, 18)
(30112, 52, 23)
(60225/2, 47, 20)
(30116, 52, 23)
(60233/2, 45, 19)
(120469/4, 52, 23)
(30120, 52, 23)
(60241/2, 49, 21)
(30124, 50, 22)
(60251/2, 53, 24)
(30126, 52, 23)
(30128, 47, 20)
(30130, 41, 17)
(30132, 40, 16)
(30134, 43, 18)
(30136, 54, 24)
(30148, 52, 23)
(60297/2, 47, 20)
(30150, 52, 23)
(60301/2, 48, 21)
(30152, 52, 23)
(30153, 50, 22)
(60307/2, 47, 20)
(30156, 50, 22)
(30167, 61, 28)
(30168, 62, 29)
(30169, 60, 28)
(30170, 59, 27)
(30171, 57, 26)
(30172, 55, 25)
(30173, 62, 29)
(30174, 40, 16)
(30176, 52, 23)
(60353/2, 47, 20)
(30178, 52, 23)
(30180, 48, 21)
(30182, 38, 15)
(30184, 52, 23)
(60369/2, 50, 22)
(30186, 52, 23)
(30188, 48, 21)
(60379/2, 52, 23)
(30190, 44, 18)
(60383/2, 52, 23)
(30192, 52, 23)
(60385/2, 47, 20)
(30194, 52, 23)
(30196, 48, 21)
(60395/2, 45, 19)
(30198, 38, 15)
(30200, 52, 23)
(30201, 52, 23)
(30220, 44, 18)
(60441/2, 44, 18)
(30221, 44, 18)
(60443/2, 44, 18)
(30224, 43, 18)
(60449/2, 43, 18)
(30225, 45, 19)
(60451/2, 43, 18)
(30226, 43, 18)
(30228, 41, 17)
(60457/2, 41, 17)
(30229, 45, 19)
(60459/2, 41, 17)
(30230, 41, 17)
(60461/2, 45, 19)
(30232, 40, 16)
(60465/2, 45, 19)
(30233, 40, 16)
(60467/2, 45, 19)
(30234, 40, 16)
(60469/2, 45, 19)
(30235, 40, 16)
(60471/2, 45, 19)
(30240, 62, 29)
(30248, 47, 20)
(60497/2, 48, 21)
(30249, 48, 21)
(60499/2, 47, 20)
(30250, 47, 20)
(60501/2, 48, 21)
(30251, 48, 21)
(60503/2, 47, 20)
(30252, 47, 20)
(60505/2, 47, 20)
(30253, 45, 19)
(60507/2, 47, 20)
(30254, 47, 20)
(30256, 43, 18)
(60513/2, 45, 19)
(30257, 45, 19)
(60515/2, 43, 18)
(30258, 43, 18)
(60517/2, 45, 19)
(30259, 45, 19)
(60519/2, 43, 18)
(30260, 41, 17)
(60521/2, 43, 18)
(30261, 43, 18)
(60523/2, 41, 17)
(30262, 41, 17)
(60525/2, 43, 18)
(30263, 43, 18)
(60527/2, 41, 17)
(30264, 40, 16)
(60529/2, 43, 18)
(30265, 47, 20)
(60531/2, 52, 23)
(30266, 52, 23)
(60533/2, 50, 22)
(30267, 48, 21)
(60535/2, 47, 20)
(30268, 45, 19)
(60537/2, 56, 26)
(30269, 53, 24)
(30272, 48, 21)
(30272, 50, 22)
(30272, 52, 23)
(60545/2, 53, 24)
(30273, 57, 26)
(60547/2, 63, 29)
(30274, 63, 29)
(60549/2, 58, 27)
(30276, 45, 19)
(60553/2, 47, 20)
(30277, 48, 21)
(60555/2, 59, 27)
(30278, 64, 30)
(60557/2, 64, 30)
(30279, 64, 30)
(30280, 64, 30)
(60561/2, 69, 33)
(30281, 69, 33)
(60563/2, 72, 35)
(30284, 57, 26)
(60569/2, 69, 33)
(30285, 72, 35)
(30285, 59, 27)
(30288, 60, 28)
(60577/2, 64, 30)
(30289, 64, 30)
(60579/2, 64, 31)
(30290, 64, 31)
(30292, 60, 28)
(60585/2, 64, 30)
(30293, 64, 30)
(60587/2, 64, 30)
(60587/2, 65, 31)
(30294, 65, 31)
(30296, 57, 26)
(60593/2, 64, 30)
(30297, 64, 30)
(30297, 65, 31)
(60595/2, 65, 31)
(30300, 60, 28)
(60601/2, 64, 30)
(30301, 64, 30)
(60603/2, 67, 32)
(30302, 67, 32)
(60605/2, 64, 30)
(30303, 64, 30)
(30303, 65, 31)
(30303, 67, 32)
(60607/2, 67, 32)
(30304, 65, 31)
(30305, 71, 34)
(30307, 72, 35)
(60615/2, 71, 34)
(30308, 71, 34)
(30309, 69, 33)
(60619/2, 67, 32)
(60623/2, 67, 32)
(30312, 64, 30)
(60625/2, 60, 28)
(60627/2, 59, 27)
(30316, 57, 26)
(30318, 58, 26)
(30320, 59, 27)
(30321, 62, 29)
(30323, 64, 30)
(30324, 62, 29)
(30325, 60, 28)
(60651/2, 59, 27)
(30326, 59, 27)
(121305/4, 57, 26)
(30328, 55, 25)
(60657/2, 52, 23)
(30329, 52, 23)
(60659/2, 50, 22)
(30330, 48, 21)
(30332, 48, 21)
(30334, 48, 21)
(30336, 47, 20)
(30337, 59, 27)
(30340, 57, 26)
(30341, 57, 26)
(60683/2, 53, 24)
(60685/2, 57, 26)
(30344, 53, 24)
(30345, 53, 24)
(60691/2, 52, 23)
(30346, 48, 21)
(30346, 50, 22)
(30346, 52, 23)
(30347, 50, 22)
(60695/2, 48, 21)
(30348, 47, 20)
(60699/2, 47, 20)
(30350, 43, 18)
(30351, 43, 18)
(60703/2, 42, 17)
(30352, 52, 23)
(60707/2, 52, 23)
(30355, 52, 23)
(60711/2, 52, 23)
(30356, 52, 23)
(60713/2, 52, 23)
(30357, 52, 23)
(30360, 52, 23)
(60723/2, 52, 23)
(30362, 52, 23)
(60725/2, 52, 23)
(60727/2, 52, 23)
(30364, 50, 22)
(30365, 50, 22)
(60731/2, 50, 22)
(30366, 47, 20)
(30367, 47, 20)
(60735/2, 47, 20)
(30368, 40, 16)
(30369, 52, 23)
(60739/2, 52, 23)
(30370, 52, 23)
(30371, 52, 23)
(60743/2, 52, 23)
(30372, 52, 23)
(60747/2, 52, 23)
(30374, 52, 23)
(30375, 52, 23)
(60751/2, 52, 23)
(30376, 52, 23)
(60755/2, 52, 23)
(30379, 52, 23)
(30380, 50, 22)
(60761/2, 50, 22)
(30381, 50, 22)
(30382, 50, 22)
(30384, 50, 22)
(60771/2, 50, 22)
(30386, 50, 22)
(30387, 50, 22)
(30388, 48, 21)
(30389, 48, 21)
(60779/2, 48, 21)
(30390, 48, 21)
(30391, 48, 21)
(60783/2, 48, 21)
(30392, 48, 21)
(60785/2, 48, 21)
(30393, 48, 21)
(30396, 46, 20)
(30397, 46, 20)
(60795/2, 46, 20)
(30398, 46, 20)
(30399, 46, 20)
(60799/2, 46, 20)
(30400, 45, 19)
(30401, 45, 19)
(60803/2, 45, 19)
(30404, 43, 18)
(60809/2, 43, 18)
(30405, 43, 18)
(60811/2, 43, 18)
(30406, 43, 18)
(60813/2, 43, 18)
(30408, 42, 17)
(30409, 42, 17)
(30452, 64, 30)
(30456, 69, 33)
(30460, 70, 34)
(30464, 72, 35)
(30468, 70, 34)
(30472, 48, 21)
(30476, 46, 20)
(30480, 45, 19)
(30484, 42, 17)
(30485, 43, 18)
(30486, 40, 16)
(30488, 36, 14)
(30489, 48, 21)
(30490, 48, 21)
(30491, 48, 21)
(30492, 48, 21)
(30493, 48, 21)
(30494, 48, 21)
(30495, 48, 21)
(30496, 50, 22)
(60993/2, 48, 21)
(60995/2, 48, 21)
(30500, 49, 21)
(30501, 49, 21)
(30502, 49, 21)
(30503, 49, 21)
(30506, 50, 22)
(30506, 52, 23)
(61013/2, 50, 22)
(30507, 50, 22)
(61015/2, 50, 22)
(30508, 50, 22)
(30508, 52, 23)
(30514, 53, 24)
(30514, 57, 26)
(61029/2, 55, 25)
(30515, 55, 25)
(61031/2, 55, 25)
(30522, 57, 26)
(61045/2, 57, 26)
(30523, 57, 26)
(61047/2, 57, 26)
(61049/2, 52, 23)
(30528, 69, 33)
(61057/2, 57, 26)
(30529, 69, 33)
(61059/2, 69, 33)
(30530, 69, 33)
(61061/2, 69, 33)
(30531, 69, 33)
(61063/2, 69, 33)
(30532, 69, 33)
(61065/2, 57, 26)
(30533, 69, 33)
(61067/2, 69, 33)
(30534, 67, 32)
(61069/2, 69, 33)
(30535, 69, 33)
(61071/2, 69, 33)
(30536, 72, 35)
(61073/2, 72, 35)
(30537, 72, 35)
(61075/2, 72, 35)
(30538, 72, 35)
(61077/2, 72, 35)
(30539, 72, 35)
(30540, 72, 35)
(61081/2, 57, 26)
(30541, 72, 35)
(61083/2, 72, 35)
(30542, 72, 35)
(61085/2, 72, 35)
(30543, 72, 35)
(30544, 72, 35)
(61089/2, 70, 34)
(122181/4, 69, 33)
(122183/4, 66, 31)
(122185/4, 66, 31)
(122187/4, 60, 28)
(30548, 67, 32)
(61097/2, 69, 33)
(122197/4, 64, 30)
(122199/4, 65, 31)
(122201/4, 58, 27)
(122201/4, 60, 28)
(30552, 65, 31)
(61105/2, 65, 31)
(30553, 60, 28)
(30553, 64, 30)
(122213/4, 58, 27)
(61107/2, 62, 29)
(61111/2, 58, 27)
(61111/2, 60, 28)
(61111/2, 62, 29)
(30556, 55, 25)
(30556, 57, 26)
(30556, 58, 27)
(61113/2, 55, 25)
(30557, 53, 24)
(61115/2, 52, 23)
(30558, 50, 22)
(30558, 46, 20)
(61117/2, 48, 21)
(30560, 40, 16)
(61123/2, 42, 17)
(30562, 42, 17)
(61127/2, 43, 18)
(30564, 46, 20)
(61129/2, 46, 20)
(30565, 48, 21)
(30568, 46, 20)
(30569, 50, 22)
(61139/2, 50, 22)
(30572, 58, 27)
(30573, 58, 27)
(30574, 58, 27)
(30576, 52, 23)
(30578, 52, 23)
(30580, 43, 18)
(30582, 52, 23)
(30584, 40, 16)
(30588, 46, 20)
(30589, 43, 18)
(61179/2, 46, 20)
(30592, 48, 21)
(30593, 48, 21)
(61187/2, 48, 21)
(30594, 48, 21)
(30595, 48, 21)
(61191/2, 48, 21)
(30596, 46, 20)
(30597, 46, 20)
(61195/2, 46, 20)
(30598, 46, 20)
(30599, 46, 20)
(61199/2, 46, 20)
(30600, 45, 19)
(30601, 45, 19)
(61203/2, 45, 19)
(30602, 43, 18)
(30605, 48, 21)
(30606, 45, 19)
(30607, 46, 20)
(30608, 40, 16)
(30609, 52, 23)
(61219/2, 52, 23)
(30610, 52, 23)
(30611, 52, 23)
(61223/2, 52, 23)
(30612, 50, 22)
(30613, 50, 22)
(61227/2, 50, 22)
(30614, 50, 22)
(30615, 50, 22)
(61231/2, 50, 22)
(30616, 48, 21)
(30617, 48, 21)
(61235/2, 48, 21)
(30618, 43, 18)
(30621, 43, 18)
(30622, 45, 19)
(30623, 46, 20)
(30624, 40, 16)
(30625, 55, 25)
(61251/2, 58, 27)
(30626, 64, 30)
(61253/2, 62, 29)
(30627, 60, 28)
(61255/2, 58, 27)
(30628, 62, 29)
(61257/2, 60, 28)
(30629, 58, 27)
(61259/2, 57, 26)
(30630, 55, 25)
(61261/2, 54, 24)
(30631, 58, 27)
(61263/2, 58, 27)
(30632, 57, 26)
(91897/3, 55, 25)
(91898/3, 54, 24)
(30633, 52, 23)
(30634, 55, 25)
(61269/2, 52, 23)
(30635, 49, 21)
(61271/2, 46, 19)
(30636, 46, 20)
(61273/2, 45, 19)
(30637, 48, 21)
(61275/2, 46, 20)
(30638, 45, 19)
(61277/2, 43, 18)
(30639, 42, 17)
(61279/2, 40, 16)
(30640, 39, 15)
(30641, 40, 16)
(30642, 42, 17)
(30643, 43, 18)
(30644, 45, 19)
(30646, 46, 20)
(30648, 40, 16)
(30649, 52, 23)
(61405/2, 38, 15)
(30703, 36, 14)
(61407/2, 38, 15)
(30704, 36, 14)
(61453/2, 40, 16)
(30727, 38, 15)
(61455/2, 40, 16)
(30728, 38, 15)
(61469/2, 38, 15)
(30735, 40, 16)
(61471/2, 38, 15)
(30736, 40, 16)
(61485/2, 44, 18)
(30743, 45, 19)
(61487/2, 44, 18)
(30744, 45, 19)
(61491/2, 45, 19)
(30746, 46, 20)
(61493/2, 45, 19)
(30748, 46, 20)
(61501/2, 47, 20)
(30751, 48, 21)
(61503/2, 47, 20)
(30752, 48, 21)
(61509/2, 49, 21)
(30755, 50, 22)
(61511/2, 49, 21)
(30756, 50, 22)
(30757, 52, 23)
(30758, 38, 15)
(30761, 52, 23)
(61533/2, 48, 21)
(30767, 46, 20)
(61535/2, 48, 21)
(30768, 46, 20)
(61539/2, 47, 20)
(30770, 48, 21)
(61541/2, 47, 20)
(30772, 48, 21)
(30776, 38, 15)
(30778, 39, 16)
(30784, 40, 16)
(61571/2, 38, 15)
(30786, 40, 16)
(61573/2, 38, 15)
(30788, 40, 16)
(61581/2, 40, 16)
(30791, 41, 17)
(61583/2, 40, 16)
(30792, 41, 17)
(61589/2, 41, 17)
(30795, 42, 17)
(30796, 42, 17)
(61595/2, 42, 17)
(30798, 43, 18)
(61597/2, 42, 17)
(30800, 43, 18)
(30808, 45, 19)
(61635/2, 58, 27)
(30818, 57, 26)
(30820, 50, 22)
(61641/2, 55, 25)
(30822, 58, 27)
(30824, 54, 24)
(61661/2, 40, 17)
(30831, 43, 18)
(61663/2, 40, 17)
(30832, 43, 18)
(61665/2, 41, 17)
(30833, 43, 18)
(61667/2, 41, 17)
(30834, 43, 18)
(30836, 56, 25)
(30836, 58, 27)
(61685/2, 44, 18)
(30843, 45, 19)
(61687/2, 44, 18)
(30844, 48, 21)
(61689/2, 46, 20)
(30846, 50, 22)
(30848, 48, 21)
(61699/2, 52, 23)
(30850, 37, 14)
(61703/2, 40, 16)
(61707/2, 41, 17)
(123417/4, 40, 16)
(30856, 41, 17)
(61715/2, 40, 16)
(30860, 50, 22)
(30861, 62, 29)
(61723/2, 64, 30)
(30864, 50, 22)
(30865, 62, 29)
(61731/2, 64, 30)
(30866, 65, 31)
(30868, 46, 20)
(30871, 58, 27)
(30872, 46, 20)
(30875, 46, 20)
(30876, 40, 16)
(61753/2, 41, 17)
(30877, 40, 16)
(61755/2, 41, 17)
(30878, 40, 16)
(30880, 40, 16)
(61761/2, 41, 17)
(30881, 40, 16)
(61763/2, 41, 17)
(30882, 40, 16)
(30884, 52, 23)
(61769/2, 52, 23)
(30886, 52, 23)
(61773/2, 52, 23)
(30888, 52, 23)
(61779/2, 44, 18)
(30891, 46, 20)
(30892, 48, 21)
(61785/2, 46, 20)
(123573/4, 52, 23)
(30896, 50, 22)
(61795/2, 53, 24)
(30898, 40, 17)
(30900, 43, 18)
(61803/2, 46, 20)
(30902, 46, 20)
(61807/2, 50, 22)
(30904, 52, 23)
(30905, 52, 23)
(30908, 53, 24)
(61819/2, 57, 26)
(30910, 53, 24)
(61823/2, 57, 26)
(30912, 53, 24)
(61827/2, 57, 26)
(30914, 53, 24)
(61831/2, 57, 26)
(30916, 64, 30)
(61833/2, 62, 29)
(30917, 58, 27)
(61835/2, 60, 28)
(30920, 57, 26)
(30938, 53, 24)
(61877/2, 50, 22)
(30940, 53, 24)
(61881/2, 52, 23)
(30941, 50, 22)
(61883/2, 50, 22)
(30942, 46, 20)
(61885/2, 45, 19)
(30944, 46, 20)
(61889/2, 43, 18)
(30945, 41, 17)
(61891/2, 41, 17)
(30946, 40, 16)
(61893/2, 38, 15)
(30948, 36, 14)
(30948, 46, 20)
(123793/4, 46, 20)
(61897/2, 46, 20)
(123795/4, 46, 20)
(123795/4, 50, 22)
(30949, 46, 20)
(30956, 36, 14)
(30956, 59, 27)
(30960, 37, 14)
(30960, 46, 20)
(30964, 36, 14)
(30964, 46, 20)
(30966, 36, 14)
(30966, 42, 17)
(30966, 46, 20)
(30966, 57, 26)
(30968, 37, 14)
(30968, 42, 17)
(30968, 46, 20)
(30968, 57, 26)
(30969, 37, 14)
(30969, 46, 20)
(30972, 36, 14)
(30976, 40, 16)
(30978, 38, 15)
(30980, 48, 21)
(30980, 50, 22)
(30980, 52, 23)
(30981, 48, 21)
(30984, 42, 17)
(30984, 52, 23)
(30984, 55, 25)
(30986, 42, 17)
(30988, 42, 17)
(30988, 55, 25)
(30990, 42, 17)
(30992, 43, 18)
(30994, 43, 18)
(123977/4, 43, 18)
(61989/2, 43, 18)
(123979/4, 43, 18)
(30995, 44, 18)
(123981/4, 44, 18)
(61991/2, 44, 18)
(123983/4, 44, 18)
(30996, 45, 19)
(61995/2, 52, 23)
(30998, 47, 20)
(61999/2, 52, 23)
(31000, 48, 21)
(62003/2, 52, 23)
(31002, 44, 18)
(62007/2, 52, 23)
(31004, 45, 19)
(62011/2, 52, 23)
(31006, 45, 19)
(31008, 50, 22)
(62019/2, 54, 24)
(31010, 48, 21)
(62023/2, 52, 23)
(31012, 47, 20)
(31014, 42, 17)
(31016, 40, 16)
(31018, 43, 18)
(31020, 42, 17)
(31022, 54, 24)
(31024, 53, 24)
(31026, 52, 23)
(31027, 40, 16)
(31028, 45, 19)
(62059/2, 52, 23)
(31030, 47, 20)
(62063/2, 52, 23)
(31032, 48, 21)
(31034, 64, 30)
(62071/2, 62, 29)
(31036, 62, 29)
(62073/2, 60, 28)
(31037, 59, 27)
(62075/2, 57, 26)
(31038, 69, 33)
(31039, 69, 33)
(31040, 69, 33)
(31043, 69, 33)
(31044, 67, 32)
(62089/2, 67, 32)
(31045, 66, 31)
(62091/2, 64, 30)
(31046, 72, 35)
(31047, 72, 35)
(31048, 72, 35)
(31053, 72, 35)
(31054, 70, 34)
(31055, 69, 33)
(31056, 67, 32)
(31057, 66, 31)
(31058, 64, 30)
(31059, 66, 31)
(31060, 64, 30)
(31062, 70, 34)
(31066, 67, 32)
(31068, 64, 30)
(31070, 69, 33)
(31074, 69, 33)
(31077, 72, 35)
(31078, 71, 34)
(31079, 69, 33)
(31081, 67, 32)
(31082, 64, 30)
(31083, 61, 28)
(31084, 64, 30)
(31086, 62, 29)
(31087, 57, 26)
(31088, 54, 24)
(31089, 50, 22)
(31090, 45, 19)
(31091, 42, 17)
(31104, 48, 21)
(31108, 47, 20)
(31116, 40, 16)
(31119, 52, 23)
(31120, 40, 16)
(31123, 52, 23)
(31124, 60, 28)
(31127, 52, 23)
(31128, 60, 28)
(31131, 52, 23)
(31132, 62, 29)
(31132, 59, 27)
(31136, 62, 29)
(31139, 60, 28)
(31140, 62, 29)
(31141, 61, 28)
(31142, 64, 30)
(31143, 64, 30)
(31144, 64, 30)
(31145, 62, 29)
(31146, 69, 33)
(31147, 66, 31)
(31148, 64, 30)
(31156, 63, 29)
(31160, 62, 29)
(31163, 59, 27)
(31168, 64, 30)
(31172, 63, 29)
(31176, 59, 27)
(31180, 45, 19)
(31188, 47, 20)
(31192, 48, 21)
(31196, 50, 22)
(31199, 50, 22)
(62399/2, 50, 22)
(31200, 52, 23)
(31203, 52, 23)
(62407/2, 52, 23)
(31204, 54, 24)
(31207, 54, 24)
(62415/2, 54, 24)
(31208, 55, 25)
(31209, 57, 26)
(31209, 57, 26)
(31212, 62, 29)
(31214, 66, 31)
(62429/2, 64, 30)
(31215, 62, 29)
(62431/2, 60, 28)
(31216, 59, 27)
(62433/2, 57, 26)
(31217, 54, 24)
(62435/2, 52, 23)
(31218, 50, 22)
(62437/2, 48, 21)
(31219, 47, 20)
(31220, 47, 20)
(62441/2, 48, 21)
(31221, 35, 14)
(31222, 38, 15)
(62445/2, 40, 16)
(31224, 38, 15)
(62451/2, 40, 16)
(31226, 42, 17)
(62453/2, 40, 16)
(62455/2, 42, 17)
(31228, 42, 17)
(31229, 40, 16)
(62459/2, 38, 15)
(31230, 47, 20)
(62461/2, 48, 21)
(31232, 50, 22)
(31233, 47, 20)
(31234, 40, 16)
(31236, 52, 23)
(31237, 42, 17)
(31238, 52, 23)
(31240, 36, 14)
(31242, 38, 15)
(31244, 45, 19)
(31247, 50, 22)
(31248, 52, 23)
(31250, 40, 16)
(31252, 42, 17)
(31253, 42, 17)
(62507/2, 42, 17)
(31254, 42, 17)
(31256, 40, 16)
(31257, 40, 16)
(62515/2, 40, 16)
(31258, 40, 16)
(31259, 40, 16)
(62519/2, 40, 16)
(31260, 38, 15)
(31261, 38, 15)
(62523/2, 38, 15)
(31262, 36, 14)
(31264, 36, 14)
(31265, 48, 21)
(31266, 50, 22)
(31267, 52, 23)
(31268, 45, 19)
(62537/2, 45, 19)
(31269, 45, 19)
(62539/2, 45, 19)
(31270, 45, 19)
(31272, 43, 18)
(62545/2, 43, 18)
(31273, 43, 18)
(62547/2, 43, 18)
(31274, 43, 18)
(62549/2, 43, 18)
(31275, 43, 18)
(62551/2, 43, 18)
(31276, 42, 17)
(31278, 36, 14)
(31280, 42, 17)
(31282, 36, 14)
(31284, 42, 17)
(31285, 42, 17)
(62571/2, 42, 17)
(31286, 40, 16)
(31288, 40, 16)
(31290, 52, 23)
(31292, 36, 14)
(31293, 57, 26)
(62587/2, 57, 26)
(31294, 52, 23)
(62589/2, 57, 26)
(31296, 43, 18)
(62593/2, 42, 17)
(62593/2, 42, 17)
(31297, 40, 16)
(62595/2, 48, 21)
(31298, 47, 20)
(62597/2, 52, 23)
(31300, 50, 22)
(62601/2, 47, 20)
(31301, 42, 17)
(62603/2, 38, 15)
(31304, 40, 16)
(31306, 50, 22)
(62613/2, 48, 21)
(31307, 47, 20)
(31308, 44, 18)
(62619/2, 52, 23)
(62627/2, 52, 23)
(31315, 52, 23)
(125263/4, 60, 28)
(62635/2, 64, 30)
(187913/6, 52, 23)
(62639/2, 52, 23)
(62643/2, 45, 19)
(125287/4, 45, 19)
(31322, 45, 19)
(125289/4, 45, 19)
(62645/2, 45, 19)
(125291/4, 45, 19)
(31323, 45, 19)
(125293/4, 45, 19)
(62667/2, 59, 27)
(31334, 45, 19)
(31334, 59, 27)
(62675/2, 54, 24)
(31338, 54, 24)
(31338, 57, 26)
(62683/2, 45, 19)
(62683/2, 45, 19)
(62683/2, 55, 25)
(62683/2, 59, 27)
(62685/2, 59, 27)
(62691/2, 59, 27)
(62699/2, 54, 24)
(62699/2, 57, 26)
(62701/2, 45, 19)
(62705/2, 59, 27)
(62707/2, 45, 19)
(31354, 55, 25)
(62715/2, 45, 19)
(62719/2, 45, 19)
(62723/2, 42, 17)
(62727/2, 42, 17)
(62727/2, 50, 22)
(62731/2, 43, 18)
(62735/2, 43, 18)
(62735/2, 54, 24)
(62739/2, 36, 14)
(62741/2, 36, 14)
(62743/2, 36, 14)
(62745/2, 36, 14)
(62747/2, 42, 17)
(62749/2, 42, 17)
(62751/2, 42, 17)
(62753/2, 42, 17)
(62755/2, 42, 17)
(62757/2, 40, 16)
(62759/2, 42, 17)
(62761/2, 42, 17)
(62763/2, 42, 17)
(62767/2, 42, 17)
(62771/2, 40, 16)
(62779/2, 41, 17)
(62787/2, 44, 18)
(62795/2, 45, 19)
(62803/2, 40, 16)
(62819/2, 44, 18)
(62827/2, 45, 19)
(62835/2, 45, 19)
(62883/2, 38, 15)
(62885/2, 48, 21)
(62963/2, 38, 15)
(62967/2, 40, 16)
(62971/2, 42, 17)
(62975/2, 40, 16)
(31489, 38, 15)
(62979/2, 40, 16)
(31490, 40, 16)
(62981/2, 40, 16)
(62985/2, 54, 24)
(62987/2, 61, 28)
(62993/2, 62, 29)
(63017/2, 61, 28)
(63021/2, 57, 26)
(63023/2, 59, 27)
(63025/2, 64, 30)
(63029/2, 42, 17)
(63029/2, 64, 30)
(63033/2, 64, 30)
(63035/2, 64, 30)
(63041/2, 64, 30)
(63045/2, 57, 26)
(63047/2, 50, 22)
(63051/2, 61, 28)
(63053/2, 62, 29)
(63055/2, 59, 27)
(63057/2, 50, 22)
(63059/2, 52, 23)
(31530, 52, 23)
(31531, 54, 24)
(63067/2, 62, 29)
(31534, 61, 28)
(63071/2, 59, 27)
(63079/2, 57, 26)
(31541, 38, 15)
(31541, 45, 19)
(63085/2, 37, 14)
(63091/2, 48, 21)
(63091/2, 51, 23)
(63091/2, 55, 25)
(63091/2, 45, 19)
(63097/2, 45, 19)
(63097/2, 45, 19)
(63103/2, 45, 19)
(63103/2, 52, 23)
(63109/2, 45, 19)
(63109/2, 52, 23)
