(0, 60, 28)
(2, 62, 29)
(11/4, 67, 32)
(3, 65, 31)
(4, 64, 30)
(5, 62, 29)
(23/4, 60, 28)
(6, 60, 28)
(7, 65, 31)
(8, 65, 31)
(9, 74, 36)
(21/2, 72, 35)
(11, 70, 34)
(23/2, 69, 33)
(12, 67, 32)
(13, 72, 35)
(29/2, 70, 34)
(15, 69, 33)
(31/2, 72, 35)
(16, 72, 35)
(35/2, 70, 34)
(18, 70, 34)
(37/2, 69, 33)
(19, 67, 32)
(39/2, 65, 31)
(20, 64, 30)
(41/2, 62, 29)
(83/4, 67, 32)
(21, 65, 31)
(22, 64, 30)
(23, 64, 30)
(47/2, 65, 31)
(24, 67, 32)
(51/2, 67, 32)
(26, 69, 33)
(53/2, 74, 36)
(27, 72, 35)
(28, 70, 34)
(29, 67, 32)
(59/2, 69, 33)
(30, 70, 34)
(63/2, 70, 34)
(32, 72, 35)
(65/2, 77, 38)
(33, 75, 37)
(34, 74, 36)
(35, 77, 38)
(71/2, 76, 37)
(36, 76, 37)
(37, 74, 36)
(38, 72, 35)
(77/2, 70, 34)
(39, 69, 33)
(40, 67, 32)
(41, 72, 35)
(124/3, 69, 33)
(125/3, 65, 31)
(42, 76, 37)
(127/3, 74, 36)
(128/3, 62, 29)
(43, 65, 31)
(44, 64, 30)
(179/4, 72, 35)
(45, 72, 35)
(93/2, 70, 34)
(47, 69, 33)
(95/2, 72, 35)
(48, 72, 35)
(99/2, 70, 34)
(50, 69, 33)
(101/2, 65, 31)
(51, 62, 29)
(52, 60, 28)
(53, 67, 32)
(215/4, 69, 33)
(54, 65, 31)
(69, 81, 40)
(70, 82, 41)
(143/2, 81, 40)
(72, 81, 40)
(145/2, 79, 39)
(147/2, 76, 37)
(295/4, 77, 38)
(74, 79, 39)
(149/2, 81, 40)
(299/4, 79, 39)
(75, 79, 39)
(151/2, 77, 38)
(303/4, 76, 37)
(76, 74, 36)
(153/2, 72, 35)
(77, 71, 34)
(155/2, 69, 33)
(78, 78, 38)
(79, 71, 34)
(321/4, 71, 34)
(161/2, 72, 35)
(323/4, 71, 34)
(81, 76, 37)
(82, 69, 33)
(333/4, 69, 33)
(167/2, 71, 34)
(335/4, 69, 33)
(84, 74, 36)
(171/2, 72, 35)
(343/4, 70, 34)
(86, 69, 33)
(345/4, 70, 34)
(173/2, 72, 35)
(175/2, 75, 37)
(88, 74, 36)
(177/2, 72, 35)
(89, 71, 34)
(179/2, 74, 36)
(90, 72, 35)
(91, 77, 38)
(93, 74, 36)
(187/2, 74, 36)
(187/2, 77, 38)
(94, 79, 39)
(189/2, 77, 38)
(95, 77, 38)
(191/2, 76, 37)
(193/2, 72, 35)
(387/4, 74, 36)
(97, 75, 37)
(195/2, 77, 38)
(391/4, 75, 37)
(98, 75, 37)
(197/2, 74, 36)
(199/2, 74, 36)
(201/2, 73, 35)
(403/4, 74, 36)
(101, 76, 37)
(102, 81, 40)
(103, 82, 41)
(209/2, 81, 40)
(105, 81, 40)
(211/2, 80, 39)
(213/2, 81, 40)
(427/4, 83, 41)
(107, 84, 42)
(215/2, 86, 43)
(431/4, 84, 42)
(108, 84, 42)
(217/2, 83, 41)
(219/2, 80, 39)
(439/4, 81, 40)
(110, 83, 41)
(221/2, 84, 42)
(443/4, 83, 41)
(111, 83, 41)
(223/2, 81, 40)
(447/4, 79, 39)
(112, 79, 39)
(225/2, 77, 38)
(451/4, 76, 37)
(113, 76, 37)
(453/4, 74, 36)
(227/2, 74, 36)
(455/4, 72, 35)
(114, 71, 34)
(229/2, 76, 37)
(231/2, 74, 36)
(233/2, 72, 35)
(467/4, 69, 33)
(117, 81, 40)
(118, 71, 34)
(237/2, 69, 33)
(119, 71, 34)
(119, 68, 32)
(120, 76, 37)
(120, 67, 32)
(121, 69, 33)
(122, 66, 31)
(122, 69, 33)
(123, 74, 36)
(123, 65, 31)
(124, 76, 37)
(124, 64, 30)
(251/2, 74, 36)
(126, 74, 36)
(253/2, 72, 35)
(255/2, 73, 35)
(511/4, 74, 36)
(128, 76, 37)
(257/2, 77, 38)
(515/4, 76, 37)
(129, 73, 35)
(129, 76, 37)
(259/2, 74, 36)
(130, 81, 40)
(263/2, 72, 35)
(132, 71, 34)
(531/4, 71, 34)
(1063/8, 83, 41)
(133, 83, 41)
(269/2, 74, 36)
(135, 72, 35)
(271/2, 84, 42)
(273/2, 84, 42)
(547/4, 80, 39)
(137, 83, 41)
(275/2, 81, 40)
(551/4, 76, 37)
(138, 79, 39)
(277/2, 77, 38)
(555/4, 73, 35)
(139, 76, 37)
(557/4, 74, 36)
(279/2, 86, 43)
(281/2, 86, 43)
(563/4, 81, 40)
(141, 84, 42)
(283/2, 82, 41)
(567/4, 78, 38)
(142, 81, 40)
(285/2, 79, 39)
(571/4, 75, 36)
(143, 77, 38)
(573/4, 76, 37)
(287/2, 88, 44)
(289/2, 88, 44)
(579/4, 84, 42)
(145, 83, 41)
(291/2, 81, 40)
(293/2, 88, 44)
(587/4, 84, 42)
(147, 83, 41)
(295/2, 81, 40)
(593/4, 81, 40)
(297/2, 82, 41)
(297/2, 81, 40)
(297/2, 80, 39)
(595/4, 81, 40)
(149, 84, 42)
(597/4, 82, 41)
(299/2, 86, 43)
(599/4, 82, 41)
(150, 81, 40)
(301/2, 82, 41)
(151, 83, 41)
(303/2, 84, 42)
(307/2, 84, 42)
(615/4, 83, 41)
(154, 83, 41)
(309/2, 81, 40)
(311/2, 84, 42)
(623/4, 83, 41)
(156, 83, 41)
(625/4, 81, 40)
(313/2, 80, 39)
(627/4, 81, 40)
(157, 84, 42)
(629/4, 82, 41)
(315/2, 86, 43)
(631/4, 82, 41)
(158, 79, 39)
(633/4, 77, 38)
(317/2, 82, 41)
(635/4, 77, 38)
(159, 75, 37)
(637/4, 74, 36)
(319/2, 77, 38)
(639/4, 74, 36)
(160, 72, 35)
(641/4, 70, 34)
(321/2, 74, 36)
(643/4, 70, 34)
(161, 67, 32)
(645/4, 65, 31)
(323/2, 70, 34)
(647/4, 65, 31)
(162, 63, 30)
(649/4, 65, 31)
(325/2, 62, 29)
(651/4, 65, 31)
(163, 60, 28)
(653/4, 70, 34)
(327/2, 69, 33)
(655/4, 67, 32)
(164, 67, 32)
(657/4, 70, 34)
(329/2, 69, 33)
(659/4, 67, 32)
(165, 65, 31)
(661/4, 63, 30)
(331/2, 62, 29)
(663/4, 60, 28)
(166, 58, 27)
(665/4, 62, 29)
(333/2, 65, 31)
(667/4, 62, 29)
(167, 65, 31)
(669/4, 70, 34)
(335/2, 67, 32)
(671/4, 64, 30)
(168, 65, 31)
(673/4, 70, 34)
(337/2, 69, 33)
(675/4, 70, 34)
(169, 72, 35)
(677/4, 70, 34)
(339/2, 69, 33)
(679/4, 67, 32)
(170, 70, 34)
(681/4, 69, 33)
(341/2, 67, 32)
(683/4, 65, 31)
(171, 64, 30)
(685/4, 69, 33)
(343/2, 67, 32)
(687/4, 69, 33)
(172, 67, 32)
(689/4, 64, 30)
(345/2, 67, 32)
(691/4, 65, 31)
(173, 69, 33)
(693/4, 67, 32)
(347/2, 65, 31)
(695/4, 63, 30)
(174, 62, 29)
(697/4, 67, 32)
(349/2, 65, 31)
(699/4, 67, 32)
(175, 63, 30)
(176, 63, 30)
(176, 75, 37)
(353/2, 63, 30)
(179, 79, 39)
(359/2, 67, 32)
(180, 79, 39)
(361/2, 67, 32)
(184, 79, 39)
(185, 78, 38)
(373/2, 79, 39)
(187, 79, 39)
(375/2, 81, 40)
(377/2, 81, 40)
(755/4, 79, 39)
(189, 78, 38)
(379/2, 76, 37)
(759/4, 78, 38)
(190, 78, 38)
(381/2, 79, 39)
(383/2, 79, 39)
(385/2, 79, 39)
(387/2, 79, 39)
(777/4, 81, 40)
(389/2, 83, 41)
(779/4, 84, 42)
(195, 86, 43)
(781/4, 87, 44)
(391/2, 89, 45)
(783/4, 83, 41)
(196, 84, 42)
(785/4, 80, 40)
(393/2, 79, 39)
(787/4, 77, 38)
(197, 85, 43)
(789/4, 76, 37)
(199, 86, 43)
(797/4, 82, 41)
(399/2, 81, 40)
(799/4, 79, 39)
(200, 87, 44)
(801/4, 78, 38)
(202, 79, 39)
(809/4, 75, 37)
(405/2, 74, 36)
(811/4, 72, 35)
(203, 80, 40)
(813/4, 77, 38)
(204, 79, 39)
(817/4, 75, 37)
(205, 75, 37)
(821/4, 74, 36)
(411/2, 72, 35)
(823/4, 71, 34)
(206, 79, 39)
(827/4, 67, 32)
(207, 67, 32)
(417/2, 79, 39)
(209, 79, 39)
(419/2, 79, 39)
(210, 79, 39)
(421/2, 79, 39)
(211, 79, 39)
(212, 77, 38)
(849/4, 81, 40)
(425/2, 79, 39)
(851/4, 77, 38)
(213, 87, 44)
(855/4, 75, 37)
(214, 74, 36)
(429/2, 86, 43)
(215, 86, 43)
(431/2, 86, 43)
(216, 86, 43)
(433/2, 86, 43)
(217, 86, 43)
(218, 84, 42)
(439/2, 86, 43)
(220, 86, 43)
(441/2, 88, 44)
(443/2, 88, 44)
(887/4, 86, 43)
(222, 84, 42)
(445/2, 83, 41)
(891/4, 84, 42)
(223, 84, 42)
(447/2, 86, 43)
(895/4, 84, 42)
(224, 83, 41)
(449/2, 81, 40)
(899/4, 83, 41)
(225, 83, 41)
(901/4, 84, 42)
(451/2, 78, 38)
(226, 79, 39)
(455/2, 81, 40)
(911/4, 79, 39)
(228, 77, 38)
(457/2, 76, 37)
(915/4, 77, 38)
(229, 79, 39)
(459/2, 74, 36)
(919/4, 72, 35)
(230, 70, 34)
(461/2, 69, 33)
(923/4, 70, 34)
(231, 71, 34)
(463/2, 69, 33)
(927/4, 71, 34)
(232, 72, 35)
(465/2, 71, 34)
(931/4, 72, 35)
(233, 73, 35)
(467/2, 71, 34)
(935/4, 73, 35)
(234, 74, 36)
(469/2, 73, 35)
(939/4, 74, 36)
(235, 76, 37)
(471/2, 74, 36)
(943/4, 76, 37)
(236, 77, 38)
(473/2, 78, 38)
(237, 79, 39)
(475/2, 80, 39)
(238, 62, 29)
(238, 69, 33)
(238, 81, 40)
(239, 82, 41)
(481/2, 81, 40)
(241, 81, 40)
(483/2, 80, 39)
(485/2, 76, 37)
(971/4, 77, 38)
(243, 79, 39)
(487/2, 81, 40)
(975/4, 79, 39)
(244, 79, 39)
(489/2, 77, 38)
(1959/8, 86, 43)
(245, 86, 43)
(491/2, 79, 39)
(985/4, 77, 38)
(493/2, 77, 38)
(1973/8, 76, 37)
(987/4, 74, 36)
(247, 86, 43)
(495/2, 77, 38)
(993/4, 77, 38)
(497/2, 76, 37)
(995/4, 74, 36)
(249, 82, 41)
(499/2, 81, 40)
(1001/4, 72, 35)
(501/2, 74, 36)
(1003/4, 75, 37)
(251, 70, 34)
(503/2, 69, 33)
(252, 66, 31)
(252, 69, 33)
(1009/4, 66, 31)
(1009/4, 69, 33)
(1013/4, 64, 30)
(507/2, 64, 30)
(2029/8, 67, 32)
(1015/4, 70, 34)
(254, 70, 34)
(509/2, 69, 33)
(511/2, 66, 31)
(511/2, 69, 33)
(1023/4, 60, 28)
(513/2, 59, 27)
(1027/4, 74, 36)
(515/2, 74, 36)
(2061/8, 69, 33)
(1031/4, 65, 31)
(517/2, 74, 36)
(1035/4, 68, 33)
(259, 68, 33)
(519/2, 67, 32)
(1039/4, 77, 38)
(260, 77, 38)
(521/2, 76, 37)
(1043/4, 70, 34)
(261, 70, 34)
(523/2, 69, 33)
(1047/4, 79, 39)
(262, 79, 39)
(525/2, 77, 38)
(1051/4, 73, 35)
(263, 76, 37)
(527/2, 74, 36)
(1055/4, 69, 33)
(264, 72, 35)
(529/2, 70, 34)
(1059/4, 66, 31)
(265, 68, 33)
(2121/8, 67, 32)
(1061/4, 79, 39)
(1063/4, 79, 39)
(2127/8, 74, 36)
(266, 77, 38)
(533/2, 75, 37)
(1067/4, 71, 34)
(267, 74, 36)
(535/2, 72, 35)
(1071/4, 68, 32)
(268, 70, 34)
(1073/4, 69, 33)
(537/2, 81, 40)
(1075/4, 77, 38)
(269, 76, 37)
(1077/4, 74, 36)
(539/2, 81, 40)
(1079/4, 77, 38)
(270, 76, 37)
(1081/4, 74, 36)
(541/2, 81, 40)
(1083/4, 77, 38)
(271, 76, 37)
(1085/4, 74, 36)
(543/2, 81, 40)
(1087/4, 77, 38)
(272, 76, 37)
(1089/4, 74, 36)
(545/2, 73, 35)
(1091/4, 74, 36)
(273, 72, 35)
(547/2, 71, 34)
(1095/4, 77, 38)
(274, 76, 37)
(549/2, 74, 36)
(1099/4, 83, 41)
(275, 83, 41)
(551/2, 77, 38)
(1103/4, 86, 43)
(276, 84, 42)
(553/2, 83, 41)
(2215/8, 89, 45)
(277, 89, 45)
(555/2, 83, 41)
(278, 86, 43)
(557/2, 80, 39)
(1115/4, 81, 40)
(279, 83, 41)
(559/2, 74, 36)
(1119/4, 76, 37)
(280, 79, 39)
(280, 77, 38)
(561/2, 71, 34)
(281, 74, 36)
(563/2, 68, 32)
(1127/4, 71, 34)
(282, 71, 34)
(565/2, 62, 29)
(283, 64, 30)
(567/2, 65, 31)
(284, 62, 29)
(569/2, 59, 27)
(1139/4, 57, 26)
(285, 57, 26)
(571/2, 56, 25)
(2287/8, 65, 31)
(286, 65, 31)
(573/2, 56, 25)
(287, 57, 26)
(289, 62, 29)
(1159/4, 67, 32)
(290, 65, 31)
(291, 64, 30)
(292, 62, 29)
(1171/4, 60, 28)
(293, 60, 28)
(294, 65, 31)
(295, 65, 31)
(296, 74, 36)
(595/2, 72, 35)
(298, 70, 34)
(597/2, 69, 33)
(299, 67, 32)
(300, 72, 35)
(603/2, 70, 34)
(302, 69, 33)
(605/2, 72, 35)
(303, 72, 35)
(609/2, 70, 34)
(305, 70, 34)
(611/2, 69, 33)
(306, 67, 32)
(613/2, 65, 31)
(307, 64, 30)
(615/2, 62, 29)
(1231/4, 67, 32)
(308, 65, 31)
(309, 64, 30)
(310, 64, 30)
(621/2, 65, 31)
(311, 67, 32)
(625/2, 67, 32)
(313, 69, 33)
(627/2, 74, 36)
(314, 72, 35)
(315, 70, 34)
(316, 67, 32)
(633/2, 69, 33)
(317, 70, 34)
(637/2, 70, 34)
(319, 72, 35)
(1277/4, 75, 37)
(639/2, 79, 39)
(1279/4, 77, 38)
(320, 75, 37)
(321, 74, 36)
(322, 77, 38)
(645/2, 75, 37)
(323, 76, 37)
(324, 74, 36)
(325, 72, 35)
(651/2, 70, 34)
(326, 69, 33)
(327, 67, 32)
(328, 72, 35)
(1313/4, 69, 33)
(657/2, 67, 32)
(1315/4, 65, 31)
(329, 76, 37)
(988/3, 74, 36)
(989/3, 62, 29)
(330, 65, 31)
(331, 64, 30)
(1327/4, 72, 35)
(332, 72, 35)
(667/2, 70, 34)
(334, 69, 33)
(669/2, 72, 35)
(335, 72, 35)
(673/2, 70, 34)
(337, 69, 33)
(675/2, 65, 31)
(338, 62, 29)
(343, 61, 28)
(344, 62, 29)
(345, 55, 25)
(346, 67, 32)
(347, 84, 42)
(348, 86, 43)
(699/2, 84, 42)
(350, 84, 42)
(701/2, 82, 41)
(703/2, 79, 39)
(1407/4, 81, 40)
(352, 82, 41)
(705/2, 84, 42)
(1411/4, 82, 41)
(353, 81, 40)
(1413/4, 77, 38)
(707/2, 72, 35)
(1415/4, 69, 33)
(354, 65, 31)
(354, 74, 36)
(711/2, 72, 35)
(356, 72, 35)
(713/2, 70, 34)
(715/2, 67, 32)
(1431/4, 69, 33)
(358, 70, 34)
(717/2, 72, 35)
(1435/4, 70, 34)
(359, 70, 34)
(719/2, 69, 33)
(721/2, 76, 37)
(1443/4, 77, 38)
(361, 79, 39)
(723/2, 81, 40)
(1447/4, 79, 39)
(362, 79, 39)
(725/2, 77, 38)
(727/2, 64, 30)
(1455/4, 65, 31)
(364, 67, 32)
(729/2, 69, 33)
(1459/4, 67, 32)
(365, 67, 32)
(731/2, 65, 31)
(366, 72, 35)
(1473/4, 69, 33)
(737/2, 69, 33)
(1106/3, 67, 32)
(2213/6, 65, 31)
(369, 72, 35)
(1485/4, 69, 33)
(743/2, 65, 31)
(1487/4, 60, 28)
(372, 62, 29)
(745/2, 60, 28)
(747/2, 69, 33)
(374, 70, 34)
(749/2, 69, 33)
(751/2, 72, 35)
(376, 74, 36)
(753/2, 72, 35)
(377, 79, 39)
(755/2, 77, 38)
(378, 82, 41)
(757/2, 81, 40)
(379, 86, 43)
(759/2, 84, 42)
(380, 93, 47)
(10000, 57, 26)
(10002, 58, 27)
(10004, 58, 27)
(10005, 58, 27)
(10006, 57, 26)
(10007, 60, 28)
(10008, 57, 26)
(10009, 58, 27)
(20021/2, 60, 28)
(10011, 62, 29)
(20023/2, 60, 28)
(10012, 60, 28)
(10013, 65, 31)
(20027/2, 60, 28)
(10014, 60, 28)
(10016, 65, 31)
(40067/4, 60, 28)
(10017, 60, 28)
(10019, 64, 30)
(20039/2, 62, 29)
(10020, 60, 28)
(20041/2, 59, 27)
(10021, 59, 27)
(10022, 60, 28)
(10023, 60, 28)
(20047/2, 62, 29)
(10024, 64, 30)
(20051/2, 64, 30)
(10026, 66, 31)
(20053/2, 66, 31)
(10027, 66, 31)
(10028, 67, 32)
(10029, 64, 30)
(20059/2, 66, 31)
(10030, 67, 32)
(20063/2, 67, 32)
(10032, 69, 33)
(20065/2, 69, 33)
(10033, 72, 35)
(10033, 65, 31)
(10034, 70, 34)
(10036, 62, 29)
(10039, 60, 28)
(10042, 62, 29)
(10043, 60, 28)
(10045, 65, 31)
(20091/2, 60, 28)
(10046, 60, 28)
(10048, 65, 31)
(40195/4, 60, 28)
(10049, 60, 28)
(10053, 64, 30)
(10054, 65, 31)
(10063, 74, 36)
(10064, 77, 38)
(20131/2, 76, 37)
(10066, 76, 37)
(20133/2, 75, 36)
(20135/2, 71, 34)
(40271/4, 72, 35)
(10068, 75, 36)
(20137/2, 76, 37)
(40275/4, 75, 36)
(10069, 74, 36)
(20139/2, 73, 35)
(20141/2, 73, 35)
(10071, 74, 36)
(20143/2, 72, 35)
(10072, 71, 34)
(10073, 70, 34)
(10074, 69, 33)
(10075, 69, 33)
(40301/4, 70, 34)
(20151/2, 69, 33)
(20153/2, 62, 29)
(40307/4, 64, 30)
(10077, 62, 29)
(20155/2, 60, 28)
(20157/2, 69, 33)
(10079, 71, 34)
(20159/2, 69, 33)
(10080, 69, 33)
(20161/2, 68, 32)
(20163/2, 64, 30)
(40327/4, 66, 31)
(10082, 67, 32)
(20165/2, 69, 33)
(40331/4, 67, 32)
(10083, 67, 32)
(20167/2, 66, 31)
(10084, 67, 32)
(10085, 69, 33)
(20173/2, 67, 32)
(10087, 67, 32)
(20175/2, 66, 31)
(20177/2, 62, 29)
(40355/4, 64, 30)
(10089, 65, 31)
(20179/2, 67, 32)
(40359/4, 65, 31)
(10090, 65, 31)
(20181/2, 64, 30)
(10091, 70, 34)
(20185/2, 68, 33)
(10093, 68, 33)
(20187/2, 67, 32)
(10094, 76, 37)
(20189/2, 74, 36)
(10095, 72, 35)
(10096, 72, 35)
(10099, 79, 39)
(10100, 81, 40)
(20203/2, 79, 39)
(10102, 79, 39)
(20205/2, 77, 38)
(20207/2, 74, 36)
(40415/4, 76, 37)
(10104, 77, 38)
(20209/2, 79, 39)
(40419/4, 77, 38)
(10105, 77, 38)
(20211/2, 76, 37)
(10106, 74, 36)
(20213/2, 72, 35)
(40427/4, 71, 34)
(10107, 69, 33)
(20215/2, 68, 32)
(40431/4, 69, 33)
(10108, 66, 31)
(40435/4, 68, 32)
(10109, 69, 33)
(20219/2, 65, 31)
(10110, 64, 30)
(20221/2, 68, 32)
(10111, 69, 33)
(20223/2, 77, 38)
(40447/4, 76, 37)
(10112, 76, 37)
(20225/2, 74, 36)
(40451/4, 72, 35)
(10113, 72, 35)
(20227/2, 71, 34)
(40455/4, 69, 33)
(10114, 68, 32)
(10115, 69, 33)
(20233/2, 67, 32)
(10117, 67, 32)
(20235/2, 66, 31)
(20237/2, 62, 29)
(40475/4, 64, 30)
(10119, 65, 31)
(20239/2, 67, 32)
(40479/4, 65, 31)
(10120, 65, 31)
(20241/2, 64, 30)
(20243/2, 60, 28)
(40487/4, 62, 29)
(10122, 63, 30)
(20245/2, 65, 31)
(40491/4, 63, 30)
(10123, 62, 29)
(20247/2, 60, 28)
(10124, 59, 27)
(20249/2, 64, 30)
(40499/4, 66, 31)
(10125, 68, 32)
(20251/2, 66, 31)
(40503/4, 68, 32)
(10126, 69, 33)
(10127, 67, 32)
(20257/2, 67, 32)
(10129, 70, 34)
(20259/2, 69, 33)
(20261/2, 69, 33)
(10131, 72, 35)
(20263/2, 62, 29)
(40529/4, 62, 29)
(20265/2, 74, 36)
(40531/4, 74, 36)
(20267/2, 65, 31)
(10134, 74, 36)
(20269/2, 71, 34)
(40543/4, 69, 33)
(10136, 76, 37)
(40549/4, 60, 28)
(40551/4, 60, 28)
(40553/4, 61, 28)
(40555/4, 61, 28)
(40557/4, 62, 29)
(40559/4, 62, 29)
(40561/4, 62, 29)
(40563/4, 62, 29)
(40565/4, 62, 29)
(40567/4, 62, 29)
(40569/4, 63, 29)
(40571/4, 63, 29)
(40573/4, 64, 30)
(40575/4, 64, 30)
(40577/4, 64, 30)
(40579/4, 64, 30)
(40581/4, 65, 31)
(40583/4, 65, 31)
(40585/4, 64, 30)
(40587/4, 64, 30)
(40589/4, 62, 29)
(40591/4, 62, 29)
(40593/4, 64, 30)
(40595/4, 64, 30)
(40597/4, 65, 31)
(40599/4, 65, 31)
(40601/4, 64, 30)
(40603/4, 64, 30)
(40605/4, 56, 25)
(40605/4, 64, 30)
(40607/4, 57, 26)
(40607/4, 64, 30)
(40609/4, 57, 26)
(40609/4, 64, 30)
(81219/8, 69, 33)
(40611/4, 57, 26)
(40611/4, 64, 30)
(81223/8, 69, 33)
(40613/4, 57, 26)
(40613/4, 64, 30)
(81227/8, 69, 33)
(40615/4, 57, 26)
(40615/4, 64, 30)
(81231/8, 69, 33)
(40617/4, 57, 26)
(40617/4, 64, 30)
(81235/8, 69, 33)
(40619/4, 57, 26)
(40619/4, 64, 30)
(81239/8, 69, 33)
(40621/4, 57, 26)
(40621/4, 62, 29)
(81243/8, 69, 33)
(40623/4, 57, 26)
(40623/4, 62, 29)
(81247/8, 69, 33)
(40625/4, 57, 26)
(40625/4, 64, 30)
(81251/8, 69, 33)
(40627/4, 57, 26)
(40627/4, 64, 30)
(81255/8, 69, 33)
(10157, 58, 27)
(20323/2, 70, 34)
(10162, 69, 33)
(20325/2, 70, 34)
(10163, 70, 34)
(20327/2, 72, 35)
(20329/2, 72, 35)
(40659/4, 70, 34)
(10165, 69, 33)
(20331/2, 67, 32)
(40663/4, 69, 33)
(10166, 69, 33)
(20333/2, 70, 34)
(20339/2, 74, 36)
(10170, 73, 35)
(20341/2, 74, 36)
(10175, 72, 35)
(10176, 71, 34)
(20355/2, 72, 35)
(10178, 72, 35)
(20357/2, 74, 36)
(20359/2, 74, 36)
(40719/4, 72, 35)
(10180, 71, 34)
(20361/2, 69, 33)
(40723/4, 71, 34)
(10181, 74, 36)
(20363/2, 72, 35)
(40727/4, 70, 34)
(10182, 67, 32)
(20365/2, 65, 31)
(40731/4, 63, 30)
(10183, 67, 32)
(20367/2, 65, 31)
(40735/4, 63, 30)
(20369/2, 67, 32)
(40739/4, 62, 29)
(20371/2, 67, 32)
(40743/4, 63, 30)
(20373/2, 67, 32)
(40747/4, 62, 29)
(10191, 60, 28)
(40765/4, 59, 27)
(20383/2, 60, 28)
(40767/4, 57, 26)
(10192, 62, 29)
(40769/4, 60, 28)
(20385/2, 62, 29)
(40771/4, 59, 27)
(10193, 63, 30)
(40773/4, 62, 29)
(20387/2, 63, 30)
(40775/4, 60, 28)
(10194, 65, 31)
(40777/4, 63, 30)
(20389/2, 62, 29)
(40779/4, 60, 28)
(10195, 59, 27)
(40781/4, 56, 26)
(20391/2, 55, 25)
(40783/4, 65, 31)
(10196, 65, 31)
(40789/4, 70, 34)
(20395/2, 68, 33)
(40791/4, 67, 32)
(10198, 72, 35)
(40793/4, 65, 31)
(40801/4, 75, 37)
(20401/2, 74, 36)
(40803/4, 72, 35)
(10201, 77, 38)
(40805/4, 70, 34)
(10202, 75, 37)
(40809/4, 72, 35)
(20405/2, 71, 34)
(40811/4, 72, 35)
(10203, 77, 38)
(40813/4, 74, 36)
(10204, 75, 37)
(40817/4, 72, 35)
(40821/4, 77, 38)
(20411/2, 80, 40)
(40823/4, 79, 39)
(10206, 77, 38)
(40825/4, 75, 37)
(20413/2, 77, 38)
(40827/4, 75, 37)
(10207, 74, 36)
(40829/4, 79, 39)
(20415/2, 77, 38)
(40831/4, 79, 39)
(10208, 75, 37)
(20417/2, 79, 39)
(40835/4, 77, 38)
(10209, 77, 38)
(40837/4, 75, 37)
(20419/2, 75, 37)
(40839/4, 74, 36)
(10210, 74, 36)
(40841/4, 72, 35)
(20421/2, 72, 35)
(40843/4, 70, 34)
(10211, 69, 33)
(20423/2, 69, 33)
(40847/4, 70, 34)
(10212, 72, 35)
(20425/2, 72, 35)
(40851/4, 74, 36)
(10213, 75, 37)
(40853/4, 77, 38)
(20427/2, 79, 39)
(40855/4, 81, 40)
(10214, 82, 41)
(20429/2, 86, 43)
(40859/4, 84, 42)
(10215, 84, 42)
(40861/4, 82, 41)
(20431/2, 82, 41)
(40863/4, 81, 40)
(10216, 81, 40)
(40865/4, 79, 39)
(20433/2, 79, 39)
(40867/4, 77, 38)
(10217, 76, 37)
(10218, 69, 33)
(10220, 81, 40)
(10221, 80, 39)
(20445/2, 81, 40)
(10223, 81, 40)
(20447/2, 83, 41)
(20449/2, 76, 37)
(40899/4, 74, 36)
(10225, 72, 35)
(20451/2, 70, 34)
(40903/4, 72, 35)
(10226, 72, 35)
(20453/2, 70, 34)
(10227, 69, 33)
(20455/2, 77, 38)
(40911/4, 76, 37)
(10228, 74, 36)
(20457/2, 73, 35)
(40915/4, 74, 36)
(10229, 62, 29)
(20459/2, 70, 34)
(40919/4, 69, 33)
(10230, 67, 32)
(20461/2, 66, 31)
(40923/4, 67, 32)
(10231, 62, 29)
(20463/2, 60, 28)
(40927/4, 62, 29)
(10232, 64, 30)
(20465/2, 62, 29)
(40931/4, 64, 30)
(10233, 64, 30)
(20467/2, 62, 29)
(40935/4, 64, 30)
(10234, 65, 31)
(20469/2, 64, 30)
(40939/4, 65, 31)
(10235, 67, 32)
(20471/2, 65, 31)
(40943/4, 67, 32)
(10236, 65, 31)
(20473/2, 63, 30)
(20473/2, 69, 33)
(10237, 62, 29)
(10237, 74, 36)
(20475/2, 62, 29)
(20475/2, 74, 36)
(10238, 62, 29)
(10238, 74, 36)
(20477/2, 72, 35)
(10239, 70, 34)
(20479/2, 64, 30)
(20479/2, 73, 35)
(10240, 74, 36)
(10241, 71, 34)
(20483/2, 74, 36)
(40967/4, 74, 36)
(10242, 76, 37)
(20485/2, 74, 36)
(10243, 74, 36)
(20487/2, 73, 35)
(10244, 76, 37)
(20489/2, 74, 36)
(20491/2, 62, 29)
(81967/8, 74, 36)
(10246, 74, 36)
(20493/2, 62, 29)
(40989/4, 71, 34)
(20495/2, 62, 29)
(40991/4, 71, 34)
(10248, 74, 36)
(20497/2, 76, 37)
(20497/2, 74, 36)
(20497/2, 73, 35)
(40995/4, 74, 36)
(10249, 74, 36)
(20499/2, 73, 35)
(10250, 62, 29)
(10251, 63, 30)
(20505/2, 62, 29)
(10253, 62, 29)
(20507/2, 61, 28)
(20509/2, 60, 28)
(41019/4, 62, 29)
(10255, 63, 30)
(20511/2, 65, 31)
(41023/4, 63, 30)
(10256, 63, 30)
(20513/2, 62, 29)
(41027/4, 64, 30)
(10257, 65, 31)
(20515/2, 64, 30)
(41031/4, 62, 29)
(10258, 62, 29)
(41033/4, 64, 30)
(20517/2, 65, 31)
(41037/4, 62, 29)
(20519/2, 67, 32)
(41039/4, 65, 31)
(41041/4, 67, 32)
(20521/2, 70, 34)
(41043/4, 67, 32)
(41045/4, 64, 30)
(20523/2, 67, 32)
(41047/4, 64, 30)
(10262, 64, 30)
(82099/8, 62, 29)
(20525/2, 69, 33)
(20527/2, 58, 27)
(10264, 68, 33)
(20529/2, 56, 26)
(10265, 55, 25)
(20533/2, 60, 28)
(10267, 70, 34)
(20535/2, 58, 27)
(10268, 57, 26)
(41077/4, 67, 32)
(41077/4, 70, 34)
(20539/2, 67, 32)
(20539/2, 70, 34)
(20541/2, 65, 31)
(20541/2, 69, 33)
(41083/4, 65, 31)
(41083/4, 69, 33)
(20543/2, 64, 30)
(20543/2, 74, 36)
(41087/4, 64, 30)
(41087/4, 74, 36)
(20545/2, 65, 31)
(20545/2, 69, 33)
(41091/4, 65, 31)
(41091/4, 69, 33)
(10273, 62, 29)
(10273, 71, 34)
(41095/4, 62, 29)
(41095/4, 71, 34)
(10274, 62, 29)
(10274, 71, 34)
(41099/4, 62, 29)
(41099/4, 71, 34)
(10275, 62, 29)
(10275, 71, 34)
(41103/4, 62, 29)
(41103/4, 71, 34)
(10276, 62, 29)
(10276, 71, 34)
(41107/4, 71, 34)
(41107/4, 83, 41)
(10277, 71, 34)
(10277, 83, 41)
(10287, 60, 28)
(10289, 58, 27)
(10291, 58, 27)
(10292, 58, 27)
(10293, 57, 26)
(10294, 60, 28)
(10295, 57, 26)
(10296, 58, 27)
(20595/2, 60, 28)
(10298, 62, 29)
(20597/2, 60, 28)
(10299, 60, 28)
(10300, 65, 31)
(41203/4, 60, 28)
(10301, 60, 28)
(10303, 65, 31)
(41215/4, 60, 28)
(10304, 60, 28)
(20611/2, 65, 31)
(10306, 64, 30)
(20613/2, 62, 29)
(10307, 60, 28)
(20615/2, 59, 27)
(10308, 59, 27)
(10308, 62, 29)
(10309, 60, 28)
(10310, 60, 28)
(20621/2, 62, 29)
(10311, 64, 30)
(20625/2, 64, 30)
(10313, 66, 31)
(20627/2, 66, 31)
(10314, 66, 31)
(10315, 67, 32)
(10316, 64, 30)
(20633/2, 66, 31)
(10317, 67, 32)
(20637/2, 67, 32)
(10319, 69, 33)
(41277/4, 72, 35)
(20639/2, 75, 37)
(41279/4, 74, 36)
(10320, 72, 35)
(10321, 70, 34)
(10322, 74, 36)
(20645/2, 72, 35)
(10323, 72, 35)
(10324, 70, 34)
(10325, 69, 33)
(20651/2, 67, 32)
(10326, 60, 28)
(10329, 62, 29)
(10330, 60, 28)
(10332, 65, 31)
(20665/2, 60, 28)
(10333, 60, 28)
(10335, 65, 31)
(41343/4, 60, 28)
(10336, 60, 28)
(20687/2, 69, 33)
(41375/4, 70, 34)
(10344, 72, 35)
(20689/2, 74, 36)
(41379/4, 72, 35)
(10345, 72, 35)
(20691/2, 71, 34)
(10346, 60, 28)
(10347, 65, 31)
(20695/2, 77, 38)
(41391/4, 75, 37)
(10348, 74, 36)
(20697/2, 76, 37)
(10349, 78, 38)
(20701/2, 74, 36)
(10351, 81, 40)
(20703/2, 79, 39)
(10352, 77, 38)
(20705/2, 76, 37)
(10353, 77, 38)
(41413/4, 72, 35)
(20707/2, 69, 33)
(41415/4, 65, 31)
(10354, 62, 29)
(10354, 70, 34)
(20711/2, 60, 28)
(10356, 60, 28)
(20713/2, 58, 27)
(10358, 55, 25)
(20717/2, 67, 32)
(20719/2, 72, 35)
(10360, 74, 36)
(20721/2, 72, 35)
(20723/2, 70, 34)
(20725/2, 69, 33)
(20727/2, 60, 28)
(41455/4, 62, 29)
(10364, 64, 30)
(20729/2, 62, 29)
(41459/4, 64, 30)
(10365, 64, 30)
(20731/2, 65, 31)
(20733/2, 64, 30)
(41467/4, 65, 31)
(10367, 67, 32)
(20735/2, 69, 33)
(41471/4, 67, 32)
(20737/2, 65, 31)
(20739/2, 64, 30)
(41479/4, 65, 31)
(10370, 67, 32)
(20741/2, 69, 33)
(41483/4, 67, 32)
(10371, 65, 31)
(20743/2, 57, 26)
(10372, 58, 27)
(20745/2, 57, 26)
(20747/2, 65, 31)
(10374, 64, 30)
(20749/2, 65, 31)
(20751/2, 69, 33)
(10376, 70, 34)
(20753/2, 69, 33)
(10377, 70, 34)
(20755/2, 69, 33)
(10378, 74, 36)
(20757/2, 72, 35)
(10379, 76, 37)
(20759/2, 77, 38)
(10380, 69, 33)
(10380, 84, 42)
(20000, 48, 21)
(20002, 53, 24)
(20003, 50, 22)
(20004, 55, 25)
(20005, 53, 24)
(40011/2, 52, 23)
(20006, 53, 24)
(20007, 53, 24)
(20008, 53, 24)
(20009, 53, 24)
(40021/2, 53, 24)
(20011, 53, 24)
(40023/2, 53, 24)
(20012, 52, 23)
(20013, 48, 21)
(20014, 55, 25)
(20015, 53, 24)
(20016, 57, 26)
(20017, 55, 25)
(20018, 53, 24)
(40037/2, 57, 26)
(20020, 55, 25)
(20021, 48, 21)
(20021, 55, 25)
(20024, 60, 28)
(20025, 58, 27)
(20026, 57, 26)
(20027, 57, 26)
(20028, 55, 25)
(20030, 67, 32)
(20031, 65, 31)
(20032, 63, 30)
(40065/2, 60, 28)
(20033, 57, 26)
(20034, 58, 27)
(20036, 53, 24)
(20036, 55, 25)
(20039, 52, 23)
(20041, 53, 24)
(20042, 55, 25)
(20043, 57, 26)
(20044, 55, 25)
(20045, 57, 26)
(20045, 48, 21)
(20046, 55, 25)
(20047, 53, 24)
(20048, 57, 26)
(20049, 55, 25)
(40099/2, 58, 27)
(20050, 57, 26)
(40101/2, 53, 24)
(20051, 50, 22)
(20052, 48, 21)
(20053, 58, 27)
(20054, 57, 26)
(20057, 69, 33)
(20058, 70, 34)
(40119/2, 69, 33)
(20060, 69, 33)
(40121/2, 68, 32)
(40123/2, 64, 30)
(80247/4, 65, 31)
(20062, 67, 32)
(40125/2, 69, 33)
(80251/4, 67, 32)
(20063, 67, 32)
(40127/2, 65, 31)
(40129/2, 62, 29)
(20065, 69, 33)
(40133/2, 69, 33)
(20067, 71, 34)
(40135/2, 69, 33)
(20068, 69, 33)
(40137/2, 68, 32)
(20069, 67, 32)
(20071, 66, 31)
(20072, 67, 32)
(40145/2, 65, 31)
(20073, 64, 30)
(40147/2, 62, 29)
(20074, 62, 29)
(40149/2, 61, 28)
(40151/2, 62, 29)
(80303/4, 61, 28)
(20076, 69, 33)
(20077, 68, 32)
(40155/2, 69, 33)
(20078, 60, 28)
(40157/2, 59, 27)
(20079, 66, 31)
(20080, 59, 27)
(20081, 58, 27)
(40163/2, 57, 26)
(20082, 64, 30)
(20083, 57, 26)
(20084, 67, 32)
(40169/2, 65, 31)
(80339/4, 64, 30)
(20085, 65, 31)
(40171/2, 60, 28)
(80343/4, 62, 29)
(20086, 63, 30)
(20087, 62, 29)
(20090, 72, 35)
(20091, 74, 36)
(40185/2, 72, 35)
(20093, 72, 35)
(40187/2, 71, 34)
(40189/2, 67, 32)
(80379/4, 69, 33)
(20095, 70, 34)
(40191/2, 72, 35)
(80383/4, 70, 34)
(20096, 70, 34)
(40193/2, 69, 33)
(40195/2, 65, 31)
(80391/4, 67, 32)
(20098, 68, 33)
(40197/2, 70, 34)
(80395/4, 68, 33)
(20099, 67, 32)
(40199/2, 65, 31)
(80399/4, 64, 30)
(20100, 65, 31)
(40201/2, 69, 33)
(20101, 76, 37)
(40205/2, 74, 36)
(80411/4, 69, 33)
(20103, 65, 31)
(20104, 62, 29)
(40211/2, 59, 27)
(20106, 71, 34)
(40213/2, 69, 33)
(20107, 63, 29)
(40215/2, 64, 30)
(20108, 57, 26)
(40217/2, 54, 24)
(20109, 59, 27)
(40219/2, 62, 29)
(20110, 68, 32)
(40221/2, 64, 30)
(20111, 64, 30)
(40223/2, 69, 33)
(40225/2, 50, 22)
(40227/2, 51, 22)
(20114, 52, 23)
(20126, 53, 24)
(40255/2, 52, 23)
(80511/4, 50, 22)
(20128, 49, 21)
(40257/2, 49, 21)
(20129, 53, 24)
(20131, 54, 24)
(20132, 55, 25)
(20134, 56, 25)
(80541/4, 52, 23)
(80541/4, 60, 28)
(80543/4, 52, 23)
(80543/4, 60, 28)
(80545/4, 52, 23)
(80545/4, 60, 28)
(80547/4, 52, 23)
(80547/4, 60, 28)
(80549/4, 53, 24)
(80551/4, 53, 24)
(80553/4, 53, 24)
(80555/4, 53, 24)
(80557/4, 53, 24)
(80559/4, 53, 24)
(80561/4, 54, 24)
(80563/4, 54, 24)
(80565/4, 55, 25)
(80567/4, 55, 25)
(80569/4, 55, 25)
(80571/4, 55, 25)
(80573/4, 55, 25)
(80575/4, 56, 25)
(80577/4, 57, 26)
(80579/4, 57, 26)
(80581/4, 57, 26)
(80583/4, 57, 26)
(80585/4, 57, 26)
(80587/4, 57, 26)
(80589/4, 57, 26)
(80591/4, 57, 26)
(80593/4, 57, 26)
(80595/4, 57, 26)
(80597/4, 57, 26)
(80599/4, 57, 26)
(80601/4, 60, 28)
(80603/4, 56, 25)
(20152, 69, 33)
(80609/4, 72, 35)
(40305/2, 76, 37)
(80611/4, 72, 35)
(20153, 71, 34)
(40307/2, 69, 33)
(20154, 69, 33)
(80617/4, 72, 35)
(40309/2, 76, 37)
(80619/4, 72, 35)
(20155, 71, 34)
(40311/2, 69, 33)
(20157, 53, 24)
(40323/2, 70, 34)
(20162, 72, 35)
(40325/2, 74, 36)
(20163, 74, 36)
(40327/2, 75, 37)
(20166, 62, 29)
(20167, 61, 28)
(40337/2, 62, 29)
(20169, 62, 29)
(40339/2, 64, 30)
(40341/2, 64, 30)
(80683/4, 62, 29)
(20171, 61, 28)
(40343/2, 59, 27)
(80687/4, 61, 28)
(20172, 61, 28)
(40345/2, 62, 29)
(40347/2, 62, 29)
(80695/4, 60, 28)
(20174, 58, 27)
(40349/2, 57, 26)
(80699/4, 58, 27)
(20175, 62, 29)
(40351/2, 60, 28)
(20176, 55, 25)
(20176, 67, 32)
(20177, 55, 25)
(40357/2, 65, 31)
(80715/4, 63, 30)
(20179, 62, 29)
(40359/2, 60, 28)
(80719/4, 62, 29)
(20180, 63, 30)
(80721/4, 62, 29)
(40361/2, 63, 30)
(80723/4, 62, 29)
(20181, 67, 32)
(80727/4, 67, 32)
(20182, 70, 34)
(40365/2, 68, 33)
(80731/4, 67, 32)
(20183, 63, 30)
(40367/2, 62, 29)
(80735/4, 60, 28)
(40369/2, 62, 29)
(80739/4, 55, 25)
(40371/2, 51, 23)
(80743/4, 55, 25)
(40373/2, 58, 27)
(80747/4, 50, 22)
(20189, 57, 26)
(80757/4, 55, 25)
(40379/2, 57, 26)
(80759/4, 50, 22)
(20190, 58, 27)
(80761/4, 57, 26)
(40381/2, 58, 27)
(80763/4, 55, 25)
(20191, 55, 25)
(80765/4, 53, 24)
(40383/2, 55, 25)
(80767/4, 51, 23)
(20192, 56, 26)
(80769/4, 55, 25)
(40385/2, 56, 26)
(80771/4, 53, 24)
(20193, 60, 28)
(80773/4, 59, 27)
(40387/2, 60, 28)
(80775/4, 55, 25)
(20194, 60, 28)
(80777/4, 60, 28)
(40389/2, 56, 26)
(80779/4, 55, 25)
(20195, 53, 24)
(80781/4, 51, 23)
(40391/2, 50, 22)
(80783/4, 62, 29)
(20196, 60, 28)
(80793/4, 60, 28)
(40397/2, 62, 29)
(80795/4, 63, 30)
(20199, 62, 29)
(80797/4, 55, 25)
(80805/4, 62, 29)
(40403/2, 63, 30)
(80807/4, 65, 31)
(20202, 72, 35)
(80809/4, 67, 32)
(40405/2, 65, 31)
(80811/4, 63, 30)
(40407/2, 74, 36)
(80815/4, 65, 31)
(40409/2, 72, 35)
(80819/4, 63, 30)
(40411/2, 65, 31)
(80823/4, 67, 32)
(20206, 62, 29)
(80825/4, 63, 30)
(40413/2, 59, 27)
(80827/4, 60, 28)
(20207, 65, 31)
(80829/4, 65, 31)
(40415/2, 63, 30)
(80831/4, 62, 29)
(20208, 60, 28)
(40417/2, 63, 30)
(80835/4, 62, 29)
(20209, 62, 29)
(80837/4, 60, 28)
(40419/2, 67, 32)
(80839/4, 65, 31)
(20210, 65, 31)
(80841/4, 64, 30)
(40421/2, 64, 30)
(20211, 63, 30)
(40423/2, 60, 28)
(80847/4, 62, 29)
(20212, 63, 30)
(40425/2, 63, 30)
(80851/4, 65, 31)
(20213, 67, 32)
(80853/4, 69, 33)
(40427/2, 70, 34)
(80855/4, 72, 35)
(20214, 74, 36)
(40429/2, 70, 34)
(80859/4, 69, 33)
(20215, 69, 33)
(80861/4, 67, 32)
(40431/2, 74, 36)
(80863/4, 72, 35)
(20216, 72, 35)
(80865/4, 70, 34)
(40433/2, 70, 34)
(80867/4, 69, 33)
(20217, 69, 33)
(80869/4, 68, 32)
(40435/2, 66, 31)
(80871/4, 68, 32)
(20218, 69, 33)
(40437/2, 60, 28)
(80875/4, 59, 27)
(20219, 57, 26)
(40439/2, 55, 25)
(80879/4, 53, 24)
(20220, 53, 24)
(40441/2, 52, 23)
(80883/4, 64, 30)
(20221, 64, 30)
(80885/4, 62, 29)
(40443/2, 60, 28)
(80887/4, 58, 27)
(20222, 57, 26)
(40451/2, 70, 34)
(80903/4, 69, 33)
(20226, 67, 32)
(40453/2, 66, 31)
(80907/4, 67, 32)
(20227, 69, 33)
(40457/2, 62, 29)
(20229, 55, 25)
(20229, 62, 29)
(20229, 74, 36)
(40461/2, 60, 28)
(80923/4, 58, 27)
(20231, 56, 26)
(80927/4, 56, 26)
(20232, 55, 25)
(40465/2, 56, 26)
(80931/4, 55, 25)
(20233, 58, 27)
(40467/2, 60, 28)
(80935/4, 58, 27)
(20234, 57, 26)
(40469/2, 58, 27)
(80939/4, 57, 26)
(20235, 61, 28)
(40471/2, 59, 27)
(80943/4, 61, 28)
(20236, 62, 29)
(40473/2, 54, 24)
(40473/2, 57, 26)
(20237, 62, 29)
(40475/2, 64, 30)
(20238, 66, 31)
(20238, 69, 33)
(20239, 67, 32)
(20240, 65, 31)
(20240, 69, 33)
(20241, 65, 31)
(20242, 64, 30)
(40485/2, 68, 32)
(20243, 70, 34)
(40487/2, 69, 33)
(20244, 69, 33)
(20245, 70, 34)
(40493/2, 69, 33)
(20247, 69, 33)
(40495/2, 68, 32)
(40497/2, 64, 30)
(80995/4, 65, 31)
(20249, 67, 32)
(40499/2, 69, 33)
(80999/4, 67, 32)
(20250, 67, 32)
(40501/2, 66, 31)
(20251, 65, 31)
(81007/4, 69, 33)
(162015/8, 70, 34)
(20252, 72, 35)
(40505/2, 69, 33)
(81011/4, 65, 31)
(20253, 67, 32)
(20253, 70, 34)
(20254, 64, 30)
(40509/2, 67, 32)
(20255, 67, 32)
(81021/4, 66, 31)
(20256, 59, 27)
(40513/2, 68, 32)
(20257, 57, 26)
(40515/2, 69, 33)
(20258, 53, 24)
(81033/4, 50, 22)
(40517/2, 62, 29)
(81037/4, 50, 22)
(40519/2, 56, 26)
(81041/4, 58, 27)
(40521/2, 55, 25)
(81045/4, 55, 25)
(40523/2, 52, 23)
(81047/4, 57, 26)
(81049/4, 53, 24)
(162099/8, 57, 26)
(81051/4, 53, 24)
(162103/8, 57, 26)
(81053/4, 53, 24)
(162107/8, 58, 27)
(81055/4, 53, 24)
(162111/8, 58, 27)
(81057/4, 53, 24)
(162115/8, 58, 27)
(81059/4, 54, 24)
(162119/8, 58, 27)
(81061/4, 55, 25)
(162123/8, 58, 27)
(81063/4, 55, 25)
(162127/8, 59, 27)
(81065/4, 55, 25)
(162131/8, 60, 28)
(81067/4, 55, 25)
(162135/8, 60, 28)
(81069/4, 55, 25)
(162139/8, 60, 28)
(81071/4, 56, 25)
(162143/8, 60, 28)
(81073/4, 57, 26)
(162147/8, 60, 28)
(81075/4, 53, 24)
(81075/4, 57, 26)
(162151/8, 62, 29)
(81077/4, 55, 25)
(81077/4, 58, 27)
(162155/8, 62, 29)
(81079/4, 55, 25)
(81079/4, 58, 27)
(162159/8, 62, 29)
(81081/4, 53, 24)
(81081/4, 57, 26)
(162163/8, 62, 29)
(81083/4, 53, 24)
(81083/4, 57, 26)
(162167/8, 62, 29)
(81085/4, 55, 25)
(81085/4, 58, 27)
(162171/8, 62, 29)
(81087/4, 55, 25)
(81087/4, 58, 27)
(162175/8, 62, 29)
(81089/4, 53, 24)
(81089/4, 57, 26)
(162179/8, 62, 29)
(81091/4, 53, 24)
(81091/4, 57, 26)
(162183/8, 62, 29)
(20273, 53, 24)
(81095/4, 53, 24)
(20274, 53, 24)
(81099/4, 53, 24)
(20275, 53, 24)
(81103/4, 53, 24)
(20276, 53, 24)
(20276, 62, 29)
(81107/4, 53, 24)
(81107/4, 62, 29)
(20277, 53, 24)
(20277, 62, 29)
(20287, 53, 24)
(20290, 55, 25)
(20292, 53, 24)
(40585/2, 52, 23)
(20293, 53, 24)
(20294, 53, 24)
(20295, 53, 24)
(20296, 53, 24)
(40595/2, 53, 24)
(20298, 53, 24)
(40597/2, 53, 24)
(20299, 52, 23)
(20300, 48, 21)
(20301, 55, 25)
(20302, 53, 24)
(20303, 48, 21)
(20303, 57, 26)
(20304, 58, 27)
(40611/2, 57, 26)
(20306, 55, 25)
(40613/2, 53, 24)
(20307, 55, 25)
(20308, 48, 21)
(20308, 55, 25)
(20311, 60, 28)
(20312, 58, 27)
(20313, 57, 26)
(20314, 57, 26)
(20315, 55, 25)
(20317, 67, 32)
(20318, 65, 31)
(20319, 63, 30)
(40639/2, 60, 28)
(20320, 57, 26)
(20320, 65, 31)
(20321, 58, 27)
(20321, 65, 31)
(20323, 53, 24)
(20323, 55, 25)
(20326, 52, 23)
(20328, 53, 24)
(20329, 53, 24)
(20329, 55, 25)
(20330, 57, 26)
(20331, 55, 25)
(20332, 57, 26)
(20332, 48, 21)
(20333, 55, 25)
(20334, 53, 24)
(20335, 57, 26)
(20335, 48, 21)
(20336, 55, 25)
(20337, 53, 24)
(40679/2, 69, 33)
(20340, 70, 34)
(81363/4, 69, 33)
(20341, 69, 33)
(40683/2, 67, 32)
(40685/2, 64, 30)
(81371/4, 65, 31)
(20343, 67, 32)
(40687/2, 69, 33)
(81375/4, 67, 32)
(20344, 67, 32)
(40689/2, 66, 31)
(40691/2, 67, 32)
(81383/4, 69, 33)
(20346, 70, 34)
(40693/2, 72, 35)
(81387/4, 70, 34)
(20347, 69, 33)
(81391/4, 67, 32)
(20348, 66, 31)
(40697/2, 67, 32)
(20349, 69, 33)
(40701/2, 74, 36)
(20351, 72, 35)
(40703/2, 70, 34)
(81407/4, 69, 33)
(20352, 67, 32)
(20353, 65, 31)
(20354, 53, 24)
(20354, 58, 27)
(40711/2, 53, 24)
(40711/2, 57, 26)
(20356, 57, 26)
(40713/2, 53, 24)
(40717/2, 52, 23)
(20359, 53, 24)
(40721/2, 60, 28)
(81443/4, 62, 29)
(20361, 64, 30)
(40723/2, 62, 29)
(81447/4, 64, 30)
(20362, 65, 31)
(40725/2, 60, 28)
(20363, 62, 29)
(40727/2, 60, 28)
(40729/2, 58, 27)
(20365, 57, 26)
(20366, 48, 21)
(20366, 58, 27)
(20368, 57, 26)
(20369, 48, 21)
(20369, 58, 27)
(20371, 57, 26)
(40743/2, 53, 24)
(40747/2, 60, 28)
(40751/2, 65, 31)
(20377, 64, 30)
(40755/2, 65, 31)
(40757/2, 65, 31)
(20379, 70, 34)
(40759/2, 69, 33)
(20380, 77, 38)
(30000, 41, 17)
(30006, 41, 17)
(30007, 45, 19)
(30008, 50, 22)
(30009, 43, 18)
(60021/2, 45, 19)
(30011, 46, 20)
(60023/2, 41, 17)
(30012, 48, 21)
(30013, 45, 19)
(30014, 40, 16)
(30015, 41, 17)
(30016, 48, 21)
(30016, 38, 15)
(30017, 40, 16)
(30018, 48, 21)
(30018, 41, 17)
(30019, 38, 15)
(30020, 43, 18)
(30021, 36, 14)
(30021, 43, 18)
(30026, 50, 22)
(30027, 43, 18)
(30032, 53, 24)
(30033, 46, 20)
(30036, 46, 20)
(30041, 45, 19)
(30042, 46, 20)
(30043, 48, 21)
(30045, 38, 15)
(30045, 48, 21)
(30046, 40, 16)
(30047, 41, 17)
(30048, 38, 15)
(30048, 48, 21)
(30049, 40, 16)
(30050, 41, 17)
(30053, 36, 14)
(30054, 41, 17)
(30075, 50, 22)
(30076, 53, 24)
(60155/2, 52, 23)
(30078, 52, 23)
(60157/2, 51, 22)
(60159/2, 47, 20)
(120319/4, 48, 21)
(30080, 50, 22)
(60161/2, 52, 23)
(120323/4, 50, 22)
(30081, 50, 22)
(60163/2, 49, 21)
(60165/2, 45, 19)
(120331/4, 47, 20)
(30083, 48, 21)
(60167/2, 50, 22)
(120335/4, 48, 21)
(30084, 47, 20)
(60169/2, 46, 20)
(30085, 45, 19)
(30086, 57, 26)
(30087, 50, 22)
(60177/2, 56, 26)
(30089, 55, 25)
(60179/2, 59, 27)
(30090, 60, 28)
(30091, 58, 27)
(30092, 65, 31)
(30093, 67, 32)
(30095, 60, 28)
(30096, 65, 31)
(30098, 59, 27)
(30099, 58, 27)
(30100, 57, 26)
(60201/2, 62, 29)
(30101, 61, 28)
(60203/2, 69, 33)
(30102, 62, 29)
(30105, 52, 23)
(30106, 53, 24)
(60215/2, 52, 23)
(30108, 52, 23)
(60217/2, 51, 22)
(60219/2, 47, 20)
(120439/4, 48, 21)
(30110, 50, 22)
(60221/2, 52, 23)
(120443/4, 50, 22)
(30111, 48, 21)
(60223/2, 49, 21)
(30112, 50, 22)
(30114, 64, 30)
(30115, 65, 31)
(60233/2, 64, 30)
(30117, 64, 30)
(60235/2, 63, 29)
(60237/2, 58, 27)
(120475/4, 60, 28)
(30119, 62, 29)
(60239/2, 64, 30)
(120479/4, 62, 29)
(30120, 62, 29)
(60241/2, 61, 28)
(60243/2, 57, 26)
(120487/4, 59, 27)
(30122, 60, 28)
(60245/2, 62, 29)
(120491/4, 60, 28)
(30123, 58, 27)
(60247/2, 57, 26)
(30124, 56, 25)
(60249/2, 58, 27)
(30125, 52, 23)
(30126, 69, 33)
(30127, 70, 34)
(60257/2, 69, 33)
(30129, 67, 32)
(60259/2, 65, 31)
(120519/4, 67, 32)
(30130, 67, 32)
(60261/2, 65, 31)
(120523/4, 61, 28)
(30131, 64, 30)
(60263/2, 62, 29)
(120527/4, 57, 26)
(60265/2, 69, 33)
(120531/4, 69, 33)
(30133, 69, 33)
(60267/2, 67, 32)
(120535/4, 63, 29)
(30134, 65, 31)
(60269/2, 64, 30)
(120539/4, 59, 27)
(30135, 45, 19)
(60271/2, 45, 19)
(30136, 45, 19)
(60273/2, 45, 19)
(30137, 45, 19)
(60275/2, 45, 19)
(30138, 45, 19)
(60277/2, 45, 19)
(30139, 46, 20)
(60279/2, 46, 20)
(30140, 46, 20)
(60281/2, 46, 20)
(30141, 46, 20)
(60283/2, 46, 20)
(30142, 47, 20)
(60285/2, 47, 20)
(30143, 48, 21)
(60287/2, 48, 21)
(30144, 48, 21)
(60289/2, 48, 21)
(30145, 50, 22)
(60291/2, 50, 22)
(30146, 52, 23)
(60293/2, 52, 23)
(30147, 53, 24)
(60295/2, 53, 24)
(30148, 48, 21)
(60297/2, 48, 21)
(30149, 50, 22)
(60299/2, 50, 22)
(30150, 52, 23)
(60301/2, 52, 23)
(30151, 45, 19)
(60303/2, 45, 19)
(30152, 36, 14)
(30152, 48, 21)
(60305/2, 36, 14)
(60305/2, 48, 21)
(30153, 38, 15)
(60307/2, 38, 15)
(30154, 40, 16)
(60309/2, 40, 16)
(30155, 41, 17)
(241241/8, 53, 24)
(60311/2, 41, 17)
(241245/8, 53, 24)
(30156, 41, 17)
(241249/8, 53, 24)
(60313/2, 41, 17)
(241253/8, 53, 24)
(30157, 38, 15)
(30164, 60, 28)
(30165, 53, 24)
(30167, 53, 24)
(30168, 46, 20)
(30170, 43, 18)
(60341/2, 40, 16)
(30171, 45, 19)
(30173, 38, 15)
(30174, 43, 18)
(120701/4, 41, 17)
(60351/2, 39, 16)
(120703/4, 38, 15)
(30176, 36, 14)
(120705/4, 38, 15)
(60353/2, 39, 16)
(120707/4, 41, 17)
(30177, 43, 18)
(120709/4, 48, 21)
(60355/2, 51, 23)
(120711/4, 48, 21)
(30178, 56, 26)
(120713/4, 53, 24)
(60357/2, 50, 22)
(120715/4, 48, 21)
(30179, 47, 20)
(120717/4, 48, 21)
(60359/2, 47, 20)
(120719/4, 44, 19)
(30180, 43, 18)
(120721/4, 41, 17)
(60361/2, 43, 18)
(120723/4, 41, 17)
(30181, 39, 16)
(120725/4, 38, 15)
(60363/2, 39, 16)
(120727/4, 40, 16)
(30182, 41, 17)
(120729/4, 40, 16)
(60365/2, 41, 17)
(120731/4, 43, 18)
(30183, 44, 19)
(120733/4, 43, 18)
(60367/2, 44, 19)
(120735/4, 45, 19)
(60369/2, 46, 20)
(120739/4, 55, 25)
(60371/2, 36, 14)
(120743/4, 43, 18)
(60373/2, 38, 15)
(120747/4, 46, 20)
(30187, 39, 16)
(120749/4, 38, 15)
(60375/2, 39, 16)
(120751/4, 36, 14)
(30188, 42, 17)
(120753/4, 40, 16)
(60377/2, 42, 17)
(120755/4, 38, 15)
(30189, 48, 21)
(120757/4, 46, 20)
(60379/2, 48, 21)
(120759/4, 45, 19)
(30190, 50, 22)
(120761/4, 48, 21)
(60381/2, 50, 22)
(120763/4, 46, 20)
(30191, 51, 23)
(120765/4, 50, 22)
(60383/2, 51, 23)
(120767/4, 48, 21)
(30192, 53, 24)
(120769/4, 51, 23)
(60385/2, 53, 24)
(120771/4, 50, 22)
(30193, 55, 25)
(120773/4, 53, 24)
(60387/2, 55, 25)
(120775/4, 51, 23)
(30194, 56, 26)
(120777/4, 55, 25)
(60389/2, 53, 24)
(120779/4, 51, 23)
(30195, 50, 22)
(120781/4, 48, 21)
(60391/2, 47, 20)
(120783/4, 43, 18)
(30196, 44, 19)
(30197, 43, 18)
(60397/2, 45, 19)
(30199, 46, 20)
(30200, 45, 19)
(60403/2, 47, 20)
(30202, 48, 21)
(30203, 47, 20)
(60409/2, 48, 21)
(30205, 48, 21)
(60411/2, 50, 22)
(60413/2, 50, 22)
(120827/4, 48, 21)
(30207, 47, 20)
(60415/2, 45, 19)
(120831/4, 47, 20)
(30208, 48, 21)
(60417/2, 36, 14)
(30209, 48, 21)
(60419/2, 48, 21)
(30210, 48, 21)
(60421/2, 50, 22)
(120843/4, 51, 23)
(30211, 53, 24)
(30212, 41, 17)
(60429/2, 46, 20)
(30215, 58, 27)
(60431/2, 58, 27)
(30216, 58, 27)
(60433/2, 58, 27)
(30217, 52, 23)
(30218, 53, 24)
(60437/2, 57, 26)
(120875/4, 55, 25)
(30219, 53, 24)
(60439/2, 52, 23)
(120879/4, 50, 22)
(30220, 50, 22)
(60441/2, 48, 21)
(30221, 47, 20)
(60443/2, 52, 23)
(30222, 41, 17)
(60447/2, 38, 15)
(30224, 44, 18)
(30225, 45, 19)
(60451/2, 50, 22)
(30226, 51, 23)
(60453/2, 63, 30)
(120907/4, 62, 29)
(30227, 61, 28)
(60455/2, 59, 27)
(120911/4, 61, 28)
(30228, 62, 29)
(60457/2, 38, 15)
(30229, 46, 20)
(60459/2, 42, 17)
(30230, 43, 18)
(60461/2, 57, 26)
(120923/4, 55, 25)
(30231, 53, 24)
(60463/2, 55, 25)
(120927/4, 53, 24)
(30232, 52, 23)
(60465/2, 53, 24)
(120931/4, 52, 23)
(30233, 55, 25)
(60467/2, 57, 26)
(120935/4, 55, 25)
(30234, 53, 24)
(60469/2, 55, 25)
(120939/4, 53, 24)
(30235, 52, 23)
(60471/2, 53, 24)
(120943/4, 52, 23)
(30236, 50, 22)
(60473/2, 48, 21)
(30237, 47, 20)
(60475/2, 46, 20)
(30238, 45, 19)
(30244, 45, 19)
(30247, 45, 19)
(30250, 45, 19)
(30253, 45, 19)
(30256, 45, 19)
(30258, 46, 20)
(30259, 47, 20)
(30260, 48, 21)
(30261, 49, 21)
(30262, 38, 15)
(60525/2, 38, 15)
(30263, 38, 15)
(60527/2, 38, 15)
(30264, 38, 15)
(60529/2, 38, 15)
(30265, 39, 16)
(60531/2, 39, 16)
(30266, 39, 16)
(60533/2, 39, 16)
(30267, 40, 16)
(60535/2, 40, 16)
(30268, 41, 17)
(60537/2, 41, 17)
(30269, 43, 18)
(60539/2, 43, 18)
(30270, 45, 19)
(60541/2, 45, 19)
(30271, 46, 20)
(60543/2, 46, 20)
(30272, 45, 19)
(60545/2, 45, 19)
(30273, 44, 18)
(30273, 50, 22)
(121095/4, 44, 18)
(121095/4, 50, 22)
(30274, 44, 18)
(30274, 50, 22)
(121099/4, 44, 18)
(121099/4, 50, 22)
(30275, 44, 18)
(30275, 50, 22)
(121103/4, 44, 18)
(121103/4, 50, 22)
(30276, 44, 18)
(30276, 50, 22)
(121107/4, 44, 18)
(121107/4, 50, 22)
(30277, 44, 18)
(30277, 50, 22)
(30287, 36, 14)
(30290, 48, 21)
(30292, 36, 14)
(30293, 41, 17)
(30294, 45, 19)
(30295, 50, 22)
(30296, 43, 18)
(60595/2, 45, 19)
(30298, 46, 20)
(60597/2, 41, 17)
(30299, 48, 21)
(30300, 45, 19)
(30301, 40, 16)
(30302, 41, 17)
(30303, 38, 15)
(30303, 48, 21)
(30304, 40, 16)
(30305, 41, 17)
(30306, 38, 15)
(30307, 43, 18)
(30308, 36, 14)
(30308, 43, 18)
(30313, 50, 22)
(30314, 43, 18)
(30319, 53, 24)
(30320, 46, 20)
(30323, 46, 20)
(30328, 45, 19)
(30329, 46, 20)
(30330, 48, 21)
(30332, 38, 15)
(30332, 48, 21)
(30333, 40, 16)
(30334, 41, 17)
(30335, 38, 15)
(30335, 48, 21)
(30336, 40, 16)
(30337, 41, 17)
(60689/2, 62, 29)
(121379/4, 65, 31)
(121381/4, 67, 32)
(60691/2, 65, 31)
(30346, 64, 30)
(30347, 65, 31)
(30348, 66, 31)
(30349, 62, 29)
(30350, 67, 32)
(30351, 58, 27)
(30352, 60, 28)
(30353, 53, 24)
(30354, 46, 20)
(60711/2, 41, 17)
(30356, 41, 17)
(60713/2, 38, 15)
(60715/2, 37, 15)
(30358, 36, 14)
(30359, 41, 17)
(30361, 60, 28)
(30362, 65, 31)
(30364, 48, 21)
(30365, 41, 17)
(60731/2, 45, 19)
(30366, 43, 18)
(60733/2, 38, 15)
(30367, 41, 17)
(60735/2, 40, 16)
(30368, 41, 17)
(60737/2, 45, 19)
(30369, 43, 18)
(60739/2, 38, 15)
(30370, 41, 17)
(60741/2, 40, 16)
(30371, 40, 16)
(60743/2, 41, 17)
(30372, 46, 20)
(60745/2, 41, 17)
(60747/2, 53, 24)
(30374, 48, 21)
(60749/2, 53, 24)
(60751/2, 53, 24)
(30380, 65, 31)
