(5/2, 61, 28)
(3, 66, 31)
(5, 64, 30)
(6, 61, 28)
(8, 62, 29)
(9, 64, 30)
(21/2, 66, 31)
(11, 68, 32)
(23/2, 71, 34)
(12, 71, 34)
(13, 69, 33)
(29/2, 73, 35)
(15, 78, 38)
(17, 76, 37)
(18, 73, 35)
(20, 73, 35)
(21, 74, 36)
(45/2, 74, 36)
(23, 76, 37)
(47/2, 81, 40)
(24, 79, 39)
(25, 78, 38)
(51/2, 78, 38)
(26, 80, 39)
(53/2, 85, 42)
(27, 83, 41)
(28, 81, 40)
(57/2, 81, 40)
(29, 83, 41)
(59/2, 90, 45)
(30, 88, 44)
(63/2, 85, 42)
(32, 81, 40)
(65/2, 78, 38)
(33, 76, 37)
(69/2, 73, 35)
(35, 69, 33)
(71/2, 66, 31)
(36, 64, 30)
(75/2, 61, 28)
(38, 57, 26)
(155/4, 56, 25)
(39, 59, 27)
(41, 73, 35)
(167/4, 71, 34)
(42, 74, 36)
(45, 73, 35)
(183/4, 71, 34)
(46, 74, 36)
(48, 74, 36)
(195/4, 71, 34)
(49, 69, 33)
(199/4, 68, 32)
(50, 71, 34)
(101/2, 64, 30)
(51, 64, 30)
(54, 64, 30)
(57, 64, 30)
(57, 74, 36)
(57, 83, 41)
(59, 64, 30)
(237/4, 66, 31)
(119/2, 64, 30)
(239/4, 66, 31)
(60, 68, 32)
(241/4, 69, 33)
(121/2, 68, 32)
(243/4, 69, 33)
(61, 71, 34)
(63, 68, 32)
(253/4, 69, 33)
(127/2, 68, 32)
(255/4, 69, 33)
(64, 71, 34)
(257/4, 72, 35)
(129/2, 71, 34)
(259/4, 72, 35)
(65, 74, 36)
(66, 71, 34)
(265/4, 72, 35)
(133/2, 71, 34)
(267/4, 72, 35)
(67, 74, 36)
(68, 74, 36)
(273/4, 76, 37)
(137/2, 74, 36)
(275/4, 76, 37)
(69, 77, 38)
(70, 76, 37)
(281/4, 78, 38)
(141/2, 76, 37)
(283/4, 78, 38)
(71, 80, 39)
(285/4, 81, 40)
(143/2, 80, 39)
(287/4, 81, 40)
(72, 83, 41)
(289/4, 84, 42)
(145/2, 83, 41)
(291/4, 84, 42)
(73, 86, 43)
(147/2, 83, 41)
(295/4, 80, 39)
(74, 76, 37)
(297/4, 74, 36)
(149/2, 71, 34)
(299/4, 68, 32)
(75, 64, 30)
(88, 88, 44)
(355/4, 88, 44)
(89, 88, 44)
(90, 86, 43)
(363/4, 84, 42)
(91, 84, 42)
(92, 81, 40)
(371/4, 81, 40)
(93, 81, 40)
(94, 80, 39)
(379/4, 81, 40)
(95, 83, 41)
(191/2, 76, 37)
(96, 88, 44)
(387/4, 88, 44)
(97, 88, 44)
(98, 86, 43)
(395/4, 84, 42)
(99, 84, 42)
(100, 83, 41)
(403/4, 81, 40)
(101, 81, 40)
(102, 80, 39)
(411/4, 81, 40)
(103, 83, 41)
(207/2, 76, 37)
(104, 79, 39)
(104, 77, 38)
(209/2, 76, 37)
(105, 84, 42)
(107, 84, 42)
(109, 84, 42)
(112, 84, 42)
(225/2, 83, 41)
(113, 83, 41)
(227/2, 81, 40)
(114, 81, 40)
(229/2, 79, 39)
(115, 79, 39)
(231/2, 77, 38)
(116, 76, 37)
(233/2, 75, 36)
(117, 75, 36)
(119, 76, 37)
(132, 88, 44)
(531/4, 88, 44)
(133, 88, 44)
(134, 86, 43)
(539/4, 84, 42)
(135, 84, 42)
(136, 83, 41)
(547/4, 81, 40)
(137, 81, 40)
(138, 83, 41)
(138, 81, 40)
(138, 80, 39)
(555/4, 81, 40)
(139, 83, 41)
(279/2, 76, 37)
(140, 88, 44)
(563/4, 88, 44)
(141, 88, 44)
(142, 86, 43)
(571/4, 84, 42)
(143, 84, 42)
(144, 83, 41)
(579/4, 81, 40)
(145, 81, 40)
(583/4, 83, 41)
(1167/8, 81, 40)
(146, 80, 39)
(587/4, 81, 40)
(147, 83, 41)
(295/2, 76, 37)
(148, 79, 39)
(148, 77, 38)
(297/2, 76, 37)
(149, 84, 42)
(151, 84, 42)
(153, 84, 42)
(311/2, 76, 37)
(156, 79, 39)
(156, 77, 38)
(313/2, 76, 37)
(157, 84, 42)
(159, 84, 42)
(161, 84, 42)
(327/2, 84, 42)
(164, 83, 41)
(329/2, 81, 40)
(165, 81, 40)
(331/2, 79, 39)
(166, 79, 39)
(168, 79, 39)
(168, 88, 44)
(675/4, 88, 44)
(169, 88, 44)
(170, 84, 42)
(683/4, 83, 41)
(171, 81, 40)
(172, 79, 39)
(173, 79, 39)
(347/2, 78, 38)
(174, 78, 38)
(703/4, 76, 37)
(176, 88, 44)
(707/4, 88, 44)
(177, 88, 44)
(178, 85, 42)
(715/4, 83, 41)
(179, 82, 40)
(359/2, 85, 42)
(180, 85, 42)
(361/2, 79, 39)
(181, 79, 39)
(363/2, 78, 38)
(182, 78, 38)
(365/2, 78, 38)
(183, 78, 38)
(371/2, 71, 34)
(186, 74, 36)
(186, 72, 35)
(373/2, 71, 34)
(187, 83, 41)
(190, 82, 40)
(191, 82, 40)
(194, 81, 40)
(195, 84, 42)
(198, 84, 42)
(199, 90, 45)
(200, 81, 40)
(201, 79, 39)
(204, 73, 35)
(819/4, 73, 35)
(205, 73, 35)
(208, 76, 37)
(835/4, 76, 37)
(209, 76, 37)
(210, 66, 31)
(212, 74, 36)
(212, 72, 35)
(425/2, 71, 34)
(213, 71, 34)
(427/2, 71, 34)
(214, 74, 36)
(214, 72, 35)
(429/2, 71, 34)
(215, 71, 34)
(431/2, 71, 34)
(216, 74, 36)
(216, 72, 35)
(433/2, 71, 34)
(217, 71, 34)
(435/2, 71, 34)
(218, 74, 36)
(218, 72, 35)
(437/2, 71, 34)
(219, 79, 39)
(220, 78, 38)
(441/2, 76, 37)
(221, 75, 36)
(222, 76, 37)
(445/2, 78, 38)
(223, 71, 34)
(224, 72, 35)
(449/2, 69, 33)
(225, 67, 32)
(451/2, 71, 34)
(226, 74, 36)
(226, 72, 35)
(453/2, 71, 34)
(227, 71, 34)
(455/2, 79, 39)
(228, 78, 38)
(457/2, 76, 37)
(229, 75, 36)
(230, 76, 37)
(461/2, 78, 38)
(231, 71, 34)
(463/2, 74, 36)
(232, 72, 35)
(465/2, 69, 33)
(233, 67, 32)
(467/2, 67, 32)
(234, 69, 33)
(469/2, 67, 32)
(235, 76, 37)
(236, 74, 36)
(473/2, 72, 35)
(237, 72, 35)
(238, 71, 34)
(477/2, 69, 33)
(239, 76, 37)
(240, 74, 36)
(481/2, 72, 35)
(241, 72, 35)
(967/4, 74, 36)
(1935/8, 72, 35)
(242, 71, 34)
(485/2, 72, 35)
(243, 88, 44)
(244, 86, 43)
(489/2, 84, 42)
(245, 83, 41)
(246, 81, 40)
(493/2, 79, 39)
(247, 81, 40)
(248, 79, 39)
(497/2, 78, 38)
(249, 76, 37)
(511/2, 71, 34)
(256, 71, 34)
(513/2, 71, 34)
(257, 83, 41)
(1031/4, 79, 39)
(258, 76, 37)
(527/2, 71, 34)
(264, 71, 34)
(529/2, 71, 34)
(265, 71, 34)
(531/2, 77, 38)
(266, 76, 37)
(535/2, 77, 38)
(268, 76, 37)
(539/2, 84, 42)
(270, 81, 40)
(541/2, 79, 39)
(271, 81, 40)
(272, 79, 39)
(545/2, 78, 38)
(273, 76, 37)
(547/2, 77, 38)
(274, 76, 37)
(551/2, 79, 39)
(276, 77, 38)
(555/2, 81, 40)
(278, 80, 39)
(559/2, 83, 41)
(280, 81, 40)
(563/2, 72, 35)
(563/2, 84, 42)
(282, 71, 34)
(282, 83, 41)
(571/2, 84, 42)
(286, 83, 41)
(579/2, 55, 25)
(579/2, 64, 30)
(290, 55, 25)
(290, 64, 30)
(583/2, 59, 27)
(583/2, 64, 30)
(292, 59, 27)
(292, 64, 30)
(587/2, 60, 28)
(587/2, 64, 30)
(294, 60, 28)
(294, 64, 30)
(591/2, 64, 30)
(296, 64, 30)
(595/2, 67, 32)
(298, 67, 32)
(613/2, 79, 39)
(1227/4, 78, 38)
(307, 78, 38)
(308, 76, 37)
(617/2, 79, 39)
(1235/4, 78, 38)
(309, 78, 38)
(310, 76, 37)
(621/2, 79, 39)
(1243/4, 78, 38)
(311, 76, 37)
(623/2, 76, 37)
(312, 79, 39)
(312, 78, 38)
(625/2, 76, 37)
(313, 83, 41)
(629/2, 79, 39)
(1259/4, 78, 38)
(315, 78, 38)
(316, 76, 37)
(633/2, 79, 39)
(1267/4, 78, 38)
(317, 78, 38)
(318, 76, 37)
(637/2, 79, 39)
(1275/4, 76, 37)
(319, 71, 34)
(639/2, 71, 34)
(320, 74, 36)
(320, 72, 35)
(641/2, 71, 34)
(321, 76, 37)
(651/2, 75, 36)
(326, 75, 36)
(653/2, 78, 38)
(327, 78, 38)
(655/2, 81, 40)
(328, 81, 40)
(657/2, 75, 36)
(329, 76, 37)
(667/2, 75, 36)
(334, 75, 36)
(669/2, 78, 38)
(335, 78, 38)
(671/2, 81, 40)
(336, 81, 40)
(673/2, 84, 42)
(337, 84, 42)
(675/2, 78, 38)
(338, 78, 38)
(677/2, 81, 40)
(339, 81, 40)
(679/2, 75, 36)
(340, 75, 36)
(681/2, 76, 37)
(341, 76, 37)
(683/2, 77, 38)
(342, 77, 38)
(685/2, 71, 34)
(343, 71, 34)
(687/2, 74, 36)
(344, 74, 36)
(689/2, 68, 32)
(345, 68, 32)
(691/2, 71, 34)
(346, 71, 34)
(693/2, 64, 30)
(347, 64, 30)
(695/2, 65, 31)
(348, 65, 31)
(697/2, 62, 29)
(349, 62, 29)
(699/2, 59, 27)
(350, 59, 27)
(701/2, 62, 29)
(351, 62, 29)
(703/2, 65, 31)
(352, 65, 31)
(705/2, 64, 30)
(353, 64, 30)
(353, 74, 36)
(353, 83, 41)
(355, 64, 30)
(1421/4, 66, 31)
(711/2, 64, 30)
(1423/4, 66, 31)
(356, 68, 32)
(1425/4, 69, 33)
(713/2, 68, 32)
(1427/4, 69, 33)
(357, 71, 34)
(359, 68, 32)
(1437/4, 69, 33)
(719/2, 68, 32)
(1439/4, 69, 33)
(360, 71, 34)
(1441/4, 72, 35)
(721/2, 71, 34)
(1443/4, 72, 35)
(361, 74, 36)
(362, 74, 36)
(1449/4, 76, 37)
(725/2, 74, 36)
(1451/4, 76, 37)
(363, 77, 38)
(364, 76, 37)
(1457/4, 77, 38)
(729/2, 76, 37)
(1459/4, 77, 38)
(365, 79, 39)
(366, 73, 35)
(1465/4, 74, 36)
(733/2, 73, 35)
(1467/4, 74, 36)
(367, 76, 37)
(1469/4, 77, 38)
(735/2, 76, 37)
(1471/4, 77, 38)
(368, 79, 39)
(369, 79, 39)
(1477/4, 81, 40)
(739/2, 79, 39)
(1479/4, 81, 40)
(370, 82, 41)
(371, 73, 35)
(1485/4, 74, 36)
(743/2, 73, 35)
(1487/4, 74, 36)
(372, 76, 37)
(373, 70, 33)
(1493/4, 71, 34)
(747/2, 70, 33)
(1495/4, 71, 34)
(374, 73, 35)
(1497/4, 74, 36)
(749/2, 73, 35)
(1499/4, 74, 36)
(375, 76, 37)
(1501/4, 78, 38)
(751/2, 76, 37)
(1503/4, 78, 38)
(376, 80, 39)
(1505/4, 82, 40)
(753/2, 80, 39)
(1507/4, 82, 40)
(377, 83, 41)
(1513/4, 78, 38)
(757/2, 86, 43)
(1515/4, 82, 40)
(379, 85, 42)
(1521/4, 83, 41)
(761/2, 79, 39)
(1523/4, 76, 37)
(381, 79, 39)
(1529/4, 78, 38)
(765/2, 74, 36)
(1531/4, 71, 34)
(383, 73, 35)
(1533/4, 74, 36)
(767/2, 73, 35)
(1535/4, 74, 36)
(384, 76, 37)
(1537/4, 78, 38)
(769/2, 79, 39)
(1539/4, 78, 38)
(385, 83, 41)
(1545/4, 78, 38)
(773/2, 86, 43)
(1547/4, 85, 42)
(387, 82, 40)
(388, 83, 41)
(1553/4, 79, 39)
(777/2, 76, 37)
(1555/4, 73, 35)
(389, 70, 33)
(779/2, 70, 33)
(1559/4, 71, 34)
(390, 73, 35)
(1561/4, 74, 36)
(781/2, 73, 35)
(1563/4, 74, 36)
(391, 76, 37)
(1565/4, 78, 38)
(783/2, 76, 37)
(1567/4, 78, 38)
(392, 80, 39)
(1569/4, 82, 40)
(785/2, 80, 39)
(1571/4, 82, 40)
(393, 83, 41)
(1573/4, 81, 40)
(787/2, 83, 41)
(1575/4, 81, 40)
(394, 79, 39)
(1577/4, 78, 38)
(789/2, 79, 39)
(1579/4, 78, 38)
(395, 76, 37)
(1581/4, 74, 36)
(791/2, 76, 37)
(1583/4, 74, 36)
(396, 72, 35)
(1585/4, 71, 34)
(793/2, 72, 35)
(1587/4, 71, 34)
(397, 69, 33)
(398, 72, 35)
(1595/4, 69, 33)
(399, 78, 38)
(401, 81, 40)
(1605/4, 79, 39)
(803/2, 81, 40)
(1607/4, 79, 39)
(402, 78, 38)
(1609/4, 76, 37)
(805/2, 78, 38)
(1611/4, 76, 37)
(403, 75, 36)
(1613/4, 73, 35)
(807/2, 75, 36)
(1615/4, 73, 35)
(404, 71, 34)
(1617/4, 69, 33)
(809/2, 71, 34)
(1619/4, 69, 33)
(405, 68, 32)
(406, 71, 34)
(1627/4, 68, 32)
(407, 74, 36)
(409, 62, 29)
(409, 71, 34)
(409, 80, 39)
(410, 62, 29)
(410, 71, 34)
(410, 83, 41)
(411, 62, 29)
(411, 74, 36)
(411, 86, 43)
(413, 73, 35)
(413, 76, 37)
(831/2, 73, 35)
(831/2, 76, 37)
(416, 73, 35)
(416, 76, 37)
(833/2, 73, 35)
(833/2, 76, 37)
(417, 73, 35)
(417, 76, 37)
(839/2, 73, 35)
(839/2, 76, 37)
(420, 73, 35)
(420, 76, 37)
(841/2, 73, 35)
(841/2, 76, 37)
(421, 82, 41)
(421, 73, 35)
(422, 76, 37)
(424, 73, 35)
(424, 76, 37)
(425, 69, 33)
(425, 78, 38)
(855/2, 69, 33)
(855/2, 78, 38)
(428, 69, 33)
(428, 78, 38)
(857/2, 69, 33)
(857/2, 78, 38)
(429, 69, 33)
(429, 78, 38)
(863/2, 69, 33)
(863/2, 78, 38)
(432, 69, 33)
(432, 78, 38)
(865/2, 69, 33)
(865/2, 78, 38)
(433, 81, 40)
(433, 69, 33)
(434, 76, 37)
(436, 69, 33)
(436, 76, 37)
(438, 75, 37)
(440, 62, 29)
(440, 74, 36)
(442, 77, 38)
(444, 71, 34)
(444, 76, 37)
(446, 72, 35)
(446, 79, 39)
(448, 72, 35)
(448, 77, 38)
(449, 77, 38)
(1799/4, 77, 38)
(450, 81, 40)
(901/2, 79, 39)
(1807/4, 79, 39)
(452, 82, 41)
(905/2, 81, 40)
(453, 81, 40)
(907/2, 81, 40)
(909/2, 81, 40)
(911/2, 81, 40)
(456, 86, 43)
(1827/4, 86, 43)
(457, 86, 43)
(458, 82, 41)
(1835/4, 81, 40)
(459, 79, 39)
(460, 77, 38)
(461, 77, 38)
(923/2, 76, 37)
(462, 76, 37)
(927/2, 74, 36)
(464, 86, 43)
(1859/4, 86, 43)
(465, 86, 43)
(466, 83, 41)
(1867/4, 81, 40)
(467, 80, 39)
(935/2, 83, 41)
(468, 83, 41)
(937/2, 77, 38)
(469, 77, 38)
(939/2, 76, 37)
(470, 76, 37)
(941/2, 77, 38)
(471, 77, 38)
(943/2, 76, 37)
(472, 88, 44)
(1891/4, 88, 44)
(473, 88, 44)
(474, 84, 42)
(1899/4, 83, 41)
(475, 81, 40)
(476, 79, 39)
(477, 79, 39)
(955/2, 78, 38)
(478, 78, 38)
(480, 83, 41)
(1923/4, 83, 41)
(481, 83, 41)
(483, 81, 40)
(484, 83, 41)
(485, 84, 42)
(486, 84, 42)
(1947/4, 84, 42)
(487, 84, 42)
(488, 83, 41)
(1955/4, 81, 40)
(489, 81, 40)
(490, 79, 39)
(1963/4, 78, 38)
(491, 78, 38)
(492, 76, 37)
(1971/4, 74, 36)
(493, 72, 35)
(494, 71, 34)
(1979/4, 69, 33)
(495, 67, 32)
(496, 79, 39)
(498, 77, 38)
(1995/4, 76, 37)
(499, 76, 37)
(500, 74, 36)
(2003/4, 72, 35)
(501, 72, 35)
(502, 71, 34)
(503, 76, 37)
(506, 74, 36)
(2027/4, 72, 35)
(507, 72, 35)
(508, 71, 34)
(2035/4, 69, 33)
(509, 69, 33)
(510, 73, 35)
(511, 76, 37)
(512, 78, 38)
(513, 79, 39)
(516, 80, 39)
(517, 81, 40)
(519, 82, 40)
(521, 83, 41)
(524, 83, 41)
(525, 88, 44)
(528, 88, 44)
(529, 93, 47)
(534, 86, 43)
(535, 86, 43)
(536, 84, 42)
(537, 83, 41)
(539, 95, 48)
(544, 86, 43)
(545, 84, 42)
(550, 86, 43)
(2203/4, 86, 43)
(551, 86, 43)
(552, 84, 42)
(2211/4, 83, 41)
(553, 83, 41)
(558, 83, 41)
(2235/4, 83, 41)
(559, 86, 43)
(560, 84, 42)
(2243/4, 83, 41)
(561, 83, 41)
(566, 83, 41)
(2267/4, 83, 41)
(567, 86, 43)
(568, 84, 42)
(2275/4, 83, 41)
(569, 83, 41)
(570, 83, 41)
(2283/4, 83, 41)
(571, 86, 43)
(572, 84, 42)
(2291/4, 83, 41)
(573, 88, 44)
(575, 84, 42)
(2307/4, 81, 40)
(577, 76, 37)
(579, 72, 35)
(2323/4, 69, 33)
(581, 64, 30)
(1165/2, 64, 30)
(2331/4, 69, 33)
(583, 72, 35)
(2333/4, 76, 37)
(1167/2, 81, 40)
(2335/4, 84, 42)
(584, 88, 44)
(2339/4, 88, 44)
(585, 88, 44)
(586, 86, 43)
(2347/4, 84, 42)
(587, 84, 42)
(588, 83, 41)
(2355/4, 81, 40)
(589, 81, 40)
(590, 80, 39)
(2363/4, 81, 40)
(591, 83, 41)
(1183/2, 76, 37)
(592, 88, 44)
(2371/4, 88, 44)
(593, 88, 44)
(594, 86, 43)
(2379/4, 84, 42)
(595, 84, 42)
(596, 83, 41)
(2387/4, 81, 40)
(597, 81, 40)
(598, 80, 39)
(2395/4, 81, 40)
(599, 83, 41)
(1199/2, 76, 37)
(600, 79, 39)
(600, 77, 38)
(1201/2, 76, 37)
(601, 84, 42)
(603, 84, 42)
(605, 84, 42)
(608, 84, 42)
(1217/2, 83, 41)
(609, 83, 41)
(1219/2, 81, 40)
(610, 81, 40)
(1221/2, 79, 39)
(611, 79, 39)
(1223/2, 77, 38)
(612, 76, 37)
(1225/2, 74, 36)
(613, 72, 35)
(1227/2, 71, 34)
(614, 86, 43)
(616, 84, 42)
(617, 84, 42)
(1235/2, 83, 41)
(618, 83, 41)
(1237/2, 81, 40)
(619, 81, 40)
(1239/2, 79, 39)
(620, 77, 38)
(1241/2, 76, 37)
(621, 74, 36)
(1243/2, 72, 35)
(622, 88, 44)
(624, 88, 44)
(1249/2, 84, 42)
(625, 83, 41)
(1251/2, 81, 40)
(626, 88, 44)
(1253/2, 84, 42)
(627, 83, 41)
(1255/2, 81, 40)
(628, 88, 44)
(1257/2, 84, 42)
(629, 83, 41)
(1259/2, 81, 40)
(630, 88, 44)
(1261/2, 84, 42)
(631, 83, 41)
(1263/2, 81, 40)
(632, 80, 39)
(1265/2, 81, 40)
(633, 84, 42)
(635, 63, 29)
(637, 64, 30)
(1275/2, 76, 37)
(638, 79, 39)
(638, 77, 38)
(1277/2, 76, 37)
(639, 88, 44)
(642, 87, 43)
(643, 83, 41)
(646, 83, 41)
(647, 86, 43)
(1299/2, 83, 41)
(650, 80, 39)
(1301/2, 76, 37)
(651, 79, 39)
(1303/2, 77, 38)
(652, 76, 37)
(1305/2, 74, 36)
(653, 72, 35)
(656, 69, 33)
(656, 78, 38)
(2627/4, 69, 33)
(2627/4, 78, 38)
(657, 69, 33)
(657, 78, 38)
(660, 81, 40)
(2643/4, 81, 40)
(661, 81, 40)
(662, 71, 34)
(664, 79, 39)
(664, 77, 38)
(1329/2, 76, 37)
(665, 76, 37)
(1331/2, 76, 37)
(666, 79, 39)
(666, 77, 38)
(1333/2, 76, 37)
(667, 76, 37)
(1335/2, 76, 37)
(668, 79, 39)
(668, 77, 38)
(1337/2, 76, 37)
(669, 76, 37)
(1339/2, 76, 37)
(670, 79, 39)
(670, 77, 38)
(1341/2, 76, 37)
(671, 84, 42)
(672, 83, 41)
(1345/2, 81, 40)
(673, 80, 39)
(674, 81, 40)
(1349/2, 83, 41)
(675, 76, 37)
(676, 77, 38)
(1353/2, 74, 36)
(677, 72, 35)
(1355/2, 76, 37)
(678, 79, 39)
(678, 77, 38)
(1357/2, 76, 37)
(679, 76, 37)
(1359/2, 84, 42)
(680, 83, 41)
(1361/2, 81, 40)
(681, 80, 39)
(682, 81, 40)
(1365/2, 83, 41)
(683, 76, 37)
(684, 77, 38)
(1369/2, 74, 36)
(685, 72, 35)
(1375/2, 65, 31)
(688, 64, 30)
(1377/2, 65, 31)
(1383/2, 65, 31)
(692, 64, 30)
(1385/2, 65, 31)
(1387/2, 62, 29)
(694, 64, 30)
(1389/2, 65, 31)
(695, 81, 40)
(696, 79, 39)
(1393/2, 77, 38)
(697, 76, 37)
(698, 74, 36)
(1397/2, 72, 35)
(699, 74, 36)
(700, 72, 35)
(1401/2, 71, 34)
(701, 69, 33)
(1415/2, 76, 37)
(708, 76, 37)
(1417/2, 76, 37)
(709, 88, 44)
(2839/4, 84, 42)
(710, 81, 40)
(1431/2, 76, 37)
(716, 76, 37)
(1433/2, 76, 37)
(717, 88, 44)
(1435/2, 82, 41)
(718, 81, 40)
(1439/2, 82, 41)
(720, 81, 40)
(1443/2, 77, 38)
(722, 74, 36)
(1445/2, 72, 35)
(723, 74, 36)
(724, 72, 35)
(1449/2, 71, 34)
(725, 69, 33)
(1451/2, 70, 34)
(726, 69, 33)
(1455/2, 70, 34)
(728, 69, 33)
(1459/2, 72, 35)
(730, 70, 34)
(1463/2, 74, 36)
(732, 73, 35)
(1467/2, 76, 37)
(734, 74, 36)
(1471/2, 77, 38)
(736, 76, 37)
(1475/2, 77, 38)
(738, 76, 37)
(743, 84, 42)
(1489/2, 83, 41)
(745, 83, 41)
(1491/2, 81, 40)
(746, 81, 40)
(1495/2, 76, 37)
(748, 72, 35)
(1497/2, 71, 34)
(749, 69, 33)
(751, 84, 42)
(1505/2, 83, 41)
(753, 83, 41)
(1507/2, 81, 40)
(754, 81, 40)
(1511/2, 76, 37)
(756, 72, 35)
(1513/2, 76, 37)
(757, 81, 40)
(3029/4, 83, 41)
(1515/2, 81, 40)
(3031/4, 83, 41)
(758, 84, 42)
(3033/4, 83, 41)
(1517/2, 81, 40)
(3035/4, 79, 39)
(759, 78, 38)
(3037/4, 79, 39)
(1519/2, 78, 38)
(3039/4, 79, 39)
(760, 81, 40)
(3041/4, 79, 39)
(1521/2, 78, 38)
(3043/4, 76, 37)
(761, 75, 36)
(3045/4, 76, 37)
(1523/2, 75, 36)
(3047/4, 76, 37)
(762, 78, 38)
(3049/4, 76, 37)
(1525/2, 75, 36)
(3051/4, 73, 35)
(763, 71, 34)
(3053/4, 72, 35)
(1527/2, 71, 34)
(3055/4, 72, 35)
(764, 74, 36)
(3057/4, 72, 35)
(1529/2, 71, 34)
(3059/4, 69, 33)
(765, 80, 39)
(769, 78, 38)
(769, 80, 39)
(769, 86, 43)
(3077/4, 84, 42)
(1539/2, 83, 41)
(3079/4, 80, 39)
(770, 86, 43)
(3081/4, 84, 42)
(1541/2, 83, 41)
(3083/4, 80, 39)
(771, 86, 43)
(3085/4, 84, 42)
(1543/2, 83, 41)
(3087/4, 80, 39)
(772, 86, 43)
(3089/4, 84, 42)
(1545/2, 83, 41)
(3091/4, 80, 39)
(773, 88, 44)
(775, 60, 28)
(777, 62, 29)
(779, 65, 31)
(781, 64, 30)
(783, 63, 29)
(785, 64, 30)
(787, 62, 29)
(789, 60, 28)
(1581/2, 84, 42)
(3163/4, 83, 41)
(791, 83, 41)
(792, 81, 40)
(1585/2, 84, 42)
(3171/4, 83, 41)
(793, 83, 41)
(794, 81, 40)
(1589/2, 84, 42)
(3179/4, 83, 41)
(795, 81, 40)
(1591/2, 81, 40)
(796, 83, 41)
(796, 83, 41)
(1593/2, 81, 40)
(797, 88, 44)
(1597/2, 84, 42)
(3195/4, 83, 41)
(799, 83, 41)
(800, 81, 40)
(1601/2, 84, 42)
(3203/4, 83, 41)
(801, 83, 41)
(802, 81, 40)
(1605/2, 84, 42)
(3211/4, 81, 40)
(803, 76, 37)
(1607/2, 76, 37)
(804, 77, 38)
(804, 77, 38)
(1609/2, 76, 37)
(805, 81, 40)
(3239/4, 80, 39)
(810, 80, 39)
(3243/4, 83, 41)
(811, 83, 41)
(3247/4, 86, 43)
(812, 86, 43)
(3251/4, 80, 39)
(813, 81, 40)
(1635/2, 80, 39)
(818, 80, 39)
(1637/2, 83, 41)
(819, 83, 41)
(1639/2, 86, 43)
(820, 86, 43)
(1641/2, 89, 45)
(821, 89, 45)
(1643/2, 83, 41)
(822, 83, 41)
(1645/2, 86, 43)
(823, 86, 43)
(1647/2, 80, 39)
(824, 80, 39)
(1649/2, 83, 41)
(825, 83, 41)
(1651/2, 74, 36)
(826, 74, 36)
(1653/2, 77, 38)
(827, 77, 38)
(1655/2, 71, 34)
(828, 71, 34)
(1657/2, 76, 37)
(829, 76, 37)
(1659/2, 67, 32)
(830, 67, 32)
(1661/2, 70, 34)
(831, 70, 34)
(1663/2, 64, 30)
(832, 64, 30)
(1665/2, 67, 32)
(833, 67, 32)
(1667/2, 58, 27)
(834, 58, 27)
(1669/2, 64, 30)
(835, 64, 30)
(1671/2, 55, 25)
(836, 55, 25)
(1673/2, 58, 27)
(837, 57, 26)
(1675/2, 62, 29)
(838, 62, 29)
(1677/2, 57, 26)
(839, 57, 26)
(1679/2, 62, 29)
(840, 62, 29)
(1681/2, 57, 26)
(841, 59, 27)
(1683/2, 62, 29)
(842, 62, 29)
(1685/2, 59, 27)
(843, 59, 27)
(1687/2, 62, 29)
(844, 62, 29)
(1689/2, 59, 27)
(845, 59, 27)
(1691/2, 62, 29)
(846, 62, 29)
(1693/2, 59, 27)
(847, 59, 27)
(1695/2, 62, 29)
(848, 62, 29)
(1697/2, 59, 27)
(849, 60, 28)
(1699/2, 57, 26)
(850, 57, 26)
(1701/2, 60, 28)
(851, 60, 28)
(1703/2, 57, 26)
(852, 57, 26)
(1705/2, 60, 28)
(853, 60, 28)
(1707/2, 57, 26)
(854, 57, 26)
(1709/2, 60, 28)
(855, 65, 31)
(859, 62, 29)
(861, 64, 30)
(884, 88, 44)
(3539/4, 88, 44)
(885, 88, 44)
(886, 86, 43)
(3547/4, 84, 42)
(887, 84, 42)
(888, 83, 41)
(3555/4, 81, 40)
(889, 81, 40)
(890, 83, 41)
(890, 81, 40)
(890, 80, 39)
(3563/4, 81, 40)
(891, 83, 41)
(1783/2, 76, 37)
(892, 88, 44)
(3571/4, 88, 44)
(893, 88, 44)
(894, 86, 43)
(3579/4, 84, 42)
(895, 84, 42)
(896, 83, 41)
(3587/4, 81, 40)
(897, 81, 40)
(3591/4, 83, 41)
(7183/8, 81, 40)
(898, 80, 39)
(3595/4, 81, 40)
(899, 83, 41)
(1799/2, 76, 37)
(900, 79, 39)
(900, 77, 38)
(1801/2, 76, 37)
(901, 84, 42)
(903, 84, 42)
(906, 85, 42)
(907, 86, 43)
(910, 87, 43)
(911, 88, 44)
(914, 89, 45)
(915, 88, 44)
(916, 88, 44)
(3667/4, 88, 44)
(917, 88, 44)
(918, 86, 43)
(3675/4, 84, 42)
(919, 84, 42)
(920, 83, 41)
(3683/4, 81, 40)
(921, 89, 45)
(923, 88, 44)
(1847/2, 76, 37)
(924, 88, 44)
(3699/4, 88, 44)
(925, 88, 44)
(926, 86, 43)
(3707/4, 84, 42)
(927, 84, 42)
(928, 83, 41)
(3715/4, 81, 40)
(929, 89, 45)
(931, 88, 44)
(1863/2, 76, 37)
(932, 79, 39)
(932, 77, 38)
(1865/2, 76, 37)
(933, 84, 42)
(935, 84, 42)
(937, 84, 42)
(939, 83, 41)
(1879/2, 81, 40)
(940, 77, 38)
(1881/2, 74, 36)
(941, 72, 35)
(1883/2, 69, 33)
(942, 76, 37)
(1887/2, 74, 36)
(944, 71, 34)
(1889/2, 68, 32)
(945, 69, 33)
(1891/2, 72, 35)
(946, 76, 37)
(1893/2, 81, 40)
(947, 84, 42)
(948, 84, 42)
(949, 84, 42)
(3801/4, 83, 41)
(1901/2, 81, 40)
(3803/4, 80, 39)
(951, 83, 41)
(1903/2, 81, 40)
(952, 77, 38)
(1905/2, 74, 36)
(953, 72, 35)
(1907/2, 69, 33)
(954, 76, 37)
(1911/2, 74, 36)
(956, 71, 34)
(1913/2, 68, 32)
(957, 69, 33)
(957, 81, 40)
(959, 72, 35)
(959, 76, 37)
(1921/2, 72, 35)
(961, 71, 34)
(1923/2, 69, 33)
(962, 69, 33)
(1927/2, 69, 33)
(964, 72, 35)
(1929/2, 76, 37)
(965, 81, 40)
(967, 77, 38)
(3875/4, 74, 36)
(969, 71, 34)
(1939/2, 69, 33)
(970, 69, 33)
(1943/2, 72, 35)
(972, 69, 33)
(1945/2, 64, 30)
(973, 63, 29)
(3893/4, 64, 30)
(1947/2, 63, 29)
(3895/4, 64, 30)
(974, 66, 31)
(3897/4, 68, 32)
(1949/2, 66, 31)
(3899/4, 68, 32)
(975, 69, 33)
(3901/4, 71, 34)
(1951/2, 69, 33)
(3903/4, 71, 34)
(976, 72, 35)
(2929/3, 69, 33)
(2930/3, 69, 33)
(977, 78, 38)
(2932/3, 72, 35)
(2933/3, 72, 35)
(978, 81, 40)
(2935/3, 78, 38)
(2936/3, 84, 42)
(979, 84, 42)
(1959/2, 83, 41)
(980, 80, 39)
(3923/4, 81, 40)
(981, 81, 40)
(982, 76, 37)
(20005/2, 57, 26)
(10003, 57, 26)
(10005, 56, 25)
(10006, 57, 26)
(10008, 57, 26)
(10009, 57, 26)
(20021/2, 57, 26)
(10011, 56, 25)
(20023/2, 56, 25)
(10012, 56, 25)
(10013, 57, 26)
(20029/2, 69, 33)
(10015, 69, 33)
(10017, 68, 32)
(10018, 66, 31)
(10020, 66, 31)
(10021, 66, 31)
(20045/2, 66, 31)
(10023, 71, 34)
(20047/2, 69, 33)
(10024, 69, 33)
(10026, 71, 34)
(10027, 68, 32)
(10028, 69, 33)
(10030, 71, 34)
(10031, 69, 33)
(10033, 71, 34)
(10034, 69, 33)
(10036, 59, 27)
(10037, 57, 26)
(10039, 56, 25)
(10041, 69, 33)
(40167/4, 71, 34)
(10042, 68, 32)
(10045, 69, 33)
(40183/4, 71, 34)
(10046, 68, 32)
(10048, 60, 28)
(20097/2, 59, 27)
(10049, 62, 29)
(20101/2, 64, 30)
(10051, 64, 30)
(10054, 64, 30)
(10057, 64, 30)
(10057, 71, 34)
(10057, 76, 37)
(10059, 56, 25)
(40237/4, 57, 26)
(20119/2, 56, 25)
(40239/4, 57, 26)
(10060, 59, 27)
(40241/4, 60, 28)
(20121/2, 59, 27)
(40243/4, 60, 28)
(10061, 62, 29)
(10063, 64, 30)
(40253/4, 66, 31)
(20127/2, 64, 30)
(40255/4, 66, 31)
(10064, 68, 32)
(40257/4, 69, 33)
(20129/2, 68, 32)
(40259/4, 69, 33)
(10065, 71, 34)
(10066, 68, 32)
(40265/4, 69, 33)
(20133/2, 68, 32)
(40267/4, 69, 33)
(10067, 71, 34)
(10068, 71, 34)
(40273/4, 72, 35)
(20137/2, 71, 34)
(40275/4, 72, 35)
(10069, 74, 36)
(40277/4, 72, 35)
(20139/2, 71, 34)
(40279/4, 69, 33)
(10070, 68, 32)
(40281/4, 69, 33)
(20141/2, 68, 32)
(40283/4, 69, 33)
(10071, 71, 34)
(40285/4, 72, 35)
(20143/2, 71, 34)
(40287/4, 72, 35)
(10072, 74, 36)
(40289/4, 76, 37)
(20145/2, 74, 36)
(40291/4, 76, 37)
(10073, 64, 30)
(10073, 71, 34)
(10080, 77, 38)
(40323/4, 77, 38)
(10081, 77, 38)
(10082, 76, 37)
(40331/4, 74, 36)
(10083, 74, 36)
(10084, 72, 35)
(40339/4, 71, 34)
(10085, 71, 34)
(10088, 74, 36)
(10089, 72, 35)
(10093, 74, 36)
(10096, 74, 36)
(10097, 72, 35)
(10100, 72, 35)
(10101, 74, 36)
(10104, 74, 36)
(10105, 72, 35)
(10107, 70, 34)
(10109, 69, 33)
(10112, 69, 33)
(10114, 69, 33)
(10115, 69, 33)
(10116, 69, 33)
(10117, 69, 33)
(10118, 68, 32)
(20237/2, 66, 31)
(10119, 68, 32)
(10124, 65, 31)
(40499/4, 65, 31)
(10125, 65, 31)
(10126, 64, 30)
(40507/4, 62, 29)
(10127, 62, 29)
(10128, 60, 28)
(40515/4, 59, 27)
(10129, 59, 27)
(10132, 60, 28)
(40531/4, 62, 29)
(10133, 64, 30)
(10135, 65, 31)
(10137, 65, 31)
(10139, 64, 30)
(10140, 74, 36)
(10141, 72, 35)
(10144, 72, 35)
(10145, 74, 36)
(10148, 74, 36)
(10149, 72, 35)
(10151, 69, 33)
(40605/4, 71, 34)
(20303/2, 69, 33)
(40607/4, 71, 34)
(10152, 72, 35)
(40609/4, 74, 36)
(20305/2, 72, 35)
(40611/4, 74, 36)
(10153, 76, 37)
(10155, 69, 33)
(40621/4, 71, 34)
(20311/2, 69, 33)
(40623/4, 71, 34)
(10156, 72, 35)
(40625/4, 74, 36)
(20313/2, 72, 35)
(40627/4, 74, 36)
(10157, 75, 36)
(10158, 76, 37)
(40633/4, 78, 38)
(20317/2, 76, 37)
(40635/4, 78, 38)
(10159, 79, 39)
(10160, 78, 38)
(40641/4, 79, 39)
(20321/2, 78, 38)
(40643/4, 79, 39)
(10161, 71, 34)
(10161, 81, 40)
(20327/2, 71, 34)
(20327/2, 81, 40)
(10164, 71, 34)
(10164, 79, 39)
(20329/2, 71, 34)
(20329/2, 78, 38)
(10165, 71, 34)
(10165, 78, 38)
(20331/2, 76, 37)
(10166, 71, 34)
(10166, 76, 37)
(10172, 76, 37)
(40691/4, 76, 37)
(10173, 76, 37)
(10174, 72, 35)
(40699/4, 71, 34)
(10175, 69, 33)
(10176, 67, 32)
(10177, 67, 32)
(20355/2, 66, 31)
(10178, 66, 31)
(40719/4, 64, 30)
(10180, 76, 37)
(40723/4, 76, 37)
(10181, 76, 37)
(10182, 73, 35)
(40731/4, 71, 34)
(10183, 70, 33)
(20367/2, 76, 37)
(10184, 76, 37)
(20369/2, 70, 33)
(10185, 71, 34)
(10188, 72, 35)
(40755/4, 72, 35)
(10189, 72, 35)
(10192, 76, 37)
(40771/4, 76, 37)
(10193, 76, 37)
(10196, 75, 36)
(40787/4, 83, 41)
(10197, 83, 41)
(10198, 81, 40)
(40795/4, 79, 39)
(10199, 78, 38)
(10200, 76, 37)
(40803/4, 75, 36)
(10201, 76, 37)
(10204, 67, 32)
(40819/4, 67, 32)
(10205, 67, 32)
(10208, 66, 31)
(40835/4, 66, 31)
(10209, 66, 31)
(10210, 75, 36)
(10212, 76, 37)
(10213, 78, 38)
(10214, 79, 39)
(10215, 83, 41)
(10216, 81, 40)
(10217, 79, 39)
(10219, 64, 30)
(10221, 69, 33)
(10223, 66, 31)
(10225, 67, 32)
(10228, 64, 30)
(10230, 69, 33)
(10232, 66, 31)
(10233, 67, 32)
(20471/2, 60, 28)
(10236, 62, 29)
(20473/2, 64, 30)
(20475/2, 69, 33)
(10238, 67, 32)
(20477/2, 65, 31)
(20479/2, 60, 28)
(10240, 62, 29)
(20481/2, 64, 30)
(20483/2, 69, 33)
(10242, 67, 32)
(20485/2, 65, 31)
(10243, 64, 30)
(10244, 76, 37)
(10245, 79, 39)
(10246, 78, 38)
(20493/2, 76, 37)
(10247, 75, 36)
(10248, 76, 37)
(20497/2, 75, 36)
(20499/2, 59, 27)
(10250, 62, 29)
(10250, 60, 28)
(20501/2, 59, 27)
(10251, 67, 32)
(10252, 66, 31)
(20505/2, 64, 30)
(10253, 63, 29)
(10254, 64, 30)
(20509/2, 66, 31)
(10255, 59, 27)
(10256, 60, 28)
(20513/2, 57, 26)
(10257, 55, 25)
(20515/2, 59, 27)
(41031/4, 62, 29)
(10258, 60, 28)
(20517/2, 59, 27)
(10259, 59, 27)
(20519/2, 67, 32)
(10260, 66, 31)
(20521/2, 64, 30)
(10261, 64, 30)
(20523/2, 63, 29)
(10262, 64, 30)
(20525/2, 66, 31)
(10263, 59, 27)
(20527/2, 62, 29)
(10264, 60, 28)
(20529/2, 57, 26)
(10265, 55, 25)
(20533/2, 64, 30)
(20533/2, 74, 36)
(10267, 72, 35)
(20537/2, 64, 30)
(20537/2, 74, 36)
(10269, 72, 35)
(10270, 78, 38)
(20541/2, 76, 37)
(10271, 75, 36)
(10272, 76, 37)
(20545/2, 75, 36)
(10273, 76, 37)
(20549/2, 74, 36)
(10275, 72, 35)
(20553/2, 76, 37)
(10277, 74, 36)
(20557/2, 71, 34)
(10279, 76, 37)
(20561/2, 76, 37)
(10281, 69, 33)
(20565/2, 74, 36)
(20565/2, 78, 38)
(10283, 76, 37)
(10283, 79, 39)
(20567/2, 74, 36)
(20567/2, 78, 38)
(10284, 76, 37)
(10284, 79, 39)
(20569/2, 74, 36)
(20569/2, 78, 38)
(10285, 76, 37)
(10285, 79, 39)
(20573/2, 74, 36)
(20573/2, 78, 38)
(10287, 76, 37)
(10287, 79, 39)
(20575/2, 74, 36)
(20575/2, 78, 38)
(10288, 76, 37)
(10288, 79, 39)
(20577/2, 74, 36)
(20577/2, 78, 38)
(10289, 76, 37)
(10289, 79, 39)
(20595/2, 64, 30)
(10298, 64, 30)
(20599/2, 61, 28)
(20599/2, 64, 30)
(10300, 61, 28)
(10300, 64, 30)
(20603/2, 59, 27)
(20603/2, 64, 30)
(10302, 59, 27)
(10302, 64, 30)
(20607/2, 63, 29)
(10304, 63, 29)
(20611/2, 59, 27)
(20611/2, 64, 30)
(10306, 59, 27)
(10306, 64, 30)
(20615/2, 59, 27)
(20615/2, 64, 30)
(10308, 59, 27)
(10308, 64, 30)
(20619/2, 60, 28)
(20619/2, 64, 30)
(10310, 60, 28)
(10310, 64, 30)
(20623/2, 64, 30)
(10312, 64, 30)
(20627/2, 64, 30)
(10314, 64, 30)
(20631/2, 61, 28)
(20631/2, 64, 30)
(10316, 61, 28)
(10316, 64, 30)
(20635/2, 59, 27)
(20635/2, 64, 30)
(10318, 59, 27)
(10318, 64, 30)
(20639/2, 63, 29)
(10320, 63, 29)
(10321, 64, 30)
(20643/2, 74, 36)
(10322, 74, 36)
(20645/2, 72, 35)
(10323, 72, 35)
(20647/2, 71, 34)
(10324, 71, 34)
(20649/2, 69, 33)
(10325, 69, 33)
(10329, 67, 32)
(20659/2, 71, 34)
(10330, 71, 34)
(20661/2, 69, 33)
(10331, 69, 33)
(20663/2, 67, 32)
(10332, 67, 32)
(20665/2, 66, 31)
(10333, 66, 31)
(10341, 59, 27)
(10341, 62, 29)
(10345, 59, 27)
(10345, 62, 29)
(10349, 59, 27)
(10349, 62, 29)
(10353, 68, 32)
(10353, 71, 34)
(10353, 76, 37)
(10355, 55, 25)
(41421/4, 57, 26)
(20711/2, 55, 25)
(41423/4, 57, 26)
(10356, 59, 27)
(41425/4, 60, 28)
(20713/2, 59, 27)
(41427/4, 60, 28)
(10357, 62, 29)
(10359, 59, 27)
(41437/4, 60, 28)
(20719/2, 59, 27)
(41439/4, 60, 28)
(10360, 62, 29)
(41441/4, 64, 30)
(20721/2, 62, 29)
(41443/4, 64, 30)
(10361, 65, 31)
(10362, 71, 34)
(41449/4, 69, 33)
(20725/2, 71, 34)
(41451/4, 69, 33)
(10363, 68, 32)
(10364, 68, 32)
(41457/4, 69, 33)
(20729/2, 68, 32)
(41459/4, 69, 33)
(10365, 73, 35)
(10366, 64, 30)
(41465/4, 65, 31)
(20733/2, 64, 30)
(41467/4, 65, 31)
(10367, 67, 32)
(41469/4, 69, 33)
(20735/2, 67, 32)
(41471/4, 69, 33)
(10368, 70, 34)
(10369, 76, 37)
(41477/4, 77, 38)
(20739/2, 76, 37)
(41479/4, 77, 38)
(10370, 79, 39)
(10371, 64, 30)
(41485/4, 65, 31)
(20743/2, 64, 30)
(41487/4, 65, 31)
(10372, 67, 32)
(10373, 58, 26)
(10373, 66, 31)
(10375, 58, 26)
(10375, 66, 31)
(10377, 59, 27)
(10377, 66, 31)
(10378, 59, 27)
(10378, 66, 31)
(10379, 59, 27)
(10379, 64, 30)
(10380, 59, 27)
(10380, 64, 30)
(10381, 62, 29)
(10382, 62, 29)
(10383, 58, 26)
(10383, 66, 31)
(10385, 59, 27)
(10385, 66, 31)
(10386, 59, 27)
(10386, 66, 31)
(10387, 59, 27)
(10387, 64, 30)
(10388, 59, 27)
(10388, 64, 30)
(10389, 61, 28)
(10389, 64, 30)
(10390, 61, 28)
(10390, 64, 30)
(10391, 58, 26)
(10391, 66, 31)
(10392, 58, 26)
(10392, 66, 31)
(10393, 79, 39)
(41573/4, 78, 38)
(20787/2, 79, 39)
(41575/4, 78, 38)
(10394, 74, 36)
(41577/4, 72, 35)
(20789/2, 74, 36)
(41579/4, 72, 35)
(10395, 71, 34)
(41581/4, 69, 33)
(20791/2, 71, 34)
(41583/4, 69, 33)
(10396, 67, 32)
(41585/4, 66, 31)
(20793/2, 67, 32)
(41587/4, 66, 31)
(10397, 64, 30)
(10398, 69, 33)
(41595/4, 64, 30)
(10399, 72, 35)
(10401, 78, 38)
(41605/4, 76, 37)
(20803/2, 78, 38)
(41607/4, 76, 37)
(10402, 75, 36)
(41609/4, 73, 35)
(20805/2, 75, 36)
(41611/4, 73, 35)
(10403, 71, 34)
(41613/4, 69, 33)
(20807/2, 71, 34)
(41615/4, 69, 33)
(10404, 67, 32)
(41617/4, 66, 31)
(20809/2, 67, 32)
(41619/4, 66, 31)
(10405, 62, 29)
(10406, 68, 32)
(41627/4, 62, 29)
(10407, 71, 34)
(10409, 62, 29)
(10409, 71, 34)
(10409, 80, 39)
(10410, 62, 29)
(10410, 71, 34)
(10410, 80, 39)
(10411, 62, 29)
(10411, 71, 34)
(10411, 80, 39)
(10414, 67, 32)
(10414, 70, 34)
(10415, 67, 32)
(10415, 70, 34)
(20831/2, 67, 32)
(20831/2, 70, 34)
(10416, 67, 32)
(10416, 70, 34)
(20833/2, 67, 32)
(20833/2, 70, 34)
(10417, 67, 32)
(10417, 70, 34)
(20839/2, 67, 32)
(20839/2, 70, 34)
(10420, 67, 32)
(10420, 70, 34)
(20841/2, 67, 32)
(20841/2, 70, 34)
(10421, 67, 32)
(10421, 70, 34)
(10424, 67, 32)
(10424, 70, 34)
(10425, 72, 35)
(20855/2, 72, 35)
(10428, 72, 35)
(20857/2, 72, 35)
(10429, 72, 35)
(20863/2, 72, 35)
(10432, 72, 35)
(20865/2, 72, 35)
(10433, 72, 35)
(10436, 72, 35)
(10438, 69, 33)
(10438, 72, 35)
(10440, 69, 33)
(10440, 72, 35)
(10442, 62, 29)
(10442, 71, 34)
(10444, 64, 30)
(10444, 74, 36)
(10446, 76, 37)
(10448, 75, 37)
(10449, 74, 36)
(10450, 74, 36)
(10450, 77, 38)
(10451, 76, 37)
(10452, 76, 37)
(10452, 79, 39)
(10453, 77, 38)
(20907/2, 77, 38)
(20909/2, 77, 38)
(20911/2, 77, 38)
(10460, 74, 36)
(41843/4, 74, 36)
(10461, 74, 36)
(10462, 70, 34)
(41851/4, 69, 33)
(10463, 67, 32)
(10464, 65, 31)
(10465, 65, 31)
(20931/2, 64, 30)
(10466, 64, 30)
(20935/2, 62, 29)
(10468, 74, 36)
(41875/4, 74, 36)
(10469, 74, 36)
(10470, 71, 34)
(41883/4, 67, 32)
(10471, 68, 32)
(20943/2, 71, 34)
(10472, 71, 34)
(20945/2, 62, 29)
(10473, 60, 28)
(10476, 76, 37)
(41907/4, 76, 37)
(10477, 76, 37)
(10478, 73, 35)
(41915/4, 71, 34)
(10479, 70, 33)
(10480, 79, 39)
(41923/4, 79, 39)
(10481, 79, 39)
(10483, 78, 38)
(10484, 80, 39)
(10485, 81, 40)
(10486, 76, 37)
(10487, 74, 36)
(10488, 78, 38)
(41955/4, 78, 38)
(10489, 78, 38)
(10490, 76, 37)
(41963/4, 74, 36)
(10491, 74, 36)
(10492, 72, 35)
(41971/4, 71, 34)
(10493, 69, 33)
(10494, 77, 38)
(41979/4, 77, 38)
(10495, 77, 38)
(10496, 76, 37)
(41987/4, 74, 36)
(10497, 74, 36)
(10498, 72, 35)
(10499, 72, 35)
(10500, 71, 34)
(42003/4, 69, 33)
(10501, 69, 33)
(10502, 67, 32)
(42011/4, 65, 31)
(10503, 64, 30)
(10504, 62, 29)
(10505, 60, 28)
(10506, 62, 29)
(10507, 64, 30)
(10508, 65, 31)
(10509, 64, 30)
(10510, 62, 29)
(42043/4, 60, 28)
(10511, 60, 28)
(10512, 59, 27)
(42051/4, 57, 26)
(10513, 59, 27)
(10515, 60, 28)
(10517, 60, 28)
(10518, 62, 29)
(42075/4, 63, 30)
(10519, 63, 30)
(10520, 62, 29)
(42083/4, 60, 28)
(10521, 59, 27)
(10523, 65, 31)
(10526, 70, 34)
(42107/4, 70, 34)
(10527, 70, 34)
(10528, 69, 33)
(42115/4, 67, 32)
(10529, 67, 32)
(10530, 65, 31)
(42123/4, 64, 30)
(10531, 64, 30)
(10532, 61, 28)
(10533, 62, 29)
(10534, 57, 26)
(10535, 69, 33)
(10538, 67, 32)
(42155/4, 65, 31)
(10539, 65, 31)
(10540, 64, 30)
(42163/4, 62, 29)
(10541, 59, 27)
(10541, 62, 29)
(10546, 57, 26)
(10546, 69, 33)
(10547, 57, 26)
(10547, 69, 33)
(10548, 57, 26)
(10548, 69, 33)
(10549, 57, 26)
(10549, 69, 33)
(10554, 57, 26)
(10554, 69, 33)
(10555, 57, 26)
(10555, 69, 33)
(10556, 57, 26)
(10556, 69, 33)
(10557, 57, 26)
(10557, 69, 33)
(10562, 57, 26)
(10562, 69, 33)
(10563, 57, 26)
(10563, 69, 33)
(10564, 57, 26)
(10564, 69, 33)
(10565, 57, 26)
(10565, 69, 33)
(10569, 62, 29)
(10569, 69, 33)
(10573, 60, 28)
(10573, 64, 30)
(10573, 69, 33)
(10575, 69, 33)
(42301/4, 71, 34)
(21151/2, 69, 33)
(42303/4, 71, 34)
(10576, 72, 35)
(42305/4, 74, 36)
(21153/2, 72, 35)
(42307/4, 74, 36)
(10577, 76, 37)
(10579, 72, 35)
(42317/4, 74, 36)
(21159/2, 72, 35)
(42319/4, 74, 36)
(10580, 76, 37)
(42321/4, 80, 39)
(21161/2, 76, 37)
(42323/4, 80, 39)
(10581, 81, 40)
(10582, 76, 37)
(42329/4, 83, 41)
(21165/2, 81, 40)
(42331/4, 83, 41)
(10583, 84, 42)
(10584, 76, 37)
(42337/4, 74, 36)
(21169/2, 76, 37)
(42339/4, 74, 36)
(10585, 72, 35)
(10587, 77, 38)
(10589, 74, 36)
(10593, 72, 35)
(10595, 77, 38)
(10597, 74, 36)
(10601, 72, 35)
(10603, 70, 34)
(10605, 69, 33)
(10610, 77, 38)
(21221/2, 76, 37)
(10611, 76, 37)
(21223/2, 74, 36)
(10612, 72, 35)
(21225/2, 71, 34)
(10613, 69, 33)
(21227/2, 67, 32)
(10614, 71, 34)
(10616, 69, 33)
(10617, 71, 34)
(10622, 60, 28)
(21245/2, 69, 33)
(10624, 62, 29)
(21249/2, 69, 33)
(10626, 64, 30)
(21253/2, 69, 33)
(10628, 65, 31)
(21257/2, 69, 33)
(21259/2, 64, 30)
(10630, 69, 33)
(21261/2, 64, 30)
(21263/2, 62, 29)
(10632, 69, 33)
(21265/2, 62, 29)
(10633, 81, 40)
(21267/2, 84, 42)
(10634, 81, 40)
(21269/2, 69, 33)
(10635, 72, 35)
(21271/2, 69, 33)
(10636, 60, 28)
(21273/2, 57, 26)
(10637, 56, 25)
(10640, 78, 38)
(42563/4, 78, 38)
(10641, 78, 38)
(10644, 74, 36)
(42579/4, 74, 36)
(10645, 74, 36)
(10648, 77, 38)
(42595/4, 77, 38)
(10649, 76, 37)
(10651, 76, 37)
(21303/2, 74, 36)
(10652, 72, 35)
(21305/2, 71, 34)
(10653, 69, 33)
(10656, 73, 35)
(42627/4, 73, 35)
(10657, 72, 35)
(10660, 71, 34)
(42643/4, 71, 34)
(10661, 71, 34)
(10662, 80, 39)
(10664, 81, 40)
(10665, 83, 41)
(10666, 84, 42)
(10667, 88, 44)
(10668, 86, 43)
(10669, 84, 42)
(21343/2, 64, 30)
(10672, 64, 30)
(21345/2, 64, 30)
(10673, 62, 29)
(21347/2, 64, 30)
(10674, 64, 30)
(21349/2, 64, 30)
(10675, 62, 29)
(21351/2, 59, 27)
(10676, 62, 29)
(21353/2, 59, 27)
(10677, 60, 28)
(21355/2, 64, 30)
(10678, 64, 30)
(21357/2, 64, 30)
(10679, 60, 28)
(21359/2, 64, 30)
(10680, 64, 30)
(21361/2, 64, 30)
(10681, 62, 29)
(21363/2, 64, 30)
(10682, 64, 30)
(21365/2, 64, 30)
(10683, 62, 29)
(21367/2, 59, 27)
(10684, 62, 29)
(21369/2, 59, 27)
(10685, 57, 26)
(21375/2, 60, 28)
(10688, 58, 27)
(21377/2, 57, 26)
(21379/2, 62, 29)
(10690, 60, 28)
(21381/2, 58, 27)
(21383/2, 60, 28)
(10692, 58, 27)
(21385/2, 57, 26)
(10695, 77, 38)
(10696, 76, 37)
(21393/2, 74, 36)
(10697, 72, 35)
(10698, 71, 34)
(21397/2, 69, 33)
(10699, 68, 32)
(10700, 69, 33)
(21401/2, 68, 32)
(10701, 69, 33)
(21403/2, 64, 30)
(10702, 67, 32)
(10702, 65, 31)
(21405/2, 64, 30)
(10703, 72, 35)
(10704, 71, 34)
(21409/2, 69, 33)
(10705, 68, 32)
(10706, 69, 33)
(21413/2, 71, 34)
(10707, 64, 30)
(10708, 65, 31)
(21417/2, 62, 29)
(10709, 60, 28)
(21419/2, 64, 30)
(10710, 67, 32)
(10710, 65, 31)
(21421/2, 64, 30)
(10711, 64, 30)
(21423/2, 72, 35)
(10712, 71, 34)
(21425/2, 69, 33)
(10713, 69, 33)
(21427/2, 68, 32)
(10714, 69, 33)
(21429/2, 71, 34)
(10715, 64, 30)
(21431/2, 67, 32)
(10716, 65, 31)
(21433/2, 62, 29)
(10717, 60, 28)
(21437/2, 69, 33)
(21437/2, 79, 39)
(10719, 77, 38)
(21441/2, 69, 33)
(21441/2, 79, 39)
(10721, 77, 38)
(10722, 71, 34)
(21445/2, 69, 33)
(10723, 68, 32)
(10724, 69, 33)
(21449/2, 68, 32)
(10725, 69, 33)
(21453/2, 67, 32)
(10727, 65, 31)
(21457/2, 67, 32)
(10729, 65, 31)
(21461/2, 69, 33)
(10731, 67, 32)
(21465/2, 70, 34)
(10733, 69, 33)
(21469/2, 72, 35)
(10735, 71, 34)
(21473/2, 74, 36)
(10737, 72, 35)
(21477/2, 68, 32)
(21477/2, 71, 34)
(10739, 69, 33)
(10739, 72, 35)
(21479/2, 68, 32)
(21479/2, 71, 34)
(10740, 69, 33)
(10740, 72, 35)
(21481/2, 68, 32)
(21481/2, 71, 34)
(10741, 69, 33)
(10741, 72, 35)
(10743, 69, 33)
(42973/4, 71, 34)
(21487/2, 69, 33)
(42975/4, 71, 34)
(10744, 72, 35)
(42977/4, 74, 36)
(21489/2, 72, 35)
(42979/4, 74, 36)
(10745, 76, 37)
(10747, 72, 35)
(42989/4, 74, 36)
(21495/2, 72, 35)
(42991/4, 74, 36)
(10748, 76, 37)
(42993/4, 80, 39)
(21497/2, 76, 37)
(42995/4, 80, 39)
(10749, 81, 40)
(10751, 62, 29)
(43005/4, 64, 30)
(21503/2, 62, 29)
(43007/4, 64, 30)
(10752, 65, 31)
(43009/4, 67, 32)
(21505/2, 65, 31)
(43011/4, 67, 32)
(10753, 69, 33)
(10754, 69, 33)
(43017/4, 71, 34)
(21509/2, 69, 33)
(43019/4, 71, 34)
(10755, 72, 35)
(10756, 57, 26)
(43025/4, 59, 27)
(21513/2, 57, 26)
(43027/4, 59, 27)
(10757, 60, 28)
(10765, 71, 34)
(43061/4, 72, 35)
(21531/2, 71, 34)
(43063/4, 72, 35)
(10766, 74, 36)
(43065/4, 76, 37)
(21533/2, 74, 36)
(43067/4, 76, 37)
(10767, 77, 38)
(43069/4, 76, 37)
(21535/2, 77, 38)
(43071/4, 76, 37)
(10768, 74, 36)
(43073/4, 72, 35)
(21537/2, 74, 36)
(43075/4, 72, 35)
(10769, 71, 34)
(43077/4, 72, 35)
(21539/2, 74, 36)
(43079/4, 77, 38)
(10770, 71, 34)
(43081/4, 72, 35)
(21541/2, 74, 36)
(43083/4, 77, 38)
(10771, 71, 34)
(43085/4, 72, 35)
(21543/2, 74, 36)
(43087/4, 77, 38)
(10772, 71, 34)
(43089/4, 72, 35)
(21545/2, 74, 36)
(43091/4, 77, 38)
(10773, 76, 37)
(21547/2, 64, 30)
(21547/2, 72, 35)
(10774, 64, 30)
(10774, 72, 35)
(21551/2, 64, 30)
(10776, 64, 30)
(21555/2, 65, 31)
(10778, 65, 31)
(21559/2, 62, 29)
(21559/2, 69, 33)
(10780, 62, 29)
(10780, 69, 33)
(21563/2, 69, 33)
(21563/2, 72, 35)
(10782, 69, 33)
(10782, 72, 35)
(21567/2, 66, 31)
(10784, 66, 31)
(21571/2, 64, 30)
(21571/2, 69, 33)
(10786, 64, 30)
(10786, 69, 33)
(21575/2, 68, 32)
(10788, 68, 32)
(21579/2, 64, 30)
(21579/2, 69, 33)
(10790, 64, 30)
(10790, 69, 33)
(21583/2, 57, 26)
(21583/2, 69, 33)
(10792, 57, 26)
(10792, 69, 33)
(21587/2, 62, 29)
(21587/2, 69, 33)
(10794, 62, 29)
(10794, 69, 33)
(21591/2, 59, 27)
(21591/2, 69, 33)
(10796, 59, 27)
(10796, 69, 33)
(21595/2, 60, 28)
(21595/2, 69, 33)
(10798, 60, 28)
(10798, 69, 33)
(21599/2, 60, 28)
(21599/2, 69, 33)
(10800, 60, 28)
(10800, 69, 33)
(21603/2, 60, 28)
(21603/2, 69, 33)
(10802, 60, 28)
(10802, 69, 33)
(21607/2, 59, 27)
(21607/2, 68, 32)
(10804, 59, 27)
(10804, 68, 32)
(10805, 69, 33)
(43223/4, 79, 39)
(10806, 79, 39)
(43227/4, 77, 38)
(10807, 77, 38)
(43231/4, 76, 37)
(10808, 76, 37)
(43235/4, 74, 36)
(10809, 74, 36)
(10813, 72, 35)
(21627/2, 76, 37)
(10814, 76, 37)
(21629/2, 72, 35)
(10815, 74, 36)
(21631/2, 72, 35)
(10816, 72, 35)
(21633/2, 71, 34)
(10817, 71, 34)
(10829, 76, 37)
(10829, 79, 39)
(10837, 74, 36)
(10837, 77, 38)
(10845, 76, 37)
(10849, 72, 35)
(10855, 57, 26)
(21711/2, 60, 28)
(10856, 60, 28)
(21713/2, 57, 26)
(10857, 57, 26)
(21715/2, 60, 28)
(10858, 60, 28)
(21717/2, 57, 26)
(10859, 57, 26)
(21719/2, 59, 27)
(10860, 59, 27)
(21721/2, 57, 26)
(10861, 57, 26)
(21723/2, 60, 28)
(10862, 60, 28)
(21725/2, 57, 26)
(10863, 57, 26)
(21727/2, 60, 28)
(10864, 60, 28)
(21729/2, 57, 26)
(10865, 57, 26)
(21731/2, 60, 28)
(10866, 60, 28)
(21733/2, 57, 26)
(10867, 57, 26)
(21735/2, 59, 27)
(10868, 59, 27)
(21737/2, 57, 26)
(10869, 57, 26)
(21739/2, 60, 28)
(10870, 60, 28)
(21741/2, 57, 26)
(10871, 57, 26)
(21743/2, 60, 28)
(10872, 60, 28)
(21745/2, 57, 26)
(10873, 57, 26)
(21747/2, 60, 28)
(10874, 60, 28)
(21749/2, 57, 26)
(10875, 57, 26)
(21751/2, 60, 28)
(10876, 60, 28)
(21753/2, 57, 26)
(10877, 57, 26)
(21755/2, 60, 28)
(10878, 60, 28)
(21757/2, 57, 26)
(10879, 57, 26)
(21759/2, 60, 28)
(10880, 60, 28)
(21761/2, 57, 26)
(10881, 57, 26)
(21763/2, 60, 28)
(10882, 60, 28)
(21765/2, 57, 26)
(10883, 57, 26)
(21767/2, 60, 28)
(10884, 60, 28)
(21769/2, 57, 26)
(10885, 57, 26)
(21771/2, 60, 28)
(10886, 60, 28)
(21773/2, 57, 26)
(10887, 57, 26)
(21775/2, 62, 29)
(10888, 62, 29)
(21777/2, 57, 26)
(10889, 57, 26)
(21779/2, 62, 29)
(10890, 62, 29)
(21781/2, 57, 26)
(10891, 56, 25)
(21783/2, 62, 29)
(10892, 62, 29)
(21785/2, 56, 25)
(10893, 57, 26)
(21787/2, 60, 28)
(10894, 60, 28)
(21789/2, 57, 26)
(10895, 57, 26)
(21791/2, 62, 29)
(10896, 62, 29)
(21793/2, 57, 26)
(10897, 57, 26)
(21795/2, 62, 29)
(10898, 62, 29)
(21797/2, 57, 26)
(10899, 56, 25)
(21799/2, 62, 29)
(10900, 62, 29)
(21801/2, 56, 25)
(10901, 57, 26)
(21803/2, 60, 28)
(10902, 60, 28)
(21805/2, 57, 26)
(10903, 58, 27)
(21807/2, 67, 32)
(10904, 67, 32)
(21809/2, 58, 27)
(10905, 57, 26)
(21811/2, 69, 33)
(10906, 69, 33)
(21813/2, 57, 26)
(10907, 60, 28)
(21815/2, 69, 33)
(10908, 69, 33)
(21817/2, 60, 28)
(10909, 59, 27)
(21819/2, 67, 32)
(10910, 67, 32)
(21821/2, 59, 27)
(10911, 62, 29)
(21823/2, 71, 34)
(10912, 71, 34)
(21825/2, 62, 29)
(10913, 62, 29)
(21827/2, 71, 34)
(10914, 62, 29)
(21829/2, 71, 34)
(10915, 62, 29)
(43661/4, 71, 34)
(21831/2, 62, 29)
(43663/4, 71, 34)
(10916, 76, 37)
(43667/4, 76, 37)
(10917, 76, 37)
(10918, 74, 36)
(43675/4, 72, 35)
(10919, 72, 35)
(10920, 71, 34)
(43683/4, 69, 33)
(10921, 81, 40)
(10922, 80, 39)
(43691/4, 81, 40)
(10923, 83, 41)
(21847/2, 80, 39)
(10924, 76, 37)
(43699/4, 76, 37)
(10925, 76, 37)
(10926, 74, 36)
(43707/4, 72, 35)
(10927, 72, 35)
(10928, 71, 34)
(43715/4, 69, 33)
(10929, 81, 40)
(10930, 80, 39)
(43723/4, 81, 40)
(10931, 83, 41)
(10932, 64, 30)
(43731/4, 72, 35)
(10933, 72, 35)
(10935, 72, 35)
(10935, 76, 37)
(10937, 69, 33)
(10937, 77, 38)
(10939, 71, 34)
(21879/2, 69, 33)
(10940, 65, 31)
(21881/2, 62, 29)
(10941, 60, 28)
(21883/2, 57, 26)
(10942, 64, 30)
(21887/2, 62, 29)
(10944, 59, 27)
(21889/2, 56, 25)
(10945, 57, 26)
(21891/2, 60, 28)
(10946, 64, 30)
(21893/2, 69, 33)
(10947, 72, 35)
(10948, 72, 35)
(10949, 72, 35)
(43801/4, 71, 34)
(21901/2, 69, 33)
(43803/4, 68, 32)
(10951, 71, 34)
(21903/2, 69, 33)
(10952, 66, 31)
(21905/2, 62, 29)
(10953, 60, 28)
(21907/2, 57, 26)
(10954, 64, 30)
(21911/2, 62, 29)
(10956, 59, 27)
(21913/2, 56, 25)
(10957, 57, 26)
(43829/4, 59, 27)
(21915/2, 57, 26)
(43831/4, 59, 27)
(10958, 60, 28)
(43833/4, 62, 29)
(21917/2, 60, 28)
(43835/4, 62, 29)
(10959, 64, 30)
(10960, 60, 28)
(10960, 64, 30)
(10961, 60, 28)
(43845/4, 62, 29)
(21923/2, 60, 28)
(43847/4, 62, 29)
(10962, 64, 30)
(43849/4, 68, 32)
(21925/2, 64, 30)
(43851/4, 68, 32)
(10963, 69, 33)
(10964, 60, 28)
(10964, 64, 30)
(10965, 62, 29)
(43861/4, 64, 30)
(21931/2, 62, 29)
(43863/4, 64, 30)
(10966, 65, 31)
(43865/4, 67, 32)
(21933/2, 65, 31)
(43867/4, 67, 32)
(10967, 69, 33)
(10968, 62, 29)
(10968, 69, 33)
(10969, 69, 33)
(43877/4, 71, 34)
(21939/2, 69, 33)
(43879/4, 71, 34)
(10970, 72, 35)
(43881/4, 74, 36)
(21941/2, 72, 35)
(43883/4, 74, 36)
(10971, 76, 37)
(10972, 64, 30)
(10972, 72, 35)
(10973, 66, 31)
(10973, 69, 33)
(10975, 66, 31)
(10975, 69, 33)
(10977, 66, 31)
(10977, 69, 33)
(10979, 66, 31)
(10979, 69, 33)
(10981, 64, 30)
(10983, 64, 30)
(10983, 71, 34)
(10983, 80, 39)
(10985, 64, 30)
(10985, 72, 35)
(10985, 81, 40)
(40005/2, 52, 23)
(20003, 50, 22)
(20005, 59, 27)
(20006, 57, 26)
(20008, 50, 22)
(20009, 49, 21)
(40021/2, 50, 22)
(20011, 50, 22)
(40023/2, 50, 22)
(20012, 50, 22)
(20013, 49, 21)
(40029/2, 64, 30)
(20015, 62, 29)
(20017, 59, 27)
(20018, 58, 26)
(20020, 58, 26)
(20021, 59, 27)
(40045/2, 59, 27)
(20023, 62, 29)
(40047/2, 61, 28)
(20024, 61, 28)
(20025, 62, 29)
(20026, 66, 31)
(40053/2, 65, 30)
(20027, 65, 30)
(20028, 66, 31)
(20029, 63, 29)
(20030, 62, 29)
(20031, 61, 28)
(20032, 62, 29)
(20033, 62, 29)
(20034, 61, 28)
(20035, 62, 29)
(20036, 50, 22)
(20037, 49, 21)
(20038, 51, 22)
(20039, 52, 23)
(20041, 64, 30)
(20043, 64, 30)
(20047, 64, 30)
(20048, 53, 24)
(20049, 52, 23)
(20050, 52, 23)
(20051, 52, 23)
(20054, 52, 23)
(160433/8, 53, 24)
(80217/4, 52, 23)
(160435/8, 53, 24)
(40109/2, 52, 23)
(160437/8, 53, 24)
(80219/4, 52, 23)
(160439/8, 53, 24)
(20055, 52, 23)
(160441/8, 53, 24)
(80221/4, 52, 23)
(160443/8, 53, 24)
(40111/2, 52, 23)
(160445/8, 53, 24)
(80223/4, 52, 23)
(160447/8, 53, 24)
(20056, 52, 23)
(160449/8, 53, 24)
(80225/4, 52, 23)
(160451/8, 53, 24)
(40113/2, 52, 23)
(160453/8, 53, 24)
(80227/4, 52, 23)
(160455/8, 53, 24)
(20057, 52, 23)
(80229/4, 54, 24)
(40115/2, 52, 23)
(80231/4, 54, 24)
(20058, 56, 25)
(80233/4, 57, 26)
(40117/2, 56, 25)
(80235/4, 57, 26)
(20059, 59, 27)
(20061, 56, 25)
(80245/4, 57, 26)
(40123/2, 56, 25)
(80247/4, 57, 26)
(20062, 59, 27)
(80249/4, 60, 28)
(40125/2, 59, 27)
(80251/4, 60, 28)
(20063, 62, 29)
(20065, 62, 29)
(80261/4, 64, 30)
(40131/2, 62, 29)
(80263/4, 64, 30)
(20066, 65, 31)
(20067, 65, 31)
(80269/4, 64, 30)
(40135/2, 65, 31)
(80271/4, 64, 30)
(20068, 62, 29)
(20069, 59, 27)
(80277/4, 60, 28)
(40139/2, 59, 27)
(80279/4, 60, 28)
(20070, 59, 27)
(80281/4, 57, 26)
(40141/2, 59, 27)
(80283/4, 57, 26)
(20071, 62, 29)
(80285/4, 60, 28)
(40143/2, 62, 29)
(80287/4, 60, 28)
(20072, 59, 27)
(80289/4, 57, 26)
(40145/2, 59, 27)
(80291/4, 57, 26)
(20073, 56, 25)
(20076, 76, 37)
(80307/4, 76, 37)
(20077, 76, 37)
(20078, 74, 36)
(80315/4, 72, 35)
(20079, 72, 35)
(20080, 71, 34)
(80323/4, 69, 33)
(20081, 69, 33)
(20083, 71, 34)
(20084, 69, 33)
(20085, 69, 33)
(20087, 68, 32)
(20089, 64, 30)
(20091, 65, 31)
(20095, 64, 30)
(20098, 64, 30)
(20099, 65, 31)
(20102, 65, 31)
(20103, 64, 30)
(20105, 64, 30)
(20106, 60, 28)
(20107, 55, 25)
(20108, 67, 32)
(20110, 65, 31)
(40221/2, 64, 30)
(20111, 65, 31)
(20112, 57, 26)
(40225/2, 59, 27)
(20113, 60, 28)
(20114, 61, 28)
(20115, 62, 29)
(20116, 57, 26)
(40233/2, 59, 27)
(20117, 60, 28)
(20118, 59, 27)
(40237/2, 57, 26)
(20119, 59, 27)
(20120, 64, 30)
(80483/4, 64, 30)
(20121, 64, 30)
(20122, 62, 29)
(80491/4, 60, 28)
(20123, 60, 28)
(20124, 59, 27)
(80499/4, 57, 26)
(20125, 57, 26)
(20128, 69, 33)
(80515/4, 69, 33)
(20129, 69, 33)
(20130, 68, 32)
(80523/4, 65, 31)
(20131, 65, 31)
(20132, 64, 30)
(80531/4, 62, 29)
(20133, 60, 28)
(20137, 62, 29)
(20139, 59, 27)
(20140, 68, 32)
(20141, 69, 33)
(20142, 64, 30)
(20143, 65, 31)
(20146, 65, 31)
(20147, 64, 30)
(20149, 57, 26)
(80597/4, 59, 27)
(40299/2, 57, 26)
(80599/4, 59, 27)
(20150, 60, 28)
(80601/4, 62, 29)
(40301/2, 60, 28)
(80603/4, 62, 29)
(20151, 64, 30)
(20153, 57, 26)
(80613/4, 59, 27)
(40307/2, 57, 26)
(80615/4, 59, 27)
(20154, 60, 28)
(80617/4, 62, 29)
(40309/2, 60, 28)
(80619/4, 62, 29)
(20155, 64, 30)
(20157, 57, 26)
(80629/4, 59, 27)
(40315/2, 57, 26)
(80631/4, 59, 27)
(20158, 57, 26)
(40317/2, 69, 33)
(20159, 55, 25)
(80637/4, 57, 26)
(40319/2, 55, 25)
(80639/4, 57, 26)
(20160, 55, 25)
(40321/2, 67, 32)
(20161, 51, 22)
(80645/4, 52, 23)
(40323/2, 51, 22)
(80647/4, 52, 23)
(20162, 54, 24)
(80649/4, 55, 25)
(40325/2, 54, 24)
(80651/4, 55, 25)
(20163, 57, 26)
(80653/4, 59, 27)
(40327/2, 57, 26)
(80655/4, 59, 27)
(20164, 61, 28)
(80657/4, 63, 29)
(40329/2, 61, 28)
(80659/4, 63, 29)
(20165, 64, 30)
(20168, 52, 23)
(20168, 64, 30)
(20169, 52, 23)
(20169, 64, 30)
(20173, 52, 23)
(20173, 64, 30)
(20177, 52, 23)
(20177, 64, 30)
(20181, 52, 23)
(20184, 54, 24)
(20185, 55, 25)
(20188, 64, 30)
(80755/4, 64, 30)
(20189, 64, 30)
(20192, 67, 32)
(80771/4, 67, 32)
(20193, 67, 32)
(20196, 66, 31)
(80787/4, 64, 30)
(20197, 64, 30)
(20198, 63, 29)
(80795/4, 64, 30)
(20199, 69, 33)
(20200, 67, 32)
(80803/4, 66, 31)
(20201, 64, 30)
(40403/2, 71, 34)
(20202, 74, 36)
(20202, 72, 35)
(40405/2, 71, 34)
(20203, 71, 34)
(20206, 70, 33)
(20207, 69, 33)
(20210, 71, 34)
(80843/4, 72, 35)
(20211, 72, 35)
(20214, 52, 23)
(20215, 49, 21)
(20216, 51, 22)
(20217, 52, 23)
(40435/2, 59, 27)
(20218, 59, 27)
(40437/2, 59, 27)
(20219, 59, 27)
(40439/2, 59, 27)
(20220, 59, 27)
(40441/2, 59, 27)
(20221, 59, 27)
(40443/2, 60, 28)
(20222, 59, 27)
(40445/2, 59, 27)
(40447/2, 59, 27)
(20224, 59, 27)
(40449/2, 59, 27)
(20225, 59, 27)
(40451/2, 59, 27)
(20226, 59, 27)
(40453/2, 59, 27)
(20227, 59, 27)
(40455/2, 59, 27)
(20228, 62, 29)
(20228, 60, 28)
(40457/2, 59, 27)
(20229, 59, 27)
(40459/2, 59, 27)
(20230, 62, 29)
(20230, 60, 28)
(40461/2, 59, 27)
(20231, 59, 27)
(40463/2, 59, 27)
(20232, 59, 27)
(40465/2, 59, 27)
(20233, 59, 27)
(40471/2, 52, 23)
(20236, 53, 24)
(40473/2, 55, 25)
(20238, 60, 28)
(40479/2, 52, 23)
(20240, 53, 24)
(40481/2, 55, 25)
(20242, 60, 28)
(20243, 52, 23)
(40487/2, 54, 24)
(20244, 55, 25)
(40489/2, 57, 26)
(20245, 59, 27)
(40491/2, 61, 28)
(20246, 63, 29)
(40493/2, 64, 30)
(20247, 66, 31)
(40495/2, 72, 35)
(20248, 71, 34)
(40497/2, 69, 33)
(20249, 67, 32)
(20251, 52, 23)
(20253, 54, 24)
(20255, 51, 22)
(20257, 52, 23)
(20260, 55, 25)
(20262, 54, 24)
(20264, 51, 22)
(20265, 52, 23)
(40533/2, 71, 34)
(20267, 69, 33)
(40537/2, 71, 34)
(20269, 69, 33)
(40539/2, 64, 30)
(20270, 63, 29)
(40541/2, 64, 30)
(20271, 66, 31)
(40543/2, 72, 35)
(20272, 71, 34)
(40545/2, 69, 33)
(20273, 67, 32)
(40549/2, 71, 34)
(20275, 69, 33)
(40553/2, 72, 35)
(20277, 71, 34)
(40557/2, 65, 31)
(20279, 64, 30)
(40561/2, 67, 32)
(20281, 66, 31)
(40565/2, 69, 33)
(20283, 67, 32)
(40567/2, 69, 33)
(20284, 67, 32)
(40569/2, 69, 33)
(20285, 67, 32)
(40573/2, 59, 27)
(20287, 64, 30)
(40575/2, 59, 27)
(20288, 64, 30)
(40577/2, 59, 27)
(20289, 52, 23)
(20291, 55, 25)
(20293, 57, 26)
(20295, 60, 28)
(20297, 59, 27)
(20299, 58, 26)
(20301, 59, 27)
(20303, 57, 26)
(20305, 55, 25)
(40611/2, 55, 25)
(20306, 55, 25)
(40615/2, 52, 23)
(20308, 52, 23)
(40619/2, 52, 23)
(20310, 52, 23)
(40623/2, 52, 23)
(40623/2, 57, 26)
(20312, 52, 23)
(20312, 57, 26)
(40627/2, 52, 23)
(40627/2, 55, 25)
(20314, 52, 23)
(20314, 55, 25)
(40631/2, 52, 23)
(40631/2, 55, 25)
(20316, 52, 23)
(20316, 55, 25)
(40635/2, 52, 23)
(40635/2, 55, 25)
(20318, 52, 23)
(20318, 55, 25)
(40639/2, 57, 26)
(20320, 57, 26)
(20321, 55, 25)
(40643/2, 71, 34)
(20322, 71, 34)
(40645/2, 69, 33)
(20323, 69, 33)
(40647/2, 67, 32)
(20324, 67, 32)
(40649/2, 66, 31)
(20325, 66, 31)
(20329, 64, 30)
(40659/2, 62, 29)
(20330, 62, 29)
(40661/2, 60, 28)
(20331, 60, 28)
(40663/2, 59, 27)
(20332, 59, 27)
(40665/2, 57, 26)
(20333, 57, 26)
(20340, 60, 28)
(20341, 52, 23)
(20349, 52, 23)
(81397/4, 53, 24)
(40699/2, 52, 23)
(81399/4, 53, 24)
(20350, 52, 23)
(81401/4, 53, 24)
(40701/2, 52, 23)
(81403/4, 53, 24)
(20351, 52, 23)
(81405/4, 53, 24)
(40703/2, 52, 23)
(81407/4, 53, 24)
(20352, 52, 23)
(81409/4, 53, 24)
(40705/2, 52, 23)
(81411/4, 53, 24)
(20353, 52, 23)
(81413/4, 54, 24)
(40707/2, 52, 23)
(81415/4, 54, 24)
(20354, 56, 25)
(81417/4, 57, 26)
(40709/2, 56, 25)
(81419/4, 57, 26)
(20355, 59, 27)
(20357, 56, 25)
(81429/4, 57, 26)
(40715/2, 56, 25)
(81431/4, 57, 26)
(20358, 59, 27)
(81433/4, 60, 28)
(40717/2, 59, 27)
(81435/4, 60, 28)
(20359, 62, 29)
(20361, 59, 27)
(81445/4, 60, 28)
(40723/2, 59, 27)
(81447/4, 60, 28)
(20362, 62, 29)
(20363, 62, 29)
(81453/4, 64, 30)
(40727/2, 62, 29)
(81455/4, 64, 30)
(20364, 65, 31)
(20365, 64, 30)
(81461/4, 65, 31)
(40731/2, 64, 30)
(81463/4, 65, 31)
(20366, 67, 32)
(81465/4, 69, 33)
(40733/2, 67, 32)
(81467/4, 69, 33)
(20367, 70, 34)
(20368, 73, 35)
(81473/4, 74, 36)
(40737/2, 73, 35)
(81475/4, 74, 36)
(20369, 76, 37)
(20370, 64, 30)
(81481/4, 65, 31)
(40741/2, 64, 30)
(81483/4, 65, 31)
(20371, 67, 32)
(20372, 64, 30)
(81489/4, 62, 29)
(40745/2, 64, 30)
(81491/4, 62, 29)
(20373, 52, 23)
(20373, 61, 28)
(20375, 52, 23)
(20375, 61, 28)
(20377, 54, 24)
(20378, 54, 24)
(20379, 55, 25)
(20380, 55, 25)
(20381, 59, 27)
(20382, 59, 27)
(20383, 54, 24)
(20383, 61, 28)
(20385, 54, 24)
(20386, 54, 24)
(20387, 55, 25)
(20388, 55, 25)
(20389, 54, 24)
(20390, 54, 24)
(20391, 54, 24)
(20391, 61, 28)
(20392, 54, 24)
(20392, 61, 28)
(20393, 74, 36)
(81573/4, 72, 35)
(40787/2, 74, 36)
(81575/4, 72, 35)
(20394, 71, 34)
(81577/4, 69, 33)
(40789/2, 71, 34)
(81579/4, 69, 33)
(20395, 67, 32)
(81581/4, 66, 31)
(40791/2, 67, 32)
(81583/4, 66, 31)
(20396, 64, 30)
(81585/4, 62, 29)
(40793/2, 64, 30)
(81587/4, 62, 29)
(20397, 60, 28)
(20398, 64, 30)
(81595/4, 60, 28)
(20399, 69, 33)
(20405, 65, 31)
(81621/4, 64, 30)
(40811/2, 65, 31)
(81623/4, 64, 30)
(20406, 62, 29)
(81625/4, 60, 28)
(40813/2, 62, 29)
(81627/4, 60, 28)
(20407, 59, 27)
(81629/4, 57, 26)
(40815/2, 59, 27)
(81631/4, 57, 26)
(20408, 56, 25)
(81633/4, 54, 24)
(40817/2, 56, 25)
(81635/4, 54, 24)
(20409, 53, 24)
(20410, 74, 36)
(81643/4, 74, 36)
(20411, 65, 31)
(20415, 49, 21)
(81661/4, 50, 22)
(40831/2, 49, 21)
(81663/4, 50, 22)
(20416, 52, 23)
(81665/4, 53, 24)
(40833/2, 52, 23)
(81667/4, 53, 24)
(20417, 55, 25)
(20419, 49, 21)
(81677/4, 50, 22)
(40839/2, 49, 21)
(81679/4, 50, 22)
(20420, 52, 23)
(81681/4, 53, 24)
(40841/2, 52, 23)
(81683/4, 53, 24)
(20421, 55, 25)
(20422, 49, 21)
(81689/4, 50, 22)
(40845/2, 52, 23)
(81691/4, 53, 24)
(20423, 55, 25)
(20424, 57, 26)
(81697/4, 55, 25)
(40849/2, 53, 24)
(81699/4, 52, 23)
(20425, 51, 22)
(81701/4, 52, 23)
(40851/2, 51, 22)
(81703/4, 52, 23)
(20426, 54, 24)
(81705/4, 55, 25)
(40853/2, 54, 24)
(81707/4, 55, 25)
(20427, 57, 26)
(20429, 51, 22)
(81717/4, 52, 23)
(40859/2, 51, 22)
(81719/4, 52, 23)
(20430, 54, 24)
(81721/4, 55, 25)
(40861/2, 54, 24)
(81723/4, 55, 25)
(20431, 57, 26)
(20433, 52, 23)
(81733/4, 56, 25)
(40867/2, 57, 26)
(81735/4, 59, 27)
(20434, 60, 28)
(20435, 52, 23)
(81741/4, 56, 25)
(40871/2, 57, 26)
(81743/4, 59, 27)
(20436, 60, 28)
(20442, 55, 25)
(81769/4, 57, 26)
(40885/2, 59, 27)
(81771/4, 60, 28)
(20443, 62, 29)
(20444, 56, 25)
(81777/4, 57, 26)
(40889/2, 59, 27)
(81779/4, 60, 28)
(20445, 62, 29)
(20446, 57, 26)
(81785/4, 59, 27)
(40893/2, 60, 28)
(81787/4, 62, 29)
(20447, 64, 30)
(20448, 57, 26)
(81793/4, 58, 27)
(40897/2, 60, 28)
(81795/4, 57, 26)
(20449, 62, 29)
(20450, 67, 32)
(81801/4, 65, 31)
(40901/2, 64, 30)
(81803/4, 62, 29)
(20451, 61, 28)
(20452, 69, 33)
(81809/4, 67, 32)
(40905/2, 65, 31)
(81811/4, 64, 30)
(20453, 62, 29)
(81813/4, 64, 30)
(40907/2, 65, 31)
(81815/4, 67, 32)
(20454, 69, 33)
(81817/4, 67, 32)
(40909/2, 65, 31)
(81819/4, 64, 30)
(20455, 62, 29)
(20457, 50, 22)
(20457, 62, 29)
(20461, 50, 22)
(20461, 62, 29)
(20465, 50, 22)
(20465, 62, 29)
(20469, 50, 22)
(20469, 62, 29)
(20473, 52, 23)
(20473, 64, 30)
(20477, 52, 23)
(20477, 64, 30)
(20480, 76, 37)
(81923/4, 76, 37)
(20481, 76, 37)
(20482, 74, 36)
(81931/4, 72, 35)
(20483, 72, 35)
(20484, 71, 34)
(81939/4, 69, 33)
(20485, 69, 33)
(20486, 67, 32)
(81947/4, 66, 31)
(20487, 66, 31)
(20488, 62, 29)
(20489, 67, 32)
(20492, 76, 37)
(81971/4, 76, 37)
(20493, 76, 37)
(20494, 74, 36)
(81979/4, 72, 35)
(20495, 71, 34)
(20496, 65, 31)
(20497, 64, 30)
(20498, 68, 32)
(20499, 69, 33)
(20500, 65, 31)
(20501, 64, 30)
(20502, 62, 29)
(82011/4, 60, 28)
(20503, 60, 28)
(20504, 59, 27)
(20505, 57, 26)
(20506, 59, 27)
(20507, 60, 28)
(20508, 62, 29)
(20509, 60, 28)
(20510, 64, 30)
(20511, 69, 33)
(20512, 75, 36)
(20513, 76, 37)
(20514, 74, 36)
(82059/4, 72, 35)
(20515, 72, 35)
(20516, 70, 34)
(82067/4, 69, 33)
(20517, 69, 33)
(20519, 60, 28)
(20521, 53, 24)
(20522, 52, 23)
(82091/4, 50, 22)
(20523, 50, 22)
(20524, 48, 21)
(82099/4, 50, 22)
(20525, 52, 23)
(20530, 49, 21)
(20531, 57, 26)
(20532, 55, 25)
(20533, 53, 24)
(20535, 51, 23)
(20537, 50, 22)
(20539, 62, 29)
(20541, 52, 23)
(20546, 64, 30)
(20547, 65, 31)
(20548, 64, 30)
(20549, 62, 29)
(20554, 62, 29)
(20555, 65, 31)
(20556, 64, 30)
(20557, 63, 29)
(20562, 63, 29)
(20563, 64, 30)
(20564, 63, 29)
(20565, 62, 29)
(20569, 53, 24)
(20569, 57, 26)
(20573, 57, 26)
(82293/4, 59, 27)
(41147/2, 57, 26)
(82295/4, 59, 27)
(20574, 60, 28)
(82297/4, 62, 29)
(41149/2, 60, 28)
(82299/4, 62, 29)
(20575, 64, 30)
(20577, 60, 28)
(82309/4, 62, 29)
(41155/2, 60, 28)
(82311/4, 62, 29)
(20578, 64, 30)
(82313/4, 68, 32)
(41157/2, 64, 30)
(82315/4, 68, 32)
(20579, 69, 33)
(20581, 72, 35)
(82325/4, 71, 34)
(41163/2, 72, 35)
(82327/4, 71, 34)
(20582, 69, 33)
(20583, 69, 33)
(82333/4, 71, 34)
(41167/2, 69, 33)
(82335/4, 71, 34)
(20584, 72, 35)
(82337/4, 71, 34)
(41169/2, 69, 33)
(82339/4, 71, 34)
(20585, 69, 33)
(20587, 74, 36)
(20589, 71, 34)
(20591, 68, 32)
(20593, 64, 30)
(20601, 69, 33)
(20603, 60, 28)
(20609, 65, 31)
(20610, 69, 33)
(20612, 62, 29)
(20614, 61, 28)
(20615, 62, 29)
(20616, 63, 29)
(20617, 64, 30)
(20622, 57, 26)
(20624, 57, 26)
(20626, 69, 33)
(41253/2, 57, 26)
(20628, 69, 33)
(41257/2, 57, 26)
(41259/2, 60, 28)
(20630, 57, 26)
(41261/2, 60, 28)
(20631, 62, 29)
(41263/2, 57, 26)
(41265/2, 57, 26)
(20633, 53, 24)
(41267/2, 57, 26)
(20634, 60, 28)
(41269/2, 65, 31)
(20635, 69, 33)
(41271/2, 60, 28)
(20636, 57, 26)
(41273/2, 53, 24)
(20637, 59, 27)
(20640, 69, 33)
(82563/4, 69, 33)
(20641, 69, 33)
(20644, 69, 33)
(82579/4, 69, 33)
(20645, 69, 33)
(20648, 62, 29)
(20648, 71, 34)
(82595/4, 62, 29)
(82595/4, 71, 34)
(20649, 62, 29)
(20649, 71, 34)
(20650, 72, 35)
(82603/4, 74, 36)
(20651, 68, 32)
(20652, 68, 32)
(20653, 69, 33)
(41307/2, 64, 30)
(20654, 67, 32)
(20654, 65, 31)
(41309/2, 64, 30)
(20655, 64, 30)
(20662, 65, 31)
(20663, 64, 30)
(20666, 57, 26)
(20667, 54, 24)
(20668, 56, 25)
(20669, 57, 26)
(41351/2, 64, 30)
(20676, 64, 30)
(41353/2, 64, 30)
(20677, 76, 37)
(82711/4, 72, 35)
(20678, 69, 33)
(41367/2, 64, 30)
(20684, 64, 30)
(41369/2, 64, 30)
(20685, 72, 35)
(20686, 71, 34)
(41373/2, 70, 34)
(20687, 69, 33)
(20688, 67, 32)
(41377/2, 65, 31)
(20689, 65, 31)
(82759/4, 67, 32)
(165519/8, 65, 31)
(20690, 64, 30)
(41381/2, 62, 29)
(20691, 69, 33)
(20692, 67, 32)
(41385/2, 65, 31)
(20693, 65, 31)
(82775/4, 67, 32)
(165551/8, 65, 31)
(20694, 64, 30)
(41389/2, 62, 29)
(20695, 57, 26)
(20697, 52, 23)
(20701, 57, 26)
(41407/2, 64, 30)
(20704, 64, 30)
(41409/2, 64, 30)
(20705, 59, 27)
(41411/2, 64, 30)
(20706, 64, 30)
(41413/2, 64, 30)
(20707, 62, 29)
(41415/2, 59, 27)
(20708, 62, 29)
(41417/2, 59, 27)
(20709, 57, 26)
(41419/2, 60, 28)
(20710, 60, 28)
(41421/2, 60, 28)
(20711, 60, 28)
(41423/2, 64, 30)
(20712, 64, 30)
(41425/2, 64, 30)
(20713, 59, 27)
(41427/2, 64, 30)
(20714, 64, 30)
(41429/2, 64, 30)
(20715, 62, 29)
(41431/2, 59, 27)
(20716, 62, 29)
(41433/2, 59, 27)
(20717, 57, 26)
(41437/2, 64, 30)
(20719, 62, 29)
(41441/2, 64, 30)
(20721, 62, 29)
(20723, 52, 23)
(20725, 57, 26)
(41453/2, 64, 30)
(20727, 62, 29)
(41457/2, 64, 30)
(20729, 62, 29)
(41461/2, 65, 31)
(20731, 64, 30)
(41465/2, 67, 32)
(20733, 65, 31)
(41469/2, 69, 33)
(20735, 67, 32)
(41473/2, 71, 34)
(20737, 69, 33)
(41477/2, 64, 30)
(20739, 69, 33)
(41479/2, 64, 30)
(20740, 69, 33)
(41481/2, 64, 30)
(20741, 57, 26)
(82965/4, 59, 27)
(41483/2, 57, 26)
(82967/4, 59, 27)
(20742, 60, 28)
(82969/4, 62, 29)
(41485/2, 60, 28)
(82971/4, 62, 29)
(20743, 64, 30)
(20745, 60, 28)
(82981/4, 62, 29)
(41491/2, 60, 28)
(82983/4, 62, 29)
(20746, 64, 30)
(82985/4, 68, 32)
(41493/2, 64, 30)
(82987/4, 68, 32)
(20747, 69, 33)
(20749, 50, 22)
(82997/4, 52, 23)
(41499/2, 50, 22)
(82999/4, 52, 23)
(20750, 53, 24)
(83001/4, 55, 25)
(41501/2, 53, 24)
(83003/4, 55, 25)
(20751, 57, 26)
(20753, 72, 35)
(83013/4, 74, 36)
(41507/2, 72, 35)
(83015/4, 74, 36)
(20754, 76, 37)
(20755, 64, 30)
(83021/4, 68, 32)
(41511/2, 64, 30)
(83023/4, 68, 32)
(20756, 69, 33)
(20757, 66, 31)
(20757, 69, 33)
(20765, 62, 29)
(83061/4, 60, 28)
(41531/2, 62, 29)
(83063/4, 60, 28)
(20766, 59, 27)
(83065/4, 57, 26)
(41533/2, 59, 27)
(83067/4, 57, 26)
(20767, 62, 29)
(83069/4, 64, 30)
(41535/2, 62, 29)
(83071/4, 64, 30)
(20768, 65, 31)
(83073/4, 64, 30)
(41537/2, 65, 31)
(83075/4, 64, 30)
(20769, 68, 32)
(83077/4, 69, 33)
(41539/2, 71, 34)
(83079/4, 74, 36)
(20770, 68, 32)
(83081/4, 69, 33)
(41541/2, 71, 34)
(83083/4, 74, 36)
(20771, 68, 32)
(83085/4, 69, 33)
(41543/2, 71, 34)
(83087/4, 74, 36)
(20772, 68, 32)
(83089/4, 69, 33)
(41545/2, 71, 34)
(83091/4, 74, 36)
(20773, 69, 33)
(41549/2, 72, 35)
(83099/4, 71, 34)
(20775, 71, 34)
(20776, 69, 33)
(41553/2, 72, 35)
(83107/4, 71, 34)
(20777, 71, 34)
(20778, 69, 33)
(41557/2, 72, 35)
(83115/4, 71, 34)
(20779, 69, 33)
(41559/2, 69, 33)
(20780, 72, 35)
(20780, 71, 34)
(41561/2, 69, 33)
(20781, 76, 37)
(41565/2, 72, 35)
(83131/4, 71, 34)
(20783, 71, 34)
(20784, 69, 33)
(41569/2, 72, 35)
(83139/4, 71, 34)
(20785, 71, 34)
(20786, 69, 33)
(41573/2, 72, 35)
(83147/4, 69, 33)
(20787, 64, 30)
(41575/2, 64, 30)
(20788, 67, 32)
(20788, 65, 31)
(41577/2, 64, 30)
(20789, 57, 26)
(41583/2, 60, 28)
(41583/2, 64, 30)
(20792, 60, 28)
(20792, 64, 30)
(41587/2, 53, 24)
(41587/2, 57, 26)
(20794, 53, 24)
(20794, 57, 26)
(41591/2, 57, 26)
(41591/2, 62, 29)
(20796, 57, 26)
(20796, 62, 29)
(41595/2, 57, 26)
(41595/2, 64, 30)
(20798, 57, 26)
(20798, 64, 30)
(41599/2, 54, 24)
(41599/2, 57, 26)
(20800, 54, 24)
(20800, 57, 26)
(41603/2, 52, 23)
(41603/2, 57, 26)
(20802, 52, 23)
(20802, 57, 26)
(41607/2, 62, 29)
(41607/2, 64, 30)
(20804, 62, 29)
(20804, 64, 30)
(20805, 60, 28)
(20806, 76, 37)
(41613/2, 74, 36)
(83227/4, 74, 36)
(41615/2, 72, 35)
(20808, 72, 35)
(83235/4, 71, 34)
(20809, 71, 34)
(20813, 69, 33)
(41627/2, 67, 32)
(20814, 67, 32)
(41629/2, 65, 31)
(20815, 65, 31)
(41631/2, 64, 30)
(20816, 64, 30)
(41633/2, 62, 29)
(20817, 62, 29)
(20827, 68, 32)
(20829, 58, 27)
(20837, 53, 24)
(20841, 55, 25)
(20845, 52, 23)
(20850, 48, 21)
(20851, 52, 23)
(20852, 48, 21)
(20853, 62, 29)
(20855, 53, 24)
(20859, 50, 22)
(20861, 52, 23)
(20863, 53, 24)
(20867, 50, 22)
(20869, 52, 23)
(20871, 65, 31)
(20875, 53, 24)
(20879, 53, 24)
(20884, 52, 23)
(20885, 52, 23)
(20887, 53, 24)
(20891, 52, 23)
(20893, 64, 30)
(20895, 65, 31)
(20899, 64, 30)
(20901, 48, 21)
(20903, 48, 21)
(20906, 49, 21)
(20907, 50, 22)
(20910, 51, 22)
(20911, 52, 23)
(20914, 53, 24)
(20915, 52, 23)
(20916, 62, 29)
(41833/2, 52, 23)
(20917, 52, 23)
(83669/4, 60, 28)
(41835/2, 69, 33)
(83671/4, 69, 33)
(20918, 69, 33)
(83673/4, 60, 28)
(41837/2, 52, 23)
(83675/4, 52, 23)
(20919, 53, 24)
(83677/4, 60, 28)
(41839/2, 69, 33)
(83679/4, 69, 33)
(20920, 69, 33)
(83681/4, 60, 28)
(41841/2, 53, 24)
(83683/4, 53, 24)
(20921, 50, 22)
(83685/4, 59, 27)
(41843/2, 69, 33)
(83687/4, 69, 33)
(20922, 69, 33)
(83689/4, 59, 27)
(41845/2, 50, 22)
(83691/4, 50, 22)
(20923, 52, 23)
(83693/4, 59, 27)
(41847/2, 68, 32)
(83695/4, 59, 27)
(20924, 52, 23)
(83697/4, 59, 27)
(41849/2, 68, 32)
(83699/4, 59, 27)
(20925, 52, 23)
(83701/4, 60, 28)
(41851/2, 69, 33)
(83703/4, 69, 33)
(20926, 69, 33)
(83705/4, 60, 28)
(41853/2, 52, 23)
(83707/4, 52, 23)
(20927, 53, 24)
(83709/4, 60, 28)
(41855/2, 69, 33)
(83711/4, 69, 33)
(20928, 69, 33)
(83713/4, 60, 28)
(41857/2, 53, 24)
(83715/4, 53, 24)
(20929, 50, 22)
(83717/4, 59, 27)
(41859/2, 69, 33)
(83719/4, 69, 33)
(20930, 69, 33)
(83721/4, 59, 27)
(41861/2, 50, 22)
(83723/4, 50, 22)
(20931, 52, 23)
(83725/4, 59, 27)
(41863/2, 68, 32)
(83727/4, 59, 27)
(20932, 52, 23)
(83729/4, 59, 27)
(41865/2, 68, 32)
(83731/4, 59, 27)
(20933, 52, 23)
(83733/4, 60, 28)
(41867/2, 69, 33)
(83735/4, 60, 28)
(20934, 52, 23)
(83737/4, 60, 28)
(41869/2, 69, 33)
(83739/4, 60, 28)
(20935, 48, 21)
(83741/4, 58, 27)
(41871/2, 67, 32)
(83743/4, 58, 27)
(20936, 48, 21)
(83745/4, 58, 27)
(41873/2, 67, 32)
(83747/4, 58, 27)
(20937, 48, 21)
(83749/4, 57, 26)
(41875/2, 65, 31)
(83751/4, 65, 31)
(20938, 65, 31)
(83753/4, 57, 26)
(41877/2, 48, 21)
(83755/4, 48, 21)
(20939, 50, 22)
(83757/4, 57, 26)
(41879/2, 65, 31)
(83759/4, 57, 26)
(20940, 50, 22)
(83761/4, 57, 26)
(41881/2, 65, 31)
(83763/4, 57, 26)
(20941, 52, 23)
(83765/4, 60, 28)
(41883/2, 69, 33)
(83767/4, 69, 33)
(20942, 69, 33)
(83769/4, 60, 28)
(41885/2, 52, 23)
(83771/4, 52, 23)
(20943, 52, 23)
(83773/4, 59, 27)
(41887/2, 68, 32)
(83775/4, 68, 32)
(20944, 68, 32)
(83777/4, 59, 27)
(41889/2, 52, 23)
(83779/4, 52, 23)
(20945, 52, 23)
(83781/4, 60, 28)
(41891/2, 69, 33)
(83783/4, 60, 28)
(20946, 52, 23)
(83785/4, 60, 28)
(41893/2, 69, 33)
(83787/4, 60, 28)
(20947, 48, 21)
(83789/4, 58, 27)
(41895/2, 67, 32)
(83791/4, 58, 27)
(20948, 48, 21)
(83793/4, 58, 27)
(41897/2, 67, 32)
(83795/4, 58, 27)
(20949, 48, 21)
(83797/4, 57, 26)
(41899/2, 65, 31)
(83799/4, 57, 26)
(20950, 48, 21)
(83801/4, 57, 26)
(41901/2, 65, 31)
(83803/4, 57, 26)
(20951, 50, 22)
(83805/4, 57, 26)
(41903/2, 65, 31)
(83807/4, 57, 26)
(20952, 50, 22)
(83809/4, 57, 26)
(41905/2, 65, 31)
(83811/4, 57, 26)
(20953, 52, 23)
(83813/4, 60, 28)
(41907/2, 69, 33)
(83815/4, 69, 33)
(20954, 69, 33)
(83817/4, 60, 28)
(41909/2, 52, 23)
(83819/4, 52, 23)
(20955, 52, 23)
(83821/4, 56, 25)
(41911/2, 59, 27)
(83823/4, 62, 29)
(20956, 64, 30)
(83825/4, 68, 32)
(41913/2, 71, 34)
(83827/4, 74, 36)
(20957, 72, 35)
(20959, 57, 26)
(83837/4, 59, 27)
(41919/2, 57, 26)
(83839/4, 59, 27)
(20960, 60, 28)
(83841/4, 62, 29)
(41921/2, 60, 28)
(83843/4, 62, 29)
(20961, 64, 30)
(20963, 48, 21)
(83853/4, 50, 22)
(41927/2, 48, 21)
(83855/4, 50, 22)
(20964, 52, 23)
(83857/4, 56, 25)
(41929/2, 52, 23)
(83859/4, 56, 25)
(20965, 55, 25)
(20966, 50, 22)
(20967, 50, 22)
(83869/4, 52, 23)
(41935/2, 50, 22)
(83871/4, 52, 23)
(20968, 53, 24)
(83873/4, 55, 25)
(41937/2, 53, 24)
(83875/4, 55, 25)
(20969, 57, 26)
(20970, 52, 23)
(20970, 57, 26)
(20971, 57, 26)
(83885/4, 59, 27)
(41943/2, 60, 28)
(83887/4, 62, 29)
(20972, 64, 30)
(83889/4, 66, 31)
(41945/2, 68, 32)
(83891/4, 69, 33)
(20973, 60, 28)
(20975, 60, 28)
(20977, 54, 24)
(20977, 60, 28)
(20979, 54, 24)
(20979, 60, 28)
(20981, 52, 23)
(20983, 62, 29)
(20983, 64, 30)
(20985, 60, 28)
(20985, 64, 30)
(20985, 69, 33)
(60005/2, 45, 19)
(30003, 38, 15)
(30005, 40, 16)
(30006, 45, 19)
(30008, 42, 17)
(30009, 40, 16)
(60021/2, 38, 15)
(30011, 40, 16)
(60023/2, 40, 16)
(30012, 40, 16)
(30013, 45, 19)
(60029/2, 57, 26)
(30015, 50, 22)
(30017, 52, 23)
(30018, 54, 24)
(30020, 54, 24)
(30021, 47, 20)
(60045/2, 45, 19)
(30023, 43, 18)
(60047/2, 45, 19)
(30024, 50, 22)
(30026, 49, 21)
(30027, 42, 17)
(30030, 44, 18)
(30031, 45, 19)
(30032, 42, 17)
(30033, 44, 18)
(30034, 45, 19)
(30035, 42, 17)
(30036, 44, 18)
(30037, 45, 19)
(30038, 42, 17)
(30039, 40, 16)
(30041, 57, 26)
(120167/4, 56, 25)
(30042, 59, 27)
(30045, 57, 26)
(120183/4, 56, 25)
(30046, 59, 27)
(30048, 57, 26)
(60097/2, 56, 25)
(30049, 59, 27)
(30050, 40, 16)
(30051, 40, 16)
(30054, 40, 16)
(30057, 44, 18)
(30065, 53, 24)
(120261/4, 52, 23)
(60131/2, 53, 24)
(120263/4, 52, 23)
(30066, 50, 22)
(30067, 50, 22)
(120269/4, 48, 21)
(60135/2, 50, 22)
(120271/4, 48, 21)
(30068, 47, 20)
(30069, 50, 22)
(120277/4, 52, 23)
(60139/2, 50, 22)
(120279/4, 52, 23)
(30070, 50, 22)
(120281/4, 48, 21)
(60141/2, 50, 22)
(120283/4, 48, 21)
(30071, 47, 20)
(120285/4, 45, 19)
(60143/2, 47, 20)
(120287/4, 45, 19)
(30072, 44, 18)
(120289/4, 42, 17)
(60145/2, 44, 18)
(120291/4, 42, 17)
(30073, 40, 16)
(30084, 65, 31)
(120339/4, 65, 31)
(30085, 65, 31)
(30086, 64, 30)
(120347/4, 62, 29)
(30087, 62, 29)
(30088, 60, 28)
(120355/4, 59, 27)
(30089, 57, 26)
(30093, 59, 27)
(30095, 56, 25)
(30096, 52, 23)
(30097, 57, 26)
(30100, 57, 26)
(30101, 59, 27)
(30102, 57, 26)
(30103, 56, 25)
(30104, 52, 23)
(30105, 57, 26)
(30107, 52, 23)
(30109, 53, 24)
(30114, 41, 17)
(30115, 41, 17)
(30116, 41, 17)
(30117, 40, 16)
(30120, 52, 23)
(120483/4, 52, 23)
(30121, 52, 23)
(30122, 50, 22)
(120491/4, 48, 21)
(30123, 48, 21)
(30124, 47, 20)
(120499/4, 45, 19)
(30125, 45, 19)
(30128, 65, 31)
(120515/4, 65, 31)
(30129, 65, 31)
(30130, 64, 30)
(120523/4, 62, 29)
(30131, 62, 29)
(30132, 60, 28)
(120531/4, 59, 27)
(30133, 57, 26)
(30137, 59, 27)
(30139, 56, 25)
(30140, 52, 23)
(30141, 57, 26)
(30144, 57, 26)
(30145, 59, 27)
(30146, 57, 26)
(30147, 56, 25)
(30148, 52, 23)
(30149, 45, 19)
(30153, 43, 18)
(30157, 42, 17)
(30159, 40, 16)
(30161, 39, 15)
(120645/4, 40, 16)
(60323/2, 39, 15)
(120647/4, 40, 16)
(30162, 42, 17)
(120649/4, 43, 18)
(60325/2, 42, 17)
(120651/4, 43, 18)
(30163, 45, 19)
(120653/4, 47, 20)
(60327/2, 45, 19)
(120655/4, 47, 20)
(30164, 49, 21)
(120657/4, 51, 22)
(60329/2, 49, 21)
(120659/4, 51, 22)
(30165, 52, 23)
(60331/2, 54, 24)
(120663/4, 55, 25)
(30166, 57, 26)
(120665/4, 59, 27)
(60333/2, 61, 28)
(120667/4, 63, 29)
(30167, 64, 30)
(30168, 43, 18)
(30169, 45, 19)
(30170, 47, 20)
(30171, 48, 21)
(30172, 47, 20)
(30173, 45, 19)
(30174, 47, 20)
(30175, 48, 21)
(30176, 47, 20)
(30177, 46, 19)
(30178, 47, 20)
(30179, 49, 21)
(30180, 47, 20)
(30181, 46, 19)
(30182, 47, 20)
(30183, 49, 21)
(30184, 48, 21)
(30185, 47, 20)
(30192, 59, 27)
(120771/4, 59, 27)
(30193, 59, 27)
(30196, 57, 26)
(120787/4, 55, 25)
(30197, 55, 25)
(30198, 54, 24)
(120795/4, 52, 23)
(30199, 51, 22)
(30200, 47, 20)
(30201, 52, 23)
(30208, 60, 28)
(120835/4, 60, 28)
(30209, 60, 28)
(30210, 59, 27)
(120843/4, 57, 26)
(30211, 57, 26)
(30212, 55, 25)
(30213, 54, 24)
(30214, 52, 23)
(30215, 47, 20)
(30217, 40, 16)
(30220, 55, 25)
(30221, 54, 24)
(30223, 51, 22)
(30225, 52, 23)
(30227, 43, 18)
(30229, 42, 17)
(30231, 39, 15)
(30233, 40, 16)
(30235, 48, 21)
(30237, 41, 17)
(30239, 48, 21)
(30241, 41, 17)
(30243, 48, 21)
(30244, 47, 20)
(60489/2, 45, 19)
(30245, 52, 23)
(30246, 47, 20)
(30248, 47, 20)
(30249, 40, 16)
(60503/2, 59, 27)
(30252, 59, 27)
(60505/2, 59, 27)
(30253, 57, 26)
(60507/2, 59, 27)
(30254, 59, 27)
(60509/2, 59, 27)
(30255, 57, 26)
(60511/2, 54, 24)
(30256, 57, 26)
(60513/2, 54, 24)
(30257, 52, 23)
(60519/2, 59, 27)
(30260, 59, 27)
(60521/2, 59, 27)
(30261, 57, 26)
(60523/2, 59, 27)
(30262, 59, 27)
(60525/2, 59, 27)
(30263, 57, 26)
(60527/2, 54, 24)
(30264, 57, 26)
(60529/2, 54, 24)
(30265, 52, 23)
(60533/2, 56, 25)
(30267, 57, 26)
(60537/2, 56, 25)
(30269, 57, 26)
(30270, 47, 20)
(30272, 47, 20)
(30273, 40, 16)
(60549/2, 56, 25)
(30275, 57, 26)
(60553/2, 57, 26)
(30277, 59, 27)
(60557/2, 59, 27)
(30279, 60, 28)
(60561/2, 61, 28)
(30281, 62, 29)
(60565/2, 59, 27)
(30283, 64, 30)
(60567/2, 59, 27)
(30284, 64, 30)
(60569/2, 59, 27)
(30285, 64, 30)
(30286, 71, 34)
(60581/2, 67, 32)
(121163/4, 66, 31)
(30291, 66, 31)
(30292, 64, 30)
(60585/2, 67, 32)
(121171/4, 66, 31)
(30293, 66, 31)
(30294, 64, 30)
(60589/2, 67, 32)
(121179/4, 66, 31)
(30295, 64, 30)
(60591/2, 64, 30)
(30296, 67, 32)
(30296, 66, 31)
(60593/2, 64, 30)
(30297, 71, 34)
(60597/2, 67, 32)
(121195/4, 66, 31)
(30299, 66, 31)
(30300, 64, 30)
(60601/2, 67, 32)
(121203/4, 66, 31)
(30301, 66, 31)
(30302, 64, 30)
(60605/2, 67, 32)
(121211/4, 64, 30)
(30303, 59, 27)
(60607/2, 59, 27)
(30304, 62, 29)
(30304, 60, 28)
(60609/2, 59, 27)
(30305, 52, 23)
(30307, 43, 18)
(30309, 45, 19)
(30311, 48, 21)
(30313, 47, 20)
(30315, 46, 19)
(30317, 47, 20)
(30319, 47, 20)
(30321, 40, 16)
(30322, 55, 25)
(60645/2, 57, 26)
(30323, 57, 26)
(60647/2, 59, 27)
(30324, 59, 27)
(60649/2, 60, 28)
(30325, 60, 28)
(30327, 59, 27)
(30329, 52, 23)
(60659/2, 44, 18)
(30330, 44, 18)
(60661/2, 45, 19)
(30331, 45, 19)
(60663/2, 47, 20)
(30332, 47, 20)
(60665/2, 48, 21)
(30333, 48, 21)
(30335, 47, 20)
(30338, 47, 20)
(30340, 45, 19)
(30341, 44, 18)
(30353, 40, 16)
(30360, 65, 31)
(121443/4, 65, 31)
(30361, 65, 31)
(30362, 64, 30)
(121451/4, 62, 29)
(30363, 62, 29)
(30364, 60, 28)
(121459/4, 58, 27)
(30365, 58, 27)
(30366, 57, 26)
(121467/4, 55, 25)
(30367, 55, 25)
(30368, 53, 24)
(121475/4, 52, 23)
(30369, 52, 23)
(30370, 50, 22)
(121483/4, 49, 21)
(30371, 49, 21)
(30372, 47, 20)
(121491/4, 46, 19)
(30373, 40, 16)
(60747/2, 40, 16)
(30374, 40, 16)
(60749/2, 40, 16)
(30375, 40, 16)
(60751/2, 40, 16)
(30376, 40, 16)
(60753/2, 40, 16)
(30377, 38, 15)
(60755/2, 50, 22)
(30378, 50, 22)
(30379, 52, 23)
(30380, 52, 23)
(30381, 54, 24)
(30382, 54, 24)
(30383, 52, 23)
(30385, 50, 22)
(30386, 50, 22)
(30387, 40, 16)
(30388, 40, 16)
(30389, 42, 17)
(30390, 42, 17)
(30391, 40, 16)
(30392, 40, 16)
(30393, 38, 15)
(30397, 60, 28)
(121589/4, 59, 27)
(60795/2, 60, 28)
(121591/4, 59, 27)
(30398, 57, 26)
(121593/4, 55, 25)
(60797/2, 57, 26)
(121595/4, 55, 25)
(30399, 54, 24)
(121597/4, 52, 23)
(60799/2, 54, 24)
(121599/4, 52, 23)
(30400, 51, 22)
(121601/4, 49, 21)
(60801/2, 51, 22)
(121603/4, 49, 21)
(30401, 47, 20)
(30402, 51, 22)
(121611/4, 47, 20)
(30403, 54, 24)
(30409, 53, 24)
(121637/4, 52, 23)
(60819/2, 53, 24)
(121639/4, 52, 23)
(30410, 50, 22)
(121641/4, 48, 21)
(60821/2, 50, 22)
(121643/4, 48, 21)
(30411, 47, 20)
(121645/4, 45, 19)
(60823/2, 47, 20)
(121647/4, 45, 19)
(30412, 44, 18)
(121649/4, 41, 17)
(60825/2, 40, 16)
(121651/4, 38, 15)
(30413, 37, 14)
(121653/4, 38, 15)
(60827/2, 37, 14)
(121655/4, 38, 15)
(30414, 40, 16)
(121657/4, 41, 17)
(60829/2, 40, 16)
(121659/4, 41, 17)
(30415, 43, 18)
(30417, 37, 14)
(121669/4, 38, 15)
(60835/2, 37, 14)
(121671/4, 38, 15)
(30418, 40, 16)
(121673/4, 41, 17)
(60837/2, 40, 16)
(121675/4, 41, 17)
(30419, 43, 18)
(30421, 37, 14)
(121685/4, 38, 15)
(60843/2, 40, 16)
(121687/4, 41, 17)
(30422, 43, 18)
(30423, 37, 14)
(121693/4, 38, 15)
(60847/2, 40, 16)
(121695/4, 41, 17)
(30424, 43, 18)
(30427, 39, 15)
(121709/4, 40, 16)
(60855/2, 39, 15)
(121711/4, 40, 16)
(30428, 42, 17)
(121713/4, 43, 18)
(60857/2, 42, 17)
(121715/4, 43, 18)
(30429, 45, 19)
(30431, 39, 15)
(121725/4, 40, 16)
(60863/2, 39, 15)
(121727/4, 40, 16)
(30432, 42, 17)
(121729/4, 43, 18)
(60865/2, 42, 17)
(121731/4, 43, 18)
(30433, 45, 19)
(30437, 41, 17)
(121749/4, 43, 18)
(60875/2, 45, 19)
(121751/4, 47, 20)
(30438, 48, 21)
(30439, 42, 17)
(121757/4, 43, 18)
(60879/2, 45, 19)
(121759/4, 47, 20)
(30440, 48, 21)
(30441, 43, 18)
(121765/4, 45, 19)
(60883/2, 47, 20)
(121767/4, 48, 21)
(30442, 50, 22)
(30443, 44, 18)
(121773/4, 45, 19)
(60887/2, 47, 20)
(121775/4, 48, 21)
(30444, 50, 22)
(30445, 45, 19)
(121781/4, 47, 20)
(60891/2, 48, 21)
(121783/4, 50, 22)
(30446, 52, 23)
(30447, 45, 19)
(121789/4, 46, 20)
(60895/2, 48, 21)
(121791/4, 50, 22)
(30448, 51, 23)
(30449, 47, 20)
(121797/4, 48, 21)
(60899/2, 50, 22)
(121799/4, 52, 23)
(30450, 53, 24)
(30451, 49, 21)
(121805/4, 50, 22)
(60903/2, 52, 23)
(121807/4, 53, 24)
(30452, 55, 25)
(30453, 50, 22)
(121813/4, 52, 23)
(60907/2, 54, 24)
(121815/4, 55, 25)
(30454, 57, 26)
(121817/4, 55, 25)
(60909/2, 54, 24)
(121819/4, 52, 23)
(30455, 50, 22)
(121821/4, 52, 23)
(60911/2, 54, 24)
(121823/4, 52, 23)
(30456, 50, 22)
(121825/4, 48, 21)
(60913/2, 46, 20)
(121827/4, 45, 19)
(30457, 43, 18)
(30458, 45, 19)
(30459, 46, 20)
(30460, 45, 19)
(30461, 43, 18)
(30462, 45, 19)
(30463, 46, 20)
(30464, 45, 19)
(30465, 44, 18)
(30466, 45, 19)
(30467, 47, 20)
(30468, 45, 19)
(30469, 44, 18)
(30470, 45, 19)
(30471, 47, 20)
(30472, 45, 19)
(30473, 45, 19)
(30474, 47, 20)
(30475, 48, 21)
(30476, 47, 20)
(30477, 46, 19)
(30478, 47, 20)
(30479, 49, 21)
(30480, 47, 20)
(30481, 40, 16)
(30496, 43, 18)
(30497, 36, 14)
(30504, 52, 23)
(30505, 45, 19)
(30512, 45, 19)
(30513, 40, 16)
(30517, 41, 17)
(30519, 42, 17)
(30521, 43, 18)
(30524, 44, 18)
(30525, 36, 14)
(30527, 37, 14)
(30529, 41, 17)
(30535, 42, 17)
(30537, 43, 18)
(30541, 44, 18)
(30545, 45, 19)
(30547, 43, 18)
(30549, 41, 17)
(30554, 41, 17)
(30555, 45, 19)
(30556, 43, 18)
(30557, 42, 17)
(30563, 43, 18)
(30564, 42, 17)
(30565, 41, 17)
(30569, 41, 17)
(30573, 40, 16)
(61163/2, 42, 17)
(122327/4, 44, 18)
(30582, 45, 19)
(122329/4, 47, 20)
(61165/2, 48, 21)
(122331/4, 50, 22)
(30583, 52, 23)
(61167/2, 54, 24)
(122335/4, 56, 25)
(30584, 57, 26)
(122337/4, 59, 27)
(61169/2, 60, 28)
(122339/4, 62, 29)
(30585, 64, 30)
(30593, 69, 33)
(30595, 74, 36)
(30597, 71, 34)
(30599, 68, 32)
(30601, 64, 30)
(30602, 60, 28)
(30603, 55, 25)
(30604, 52, 23)
(30605, 53, 24)
(30606, 48, 21)
(30607, 45, 19)
(30608, 41, 17)
(30609, 36, 14)
(30610, 37, 14)
(30611, 38, 15)
(30612, 40, 16)
(61225/2, 42, 17)
(30613, 43, 18)
(30618, 42, 17)
(30619, 43, 18)
(30620, 44, 18)
(30621, 45, 19)
(30623, 47, 20)
(30625, 48, 21)
(30627, 50, 22)
(30629, 52, 23)
(30631, 53, 24)
(30633, 41, 17)
(30637, 40, 16)
(30644, 65, 31)
(122579/4, 65, 31)
(30645, 65, 31)
(30648, 56, 25)
(122595/4, 56, 25)
(30649, 56, 25)
(30650, 57, 26)
(122603/4, 59, 27)
(30651, 52, 23)
(30652, 40, 16)
(30653, 45, 19)
(30658, 63, 29)
(122635/4, 63, 29)
(30659, 63, 29)
(30660, 62, 29)
(30664, 60, 28)
(30665, 59, 27)
(30666, 57, 26)
(30667, 52, 23)
(30669, 45, 19)
(30671, 57, 26)
(30673, 59, 27)
(30675, 56, 25)
(30677, 57, 26)
(30679, 64, 30)
(30680, 60, 28)
(30681, 59, 27)
(30683, 56, 25)
(30685, 57, 26)
(30687, 41, 17)
(30689, 46, 20)
(30691, 41, 17)
(30693, 46, 20)
(30695, 45, 19)
(61391/2, 47, 20)
(30696, 49, 21)
(61393/2, 50, 22)
(30697, 52, 23)
(61395/2, 54, 24)
(30698, 56, 25)
(61397/2, 57, 26)
(30699, 59, 27)
(61399/2, 65, 31)
(30700, 64, 30)
(61401/2, 62, 29)
(30701, 60, 28)
(61407/2, 52, 23)
(30704, 52, 23)
(61409/2, 52, 23)
(30705, 62, 29)
(122823/4, 59, 27)
(30706, 56, 25)
(30708, 52, 23)
(30709, 45, 19)
(30711, 52, 23)
(61423/2, 52, 23)
(30712, 52, 23)
(30713, 62, 29)
(61427/2, 59, 27)
(30714, 56, 25)
(30716, 52, 23)
(30717, 45, 19)
(61437/2, 61, 28)
(30719, 62, 29)
(61441/2, 61, 28)
(30721, 62, 29)
(61443/2, 57, 26)
(30722, 56, 25)
(61445/2, 57, 26)
(30723, 59, 27)
(61447/2, 65, 31)
(30724, 64, 30)
(61449/2, 62, 29)
(30725, 60, 28)
(61453/2, 61, 28)
(30727, 62, 29)
(61457/2, 61, 28)
(30729, 62, 29)
(61461/2, 62, 29)
(30731, 64, 30)
(61465/2, 64, 30)
(30733, 65, 31)
(61469/2, 66, 31)
(30735, 67, 32)
(61473/2, 68, 32)
(30737, 69, 33)
(30741, 45, 19)
(30745, 43, 18)
(30749, 41, 17)
(30753, 40, 16)
(30757, 39, 15)
(30758, 42, 17)
(30759, 45, 19)
(30760, 48, 21)
(30761, 51, 22)
(30762, 57, 26)
(30763, 63, 29)
(30764, 66, 31)
(30765, 65, 31)
(123061/4, 64, 30)
(61531/2, 65, 31)
(123063/4, 64, 30)
(30766, 62, 29)
(123065/4, 60, 28)
(61533/2, 62, 29)
(123067/4, 60, 28)
(30767, 59, 27)
(123069/4, 60, 28)
(61535/2, 59, 27)
(123071/4, 60, 28)
(30768, 62, 29)
(123073/4, 64, 30)
(61537/2, 62, 29)
(123075/4, 64, 30)
(30769, 65, 31)
(30772, 64, 30)
(123091/4, 62, 29)
(30773, 60, 28)
(30789, 45, 19)
(30791, 36, 14)
(30793, 38, 15)
(30795, 41, 17)
(30797, 40, 16)
(30799, 39, 15)
(30801, 40, 16)
(30803, 52, 23)
(30805, 45, 19)
(30806, 60, 28)
(123227/4, 62, 29)
(30807, 62, 29)
(123231/4, 64, 30)
(30808, 64, 30)
(123235/4, 65, 31)
(30809, 65, 31)
(30811, 64, 30)
(30813, 57, 26)
(61627/2, 49, 21)
(30814, 49, 21)
(61629/2, 50, 22)
(30815, 50, 22)
(61631/2, 52, 23)
(30816, 52, 23)
(61633/2, 53, 24)
(30817, 53, 24)
(30819, 52, 23)
(30827, 50, 22)
(30829, 37, 14)
(30837, 38, 15)
(30841, 43, 18)
(30841, 50, 22)
(30845, 44, 18)
(30845, 50, 22)
(30849, 45, 19)
(30853, 41, 17)
(30855, 38, 15)
(30859, 41, 17)
(30861, 40, 16)
(30863, 38, 15)
(30867, 41, 17)
(30869, 40, 16)
(30871, 39, 15)
(30871, 48, 21)
(30875, 39, 15)
(30875, 48, 21)
(30879, 39, 15)
(30879, 48, 21)
(30884, 40, 16)
(30885, 40, 16)
(30893, 40, 16)
(30901, 40, 16)
(30905, 41, 17)
(30908, 42, 17)
(30909, 43, 18)
(30912, 44, 18)
(30913, 44, 18)
(30914, 45, 19)
(30915, 44, 18)
(30916, 40, 16)
(30917, 45, 19)
(61835/2, 45, 19)
(30918, 45, 19)
(61837/2, 45, 19)
(30919, 41, 17)
(61839/2, 41, 17)
(30920, 41, 17)
(61841/2, 41, 17)
(30921, 38, 15)
(61843/2, 38, 15)
(30922, 38, 15)
(61845/2, 38, 15)
(30923, 38, 15)
(61847/2, 38, 15)
(30924, 40, 16)
(61849/2, 38, 15)
(30925, 36, 14)
(61851/2, 36, 14)
(30926, 36, 14)
(61853/2, 36, 14)
(30927, 41, 17)
(61855/2, 41, 17)
(30928, 41, 17)
(61857/2, 41, 17)
(30929, 38, 15)
(61859/2, 38, 15)
(30930, 38, 15)
(61861/2, 38, 15)
(30931, 38, 15)
(61863/2, 38, 15)
(30932, 40, 16)
(61865/2, 38, 15)
(30933, 36, 14)
(61867/2, 36, 14)
(30934, 36, 14)
(61869/2, 36, 14)
(30935, 36, 14)
(61871/2, 36, 14)
(30936, 36, 14)
(61873/2, 36, 14)
(30937, 41, 17)
(61875/2, 41, 17)
(30938, 41, 17)
(61877/2, 41, 17)
(30939, 38, 15)
(61879/2, 38, 15)
(30940, 38, 15)
(61881/2, 38, 15)
(30941, 40, 16)
(61883/2, 40, 16)
(30942, 40, 16)
(61885/2, 40, 16)
(30943, 40, 16)
(61887/2, 40, 16)
(30944, 38, 15)
(61889/2, 38, 15)
(30945, 36, 14)
(61891/2, 36, 14)
(30946, 36, 14)
(61893/2, 36, 14)
(30947, 36, 14)
(61895/2, 36, 14)
(30948, 36, 14)
(61897/2, 36, 14)
(30949, 41, 17)
(61899/2, 41, 17)
(30950, 41, 17)
(61901/2, 41, 17)
(30951, 38, 15)
(61903/2, 38, 15)
(30952, 38, 15)
(61905/2, 38, 15)
(30953, 40, 16)
(61907/2, 40, 16)
(30954, 40, 16)
(61909/2, 40, 16)
(30955, 40, 16)
(30956, 52, 23)
(30957, 45, 19)
(30961, 43, 18)
(30961, 52, 23)
(30965, 41, 17)
(30965, 45, 19)
(30969, 40, 16)
(30969, 48, 21)
(30973, 39, 15)
(30975, 39, 15)
(30977, 39, 15)
(30977, 45, 19)
(30979, 39, 15)
(30979, 45, 19)
(30981, 40, 16)
(30983, 52, 23)
(30985, 45, 19)
