(0, 61, 28)
(3, 66, 31)
(5, 64, 30)
(6, 61, 28)
(7, 73, 35)
(8, 62, 29)
(9, 64, 30)
(21/2, 66, 31)
(11, 68, 32)
(23/2, 71, 34)
(12, 71, 34)
(13, 69, 33)
(29/2, 73, 35)
(15, 80, 39)
(15, 76, 37)
(18, 73, 35)
(20, 73, 35)
(21, 74, 36)
(45/2, 74, 36)
(23, 76, 37)
(47/2, 81, 40)
(24, 79, 39)
(25, 78, 38)
(51/2, 78, 38)
(26, 80, 39)
(53/2, 85, 42)
(27, 83, 41)
(28, 81, 40)
(57/2, 81, 40)
(29, 83, 41)
(59/2, 90, 45)
(30, 88, 44)
(63/2, 85, 42)
(32, 81, 40)
(65/2, 78, 38)
(33, 76, 37)
(69/2, 73, 35)
(35, 69, 33)
(71/2, 66, 31)
(36, 64, 30)
(75/2, 61, 28)
(38, 57, 26)
(155/4, 56, 25)
(39, 59, 27)
(41, 73, 35)
(167/4, 71, 34)
(42, 74, 36)
(45, 73, 35)
(183/4, 71, 34)
(46, 74, 36)
(48, 74, 36)
(195/4, 71, 34)
(49, 69, 33)
(199/4, 68, 32)
(50, 71, 34)
(101/2, 64, 30)
(51, 64, 30)
(57, 64, 30)
(57, 74, 36)
(57, 83, 41)
(115/2, 72, 35)
(58, 65, 31)
(233/4, 64, 30)
(117/2, 65, 31)
(235/4, 68, 32)
(59, 69, 33)
(237/4, 68, 32)
(119/2, 69, 33)
(61, 71, 34)
(62, 72, 35)
(63, 68, 32)
(253/4, 69, 33)
(127/2, 68, 32)
(255/4, 69, 33)
(64, 71, 34)
(257/4, 72, 35)
(129/2, 71, 34)
(259/4, 72, 35)
(65, 74, 36)
(66, 71, 34)
(265/4, 72, 35)
(133/2, 71, 34)
(267/4, 72, 35)
(67, 74, 36)
(68, 74, 36)
(273/4, 76, 37)
(137/2, 74, 36)
(275/4, 76, 37)
(69, 77, 38)
(70, 76, 37)
(281/4, 78, 38)
(141/2, 76, 37)
(283/4, 78, 38)
(71, 80, 39)
(285/4, 81, 40)
(143/2, 80, 39)
(287/4, 81, 40)
(72, 83, 41)
(289/4, 84, 42)
(145/2, 83, 41)
(291/4, 84, 42)
(73, 86, 43)
(293/4, 83, 41)
(147/2, 81, 40)
(295/4, 79, 39)
(74, 76, 37)
(297/4, 74, 36)
(149/2, 71, 34)
(299/4, 68, 32)
(75, 64, 30)
(76, 72, 35)
(87, 71, 34)
(89, 88, 44)
(90, 86, 43)
(363/4, 84, 42)
(91, 84, 42)
(92, 81, 40)
(371/4, 81, 40)
(93, 81, 40)
(94, 80, 39)
(189/2, 81, 40)
(95, 83, 41)
(191/2, 76, 37)
(96, 88, 44)
(387/4, 88, 44)
(97, 88, 44)
(98, 86, 43)
(395/4, 84, 42)
(399/4, 83, 41)
(201/2, 81, 40)
(101, 81, 40)
(102, 80, 39)
(411/4, 81, 40)
(103, 83, 41)
(207/2, 76, 37)
(104, 80, 39)
(104, 77, 38)
(209/2, 76, 37)
(105, 84, 42)
(107, 84, 42)
(109, 84, 42)
(112, 84, 42)
(225/2, 83, 41)
(113, 83, 41)
(227/2, 81, 40)
(114, 81, 40)
(229/2, 79, 39)
(115, 79, 39)
(231/2, 77, 38)
(116, 76, 37)
(233/2, 75, 36)
(117, 75, 36)
(120, 76, 37)
(132, 88, 44)
(531/4, 88, 44)
(133, 88, 44)
(134, 86, 43)
(539/4, 84, 42)
(135, 84, 42)
(136, 83, 41)
(547/4, 81, 40)
(137, 81, 40)
(138, 83, 41)
(138, 80, 39)
(555/4, 81, 40)
(139, 83, 41)
(279/2, 76, 37)
(140, 88, 44)
(563/4, 88, 44)
(141, 88, 44)
(142, 86, 43)
(571/4, 84, 42)
(143, 84, 42)
(144, 83, 41)
(579/4, 81, 40)
(145, 81, 40)
(291/2, 83, 41)
(1165/8, 81, 40)
(583/4, 80, 39)
(293/2, 81, 40)
(587/4, 84, 42)
(295/2, 76, 37)
(148, 77, 38)
(148, 80, 39)
(297/2, 76, 37)
(149, 84, 42)
(151, 84, 42)
(153, 84, 42)
(311/2, 76, 37)
(156, 79, 39)
(156, 77, 38)
(313/2, 76, 37)
(157, 84, 42)
(159, 84, 42)
(161, 84, 42)
(327/2, 84, 42)
(164, 83, 41)
(329/2, 81, 40)
(165, 81, 40)
(331/2, 79, 39)
(166, 79, 39)
(168, 88, 44)
(675/4, 88, 44)
(169, 88, 44)
(170, 84, 42)
(683/4, 83, 41)
(171, 81, 40)
(172, 79, 39)
(173, 79, 39)
(347/2, 78, 38)
(174, 78, 38)
(703/4, 76, 37)
(176, 88, 44)
(707/4, 88, 44)
(177, 88, 44)
(178, 85, 42)
(357/2, 83, 41)
(179, 82, 40)
(359/2, 85, 42)
(180, 85, 42)
(361/2, 79, 39)
(181, 79, 39)
(363/2, 78, 38)
(182, 78, 38)
(365/2, 78, 38)
(183, 78, 38)
(184, 72, 35)
(185, 71, 34)
(371/2, 74, 36)
(371/2, 72, 35)
(186, 71, 34)
(373/2, 83, 41)
(189, 83, 41)
(190, 82, 40)
(191, 82, 40)
(194, 81, 40)
(195, 84, 42)
(198, 84, 42)
(199, 90, 45)
(200, 81, 40)
(201, 79, 39)
(202, 72, 35)
(204, 73, 35)
(819/4, 73, 35)
(205, 73, 35)
(208, 76, 37)
(835/4, 76, 37)
(209, 76, 37)
(210, 66, 31)
(212, 74, 36)
(212, 73, 35)
(425/2, 71, 34)
(213, 71, 34)
(427/2, 71, 34)
(214, 74, 36)
(214, 73, 35)
(429/2, 71, 34)
(215, 71, 34)
(431/2, 71, 34)
(216, 74, 36)
(216, 73, 35)
(433/2, 71, 34)
(217, 71, 34)
(435/2, 71, 34)
(218, 74, 36)
(218, 73, 35)
(437/2, 71, 34)
(219, 79, 39)
(220, 78, 38)
(441/2, 76, 37)
(221, 79, 39)
(221, 75, 36)
(222, 76, 37)
(445/2, 78, 38)
(223, 71, 34)
(224, 73, 35)
(449/2, 69, 33)
(225, 67, 32)
(451/2, 71, 34)
(226, 50, 22)
(226, 54, 24)
(226, 57, 26)
(226, 74, 36)
(226, 73, 35)
(453/2, 71, 34)
(227, 71, 34)
(455/2, 79, 39)
(228, 78, 38)
(457/2, 76, 37)
(229, 75, 36)
(230, 76, 37)
(461/2, 78, 38)
(231, 71, 34)
(463/2, 75, 36)
(232, 73, 35)
(465/2, 69, 33)
(233, 67, 32)
(467/2, 67, 32)
(234, 69, 33)
(469/2, 67, 32)
(235, 76, 37)
(707/3, 74, 36)
(709/3, 73, 35)
(237, 73, 35)
(238, 71, 34)
(477/2, 69, 33)
(239, 76, 37)
(240, 74, 36)
(481/2, 73, 35)
(241, 73, 35)
(967/4, 74, 36)
(1935/8, 73, 35)
(242, 71, 34)
(485/2, 73, 35)
(243, 88, 44)
(244, 86, 43)
(489/2, 84, 42)
(245, 83, 41)
(246, 81, 40)
(493/2, 79, 39)
(247, 81, 40)
(248, 79, 39)
(497/2, 78, 38)
(249, 76, 37)
(250, 71, 34)
(511/2, 71, 34)
(256, 71, 34)
(513/2, 71, 34)
(257, 83, 41)
(1031/4, 76, 37)
(527/2, 71, 34)
(264, 71, 34)
(529/2, 71, 34)
(265, 71, 34)
(531/2, 77, 38)
(266, 76, 37)
(535/2, 77, 38)
(268, 76, 37)
(539/2, 81, 40)
(270, 79, 39)
(541/2, 81, 40)
(272, 79, 39)
(545/2, 78, 38)
(273, 76, 37)
(547/2, 77, 38)
(274, 75, 37)
(275, 79, 39)
(276, 77, 38)
(555/2, 81, 40)
(278, 80, 39)
(559/2, 81, 40)
(563/2, 73, 35)
(563/2, 84, 42)
(282, 71, 34)
(282, 83, 41)
(285, 83, 41)
(571/2, 84, 42)
(286, 79, 39)
(286, 83, 41)
(579/2, 55, 25)
(579/2, 64, 30)
(290, 55, 25)
(290, 64, 30)
(583/2, 59, 27)
(583/2, 64, 30)
(587/2, 60, 28)
(587/2, 64, 30)
(294, 60, 28)
(294, 64, 30)
(591/2, 64, 30)
(296, 64, 30)
(595/2, 67, 32)
(298, 67, 32)
(613/2, 79, 39)
(1227/4, 78, 38)
(307, 78, 38)
(308, 76, 37)
(617/2, 79, 39)
(1235/4, 78, 38)
(309, 78, 38)
(310, 76, 37)
(621/2, 79, 39)
(1243/4, 78, 38)
(311, 76, 37)
(623/2, 76, 37)
(312, 79, 39)
(312, 78, 38)
(625/2, 76, 37)
(313, 83, 41)
(629/2, 79, 39)
(1259/4, 78, 38)
(315, 78, 38)
(316, 76, 37)
(633/2, 79, 39)
(1267/4, 78, 38)
(317, 78, 38)
(318, 76, 37)
(637/2, 79, 39)
(1275/4, 76, 37)
(319, 71, 34)
(639/2, 71, 34)
(320, 74, 36)
(320, 73, 35)
(641/2, 71, 34)
(321, 76, 37)
(651/2, 74, 36)
(326, 74, 36)
(653/2, 78, 38)
(327, 78, 38)
(655/2, 81, 40)
(328, 81, 40)
(657/2, 74, 36)
(329, 76, 37)
(333, 75, 36)
(667/2, 75, 36)
(334, 78, 38)
(669/2, 78, 38)
(335, 81, 40)
(671/2, 81, 40)
(336, 84, 42)
(337, 84, 42)
(675/2, 78, 38)
(338, 78, 38)
(677/2, 81, 40)
(339, 81, 40)
(679/2, 75, 36)
(340, 75, 36)
(681/2, 76, 37)
(341, 76, 37)
(683/2, 77, 38)
(342, 77, 38)
(685/2, 71, 34)
(343, 71, 34)
(687/2, 74, 36)
(344, 74, 36)
(689/2, 68, 32)
(345, 68, 32)
(691/2, 71, 34)
(346, 71, 34)
(693/2, 64, 30)
(347, 64, 30)
(695/2, 65, 31)
(348, 65, 31)
(697/2, 62, 29)
(349, 62, 29)
(699/2, 59, 27)
(350, 59, 27)
(701/2, 62, 29)
(351, 62, 29)
(703/2, 65, 31)
(352, 65, 31)
(705/2, 64, 30)
(353, 64, 30)
(353, 74, 36)
(353, 83, 41)
(707/2, 73, 35)
(709/2, 64, 30)
(1419/4, 66, 31)
(355, 64, 30)
(1421/4, 66, 31)
(711/2, 68, 32)
(1423/4, 69, 33)
(356, 68, 32)
(1425/4, 69, 33)
(357, 71, 34)
(359, 68, 32)
(1437/4, 69, 33)
(719/2, 68, 32)
(1439/4, 69, 33)
(1439/4, 71, 34)
(360, 71, 34)
(1441/4, 73, 35)
(361, 74, 36)
(362, 74, 36)
(1449/4, 76, 37)
(725/2, 74, 36)
(1451/4, 76, 37)
(363, 77, 38)
(364, 76, 37)
(1457/4, 77, 38)
(729/2, 76, 37)
(1459/4, 77, 38)
(365, 79, 39)
(366, 73, 35)
(1465/4, 74, 36)
(733/2, 73, 35)
(1467/4, 74, 36)
(367, 76, 37)
(1469/4, 77, 38)
(735/2, 76, 37)
(1471/4, 77, 38)
(368, 79, 39)
(369, 79, 39)
(1477/4, 81, 40)
(739/2, 81, 40)
(1479/4, 82, 41)
(1483/4, 73, 35)
(371, 74, 36)
(1485/4, 73, 35)
(743/2, 74, 36)
(1487/4, 76, 37)
(373, 69, 33)
(1493/4, 70, 34)
(747/2, 69, 33)
(1495/4, 70, 34)
(374, 73, 35)
(1497/4, 74, 36)
(749/2, 73, 35)
(1499/4, 74, 36)
(375, 76, 37)
(1501/4, 78, 38)
(751/2, 76, 37)
(1503/4, 78, 38)
(376, 80, 39)
(1505/4, 82, 40)
(753/2, 80, 39)
(1507/4, 82, 40)
(377, 82, 41)
(1513/4, 78, 38)
(757/2, 86, 43)
(1515/4, 81, 40)
(379, 85, 42)
(1521/4, 82, 41)
(761/2, 79, 39)
(1523/4, 76, 37)
(381, 79, 39)
(1529/4, 78, 38)
(765/2, 74, 36)
(1531/4, 70, 34)
(383, 73, 35)
(1533/4, 74, 36)
(767/2, 73, 35)
(1535/4, 74, 36)
(384, 76, 37)
(1153/3, 78, 38)
(769/2, 79, 39)
(1154/3, 78, 38)
(385, 82, 41)
(1545/4, 78, 38)
(773/2, 86, 43)
(1547/4, 85, 42)
(387, 82, 40)
(388, 82, 41)
(1553/4, 79, 39)
(777/2, 76, 37)
(1555/4, 73, 35)
(389, 70, 33)
(779/2, 70, 33)
(1559/4, 70, 34)
(390, 73, 35)
(1561/4, 74, 36)
(781/2, 73, 35)
(1563/4, 74, 36)
(391, 76, 37)
(1565/4, 78, 38)
(783/2, 76, 37)
(1567/4, 78, 38)
(392, 80, 39)
(1569/4, 82, 40)
(785/2, 80, 39)
(1571/4, 82, 40)
(393, 81, 40)
(393, 83, 41)
(1573/4, 79, 39)
(787/2, 78, 38)
(1575/4, 79, 39)
(394, 78, 38)
(1577/4, 76, 37)
(789/2, 74, 36)
(1579/4, 76, 37)
(395, 74, 36)
(1581/4, 73, 35)
(791/2, 71, 34)
(1583/4, 73, 35)
(396, 71, 34)
(397, 69, 33)
(398, 73, 35)
(1595/4, 69, 33)
(399, 78, 38)
(401, 81, 40)
(1605/4, 79, 39)
(803/2, 81, 40)
(1607/4, 79, 39)
(402, 78, 38)
(1609/4, 76, 37)
(805/2, 78, 38)
(1611/4, 76, 37)
(403, 75, 36)
(1613/4, 73, 35)
(807/2, 75, 36)
(1615/4, 73, 35)
(404, 71, 34)
(1617/4, 69, 33)
(809/2, 71, 34)
(1619/4, 69, 33)
(405, 67, 32)
(406, 71, 34)
(813/2, 67, 32)
(407, 74, 36)
(409, 62, 29)
(409, 79, 39)
(410, 71, 34)
(410, 83, 41)
(413, 73, 35)
(413, 76, 37)
(831/2, 73, 35)
(831/2, 76, 37)
(416, 73, 35)
(416, 76, 37)
(833/2, 73, 35)
(833/2, 76, 37)
(417, 73, 35)
(417, 76, 37)
(839/2, 73, 35)
(839/2, 76, 37)
(420, 73, 35)
(420, 76, 37)
(841/2, 73, 35)
(841/2, 76, 37)
(421, 73, 35)
(425, 69, 33)
(425, 78, 38)
(427, 69, 33)
(427, 78, 38)
(855/2, 69, 33)
(855/2, 78, 38)
(428, 69, 33)
(428, 78, 38)
(857/2, 69, 33)
(857/2, 78, 38)
(429, 69, 33)
(429, 78, 38)
(863/2, 69, 33)
(863/2, 78, 38)
(432, 69, 33)
(432, 78, 38)
(865/2, 69, 33)
(865/2, 78, 38)
(433, 69, 33)
(437, 69, 33)
(437, 76, 37)
(438, 75, 37)
(440, 62, 29)
(440, 74, 36)
(442, 78, 38)
(442, 71, 34)
(442, 76, 37)
(446, 73, 35)
(446, 79, 39)
(448, 73, 35)
(448, 78, 38)
(449, 78, 38)
(899/2, 78, 38)
(1799/4, 81, 40)
(901/2, 79, 39)
(1807/4, 79, 39)
(452, 83, 41)
(905/2, 81, 40)
(453, 81, 40)
(907/2, 81, 40)
(909/2, 81, 40)
(911/2, 81, 40)
(456, 86, 43)
(913/2, 86, 43)
(457, 86, 43)
(458, 82, 41)
(1835/4, 81, 40)
(459, 79, 39)
(460, 78, 38)
(461, 78, 38)
(923/2, 76, 37)
(463, 74, 36)
(927/2, 86, 43)
(1857/4, 86, 43)
(465, 86, 43)
(466, 83, 41)
(933/2, 81, 40)
(467, 80, 39)
(935/2, 83, 41)
(468, 83, 41)
(937/2, 78, 38)
(469, 78, 38)
(1408/3, 76, 37)
(1409/3, 76, 37)
(1412/3, 78, 38)
(471, 78, 38)
(943/2, 76, 37)
(472, 88, 44)
(1891/4, 88, 44)
(473, 88, 44)
(474, 85, 42)
(949/2, 83, 41)
(475, 81, 40)
(476, 79, 39)
(477, 79, 39)
(955/2, 78, 38)
(478, 78, 38)
(480, 83, 41)
(1923/4, 83, 41)
(481, 85, 42)
(483, 81, 40)
(484, 83, 41)
(485, 85, 42)
(486, 85, 42)
(1947/4, 85, 42)
(1947/4, 74, 36)
(487, 85, 42)
(488, 83, 41)
(1955/4, 81, 40)
(489, 81, 40)
(490, 79, 39)
(981/2, 78, 38)
(491, 78, 38)
(492, 76, 37)
(1971/4, 74, 36)
(493, 73, 35)
(494, 71, 34)
(989/2, 69, 33)
(989/2, 78, 38)
(495, 67, 32)
(496, 79, 39)
(498, 78, 38)
(1995/4, 76, 37)
(499, 76, 37)
(500, 74, 36)
(2003/4, 73, 35)
(501, 73, 35)
(502, 71, 34)
(503, 76, 37)
(506, 74, 36)
(2027/4, 64, 30)
(2027/4, 73, 35)
(507, 73, 35)
(508, 71, 34)
(2035/4, 69, 33)
(509, 69, 33)
(510, 73, 35)
(511, 76, 37)
(512, 78, 38)
(513, 79, 39)
(516, 80, 39)
(517, 81, 40)
(519, 82, 40)
(521, 83, 41)
(524, 83, 41)
(525, 88, 44)
(528, 88, 44)
(529, 81, 40)
(533, 81, 40)
(534, 86, 43)
(535, 86, 43)
(536, 84, 42)
(537, 83, 41)
(539, 83, 41)
(544, 86, 43)
(545, 85, 42)
(550, 86, 43)
(2203/4, 86, 43)
(2207/4, 85, 42)
(1105/2, 83, 41)
(553, 83, 41)
(558, 83, 41)
(2235/4, 83, 41)
(2235/4, 74, 36)
(559, 86, 43)
(560, 85, 42)
(2243/4, 83, 41)
(561, 83, 41)
(566, 73, 34)
(566, 83, 41)
(2265/4, 86, 43)
(2267/4, 85, 42)
(1135/2, 83, 41)
(569, 83, 41)
(570, 83, 41)
(2283/4, 83, 41)
(571, 86, 43)
(572, 85, 42)
(2291/4, 83, 41)
(573, 88, 44)
(575, 85, 42)
(1153/2, 81, 40)
(577, 76, 37)
(579, 73, 35)
(2323/4, 69, 33)
(581, 64, 30)
(1165/2, 64, 30)
(2331/4, 69, 33)
(583, 73, 35)
(2333/4, 76, 37)
(1167/2, 81, 40)
(2335/4, 85, 42)
(584, 88, 44)
(2339/4, 74, 36)
(2339/4, 88, 44)
(2341/4, 88, 44)
(2345/4, 86, 43)
(587, 85, 42)
(588, 83, 41)
(2355/4, 81, 40)
(589, 81, 40)
(590, 80, 39)
(2363/4, 81, 40)
(591, 83, 41)
(1183/2, 76, 37)
(592, 88, 44)
(2371/4, 88, 44)
(593, 88, 44)
(594, 86, 43)
(2379/4, 85, 42)
(595, 85, 42)
(596, 83, 41)
(2387/4, 81, 40)
(597, 81, 40)
(598, 80, 39)
(2395/4, 81, 40)
(599, 83, 41)
(1199/2, 76, 37)
(600, 78, 39)
(600, 78, 38)
(1201/2, 76, 37)
(601, 85, 42)
(603, 85, 42)
(605, 85, 42)
(605, 85, 42)
(1211/2, 83, 41)
(609, 83, 41)
(1219/2, 81, 40)
(610, 81, 40)
(1221/2, 79, 39)
(611, 79, 39)
(1223/2, 78, 38)
(612, 76, 37)
(1225/2, 74, 36)
(613, 73, 35)
(1227/2, 71, 34)
(614, 85, 42)
(617, 85, 42)
(1235/2, 83, 41)
(618, 83, 41)
(1237/2, 81, 40)
(619, 81, 40)
(1239/2, 79, 39)
(620, 77, 38)
(1241/2, 76, 37)
(621, 74, 36)
(1243/2, 73, 35)
(622, 88, 44)
(624, 88, 44)
(1249/2, 85, 42)
(625, 83, 41)
(1251/2, 81, 40)
(626, 88, 44)
(1253/2, 85, 42)
(627, 83, 41)
(1255/2, 81, 40)
(628, 88, 44)
(1257/2, 85, 42)
(629, 83, 41)
(1259/2, 81, 40)
(630, 88, 44)
(1261/2, 85, 42)
(631, 83, 41)
(1263/2, 81, 40)
(632, 78, 38)
(632, 79, 39)
(1265/2, 81, 40)
(633, 85, 42)
(635, 63, 29)
(637, 64, 30)
(1275/2, 76, 37)
(638, 79, 39)
(638, 78, 38)
(1277/2, 76, 37)
(639, 88, 44)
(641, 88, 44)
(642, 86, 43)
(645, 83, 41)
(646, 83, 41)
(647, 88, 44)
(649, 86, 43)
(1299/2, 83, 41)
(650, 80, 39)
(1301/2, 76, 37)
(651, 80, 39)
(1303/2, 78, 38)
(652, 76, 37)
(1305/2, 74, 36)
(653, 73, 35)
(656, 69, 33)
(656, 78, 38)
(2627/4, 69, 33)
(2627/4, 78, 38)
(657, 69, 33)
(657, 73, 35)
(657, 78, 38)
(660, 81, 40)
(2643/4, 81, 40)
(661, 81, 40)
(662, 71, 34)
(662, 79, 39)
(662, 78, 38)
(1325/2, 76, 37)
(665, 76, 37)
(1331/2, 76, 37)
(666, 79, 39)
(666, 78, 38)
(1333/2, 76, 37)
(667, 76, 37)
(1335/2, 76, 37)
(668, 78, 38)
(1337/2, 76, 37)
(669, 76, 37)
(1339/2, 76, 37)
(670, 78, 38)
(1341/2, 76, 37)
(671, 85, 42)
(672, 83, 41)
(1345/2, 81, 40)
(673, 80, 39)
(674, 81, 40)
(1349/2, 83, 41)
(675, 76, 37)
(676, 78, 38)
(1353/2, 74, 36)
(677, 73, 35)
(1355/2, 76, 37)
(678, 79, 39)
(678, 78, 38)
(1357/2, 76, 37)
(679, 76, 37)
(1359/2, 85, 42)
(680, 83, 41)
(1361/2, 81, 40)
(681, 80, 39)
(682, 81, 40)
(1365/2, 83, 41)
(683, 76, 37)
(684, 78, 38)
(1369/2, 74, 36)
(685, 73, 35)
(1375/2, 66, 31)
(688, 64, 30)
(1377/2, 66, 31)
(1383/2, 66, 31)
(692, 64, 30)
(1385/2, 66, 31)
(1387/2, 62, 29)
(694, 64, 30)
(1389/2, 66, 31)
(695, 81, 40)
(696, 79, 39)
(1393/2, 78, 38)
(697, 76, 37)
(698, 74, 36)
(1397/2, 73, 35)
(699, 74, 36)
(700, 73, 35)
(1401/2, 71, 34)
(701, 69, 33)
(1415/2, 76, 37)
(708, 76, 37)
(1417/2, 76, 37)
(709, 88, 44)
(2839/4, 81, 40)
(1431/2, 76, 37)
(716, 76, 37)
(1433/2, 76, 37)
(717, 88, 44)
(1435/2, 82, 41)
(718, 81, 40)
(1439/2, 82, 41)
(720, 81, 40)
(1443/2, 78, 38)
(722, 74, 36)
(1445/2, 73, 35)
(723, 74, 36)
(724, 73, 35)
(1449/2, 71, 34)
(725, 69, 33)
(1451/2, 70, 34)
(726, 69, 33)
(1455/2, 70, 34)
(728, 69, 33)
(1459/2, 73, 35)
(730, 71, 34)
(1463/2, 74, 36)
(732, 71, 34)
(732, 73, 35)
(1467/2, 76, 37)
(734, 74, 36)
(1471/2, 78, 38)
(736, 76, 37)
(1475/2, 78, 38)
(738, 76, 37)
(743, 85, 42)
(1489/2, 83, 41)
(745, 83, 41)
(1491/2, 81, 40)
(746, 81, 40)
(1495/2, 76, 37)
(748, 73, 35)
(1497/2, 71, 34)
(749, 69, 33)
(751, 85, 42)
(1505/2, 83, 41)
(753, 83, 41)
(1507/2, 81, 40)
(754, 81, 40)
(756, 76, 37)
(2269/3, 73, 35)
(2270/3, 76, 37)
(757, 81, 40)
(3029/4, 83, 41)
(1515/2, 81, 40)
(3031/4, 83, 41)
(758, 85, 42)
(3033/4, 83, 41)
(1517/2, 81, 40)
(3035/4, 79, 39)
(759, 78, 38)
(3037/4, 79, 39)
(1519/2, 78, 38)
(3039/4, 79, 39)
(760, 81, 40)
(3041/4, 79, 39)
(1521/2, 78, 38)
(3043/4, 76, 37)
(761, 75, 36)
(3045/4, 76, 37)
(1523/2, 75, 36)
(3047/4, 76, 37)
(762, 78, 38)
(3049/4, 76, 37)
(1525/2, 75, 36)
(3051/4, 73, 35)
(763, 71, 34)
(3053/4, 72, 35)
(1527/2, 71, 34)
(3055/4, 72, 35)
(764, 74, 36)
(3057/4, 72, 35)
(1529/2, 71, 34)
(3059/4, 69, 33)
(765, 80, 39)
(769, 78, 38)
(769, 80, 39)
(769, 86, 43)
(3077/4, 85, 42)
(1539/2, 83, 41)
(3079/4, 80, 39)
(770, 86, 43)
(3081/4, 85, 42)
(1541/2, 83, 41)
(3083/4, 80, 39)
(771, 86, 43)
(3085/4, 85, 42)
(1543/2, 83, 41)
(3087/4, 80, 39)
(772, 86, 43)
(3089/4, 85, 42)
(1545/2, 83, 41)
(3091/4, 80, 39)
(773, 88, 44)
(775, 61, 28)
(777, 62, 29)
(779, 66, 31)
(781, 64, 30)
(783, 63, 29)
(785, 64, 30)
(787, 62, 29)
(789, 61, 28)
(1581/2, 85, 42)
(3163/4, 83, 41)
(791, 83, 41)
(792, 81, 40)
(1585/2, 85, 42)
(3171/4, 83, 41)
(793, 83, 41)
(794, 81, 40)
(1589/2, 85, 42)
(3179/4, 83, 41)
(795, 81, 40)
(1591/2, 81, 40)
(796, 85, 42)
(796, 83, 41)
(1593/2, 81, 40)
(797, 88, 44)
(1597/2, 85, 42)
(3195/4, 83, 41)
(799, 83, 41)
(800, 81, 40)
(1601/2, 85, 42)
(3203/4, 83, 41)
(801, 83, 41)
(802, 81, 40)
(1605/2, 85, 42)
(3211/4, 81, 40)
(803, 76, 37)
(1607/2, 76, 37)
(804, 79, 39)
(804, 78, 38)
(1609/2, 76, 37)
(805, 81, 40)
(1619/2, 80, 39)
(810, 80, 39)
(3243/4, 83, 41)
(1623/2, 88, 44)
(3247/4, 86, 43)
(1625/2, 80, 39)
(813, 81, 40)
(1635/2, 80, 39)
(818, 80, 39)
(1637/2, 83, 41)
(819, 83, 41)
(1639/2, 86, 43)
(820, 86, 43)
(1641/2, 90, 45)
(821, 90, 45)
(1643/2, 83, 41)
(822, 83, 41)
(1645/2, 86, 43)
(823, 86, 43)
(1647/2, 80, 39)
(824, 80, 39)
(1649/2, 83, 41)
(825, 83, 41)
(1651/2, 74, 36)
(826, 74, 36)
(1653/2, 78, 38)
(827, 78, 38)
(1655/2, 71, 34)
(828, 71, 34)
(1657/2, 76, 37)
(829, 76, 37)
(3319/4, 67, 32)
(3323/4, 67, 32)
(3325/4, 70, 34)
(3325/4, 70, 34)
(3327/4, 64, 30)
(3329/4, 64, 30)
(833, 67, 32)
(2500/3, 58, 27)
(2503/3, 58, 27)
(2504/3, 64, 30)
(835, 64, 30)
(1671/2, 55, 25)
(836, 55, 25)
(1673/2, 58, 27)
(837, 57, 26)
(838, 62, 29)
(2515/3, 62, 29)
(2516/3, 57, 26)
(839, 57, 26)
(1679/2, 62, 29)
(840, 62, 29)
(1681/2, 57, 26)
(841, 59, 27)
(1683/2, 62, 29)
(842, 62, 29)
(1685/2, 59, 27)
(843, 59, 27)
(1687/2, 62, 29)
(844, 62, 29)
(845, 59, 27)
(1691/2, 62, 29)
(846, 62, 29)
(1693/2, 59, 27)
(847, 59, 27)
(1695/2, 62, 29)
(848, 62, 29)
(1697/2, 59, 27)
(849, 61, 28)
(1699/2, 57, 26)
(850, 57, 26)
(1701/2, 61, 28)
(851, 61, 28)
(1703/2, 57, 26)
(852, 57, 26)
(1705/2, 61, 28)
(853, 61, 28)
(1707/2, 57, 26)
(854, 57, 26)
(1709/2, 66, 31)
(859, 62, 29)
(861, 64, 30)
(884, 88, 44)
(885, 88, 44)
(886, 86, 43)
(3547/4, 74, 36)
(3547/4, 85, 42)
(887, 85, 42)
(888, 83, 41)
(3555/4, 81, 40)
(889, 81, 40)
(890, 83, 41)
(890, 81, 40)
(890, 80, 39)
(3563/4, 81, 40)
(891, 83, 41)
(1783/2, 76, 37)
(892, 88, 44)
(3571/4, 88, 44)
(893, 88, 44)
(894, 86, 43)
(3579/4, 85, 42)
(895, 85, 42)
(896, 83, 41)
(3587/4, 81, 40)
(897, 81, 40)
(3591/4, 83, 41)
(7183/8, 81, 40)
(898, 80, 39)
(3595/4, 81, 40)
(899, 83, 41)
(1799/2, 76, 37)
(900, 79, 39)
(900, 78, 38)
(1801/2, 76, 37)
(901, 85, 42)
(903, 85, 42)
(906, 85, 42)
(907, 86, 43)
(910, 87, 43)
(911, 88, 44)
(914, 90, 45)
(915, 88, 44)
(916, 88, 44)
(3667/4, 88, 44)
(917, 88, 44)
(918, 86, 43)
(3675/4, 74, 36)
(3675/4, 85, 42)
(919, 85, 42)
(920, 83, 41)
(3683/4, 81, 40)
(921, 90, 45)
(923, 88, 44)
(1847/2, 76, 37)
(924, 88, 44)
(3699/4, 88, 44)
(925, 88, 44)
(926, 86, 43)
(3707/4, 85, 42)
(3711/4, 85, 42)
(929, 88, 44)
(1859/2, 76, 37)
(930, 41, 17)
(930, 45, 19)
(930, 48, 21)
(930, 51, 23)
(930, 78, 38)
(1861/2, 76, 37)
(933, 85, 42)
(935, 85, 42)
(937, 85, 42)
(939, 83, 41)
(1879/2, 81, 40)
(940, 78, 38)
(1881/2, 74, 36)
(941, 73, 35)
(1883/2, 69, 33)
(942, 76, 37)
(1887/2, 74, 36)
(944, 71, 34)
(1889/2, 68, 32)
(945, 69, 33)
(1891/2, 73, 35)
(946, 76, 37)
(1893/2, 81, 40)
(947, 85, 42)
(948, 85, 42)
(949, 85, 42)
(3801/4, 83, 41)
(1901/2, 81, 40)
(3803/4, 80, 39)
(951, 83, 41)
(1903/2, 81, 40)
(952, 78, 38)
(1905/2, 74, 36)
(953, 73, 35)
(1907/2, 69, 33)
(954, 76, 37)
(1911/2, 74, 36)
(956, 71, 34)
(1913/2, 66, 32)
(957, 69, 33)
(957, 81, 40)
(961, 71, 34)
(965, 81, 40)
(967, 78, 38)
(3875/4, 74, 36)
(969, 71, 34)
(1939/2, 69, 33)
(970, 69, 33)
(1943/2, 73, 35)
(972, 69, 33)
(1945/2, 64, 30)
(973, 63, 29)
(3893/4, 64, 30)
(1947/2, 63, 29)
(3895/4, 64, 30)
(974, 66, 31)
(3897/4, 68, 32)
(1949/2, 66, 31)
(3899/4, 68, 32)
(975, 69, 33)
(3901/4, 71, 34)
(1951/2, 69, 33)
(3903/4, 71, 34)
(976, 73, 35)
(2929/3, 69, 33)
(2930/3, 69, 33)
(977, 78, 38)
(2932/3, 73, 35)
(2933/3, 73, 35)
(978, 81, 40)
(2935/3, 78, 38)
(2936/3, 85, 42)
(979, 85, 42)
(1959/2, 83, 41)
(980, 80, 39)
(3923/4, 81, 40)
(981, 81, 40)
(982, 76, 37)
(10000, 57, 26)
(10003, 57, 26)
(10005, 56, 25)
(10006, 56, 25)
(10006, 57, 26)
(10009, 57, 26)
(20021/2, 57, 26)
(10011, 56, 25)
(20023/2, 56, 25)
(10012, 56, 25)
(10013, 57, 26)
(20029/2, 69, 33)
(10015, 69, 33)
(10017, 68, 32)
(10018, 66, 31)
(10020, 66, 31)
(10021, 66, 31)
(20045/2, 66, 31)
(10023, 71, 34)
(20047/2, 69, 33)
(10024, 69, 33)
(10026, 71, 34)
(10027, 68, 32)
(10028, 69, 33)
(10030, 71, 34)
(10031, 69, 33)
(10033, 71, 34)
(10034, 69, 33)
(10036, 59, 27)
(10037, 57, 26)
(10039, 56, 25)
(10041, 69, 33)
(40167/4, 71, 34)
(10042, 68, 32)
(10045, 69, 33)
(20091/2, 71, 34)
(10046, 68, 32)
(10048, 59, 28)
(20097/2, 59, 27)
(10049, 62, 29)
(20101/2, 64, 30)
(10051, 64, 30)
(10054, 64, 30)
(10057, 64, 30)
(10057, 71, 34)
(10057, 76, 37)
(10059, 55, 25)
(40237/4, 57, 26)
(20119/2, 55, 25)
(40239/4, 57, 26)
(10060, 59, 27)
(40241/4, 60, 28)
(20121/2, 59, 27)
(40243/4, 60, 28)
(10061, 62, 29)
(20127/2, 64, 30)
(40259/4, 65, 31)
(10065, 71, 34)
(10066, 68, 32)
(40265/4, 69, 33)
(20133/2, 68, 32)
(40267/4, 69, 33)
(10067, 71, 34)
(20137/2, 71, 34)
(40275/4, 72, 35)
(10069, 74, 36)
(40277/4, 72, 35)
(20139/2, 71, 34)
(40279/4, 69, 33)
(10070, 68, 32)
(40281/4, 69, 33)
(20141/2, 68, 32)
(40283/4, 69, 33)
(10071, 71, 34)
(40285/4, 72, 35)
(20143/2, 71, 34)
(40287/4, 72, 35)
(10072, 74, 36)
(40289/4, 76, 37)
(20145/2, 74, 36)
(40291/4, 76, 37)
(10073, 64, 30)
(10073, 71, 34)
(10074, 71, 34)
(10079, 77, 38)
(40319/4, 77, 38)
(10081, 77, 38)
(10082, 76, 37)
(40331/4, 74, 36)
(10083, 74, 36)
(10084, 72, 35)
(40339/4, 71, 34)
(10085, 72, 35)
(10085, 74, 36)
(10089, 72, 35)
(10093, 74, 36)
(10096, 74, 36)
(10097, 72, 35)
(10100, 72, 35)
(10101, 74, 36)
(10104, 74, 36)
(10105, 72, 35)
(10107, 70, 34)
(10109, 69, 33)
(10112, 69, 33)
(10114, 69, 33)
(10115, 69, 33)
(10116, 69, 33)
(10117, 69, 33)
(10118, 68, 32)
(20237/2, 66, 31)
(10119, 68, 32)
(10123, 65, 31)
(40495/4, 65, 31)
(10125, 65, 31)
(10126, 64, 30)
(40507/4, 62, 29)
(40507/4, 71, 34)
(40509/4, 62, 29)
(40513/4, 60, 28)
(40515/4, 59, 27)
(10129, 59, 27)
(10132, 60, 28)
(40531/4, 62, 29)
(10133, 64, 30)
(10135, 65, 31)
(10137, 65, 31)
(10139, 64, 30)
(10140, 74, 36)
(10141, 72, 35)
(10144, 72, 35)
(10145, 74, 36)
(10148, 74, 36)
(10149, 72, 35)
(10151, 69, 33)
(40605/4, 71, 34)
(20303/2, 69, 33)
(40607/4, 71, 34)
(10152, 72, 35)
(40609/4, 74, 36)
(20305/2, 72, 35)
(40611/4, 74, 36)
(10153, 76, 37)
(10155, 69, 33)
(40621/4, 71, 34)
(20311/2, 69, 33)
(40623/4, 71, 34)
(10156, 72, 35)
(40625/4, 74, 36)
(20313/2, 72, 35)
(40627/4, 74, 36)
(10157, 75, 36)
(10158, 76, 37)
(40633/4, 78, 38)
(20317/2, 76, 37)
(40635/4, 78, 38)
(10159, 79, 39)
(10160, 78, 38)
(40641/4, 79, 39)
(20321/2, 78, 38)
(40643/4, 79, 39)
(10161, 71, 34)
(10161, 81, 40)
(20327/2, 71, 34)
(20327/2, 81, 40)
(10164, 71, 34)
(10164, 79, 39)
(20329/2, 71, 34)
(20329/2, 78, 38)
(10165, 71, 34)
(10165, 78, 38)
(20331/2, 76, 37)
(10166, 71, 34)
(10166, 74, 36)
(10171, 72, 35)
(10172, 76, 37)
(40691/4, 76, 37)
(10173, 76, 37)
(10174, 72, 35)
(40699/4, 71, 34)
(10175, 69, 33)
(10176, 67, 32)
(10177, 67, 32)
(20355/2, 66, 31)
(10178, 66, 31)
(20359/2, 64, 30)
(40719/4, 76, 37)
(20361/2, 76, 37)
(10181, 76, 37)
(10182, 73, 35)
(40731/4, 71, 34)
(10183, 67, 32)
(10183, 69, 33)
(10183, 71, 34)
(20367/2, 76, 37)
(10184, 76, 37)
(20369/2, 69, 33)
(10185, 71, 34)
(10186, 72, 35)
(10187, 72, 35)
(10188, 72, 35)
(40755/4, 72, 35)
(10189, 72, 35)
(10192, 76, 37)
(40771/4, 76, 37)
(10193, 76, 37)
(10196, 75, 36)
(40787/4, 83, 41)
(10197, 83, 41)
(10198, 81, 40)
(40795/4, 79, 39)
(40797/4, 76, 37)
(40797/4, 77, 38)
(40797/4, 79, 39)
(40799/4, 76, 37)
(40801/4, 76, 37)
(40803/4, 74, 36)
(10201, 76, 37)
(10202, 67, 32)
(40811/4, 67, 32)
(40811/4, 76, 37)
(10205, 67, 32)
(10208, 66, 31)
(40835/4, 66, 31)
(10209, 66, 31)
(10210, 75, 36)
(10212, 76, 37)
(10213, 78, 38)
(10214, 79, 39)
(10215, 83, 41)
(10216, 81, 40)
(10217, 79, 39)
(10219, 64, 30)
(10221, 69, 33)
(10223, 66, 31)
(10225, 67, 32)
(10226, 72, 35)
(10227, 72, 35)
(10228, 64, 30)
(10230, 69, 33)
(10232, 66, 31)
(10233, 67, 32)
(20469/2, 60, 28)
(10235, 62, 29)
(20471/2, 64, 30)
(20475/2, 69, 33)
(10238, 67, 32)
(20477/2, 65, 31)
(20479/2, 60, 28)
(10240, 62, 29)
(20481/2, 64, 30)
(20483/2, 69, 33)
(10242, 67, 32)
(20485/2, 65, 31)
(10243, 64, 30)
(10245, 79, 39)
(10246, 78, 38)
(20493/2, 76, 37)
(10247, 75, 36)
(10248, 76, 37)
(20497/2, 75, 36)
(20499/2, 59, 27)
(10250, 60, 28)
(20501/2, 59, 27)
(10251, 67, 32)
(10252, 66, 31)
(20505/2, 64, 30)
(10253, 63, 29)
(10254, 64, 30)
(20509/2, 66, 31)
(10255, 59, 27)
(10256, 60, 28)
(20513/2, 57, 26)
(10257, 55, 25)
(20515/2, 59, 27)
(41031/4, 62, 29)
(10258, 60, 28)
(20517/2, 59, 27)
(10259, 59, 27)
(20519/2, 67, 32)
(10260, 66, 31)
(20521/2, 64, 30)
(10261, 64, 30)
(20523/2, 61, 28)
(10262, 64, 30)
(20525/2, 64, 30)
(20527/2, 65, 31)
(10264, 59, 27)
(20529/2, 62, 29)
(10265, 55, 25)
(20533/2, 64, 30)
(20533/2, 74, 36)
(10267, 72, 35)
(20537/2, 64, 30)
(10269, 72, 35)
(10270, 78, 38)
(20541/2, 76, 37)
(10272, 76, 37)
(20545/2, 75, 36)
(10273, 76, 37)
(20549/2, 74, 36)
(10275, 72, 35)
(20553/2, 76, 37)
(10277, 74, 36)
(20557/2, 71, 34)
(10279, 76, 37)
(20561/2, 76, 37)
(10281, 69, 33)
(10282, 76, 37)
(20565/2, 74, 36)
(20565/2, 78, 38)
(10283, 76, 37)
(10283, 79, 39)
(20567/2, 74, 36)
(20567/2, 78, 38)
(10284, 76, 37)
(10284, 79, 39)
(20569/2, 74, 36)
(20569/2, 78, 38)
(10285, 76, 37)
(10285, 79, 39)
(10286, 69, 33)
(20573/2, 74, 36)
(20573/2, 78, 38)
(10287, 76, 37)
(10287, 79, 39)
(20575/2, 74, 36)
(20575/2, 78, 38)
(10288, 76, 37)
(10288, 79, 39)
(20577/2, 74, 36)
(20577/2, 78, 38)
(10289, 76, 37)
(10289, 79, 39)
(10290, 72, 35)
(20595/2, 64, 30)
(10298, 64, 30)
(20599/2, 61, 28)
(20599/2, 64, 30)
(10300, 61, 28)
(10300, 64, 30)
(20603/2, 59, 27)
(20603/2, 64, 30)
(10302, 59, 27)
(10302, 64, 30)
(20607/2, 63, 29)
(10304, 63, 29)
(20611/2, 59, 27)
(20611/2, 64, 30)
(10306, 59, 27)
(10306, 64, 30)
(20615/2, 59, 27)
(20615/2, 64, 30)
(10308, 59, 27)
(10308, 64, 30)
(20619/2, 60, 28)
(20619/2, 64, 30)
(10310, 60, 28)
(10310, 64, 30)
(20623/2, 64, 30)
(10312, 64, 30)
(20627/2, 64, 30)
(10314, 64, 30)
(20631/2, 61, 28)
(20631/2, 64, 30)
(10316, 61, 28)
(10316, 64, 30)
(20635/2, 59, 27)
(20635/2, 64, 30)
(10318, 59, 27)
(10318, 64, 30)
(20639/2, 63, 29)
(10320, 63, 29)
(10321, 64, 30)
(41287/4, 74, 36)
(41289/4, 74, 36)
(41291/4, 72, 35)
(41293/4, 72, 35)
(72265/7, 71, 34)
(103239/10, 71, 34)
(41297/4, 69, 33)
(10325, 69, 33)
(10329, 67, 32)
(20659/2, 71, 34)
(10330, 71, 34)
(20661/2, 69, 33)
(10331, 69, 33)
(20663/2, 67, 32)
(10332, 67, 32)
(20665/2, 66, 31)
(10333, 66, 31)
(10341, 62, 29)
(10349, 59, 27)
(10349, 62, 29)
(10353, 67, 32)
(10353, 71, 34)
(10353, 76, 37)
(20707/2, 72, 35)
(20709/2, 55, 25)
(41419/4, 57, 26)
(10355, 55, 25)
(41421/4, 57, 26)
(20711/2, 59, 27)
(41423/4, 60, 28)
(10356, 59, 27)
(41425/4, 60, 28)
(10357, 62, 29)
(10359, 60, 28)
(41437/4, 59, 27)
(20719/2, 60, 28)
(41439/4, 62, 29)
(10360, 64, 30)
(41441/4, 62, 29)
(20721/2, 64, 30)
(10361, 65, 31)
(10362, 71, 34)
(41449/4, 69, 33)
(20725/2, 71, 34)
(41451/4, 69, 33)
(10363, 68, 32)
(10364, 68, 32)
(41457/4, 69, 33)
(20729/2, 68, 32)
(41459/4, 69, 33)
(10365, 73, 35)
(10366, 64, 30)
(41465/4, 65, 31)
(20733/2, 64, 30)
(41467/4, 65, 31)
(10367, 67, 32)
(41469/4, 69, 33)
(20735/2, 67, 32)
(41471/4, 69, 33)
(10368, 70, 34)
(10369, 76, 37)
(41477/4, 77, 38)
(20739/2, 76, 37)
(41479/4, 77, 38)
(10370, 79, 39)
(10371, 64, 30)
(41485/4, 65, 31)
(20743/2, 64, 30)
(41487/4, 65, 31)
(10372, 67, 32)
(10373, 57, 26)
(10373, 72, 35)
(20747/2, 57, 26)
(20751/2, 76, 37)
(10377, 58, 27)
(10377, 66, 31)
(10377, 76, 37)
(10377, 79, 39)
(10378, 58, 27)
(10378, 66, 31)
(10379, 58, 27)
(10379, 64, 30)
(10379, 72, 35)
(10379, 76, 37)
(10380, 58, 27)
(10380, 64, 30)
(10381, 62, 29)
(20763/2, 62, 29)
(20765/2, 64, 30)
(10385, 58, 27)
(10385, 66, 31)
(41541/4, 58, 27)
(41541/4, 66, 31)
(41547/4, 64, 30)
(41547/4, 72, 35)
(41547/4, 76, 37)
(41547/4, 77, 38)
(41551/4, 58, 27)
(41551/4, 64, 30)
(10389, 60, 28)
(10389, 64, 30)
(10389, 74, 36)
(10389, 77, 38)
(10390, 60, 28)
(10390, 64, 30)
(10391, 58, 26)
(10391, 66, 31)
(10391, 74, 36)
(10391, 77, 38)
(10392, 58, 26)
(10392, 66, 31)
(10393, 79, 39)
(10394, 78, 38)
(41577/4, 74, 36)
(41581/4, 72, 35)
(20791/2, 70, 34)
(41583/4, 69, 33)
(41587/4, 66, 31)
(10397, 64, 30)
(10398, 69, 33)
(41595/4, 64, 30)
(41595/4, 74, 36)
(10399, 73, 35)
(10401, 76, 37)
(10401, 78, 38)
(62407/6, 76, 37)
(31204/3, 78, 38)
(20803/2, 76, 37)
(31205/3, 73, 35)
(62411/6, 74, 36)
(10402, 73, 35)
(41609/4, 71, 34)
(20805/2, 69, 33)
(41611/4, 71, 34)
(10403, 69, 33)
(41613/4, 67, 32)
(20807/2, 66, 31)
(41615/4, 67, 32)
(10404, 66, 31)
(10405, 62, 29)
(10406, 68, 32)
(41627/4, 62, 29)
(10407, 71, 34)
(10409, 71, 34)
(10409, 79, 39)
(10410, 62, 29)
(10410, 71, 34)
(10410, 79, 39)
(20823/2, 71, 34)
(10413, 67, 32)
(10413, 71, 34)
(20831/2, 67, 32)
(20831/2, 71, 34)
(10416, 67, 32)
(10416, 71, 34)
(20833/2, 67, 32)
(20833/2, 71, 34)
(10417, 67, 32)
(10417, 70, 34)
(20839/2, 67, 32)
(20839/2, 70, 34)
(10420, 67, 32)
(10420, 70, 34)
(20841/2, 67, 32)
(20841/2, 70, 34)
(10421, 67, 32)
(10421, 70, 34)
(10424, 67, 32)
(10424, 70, 34)
(10425, 72, 35)
(20855/2, 72, 35)
(10428, 72, 35)
(20857/2, 72, 35)
(10429, 73, 35)
(20863/2, 73, 35)
(10432, 73, 35)
(20865/2, 73, 35)
(10433, 73, 35)
(10436, 73, 35)
(10438, 69, 33)
(10438, 73, 35)
(10440, 69, 33)
(10440, 73, 35)
(10442, 69, 33)
(20887/2, 64, 30)
(20887/2, 74, 36)
(10446, 76, 37)
(10448, 75, 37)
(10449, 74, 36)
(10450, 74, 36)
(10450, 78, 38)
(10451, 76, 37)
(10452, 76, 37)
(10452, 79, 39)
(10453, 78, 38)
(20907/2, 78, 38)
(20909/2, 78, 38)
(20911/2, 78, 38)
(10460, 74, 36)
(20921/2, 74, 36)
(10461, 74, 36)
(10462, 70, 34)
(41851/4, 69, 33)
(41851/4, 78, 38)
(10463, 67, 32)
(10464, 66, 31)
(10465, 66, 31)
(20931/2, 64, 30)
(10466, 64, 30)
(20935/2, 62, 29)
(10468, 74, 36)
(41875/4, 74, 36)
(41875/4, 81, 40)
(10469, 74, 36)
(10470, 71, 34)
(41883/4, 69, 33)
(10471, 68, 32)
(10473, 61, 28)
(10476, 76, 37)
(41907/4, 76, 37)
(10477, 76, 37)
(31433/3, 61, 28)
(31435/3, 71, 34)
(10479, 68, 33)
(10480, 79, 39)
(41923/4, 79, 39)
(10481, 79, 39)
(10483, 78, 38)
(10484, 79, 39)
(10485, 80, 40)
(10486, 74, 36)
(10487, 78, 38)
(41951/4, 78, 38)
(10489, 78, 38)
(10490, 76, 37)
(41963/4, 74, 36)
(10491, 74, 36)
(10493, 69, 33)
(10494, 77, 38)
(41979/4, 77, 38)
(41981/4, 77, 38)
(41985/4, 76, 37)
(10497, 74, 36)
(10498, 73, 35)
(10499, 73, 35)
(10500, 71, 34)
(42003/4, 69, 33)
(42003/4, 78, 38)
(10501, 69, 33)
(10502, 67, 32)
(42011/4, 66, 31)
(42011/4, 74, 36)
(10503, 64, 30)
(10504, 62, 29)
(10505, 61, 28)
(10506, 62, 29)
(10507, 64, 30)
(10508, 66, 31)
(10509, 64, 30)
(10510, 62, 29)
(42043/4, 61, 28)
(10511, 61, 28)
(10512, 59, 27)
(42051/4, 57, 26)
(10513, 59, 27)
(10516, 60, 28)
(10517, 61, 28)
(10518, 62, 29)
(21037/2, 63, 30)
(10519, 63, 30)
(10520, 62, 29)
(42083/4, 61, 28)
(10521, 59, 27)
(10523, 66, 31)
(10526, 70, 34)
(21053/2, 70, 34)
(21053/2, 64, 30)
(10527, 70, 34)
(10528, 69, 33)
(42115/4, 67, 32)
(10529, 67, 32)
(10530, 66, 31)
(42123/4, 64, 30)
(10531, 61, 28)
(10533, 62, 29)
(10534, 57, 26)
(10535, 69, 33)
(10538, 67, 32)
(42155/4, 66, 31)
(42155/4, 74, 36)
(10539, 66, 31)
(10540, 64, 30)
(42163/4, 62, 29)
(42163/4, 71, 34)
(10541, 62, 29)
(10546, 57, 26)
(10546, 69, 33)
(10547, 57, 26)
(10547, 69, 33)
(10548, 57, 26)
(10548, 69, 33)
(10549, 57, 26)
(10549, 69, 33)
(10554, 57, 26)
(10554, 69, 33)
(10555, 57, 26)
(10555, 69, 33)
(10556, 57, 26)
(10556, 69, 33)
(10557, 57, 26)
(10557, 69, 33)
(10562, 57, 26)
(10562, 69, 33)
(10563, 57, 26)
(10563, 69, 33)
(10564, 57, 26)
(10564, 69, 33)
(10565, 57, 26)
(10565, 69, 33)
(10569, 62, 29)
(10569, 69, 33)
(10573, 61, 28)
(10573, 64, 30)
(10573, 69, 33)
(10575, 69, 33)
(42301/4, 71, 34)
(21151/2, 69, 33)
(42303/4, 71, 34)
(10576, 73, 35)
(21153/2, 73, 35)
(42307/4, 74, 36)
(10577, 76, 37)
(10579, 73, 35)
(42317/4, 74, 36)
(21159/2, 73, 35)
(42319/4, 74, 36)
(10580, 76, 37)
(42321/4, 80, 39)
(21161/2, 76, 37)
(42323/4, 80, 39)
(10581, 81, 40)
(10582, 76, 37)
(42329/4, 83, 41)
(21165/2, 81, 40)
(42331/4, 83, 41)
(10583, 85, 42)
(10584, 76, 37)
(42337/4, 74, 36)
(21169/2, 76, 37)
(42339/4, 74, 36)
(10585, 73, 35)
(10587, 78, 38)
(10589, 74, 36)
(10593, 73, 35)
(10595, 78, 38)
(10597, 74, 36)
(10601, 73, 35)
(10603, 70, 34)
(10605, 69, 33)
(10610, 78, 38)
(21221/2, 76, 37)
(10611, 76, 37)
(21223/2, 74, 36)
(10612, 73, 35)
(21225/2, 71, 34)
(10613, 69, 33)
(21227/2, 67, 32)
(10614, 71, 34)
(10616, 69, 33)
(10617, 71, 34)
(10622, 69, 33)
(10622, 78, 38)
(21247/2, 62, 29)
(10624, 69, 33)
(10626, 64, 30)
(21253/2, 69, 33)
(10628, 66, 31)
(21257/2, 69, 33)
(21259/2, 64, 30)
(10630, 69, 33)
(21261/2, 64, 30)
(21263/2, 62, 29)
(10632, 69, 33)
(21265/2, 62, 29)
(10633, 81, 40)
(21267/2, 85, 42)
(10634, 81, 40)
(21269/2, 69, 33)
(10635, 73, 35)
(21271/2, 69, 33)
(10636, 61, 28)
(21273/2, 57, 26)
(10637, 56, 25)
(10640, 78, 38)
(42563/4, 78, 38)
(10641, 78, 38)
(10644, 74, 36)
(42579/4, 74, 36)
(10645, 74, 36)
(10648, 77, 38)
(42595/4, 77, 38)
(10649, 76, 37)
(10651, 76, 37)
(21303/2, 74, 36)
(10652, 73, 35)
(21305/2, 71, 34)
(10653, 69, 33)
(10656, 73, 35)
(42627/4, 73, 35)
(10657, 73, 35)
(10660, 71, 34)
(42643/4, 71, 34)
(10661, 71, 34)
(10662, 80, 39)
(10664, 81, 40)
(10665, 83, 41)
(10666, 85, 42)
(10667, 88, 44)
(10668, 86, 43)
(10669, 85, 42)
(21343/2, 64, 30)
(10672, 64, 30)
(21345/2, 64, 30)
(10673, 62, 29)
(21347/2, 64, 30)
(10674, 64, 30)
(21349/2, 64, 30)
(10675, 62, 29)
(32026/3, 59, 27)
(32026/3, 62, 29)
(32027/3, 59, 27)
(10677, 61, 28)
(21355/2, 64, 30)
(10678, 64, 30)
(21357/2, 64, 30)
(10679, 61, 28)
(21359/2, 64, 30)
(10680, 64, 30)
(21361/2, 64, 30)
(10681, 62, 29)
(21363/2, 64, 30)
(10682, 64, 30)
(21365/2, 64, 30)
(10683, 62, 29)
(21367/2, 59, 27)
(10684, 62, 29)
(21369/2, 59, 27)
(10685, 57, 26)
(21375/2, 57, 26)
(21379/2, 62, 29)
(10690, 61, 28)
(21381/2, 58, 27)
(21383/2, 61, 28)
(10692, 58, 27)
(21385/2, 57, 26)
(10695, 78, 38)
(10696, 76, 37)
(21393/2, 74, 36)
(10697, 73, 35)
(10698, 71, 34)
(21397/2, 69, 33)
(10699, 68, 32)
(10700, 69, 33)
(21401/2, 68, 32)
(10701, 69, 33)
(21403/2, 64, 30)
(10702, 66, 32)
(10702, 66, 31)
(21405/2, 64, 30)
(21405/2, 73, 35)
(10703, 71, 34)
(21407/2, 69, 33)
(10705, 68, 32)
(10706, 69, 33)
(21413/2, 71, 34)
(10707, 64, 30)
(10708, 66, 31)
(21417/2, 62, 29)
(10709, 61, 28)
(21419/2, 64, 30)
(10710, 68, 32)
(10710, 66, 31)
(21421/2, 64, 30)
(10711, 64, 30)
(21423/2, 73, 35)
(10712, 71, 34)
(21425/2, 69, 33)
(10713, 69, 33)
(21427/2, 68, 32)
(10714, 69, 33)
(21429/2, 71, 34)
(10715, 64, 30)
(21431/2, 67, 32)
(10716, 66, 31)
(21433/2, 62, 29)
(10717, 61, 28)
(21437/2, 69, 33)
(21437/2, 79, 39)
(10719, 78, 38)
(21441/2, 69, 33)
(10721, 78, 38)
(10722, 71, 34)
(21445/2, 69, 33)
(10723, 68, 32)
(10724, 69, 33)
(21449/2, 68, 32)
(10725, 69, 33)
(21453/2, 67, 32)
(10727, 66, 31)
(21457/2, 67, 32)
(10729, 66, 31)
(21461/2, 69, 33)
(10731, 67, 32)
(21465/2, 70, 34)
(10733, 69, 33)
(21469/2, 73, 35)
(10735, 71, 34)
(21473/2, 74, 36)
(10737, 73, 35)
(21477/2, 67, 32)
(21477/2, 71, 34)
(10739, 69, 33)
(10739, 73, 35)
(21479/2, 67, 32)
(21479/2, 71, 34)
(10740, 69, 33)
(10740, 73, 35)
(21481/2, 67, 32)
(21481/2, 71, 34)
(10741, 69, 33)
(10741, 73, 35)
(10743, 69, 33)
(42973/4, 71, 34)
(21487/2, 69, 33)
(42975/4, 71, 34)
(42975/4, 74, 36)
(42975/4, 64, 30)
(10744, 73, 35)
(42977/4, 74, 36)
(42979/4, 76, 37)
(42987/4, 64, 30)
(42987/4, 73, 35)
(10747, 74, 36)
(42989/4, 73, 35)
(21495/2, 74, 36)
(42991/4, 76, 37)
(10748, 79, 39)
(42995/4, 81, 40)
(43003/4, 41, 17)
(43003/4, 48, 21)
(43003/4, 52, 23)
(43003/4, 55, 25)
(43003/4, 62, 29)
(10751, 64, 30)
(43005/4, 62, 29)
(21503/2, 64, 30)
(43007/4, 66, 31)
(10752, 67, 32)
(43009/4, 66, 31)
(21505/2, 67, 32)
(43011/4, 69, 33)
(43015/4, 69, 33)
(10754, 71, 34)
(43017/4, 69, 33)
(21509/2, 71, 34)
(43019/4, 73, 35)
(43023/4, 57, 26)
(10756, 59, 27)
(43025/4, 57, 26)
(21513/2, 59, 27)
(43027/4, 61, 28)
(43059/4, 71, 34)
(10765, 73, 35)
(43061/4, 71, 34)
(21531/2, 73, 35)
(43063/4, 74, 36)
(10766, 76, 37)
(43065/4, 74, 36)
(21533/2, 76, 37)
(43067/4, 78, 38)
(10767, 76, 37)
(43069/4, 78, 38)
(21535/2, 76, 37)
(43071/4, 74, 36)
(10768, 73, 35)
(43073/4, 74, 36)
(21537/2, 73, 35)
(43075/4, 71, 34)
(10769, 73, 35)
(43077/4, 74, 36)
(21539/2, 78, 38)
(43079/4, 71, 34)
(10770, 73, 35)
(43081/4, 74, 36)
(21541/2, 78, 38)
(43083/4, 71, 34)
(10771, 73, 35)
(43085/4, 74, 36)
(21543/2, 78, 38)
(43087/4, 71, 34)
(10772, 73, 35)
(43089/4, 74, 36)
(21545/2, 78, 38)
(43091/4, 76, 37)
(43093/4, 64, 30)
(43093/4, 73, 35)
(43095/4, 73, 35)
(43101/4, 64, 30)
(43103/4, 64, 30)
(43109/4, 66, 31)
(43111/4, 66, 31)
(43117/4, 62, 29)
(43117/4, 69, 33)
(43119/4, 62, 29)
(43119/4, 69, 33)
(43125/4, 69, 33)
(43125/4, 73, 35)
(43127/4, 69, 33)
(43127/4, 73, 35)
(43133/4, 66, 31)
(43135/4, 66, 31)
(43141/4, 64, 30)
(43141/4, 69, 33)
(43143/4, 64, 30)
(43143/4, 69, 33)
(43149/4, 68, 32)
(43151/4, 68, 32)
(43157/4, 64, 30)
(43157/4, 69, 33)
(43159/4, 64, 30)
(43159/4, 69, 33)
(43165/4, 57, 26)
(43165/4, 69, 33)
(43167/4, 57, 26)
(43167/4, 69, 33)
(43173/4, 62, 29)
(43173/4, 69, 33)
(43175/4, 62, 29)
(43175/4, 69, 33)
(43181/4, 59, 27)
(43181/4, 69, 33)
(43183/4, 59, 27)
(43183/4, 69, 33)
(43189/4, 61, 28)
(43189/4, 69, 33)
(43191/4, 61, 28)
(43191/4, 69, 33)
(43197/4, 61, 28)
(43197/4, 69, 33)
(43199/4, 61, 28)
(43199/4, 69, 33)
(43205/4, 61, 28)
(43205/4, 69, 33)
(43207/4, 61, 28)
(43207/4, 69, 33)
(43213/4, 59, 27)
(43213/4, 68, 32)
(43215/4, 59, 27)
(43215/4, 68, 32)
(43219/4, 69, 33)
(43223/4, 79, 39)
(21613/2, 78, 38)
(43227/4, 78, 38)
(21615/2, 76, 37)
(43231/4, 76, 37)
(21617/2, 74, 36)
(43235/4, 74, 36)
(43251/4, 73, 35)
(108131/10, 76, 37)
(75694/7, 76, 37)
(75701/7, 74, 36)
(43259/4, 74, 36)
(43261/4, 73, 35)
(43263/4, 73, 35)
(43265/4, 71, 34)
(43267/4, 71, 34)
(43283/4, 71, 34)
(43315/4, 76, 37)
(43315/4, 79, 39)
(43331/4, 76, 37)
(43347/4, 74, 36)
(43347/4, 78, 38)
(43379/4, 76, 37)
(43395/4, 73, 35)
(43419/4, 57, 26)
(43423/4, 61, 28)
(108561/10, 61, 28)
(75995/7, 57, 26)
(43427/4, 57, 26)
(43429/4, 61, 28)
(43431/4, 61, 28)
(43433/4, 57, 26)
(43435/4, 57, 26)
(43437/4, 59, 27)
(43439/4, 59, 27)
(43441/4, 57, 26)
(43443/4, 57, 26)
(43445/4, 61, 28)
(43447/4, 61, 28)
(43449/4, 57, 26)
(43451/4, 57, 26)
(43453/4, 61, 28)
(43455/4, 61, 28)
(43457/4, 57, 26)
(43459/4, 57, 26)
(43461/4, 61, 28)
(43463/4, 61, 28)
(43465/4, 57, 26)
(43467/4, 57, 26)
(43469/4, 59, 27)
(43471/4, 59, 27)
(43473/4, 57, 26)
(43475/4, 57, 26)
(43477/4, 61, 28)
(43479/4, 61, 28)
(43481/4, 57, 26)
(43483/4, 57, 26)
(43485/4, 61, 28)
(43487/4, 61, 28)
(43489/4, 57, 26)
(43491/4, 57, 26)
(43493/4, 61, 28)
(43495/4, 61, 28)
(43497/4, 57, 26)
(43499/4, 57, 26)
(43501/4, 61, 28)
(43503/4, 61, 28)
(43505/4, 57, 26)
(43507/4, 57, 26)
(43509/4, 61, 28)
(43511/4, 61, 28)
(43513/4, 57, 26)
(43515/4, 57, 26)
(43517/4, 61, 28)
(43519/4, 61, 28)
(43521/4, 57, 26)
(43523/4, 57, 26)
(43525/4, 61, 28)
(43527/4, 61, 28)
(43529/4, 57, 26)
(43531/4, 57, 26)
(43533/4, 61, 28)
(43535/4, 61, 28)
(43537/4, 57, 26)
(43539/4, 57, 26)
(43541/4, 61, 28)
(43543/4, 61, 28)
(43545/4, 57, 26)
(43547/4, 57, 26)
(43549/4, 62, 29)
(43551/4, 62, 29)
(43553/4, 57, 26)
(43555/4, 57, 26)
(108891/10, 62, 29)
(76226/7, 62, 29)
(76233/7, 57, 26)
(43563/4, 56, 25)
(108911/10, 62, 29)
(108921/10, 62, 29)
(76247/7, 56, 25)
(43571/4, 57, 26)
(43573/4, 61, 28)
(43575/4, 61, 28)
(43577/4, 57, 26)
(43579/4, 57, 26)
(43581/4, 62, 29)
(43583/4, 62, 29)
(43585/4, 57, 26)
(43587/4, 57, 26)
(43589/4, 62, 29)
(43591/4, 62, 29)
(43593/4, 57, 26)
(43595/4, 56, 25)
(43597/4, 62, 29)
(43599/4, 62, 29)
(43601/4, 56, 25)
(43603/4, 57, 26)
(43605/4, 61, 28)
(43607/4, 61, 28)
(43609/4, 57, 26)
(43611/4, 58, 27)
(43613/4, 67, 32)
(43615/4, 67, 32)
(43617/4, 58, 27)
(43619/4, 57, 26)
(43621/4, 69, 33)
(43623/4, 69, 33)
(43625/4, 57, 26)
(43627/4, 61, 28)
(43629/4, 69, 33)
(43631/4, 69, 33)
(43633/4, 61, 28)
(43635/4, 59, 27)
(43637/4, 67, 32)
(43639/4, 67, 32)
(43641/4, 59, 27)
(43643/4, 62, 29)
(43645/4, 71, 34)
(43647/4, 71, 34)
(43649/4, 62, 29)
(43651/4, 62, 29)
(43653/4, 71, 34)
(43655/4, 62, 29)
(43657/4, 71, 34)
(43659/4, 62, 29)
(10915, 71, 34)
(43661/4, 62, 29)
(21831/2, 71, 34)
(43663/4, 76, 37)
(21833/2, 76, 37)
(43667/4, 76, 37)
(21837/2, 73, 35)
(43675/4, 73, 35)
(43679/4, 71, 34)
(21841/2, 69, 33)
(43683/4, 81, 40)
(43687/4, 80, 39)
(21845/2, 81, 40)
(43691/4, 83, 41)
(43693/4, 80, 39)
(43695/4, 76, 37)
(21849/2, 76, 37)
(43699/4, 76, 37)
(43703/4, 74, 36)
(21853/2, 73, 35)
(43707/4, 73, 35)
(43711/4, 71, 34)
(21857/2, 69, 33)
(43715/4, 81, 40)
(43719/4, 80, 39)
(21861/2, 81, 40)
(10931, 83, 41)
(10932, 64, 30)
(43731/4, 73, 35)
(43739/4, 73, 35)
(43739/4, 76, 37)
(43747/4, 69, 33)
(43755/4, 71, 34)
(43757/4, 69, 33)
(43759/4, 66, 31)
(43761/4, 62, 29)
(43763/4, 61, 28)
(43765/4, 57, 26)
(43767/4, 64, 30)
(43773/4, 62, 29)
(43775/4, 59, 27)
(43777/4, 56, 25)
(43779/4, 57, 26)
(43781/4, 61, 28)
(43783/4, 64, 30)
(43785/4, 69, 33)
(43787/4, 73, 35)
(43795/4, 73, 35)
(10950, 71, 34)
(43801/4, 69, 33)
(21901/2, 68, 32)
(43803/4, 71, 34)
(43805/4, 69, 33)
(43807/4, 66, 31)
(43809/4, 62, 29)
(43811/4, 61, 28)
(43813/4, 57, 26)
(43815/4, 64, 30)
(43821/4, 62, 29)
(43823/4, 59, 27)
(43825/4, 56, 25)
(43827/4, 57, 26)
(10957, 59, 27)
(43829/4, 57, 26)
(21915/2, 59, 27)
(43831/4, 61, 28)
(10958, 62, 29)
(43833/4, 61, 28)
(21917/2, 62, 29)
(43835/4, 64, 30)
(43839/4, 61, 28)
(43839/4, 64, 30)
(43843/4, 62, 29)
(43859/4, 62, 29)
(10965, 64, 30)
(43861/4, 62, 29)
(21931/2, 64, 30)
(43863/4, 66, 31)
(10966, 67, 32)
(43865/4, 66, 31)
(21933/2, 67, 32)
(43867/4, 69, 33)
(43871/4, 61, 28)
(43871/4, 69, 33)
(43875/4, 69, 33)
(10969, 71, 34)
(43877/4, 69, 33)
(21939/2, 71, 34)
(43879/4, 73, 35)
(10970, 74, 36)
(43881/4, 73, 35)
(21941/2, 74, 36)
(43883/4, 76, 37)
(43887/4, 64, 30)
(43887/4, 73, 35)
(43891/4, 66, 31)
(43891/4, 69, 33)
(43899/4, 66, 31)
(43899/4, 69, 33)
(43907/4, 66, 31)
(43907/4, 69, 33)
(43915/4, 66, 31)
(43915/4, 69, 33)
(43923/4, 64, 30)
(43931/4, 64, 30)
(43931/4, 71, 34)
(43931/4, 80, 39)
(43939/4, 64, 30)
(43939/4, 73, 35)
(43939/4, 81, 40)
(20000, 52, 23)
(20003, 50, 22)
(20005, 59, 27)
(20006, 57, 26)
(20007, 50, 22)
(20009, 49, 21)
(40021/2, 50, 22)
(20011, 50, 22)
(40023/2, 50, 22)
(20012, 50, 22)
(20013, 49, 21)
(40029/2, 64, 30)
(20015, 62, 29)
(20017, 59, 27)
(20018, 58, 26)
(20020, 58, 26)
(20021, 59, 27)
(40045/2, 59, 27)
(20023, 62, 29)
(40047/2, 61, 28)
(20024, 61, 28)
(20025, 62, 29)
(20026, 66, 31)
(40053/2, 62, 29)
(40053/2, 64, 30)
(20027, 65, 30)
(20028, 66, 31)
(20029, 63, 29)
(20030, 62, 29)
(20031, 61, 28)
(20032, 62, 29)
(20033, 62, 29)
(20034, 61, 28)
(20035, 62, 29)
(20036, 50, 22)
(20037, 49, 21)
(20038, 51, 22)
(20039, 52, 23)
(20040, 62, 29)
(20041, 64, 30)
(20043, 64, 30)
(20047, 64, 30)
(60146/3, 54, 24)
(60148/3, 52, 23)
(20050, 52, 23)
(20051, 52, 23)
(20054, 52, 23)
(160433/8, 54, 24)
(80217/4, 52, 23)
(160435/8, 54, 24)
(40109/2, 52, 23)
(160437/8, 54, 24)
(80219/4, 52, 23)
(160439/8, 54, 24)
(20055, 52, 23)
(160441/8, 54, 24)
(80221/4, 52, 23)
(160443/8, 54, 24)
(40111/2, 52, 23)
(160445/8, 54, 24)
(80223/4, 52, 23)
(160447/8, 54, 24)
(20056, 52, 23)
(160449/8, 54, 24)
(80225/4, 52, 23)
(160451/8, 54, 24)
(40113/2, 52, 23)
(160453/8, 54, 24)
(80227/4, 52, 23)
(160455/8, 54, 24)
(20057, 52, 23)
(80233/4, 53, 24)
(140409/7, 52, 23)
(140410/7, 53, 24)
(80235/4, 56, 25)
(20059, 57, 26)
(80237/4, 57, 26)
(40119/2, 59, 27)
(20061, 56, 25)
(80245/4, 57, 26)
(40123/2, 56, 25)
(80247/4, 57, 26)
(20062, 59, 27)
(80249/4, 60, 28)
(40125/2, 59, 27)
(80251/4, 60, 28)
(20063, 62, 29)
(20064, 62, 29)
(20065, 62, 29)
(80261/4, 64, 30)
(40131/2, 62, 29)
(80263/4, 64, 30)
(20066, 65, 31)
(20067, 65, 31)
(80269/4, 64, 30)
(40135/2, 65, 31)
(80271/4, 64, 30)
(20068, 62, 29)
(20069, 59, 27)
(80277/4, 60, 28)
(40139/2, 59, 27)
(80279/4, 60, 28)
(20070, 59, 27)
(80281/4, 57, 26)
(40141/2, 59, 27)
(80283/4, 57, 26)
(20071, 62, 29)
(80285/4, 60, 28)
(40143/2, 62, 29)
(80287/4, 60, 28)
(20072, 59, 27)
(80289/4, 57, 26)
(40145/2, 59, 27)
(80291/4, 57, 26)
(20073, 56, 25)
(20076, 76, 37)
(80307/4, 76, 37)
(20077, 76, 37)
(20078, 74, 36)
(80315/4, 72, 35)
(20079, 72, 35)
(20080, 71, 34)
(80323/4, 69, 33)
(20081, 69, 33)
(20083, 71, 34)
(20084, 69, 33)
(20085, 69, 33)
(20087, 68, 32)
(20089, 64, 30)
(20091, 65, 31)
(20095, 64, 30)
(20098, 64, 30)
(20099, 65, 31)
(20102, 65, 31)
(20103, 64, 30)
(20105, 64, 30)
(20106, 60, 28)
(20107, 55, 25)
(20108, 67, 32)
(20110, 65, 31)
(40221/2, 64, 30)
(20111, 65, 31)
(20112, 57, 26)
(40225/2, 59, 27)
(20113, 60, 28)
(20114, 61, 28)
(20115, 62, 29)
(20116, 57, 26)
(40233/2, 59, 27)
(20117, 60, 28)
(20118, 59, 27)
(40237/2, 57, 26)
(20119, 59, 27)
(20120, 64, 30)
(80483/4, 64, 30)
(20121, 64, 30)
(20122, 62, 29)
(80491/4, 60, 28)
(20123, 60, 28)
(20124, 59, 27)
(80499/4, 57, 26)
(20125, 57, 26)
(20128, 69, 33)
(80515/4, 69, 33)
(20129, 69, 33)
(20130, 68, 32)
(40261/2, 65, 31)
(20131, 65, 31)
(20132, 64, 30)
(80531/4, 62, 29)
(20133, 60, 28)
(20137, 62, 29)
(20139, 59, 27)
(20140, 68, 32)
(20141, 69, 33)
(20142, 64, 30)
(20143, 65, 31)
(20146, 65, 31)
(20147, 64, 30)
(20149, 57, 26)
(80597/4, 59, 27)
(40299/2, 57, 26)
(80599/4, 59, 27)
(20150, 60, 28)
(80601/4, 62, 29)
(40301/2, 60, 28)
(80603/4, 62, 29)
(20151, 64, 30)
(20152, 62, 29)
(20153, 57, 26)
(80613/4, 59, 27)
(40307/2, 57, 26)
(80615/4, 59, 27)
(20154, 60, 28)
(80617/4, 62, 29)
(40309/2, 60, 28)
(80619/4, 62, 29)
(20155, 64, 30)
(20156, 62, 29)
(20157, 57, 26)
(80629/4, 59, 27)
(40315/2, 57, 26)
(80631/4, 59, 27)
(20158, 57, 26)
(40317/2, 69, 33)
(20159, 55, 25)
(80637/4, 57, 26)
(40319/2, 55, 25)
(80639/4, 57, 26)
(20160, 55, 25)
(40321/2, 67, 32)
(20161, 51, 22)
(80645/4, 52, 23)
(40323/2, 51, 22)
(80647/4, 52, 23)
(20162, 54, 24)
(80649/4, 55, 25)
(40325/2, 54, 24)
(80651/4, 55, 25)
(20163, 57, 26)
(80653/4, 59, 27)
(40327/2, 57, 26)
(80655/4, 59, 27)
(20164, 59, 27)
(20164, 62, 29)
(20165, 64, 30)
(20168, 52, 23)
(20168, 64, 30)
(20169, 52, 23)
(20169, 64, 30)
(20173, 52, 23)
(20173, 64, 30)
(20177, 52, 23)
(20177, 64, 30)
(20181, 52, 23)
(20184, 54, 24)
(20185, 55, 25)
(20187, 62, 29)
(20188, 64, 30)
(80755/4, 64, 30)
(20189, 64, 30)
(20192, 67, 32)
(80771/4, 67, 32)
(20193, 67, 32)
(20196, 66, 31)
(80787/4, 64, 30)
(20197, 64, 30)
(20198, 63, 29)
(80795/4, 64, 30)
(80797/4, 69, 33)
(80801/4, 67, 32)
(80803/4, 66, 31)
(20201, 64, 30)
(40403/2, 71, 34)
(20202, 75, 36)
(20202, 72, 35)
(40405/2, 71, 34)
(20203, 71, 34)
(20205, 71, 34)
(20206, 70, 33)
(20207, 69, 33)
(20210, 71, 34)
(80843/4, 72, 35)
(20211, 72, 35)
(20214, 52, 23)
(60647/3, 48, 21)
(60649/3, 51, 22)
(20217, 52, 23)
(40435/2, 59, 27)
(20218, 59, 27)
(40437/2, 59, 27)
(20219, 59, 27)
(40439/2, 59, 27)
(20220, 59, 27)
(40441/2, 59, 27)
(20221, 59, 27)
(60664/3, 60, 28)
(60668/3, 59, 27)
(40447/2, 59, 27)
(20224, 59, 27)
(40449/2, 59, 27)
(20225, 59, 27)
(40451/2, 59, 27)
(20226, 59, 27)
(40453/2, 59, 27)
(20227, 59, 27)
(40455/2, 60, 28)
(20228, 59, 27)
(20229, 59, 27)
(40459/2, 59, 27)
(20230, 62, 29)
(20230, 60, 28)
(40461/2, 59, 27)
(20231, 59, 27)
(40463/2, 59, 27)
(20232, 59, 27)
(40465/2, 59, 27)
(20233, 59, 27)
(40469/2, 52, 23)
(20235, 53, 24)
(40471/2, 55, 25)
(20238, 60, 28)
(40479/2, 52, 23)
(20240, 53, 24)
(40481/2, 55, 25)
(20242, 60, 28)
(20243, 52, 23)
(40487/2, 54, 24)
(20244, 55, 25)
(40489/2, 57, 26)
(20245, 59, 27)
(40491/2, 61, 28)
(20246, 63, 29)
(40493/2, 64, 30)
(20247, 66, 31)
(40495/2, 72, 35)
(20248, 71, 34)
(40497/2, 69, 33)
(20249, 67, 32)
(20250, 62, 29)
(20251, 52, 23)
(20253, 54, 24)
(20255, 51, 22)
(20257, 52, 23)
(20258, 62, 29)
(20259, 62, 29)
(20260, 55, 25)
(20261, 54, 24)
(20262, 62, 29)
(40525/2, 51, 22)
(20265, 52, 23)
(40533/2, 71, 34)
(20267, 69, 33)
(40537/2, 71, 34)
(20269, 69, 33)
(40539/2, 64, 30)
(20270, 63, 29)
(40541/2, 64, 30)
(20271, 66, 31)
(40543/2, 72, 35)
(20272, 71, 34)
(40545/2, 69, 33)
(20273, 67, 32)
(40549/2, 71, 34)
(20275, 69, 33)
(40553/2, 72, 35)
(20277, 71, 34)
(40557/2, 65, 31)
(20279, 64, 30)
(20280, 67, 32)
(20281, 66, 31)
(40565/2, 69, 33)
(20283, 67, 32)
(40567/2, 69, 33)
(20284, 67, 32)
(40569/2, 69, 33)
(20285, 67, 32)
(40573/2, 59, 27)
(20287, 64, 30)
(40575/2, 59, 27)
(20288, 64, 30)
(40577/2, 59, 27)
(20289, 52, 23)
(20291, 55, 25)
(20293, 57, 26)
(20295, 60, 28)
(20297, 59, 27)
(20299, 58, 26)
(20301, 59, 27)
(20303, 57, 26)
(20305, 55, 25)
(40611/2, 55, 25)
(20306, 55, 25)
(40615/2, 52, 23)
(20308, 52, 23)
(40619/2, 52, 23)
(20310, 52, 23)
(40623/2, 52, 23)
(40623/2, 57, 26)
(20312, 52, 23)
(20312, 57, 26)
(40627/2, 52, 23)
(40627/2, 55, 25)
(20314, 52, 23)
(20314, 55, 25)
(40631/2, 52, 23)
(40631/2, 55, 25)
(20316, 52, 23)
(20316, 55, 25)
(40635/2, 52, 23)
(40635/2, 55, 25)
(20318, 52, 23)
(20318, 55, 25)
(40639/2, 57, 26)
(20320, 57, 26)
(20321, 55, 25)
(40645/2, 71, 34)
(40647/2, 69, 33)
(20324, 69, 33)
(40649/2, 67, 32)
(20325, 66, 31)
(20333, 57, 26)
(20340, 60, 28)
(20341, 52, 23)
(20349, 52, 23)
(81397/4, 53, 24)
(40699/2, 52, 23)
(81399/4, 53, 24)
(20350, 52, 23)
(81401/4, 53, 24)
(40701/2, 52, 23)
(81403/4, 53, 24)
(20351, 52, 23)
(81405/4, 53, 24)
(40703/2, 52, 23)
(81407/4, 53, 24)
(20352, 52, 23)
(81409/4, 53, 24)
(40705/2, 52, 23)
(81411/4, 53, 24)
(20353, 52, 23)
(81413/4, 52, 24)
(40707/2, 52, 23)
(81415/4, 52, 24)
(20354, 55, 25)
(81417/4, 57, 26)
(40709/2, 55, 25)
(81419/4, 57, 26)
(20355, 59, 27)
(20357, 56, 25)
(81429/4, 57, 26)
(40715/2, 56, 25)
(81431/4, 57, 26)
(20358, 59, 27)
(81433/4, 60, 28)
(40717/2, 59, 27)
(81435/4, 60, 28)
(81435/4, 62, 29)
(20361, 59, 27)
(81445/4, 60, 28)
(40723/2, 59, 27)
(81447/4, 60, 28)
(20362, 62, 29)
(20363, 62, 29)
(81453/4, 64, 30)
(40727/2, 62, 29)
(81455/4, 64, 30)
(20364, 65, 31)
(20365, 64, 30)
(81461/4, 65, 31)
(40731/2, 64, 30)
(81463/4, 65, 31)
(20366, 67, 32)
(81465/4, 69, 33)
(40733/2, 67, 32)
(81467/4, 69, 33)
(20367, 70, 34)
(20368, 73, 35)
(81473/4, 74, 36)
(20369, 76, 37)
(40741/2, 64, 30)
(81483/4, 65, 31)
(20371, 64, 30)
(81485/4, 65, 31)
(40743/2, 67, 32)
(40745/2, 64, 30)
(81491/4, 62, 29)
(20373, 74, 36)
(20374, 70, 34)
(20377, 54, 24)
(20378, 54, 24)
(20379, 55, 25)
(20379, 65, 31)
(40759/2, 55, 25)
(20381, 58, 27)
(40763/2, 58, 27)
(40765/2, 70, 34)
(40765/2, 74, 36)
(20385, 54, 24)
(40771/2, 54, 24)
(40773/2, 55, 25)
(40773/2, 67, 32)
(20388, 55, 25)
(20389, 54, 24)
(20389, 62, 29)
(40779/2, 54, 24)
(40781/2, 54, 24)
(40781/2, 61, 28)
(20391, 54, 24)
(20391, 61, 28)
(20393, 73, 35)
(20393, 74, 36)
(81573/4, 73, 35)
(40787/2, 71, 34)
(81575/4, 69, 33)
(20394, 71, 34)
(81577/4, 69, 33)
(40789/2, 67, 32)
(81579/4, 66, 31)
(20395, 67, 32)
(81581/4, 66, 31)
(40791/2, 64, 30)
(81583/4, 62, 29)
(20396, 64, 30)
(81585/4, 62, 29)
(20397, 61, 28)
(20398, 64, 30)
(81595/4, 69, 33)
(20405, 65, 31)
(81621/4, 64, 30)
(40811/2, 65, 31)
(81623/4, 64, 30)
(20406, 62, 29)
(81625/4, 61, 28)
(40813/2, 62, 29)
(81627/4, 61, 28)
(20407, 59, 27)
(81629/4, 57, 26)
(40815/2, 59, 27)
(81631/4, 55, 25)
(20408, 54, 24)
(81633/4, 55, 25)
(40817/2, 54, 24)
(20409, 54, 24)
(20410, 74, 36)
(81643/4, 74, 36)
(20411, 66, 31)
(20415, 50, 22)
(81661/4, 49, 21)
(40831/2, 50, 22)
(81663/4, 52, 23)
(20416, 54, 24)
(81665/4, 52, 23)
(40833/2, 54, 24)
(20417, 55, 25)
(20419, 49, 21)
(81677/4, 50, 22)
(40839/2, 49, 21)
(81679/4, 50, 22)
(20420, 52, 23)
(81681/4, 54, 24)
(40841/2, 52, 23)
(81683/4, 54, 24)
(20421, 55, 25)
(40845/2, 49, 21)
(81691/4, 50, 22)
(20423, 52, 23)
(81693/4, 54, 24)
(40847/2, 55, 25)
(40849/2, 57, 26)
(81699/4, 55, 25)
(20425, 51, 22)
(81701/4, 52, 23)
(40851/2, 51, 22)
(81703/4, 52, 23)
(20426, 54, 24)
(81705/4, 55, 25)
(40853/2, 54, 24)
(81707/4, 55, 25)
(20427, 57, 26)
(20429, 51, 22)
(81717/4, 52, 23)
(40859/2, 51, 22)
(81719/4, 52, 23)
(20430, 54, 24)
(81721/4, 55, 25)
(40861/2, 54, 24)
(81723/4, 55, 25)
(20431, 57, 26)
(20433, 56, 25)
(81733/4, 57, 26)
(40867/2, 59, 27)
(40867/2, 67, 32)
(81735/4, 61, 28)
(81739/4, 52, 23)
(20435, 56, 25)
(163481/8, 57, 26)
(163483/8, 59, 27)
(163485/8, 61, 28)
(20442, 55, 25)
(81769/4, 57, 26)
(81771/4, 59, 27)
(81773/4, 61, 28)
(81775/4, 62, 29)
(81779/4, 56, 25)
(20445, 62, 29)
(20446, 57, 26)
(81785/4, 59, 27)
(40893/2, 61, 28)
(81787/4, 62, 29)
(20447, 64, 30)
(20448, 57, 26)
(81793/4, 58, 27)
(40897/2, 61, 28)
(81795/4, 57, 26)
(20449, 62, 29)
(20450, 67, 32)
(81801/4, 66, 31)
(40901/2, 64, 30)
(81803/4, 62, 29)
(20451, 61, 28)
(20452, 69, 33)
(81809/4, 67, 32)
(40905/2, 66, 31)
(81811/4, 64, 30)
(20453, 62, 29)
(81813/4, 64, 30)
(40907/2, 57, 26)
(40907/2, 66, 31)
(81815/4, 69, 33)
(20454, 67, 32)
(81817/4, 66, 31)
(40909/2, 64, 30)
(81819/4, 62, 29)
(20457, 50, 22)
(20457, 62, 29)
(20461, 50, 22)
(20461, 62, 29)
(20465, 50, 22)
(20465, 62, 29)
(20469, 50, 22)
(20469, 62, 29)
(20473, 52, 23)
(20473, 64, 30)
(20477, 52, 23)
(20477, 64, 30)
(20480, 73, 35)
(20480, 76, 37)
(81923/4, 64, 30)
(81923/4, 76, 37)
(20481, 76, 37)
(20482, 74, 36)
(40965/2, 73, 35)
(81931/4, 73, 35)
(81935/4, 71, 34)
(81939/4, 59, 27)
(81939/4, 69, 33)
(20485, 69, 33)
(20486, 67, 32)
(40973/2, 67, 32)
(20487, 66, 31)
(20488, 62, 29)
(20489, 67, 32)
(20492, 76, 37)
(81971/4, 76, 37)
(20493, 76, 37)
(20494, 74, 36)
(81979/4, 71, 34)
(81983/4, 65, 31)
(20497, 64, 30)
(20498, 68, 32)
(20499, 69, 33)
(20500, 66, 31)
(20501, 64, 30)
(20502, 62, 29)
(41005/2, 61, 28)
(20503, 61, 28)
(20504, 59, 27)
(20505, 57, 26)
(20506, 59, 27)
(20507, 61, 28)
(20508, 62, 29)
(20509, 61, 28)
(20510, 64, 30)
(20511, 69, 33)
(20512, 75, 36)
(20513, 76, 37)
(20514, 74, 36)
(41029/2, 73, 35)
(20515, 73, 35)
(20516, 70, 34)
(82067/4, 69, 33)
(20517, 69, 33)
(20520, 61, 28)
(20521, 53, 24)
(20522, 52, 23)
(41045/2, 50, 22)
(82091/4, 50, 22)
(82095/4, 49, 21)
(41049/2, 50, 22)
(20525, 52, 23)
(41059/2, 49, 21)
(82119/4, 57, 26)
(82123/4, 55, 25)
(20533, 54, 24)
(20535, 51, 23)
(20537, 50, 22)
(20539, 62, 29)
(20541, 52, 23)
(20546, 64, 30)
(20547, 66, 31)
(20548, 64, 30)
(20549, 62, 29)
(20554, 62, 29)
(20555, 66, 31)
(20556, 64, 30)
(20557, 63, 29)
(20562, 63, 29)
(20563, 64, 30)
(20564, 63, 29)
(20565, 62, 29)
(20569, 69, 33)
(20569, 54, 24)
(20569, 57, 26)
(20573, 57, 26)
(82293/4, 59, 27)
(41147/2, 57, 26)
(82295/4, 59, 27)
(20574, 61, 28)
(82297/4, 62, 29)
(41149/2, 61, 28)
(82299/4, 62, 29)
(82299/4, 64, 30)
(20577, 61, 28)
(82309/4, 62, 29)
(41155/2, 61, 28)
(82311/4, 62, 29)
(20578, 67, 32)
(20578, 64, 30)
(82313/4, 67, 32)
(41157/2, 64, 30)
(82315/4, 67, 32)
(20579, 69, 33)
(20581, 73, 35)
(82325/4, 71, 34)
(41163/2, 73, 35)
(82327/4, 71, 34)
(20582, 69, 33)
(20583, 69, 33)
(82333/4, 71, 34)
(41167/2, 69, 33)
(82335/4, 71, 34)
(20584, 73, 35)
(82337/4, 71, 34)
(41169/2, 69, 33)
(82339/4, 71, 34)
(20585, 69, 33)
(20587, 74, 36)
(20589, 71, 34)
(20591, 68, 32)
(20593, 64, 30)
(20601, 71, 34)
(20601, 61, 28)
(20609, 66, 31)
(20610, 69, 33)
(20612, 62, 29)
(20614, 61, 28)
(20615, 62, 29)
(20616, 61, 28)
(20616, 62, 29)
(20617, 64, 30)
(20622, 57, 26)
(20624, 57, 26)
(20626, 69, 33)
(41253/2, 57, 26)
(20628, 69, 33)
(41257/2, 57, 26)
(20629, 57, 26)
(41259/2, 61, 28)
(20630, 57, 26)
(41261/2, 61, 28)
(20631, 62, 29)
(41263/2, 57, 26)
(41265/2, 57, 26)
(20633, 54, 24)
(41267/2, 57, 26)
(20634, 61, 28)
(41269/2, 66, 31)
(20635, 69, 33)
(41271/2, 61, 28)
(20636, 57, 26)
(41273/2, 54, 24)
(20637, 59, 27)
(20640, 69, 33)
(82563/4, 69, 33)
(20641, 69, 33)
(20644, 69, 33)
(82579/4, 69, 33)
(20645, 69, 33)
(20648, 62, 29)
(20648, 71, 34)
(82595/4, 62, 29)
(82595/4, 71, 34)
(20649, 62, 29)
(20649, 71, 34)
(20650, 73, 35)
(82603/4, 64, 30)
(82603/4, 74, 36)
(20651, 68, 32)
(20652, 68, 32)
(20653, 69, 33)
(41307/2, 64, 30)
(20654, 66, 31)
(41309/2, 64, 30)
(20655, 64, 30)
(20662, 66, 31)
(20663, 64, 30)
(20666, 57, 26)
(20667, 56, 25)
(20669, 57, 26)
(41351/2, 64, 30)
(20676, 64, 30)
(41353/2, 64, 30)
(20677, 76, 37)
(82711/4, 73, 35)
(20678, 69, 33)
(41367/2, 64, 30)
(20684, 64, 30)
(41369/2, 64, 30)
(20685, 73, 35)
(20686, 71, 34)
(41373/2, 70, 34)
(20687, 69, 33)
(20688, 67, 32)
(41377/2, 66, 31)
(20689, 66, 31)
(82759/4, 67, 32)
(165519/8, 66, 31)
(20690, 64, 30)
(41381/2, 62, 29)
(20691, 69, 33)
(20692, 67, 32)
(41385/2, 66, 31)
(20693, 66, 31)
(82775/4, 67, 32)
(165551/8, 66, 31)
(20694, 64, 30)
(41389/2, 57, 26)
(20697, 52, 23)
(20701, 57, 26)
(41407/2, 64, 30)
(20704, 64, 30)
(41409/2, 64, 30)
(20705, 59, 27)
(41411/2, 64, 30)
(20706, 64, 30)
(41413/2, 64, 30)
(20707, 62, 29)
(41415/2, 59, 27)
(20708, 62, 29)
(41417/2, 59, 27)
(20709, 57, 26)
(41419/2, 61, 28)
(20710, 61, 28)
(41421/2, 61, 28)
(20711, 61, 28)
(41423/2, 64, 30)
(20712, 64, 30)
(41425/2, 64, 30)
(20713, 59, 27)
(41427/2, 64, 30)
(20714, 64, 30)
(41429/2, 64, 30)
(20715, 62, 29)
(41431/2, 59, 27)
(20716, 62, 29)
(41433/2, 59, 27)
(20717, 57, 26)
(41437/2, 64, 30)
(20719, 62, 29)
(41441/2, 64, 30)
(20721, 62, 29)
(20723, 52, 23)
(20725, 57, 26)
(41453/2, 64, 30)
(20727, 62, 29)
(41457/2, 64, 30)
(20729, 62, 29)
(41461/2, 66, 31)
(20731, 64, 30)
(41465/2, 67, 32)
(20733, 66, 31)
(41469/2, 69, 33)
(20735, 67, 32)
(41473/2, 71, 34)
(20737, 69, 33)
(41477/2, 64, 30)
(20739, 69, 33)
(41479/2, 64, 30)
(20740, 69, 33)
(41481/2, 64, 30)
(20741, 57, 26)
(82965/4, 59, 27)
(41483/2, 57, 26)
(82967/4, 59, 27)
(20742, 61, 28)
(82969/4, 62, 29)
(41485/2, 61, 28)
(82971/4, 62, 29)
(20743, 64, 30)
(20745, 62, 29)
(82981/4, 61, 28)
(41491/2, 62, 29)
(82983/4, 64, 30)
(20746, 68, 32)
(82985/4, 64, 30)
(41493/2, 68, 32)
(82987/4, 69, 33)
(20749, 50, 22)
(82997/4, 52, 23)
(41499/2, 50, 22)
(82999/4, 52, 23)
(20750, 54, 24)
(83001/4, 55, 25)
(41501/2, 54, 24)
(83003/4, 55, 25)
(20751, 57, 26)
(20753, 73, 35)
(83013/4, 74, 36)
(41507/2, 73, 35)
(83015/4, 74, 36)
(20754, 76, 37)
(20755, 64, 30)
(83021/4, 68, 32)
(41511/2, 64, 30)
(83023/4, 68, 32)
(20756, 69, 33)
(20757, 66, 31)
(20757, 69, 33)
(20765, 62, 29)
(83061/4, 61, 28)
(41531/2, 62, 29)
(83063/4, 61, 28)
(20766, 59, 27)
(83065/4, 57, 26)
(41533/2, 59, 27)
(83067/4, 57, 26)
(20767, 62, 29)
(83069/4, 64, 30)
(41535/2, 62, 29)
(83071/4, 64, 30)
(20768, 66, 31)
(83073/4, 64, 30)
(41537/2, 66, 31)
(83075/4, 64, 30)
(20769, 68, 32)
(83077/4, 69, 33)
(41539/2, 71, 34)
(83079/4, 74, 36)
(20770, 68, 32)
(83081/4, 69, 33)
(41541/2, 71, 34)
(83083/4, 74, 36)
(20771, 57, 26)
(20771, 68, 32)
(83085/4, 69, 33)
(41543/2, 71, 34)
(83087/4, 74, 36)
(20772, 68, 32)
(83089/4, 69, 33)
(41545/2, 71, 34)
(20773, 69, 33)
(41549/2, 73, 35)
(83099/4, 71, 34)
(20775, 71, 34)
(20776, 69, 33)
(83105/4, 73, 35)
(41553/2, 71, 34)
(20777, 71, 34)
(20778, 69, 33)
(41557/2, 73, 35)
(83115/4, 71, 34)
(20779, 69, 33)
(41559/2, 69, 33)
(20780, 73, 35)
(20780, 71, 34)
(41561/2, 69, 33)
(20781, 76, 37)
(41565/2, 73, 35)
(83131/4, 71, 34)
(20783, 71, 34)
(20784, 69, 33)
(41569/2, 64, 30)
(41569/2, 73, 35)
(83139/4, 71, 34)
(20785, 71, 34)
(20786, 69, 33)
(41573/2, 73, 35)
(83147/4, 69, 33)
(20787, 64, 30)
(41575/2, 64, 30)
(20788, 67, 32)
(20788, 66, 31)
(41577/2, 64, 30)
(20789, 57, 26)
(41583/2, 61, 28)
(41583/2, 64, 30)
(20792, 61, 28)
(20792, 64, 30)
(41587/2, 54, 24)
(41587/2, 57, 26)
(20794, 54, 24)
(20794, 57, 26)
(41591/2, 57, 26)
(41591/2, 62, 29)
(20796, 57, 26)
(20796, 62, 29)
(41595/2, 57, 26)
(41595/2, 64, 30)
(20798, 57, 26)
(20798, 64, 30)
(41599/2, 54, 24)
(41599/2, 57, 26)
(20800, 54, 24)
(20800, 57, 26)
(41603/2, 52, 23)
(41603/2, 57, 26)
(20802, 52, 23)
(20802, 57, 26)
(41607/2, 62, 29)
(41607/2, 64, 30)
(20804, 62, 29)
(20804, 64, 30)
(20805, 61, 28)
(20806, 76, 37)
(41613/2, 64, 30)
(41613/2, 74, 36)
(83227/4, 74, 36)
(41615/2, 73, 35)
(20808, 73, 35)
(83235/4, 71, 34)
(20809, 71, 34)
(20813, 69, 33)
(41627/2, 67, 32)
(20814, 67, 32)
(41629/2, 66, 31)
(20815, 66, 31)
(41631/2, 64, 30)
(20816, 64, 30)
(41633/2, 62, 29)
(20817, 62, 29)
(20827, 68, 32)
(20829, 58, 27)
(20837, 54, 24)
(20841, 55, 25)
(20845, 52, 23)
(20850, 49, 21)
(20851, 52, 23)
(20852, 49, 21)
(20853, 62, 29)
(20855, 54, 24)
(20859, 50, 22)
(20861, 52, 23)
(20863, 54, 24)
(20867, 50, 22)
(20869, 52, 23)
(20871, 66, 31)
(20875, 54, 24)
(20877, 54, 24)
(20879, 54, 24)
(20884, 52, 23)
(20885, 52, 23)
(20887, 54, 24)
(20891, 52, 23)
(20893, 64, 30)
(20893, 66, 31)
(20899, 64, 30)
(20901, 47, 20)
(20905, 49, 21)
(20906, 49, 21)
(20907, 50, 22)
(20910, 49, 22)
(20911, 52, 23)
(20914, 54, 24)
(20915, 52, 23)
(20916, 62, 29)
(41833/2, 52, 23)
(20917, 50, 22)
(83669/4, 61, 28)
(41835/2, 54, 24)
(41835/2, 69, 33)
(83671/4, 69, 33)
(20918, 69, 33)
(83673/4, 61, 28)
(41837/2, 52, 23)
(41837/2, 52, 23)
(83675/4, 54, 24)
(20919, 61, 28)
(83677/4, 69, 33)
(41839/2, 69, 33)
(83679/4, 69, 33)
(20920, 61, 28)
(83681/4, 54, 24)
(83683/4, 54, 24)
(20921, 50, 22)
(83685/4, 59, 27)
(41843/2, 69, 33)
(83687/4, 69, 33)
(20922, 69, 33)
(83689/4, 59, 27)
(41845/2, 50, 22)
(83691/4, 50, 22)
(20923, 52, 23)
(83693/4, 59, 27)
(41847/2, 68, 32)
(83695/4, 59, 27)
(20924, 52, 23)
(83697/4, 59, 27)
(41849/2, 68, 32)
(83699/4, 59, 27)
(20925, 52, 23)
(83701/4, 61, 28)
(41851/2, 69, 33)
(83703/4, 69, 33)
(20926, 69, 33)
(83705/4, 61, 28)
(41853/2, 52, 23)
(83707/4, 52, 23)
(20927, 54, 24)
(83709/4, 61, 28)
(41855/2, 52, 23)
(41855/2, 69, 33)
(83711/4, 69, 33)
(83713/4, 69, 33)
(41857/2, 61, 28)
(20929, 50, 22)
(41859/2, 59, 27)
(62789/3, 69, 33)
(125579/6, 69, 33)
(20930, 69, 33)
(83721/4, 59, 27)
(41861/2, 50, 22)
(83723/4, 50, 22)
(20931, 52, 23)
(83725/4, 59, 27)
(41863/2, 68, 32)
(83727/4, 59, 27)
(20932, 52, 23)
(83729/4, 59, 27)
(41865/2, 68, 32)
(83731/4, 59, 27)
(20933, 52, 23)
(83733/4, 61, 28)
(41867/2, 69, 33)
(83735/4, 61, 28)
(20934, 52, 23)
(83737/4, 61, 28)
(41869/2, 69, 33)
(83739/4, 61, 28)
(20935, 49, 21)
(83741/4, 58, 27)
(41871/2, 67, 32)
(83743/4, 58, 27)
(20936, 49, 21)
(83745/4, 58, 27)
(41873/2, 67, 32)
(83747/4, 58, 27)
(20937, 49, 21)
(83749/4, 57, 26)
(41875/2, 66, 31)
(83751/4, 66, 31)
(20938, 66, 31)
(83753/4, 57, 26)
(83753/4, 49, 21)
(41877/2, 49, 21)
(83755/4, 50, 22)
(20939, 57, 26)
(83757/4, 66, 31)
(20941, 52, 23)
(83765/4, 61, 28)
(83769/4, 69, 33)
(41885/2, 69, 33)
(83771/4, 69, 33)
(167545/8, 61, 28)
(167547/8, 52, 23)
(167549/8, 52, 23)
(167551/8, 59, 27)
(20945, 52, 23)
(83781/4, 61, 28)
(41891/2, 69, 33)
(83783/4, 61, 28)
(20946, 52, 23)
(83785/4, 61, 28)
(41893/2, 69, 33)
(83787/4, 49, 21)
(83787/4, 61, 28)
(20947, 58, 27)
(41895/2, 67, 32)
(83791/4, 58, 27)
(83793/4, 58, 27)
(83795/4, 58, 27)
(20949, 49, 21)
(83797/4, 57, 26)
(41899/2, 66, 31)
(83799/4, 57, 26)
(20950, 49, 21)
(83801/4, 57, 26)
(41901/2, 66, 31)
(83803/4, 57, 26)
(20951, 50, 22)
(83805/4, 57, 26)
(41903/2, 66, 31)
(83807/4, 57, 26)
(20952, 50, 22)
(83809/4, 57, 26)
(41905/2, 66, 31)
(83811/4, 57, 26)
(20953, 52, 23)
(83813/4, 61, 28)
(41907/2, 69, 33)
(41907/2, 69, 33)
(83815/4, 69, 33)
(20954, 61, 28)
(83817/4, 52, 23)
(41909/2, 52, 23)
(41909/2, 52, 23)
(83819/4, 56, 25)
(83823/4, 59, 27)
(20956, 62, 29)
(20956, 64, 30)
(83825/4, 68, 32)
(41913/2, 71, 34)
(83827/4, 74, 36)
(20957, 73, 35)
(20959, 57, 26)
(83837/4, 59, 27)
(41919/2, 57, 26)
(83839/4, 59, 27)
(20960, 61, 28)
(83841/4, 62, 29)
(41921/2, 61, 28)
(83843/4, 62, 29)
(20961, 64, 30)
(20963, 49, 21)
(83853/4, 50, 22)
(41927/2, 49, 21)
(83855/4, 50, 22)
(20964, 52, 23)
(83857/4, 54, 24)
(83857/4, 57, 26)
(41929/2, 55, 25)
(83859/4, 52, 23)
(20965, 57, 26)
(20966, 50, 22)
(20967, 50, 22)
(83869/4, 52, 23)
(41935/2, 50, 22)
(83871/4, 52, 23)
(20968, 54, 24)
(83873/4, 55, 25)
(41937/2, 54, 24)
(83875/4, 55, 25)
(20969, 57, 26)
(20970, 52, 23)
(20970, 57, 26)
(20971, 57, 26)
(83885/4, 59, 27)
(41943/2, 61, 28)
(83887/4, 62, 29)
(20972, 64, 30)
(83889/4, 66, 31)
(41945/2, 68, 32)
(83891/4, 69, 33)
(20973, 50, 22)
(20973, 54, 24)
(20977, 69, 33)
(20978, 54, 24)
(20978, 61, 28)
(20981, 52, 23)
(20983, 62, 29)
(20983, 64, 30)
(20985, 61, 28)
(20985, 64, 30)
(20985, 69, 33)
(30000, 45, 19)
(30003, 38, 15)
(30005, 40, 16)
(30006, 45, 19)
(30007, 42, 17)
(30009, 40, 16)
(60021/2, 38, 15)
(30011, 40, 16)
(60023/2, 40, 16)
(30012, 40, 16)
(30013, 45, 19)
(60029/2, 57, 26)
(30015, 50, 22)
(30017, 52, 23)
(30018, 54, 24)
(30020, 54, 24)
(30021, 47, 20)
(60045/2, 45, 19)
(30023, 44, 18)
(60047/2, 45, 19)
(30024, 50, 22)
(30026, 49, 21)
(30027, 42, 17)
(30030, 44, 18)
(30031, 45, 19)
(30032, 42, 17)
(30033, 44, 18)
(30034, 45, 19)
(30035, 42, 17)
(30036, 44, 18)
(30037, 45, 19)
(30038, 42, 17)
(30039, 40, 16)
(30040, 52, 23)
(30041, 57, 26)
(60083/2, 56, 25)
(30042, 59, 27)
(30044, 52, 23)
(30045, 57, 26)
(120183/4, 56, 25)
(30046, 59, 27)
(30048, 57, 26)
(60097/2, 56, 25)
(30049, 59, 27)
(30050, 40, 16)
(30051, 40, 16)
(30054, 40, 16)
(30057, 44, 18)
(30058, 52, 23)
(30065, 53, 24)
(120261/4, 52, 23)
(60131/2, 53, 24)
(120263/4, 52, 23)
(30066, 50, 22)
(30067, 50, 22)
(120269/4, 48, 21)
(60135/2, 50, 22)
(120271/4, 48, 21)
(30068, 47, 20)
(30069, 52, 23)
(120277/4, 50, 22)
(60139/2, 52, 23)
(120279/4, 50, 22)
(30070, 48, 21)
(240561/8, 50, 22)
(240563/8, 48, 21)
(240565/8, 47, 20)
(240567/8, 45, 19)
(240569/8, 47, 20)
(240571/8, 45, 19)
(240573/8, 40, 16)
(240573/8, 44, 18)
(240573/8, 44, 18)
(240575/8, 41, 17)
(240577/8, 44, 18)
(240579/8, 41, 17)
(30073, 40, 16)
(30084, 65, 31)
(60169/2, 52, 23)
(30085, 65, 31)
(30086, 64, 30)
(120347/4, 62, 29)
(30087, 62, 29)
(30088, 60, 28)
(120355/4, 59, 27)
(30089, 57, 26)
(30093, 59, 27)
(30095, 56, 25)
(30096, 52, 23)
(30097, 59, 27)
(30097, 57, 26)
(30101, 59, 27)
(30102, 57, 26)
(30103, 56, 25)
(30104, 52, 23)
(30105, 57, 26)
(30107, 52, 23)
(30109, 53, 24)
(30114, 41, 17)
(30115, 41, 17)
(30116, 41, 17)
(30117, 40, 16)
(30120, 52, 23)
(120483/4, 52, 23)
(30121, 52, 23)
(30122, 50, 22)
(120491/4, 48, 21)
(30123, 48, 21)
(30124, 47, 20)
(120499/4, 45, 19)
(30125, 45, 19)
(30127, 52, 23)
(30128, 65, 31)
(120515/4, 65, 31)
(30129, 65, 31)
(30130, 64, 30)
(120523/4, 62, 29)
(30131, 62, 29)
(30132, 60, 28)
(120531/4, 59, 27)
(30133, 57, 26)
(30137, 59, 27)
(30139, 56, 25)
(30140, 52, 23)
(30141, 57, 26)
(30144, 57, 26)
(30145, 59, 27)
(30146, 57, 26)
(30147, 56, 25)
(30148, 52, 23)
(30149, 45, 19)
(30153, 43, 18)
(30157, 42, 17)
(30159, 40, 16)
(30161, 39, 15)
(120645/4, 40, 16)
(60323/2, 39, 15)
(120647/4, 40, 16)
(30162, 42, 17)
(120649/4, 43, 18)
(60325/2, 42, 17)
(120651/4, 43, 18)
(241303/8, 45, 19)
(241305/8, 47, 20)
(241307/8, 45, 19)
(241309/8, 47, 20)
(241311/8, 49, 21)
(30165, 52, 23)
(60331/2, 52, 23)
(60331/2, 55, 25)
(90497/3, 53, 24)
(180995/6, 55, 25)
(30166, 57, 26)
(120665/4, 59, 27)
(60333/2, 59, 27)
(60333/2, 60, 28)
(120667/4, 60, 28)
(30167, 64, 30)
(30168, 43, 18)
(30169, 45, 19)
(30170, 47, 20)
(30171, 48, 21)
(30172, 47, 20)
(30173, 45, 19)
(30174, 47, 20)
(30175, 48, 21)
(30176, 47, 20)
(30177, 46, 19)
(30178, 47, 20)
(30179, 49, 21)
(30180, 47, 20)
(30181, 46, 19)
(30182, 47, 20)
(30183, 49, 21)
(30184, 48, 21)
(30185, 47, 20)
(30192, 59, 27)
(120771/4, 59, 27)
(30193, 59, 27)
(30196, 57, 26)
(120787/4, 55, 25)
(30197, 55, 25)
(30198, 54, 24)
(120795/4, 52, 23)
(30199, 51, 22)
(30200, 47, 20)
(30201, 52, 23)
(30207, 52, 23)
(30208, 60, 28)
(120835/4, 60, 28)
(30209, 60, 28)
(30210, 59, 27)
(120843/4, 57, 26)
(30211, 57, 26)
(30212, 55, 25)
(30213, 53, 24)
(30214, 52, 23)
(30215, 47, 20)
(30217, 40, 16)
(30219, 52, 23)
(60441/2, 55, 25)
(30221, 54, 24)
(30223, 51, 22)
(30225, 52, 23)
(30227, 43, 18)
(30229, 42, 17)
(30233, 40, 16)
(30235, 48, 21)
(30237, 41, 17)
(30239, 48, 21)
(30241, 41, 17)
(30243, 48, 21)
(30244, 47, 20)
(60489/2, 45, 19)
(30245, 52, 23)
(30246, 47, 20)
(30246, 47, 20)
(30249, 40, 16)
(60501/2, 59, 27)
(30251, 59, 27)
(60503/2, 59, 27)
(30253, 57, 26)
(60507/2, 59, 27)
(30254, 59, 27)
(60509/2, 59, 27)
(30255, 57, 26)
(60511/2, 54, 24)
(30256, 57, 26)
(60513/2, 54, 24)
(30257, 52, 23)
(60517/2, 59, 27)
(30259, 59, 27)
(60519/2, 59, 27)
(30261, 57, 26)
(60523/2, 59, 27)
(30262, 59, 27)
(60525/2, 59, 27)
(30263, 57, 26)
(60527/2, 54, 24)
(30264, 57, 26)
(60529/2, 54, 24)
(30265, 52, 23)
(60533/2, 56, 25)
(30267, 57, 26)
(60537/2, 56, 25)
(30269, 57, 26)
(30270, 47, 20)
(30272, 47, 20)
(30273, 40, 16)
(60549/2, 56, 25)
(30275, 57, 26)
(60553/2, 57, 26)
(30277, 59, 27)
(60557/2, 59, 27)
(30279, 60, 28)
(60561/2, 60, 28)
(30281, 62, 29)
(60565/2, 59, 27)
(30283, 64, 30)
(60567/2, 59, 27)
(30284, 64, 30)
(60569/2, 59, 27)
(30285, 64, 30)
(30286, 71, 34)
(60581/2, 67, 32)
(121163/4, 65, 31)
(30291, 65, 31)
(30292, 64, 30)
(60585/2, 67, 32)
(121171/4, 65, 31)
(30293, 66, 31)
(30294, 64, 30)
(60589/2, 67, 32)
(121179/4, 66, 31)
(30295, 64, 30)
(60591/2, 64, 30)
(30296, 67, 32)
(30296, 66, 31)
(60593/2, 64, 30)
(30297, 71, 34)
(60597/2, 67, 32)
(121195/4, 67, 32)
(121195/4, 65, 31)
(30299, 65, 31)
(30300, 64, 30)
(60601/2, 67, 32)
(121203/4, 65, 31)
(30301, 66, 31)
(30302, 64, 30)
(60605/2, 67, 32)
(121211/4, 64, 30)
(30303, 59, 27)
(60607/2, 59, 27)
(30304, 60, 28)
(60609/2, 59, 27)
(30305, 52, 23)
(30307, 43, 18)
(30309, 45, 19)
(30311, 48, 21)
(30313, 47, 20)
(30315, 46, 19)
(30317, 47, 20)
(30319, 47, 20)
(30321, 40, 16)
(30322, 55, 25)
(60645/2, 57, 26)
(30323, 57, 26)
(60647/2, 59, 27)
(30324, 59, 27)
(60649/2, 60, 28)
(30325, 60, 28)
(30329, 52, 23)
(60659/2, 44, 18)
(30330, 44, 18)
(30331, 47, 19)
(60663/2, 47, 20)
(30332, 47, 20)
(60665/2, 48, 21)
(30333, 48, 21)
(30335, 47, 20)
(30338, 47, 20)
(30340, 45, 19)
(30341, 44, 18)
(30353, 40, 16)
(30360, 65, 31)
(121443/4, 65, 31)
(30361, 64, 30)
(121451/4, 53, 24)
(121451/4, 62, 29)
(30363, 62, 29)
(30364, 60, 28)
(30365, 58, 27)
(30366, 57, 26)
(121467/4, 55, 25)
(30367, 55, 25)
(30368, 53, 24)
(121475/4, 52, 23)
(30369, 52, 23)
(30370, 50, 22)
(121483/4, 49, 21)
(30371, 49, 21)
(30372, 47, 20)
(121491/4, 46, 19)
(30397, 61, 28)
(121589/4, 59, 27)
(60795/2, 61, 28)
(121591/4, 59, 27)
(30398, 57, 26)
(121593/4, 55, 25)
(60797/2, 57, 26)
(121595/4, 55, 25)
(30399, 54, 24)
(121597/4, 52, 23)
(60799/2, 54, 24)
(121603/4, 50, 22)
(30401, 47, 20)
(30402, 51, 22)
(121611/4, 47, 20)
(30403, 54, 24)
(30409, 54, 24)
(243277/8, 50, 22)
(243279/8, 49, 21)
(243281/8, 50, 22)
(243283/8, 49, 21)
(243285/8, 47, 20)
(243287/8, 45, 19)
(243289/8, 47, 20)
(243291/8, 42, 17)
(243291/8, 45, 19)
(243291/8, 45, 19)
(243291/8, 43, 18)
(243291/8, 41, 17)
(243293/8, 40, 16)
(121647/4, 38, 15)
(121647/4, 49, 21)
(30413, 37, 14)
(121653/4, 38, 15)
(60827/2, 37, 14)
(121655/4, 38, 15)
(30414, 40, 16)
(121657/4, 42, 17)
(60829/2, 40, 16)
(121659/4, 42, 17)
(30415, 43, 18)
(30417, 37, 14)
(121669/4, 38, 15)
(60835/2, 37, 14)
(121671/4, 38, 15)
(30418, 40, 16)
(121673/4, 42, 17)
(60837/2, 40, 16)
(121675/4, 42, 17)
(30419, 43, 18)
(30421, 37, 14)
(121685/4, 38, 15)
(60843/2, 40, 16)
(60843/2, 42, 17)
(121687/4, 43, 18)
(121691/4, 37, 14)
(30423, 38, 15)
(121693/4, 40, 16)
(60847/2, 43, 18)
(30427, 39, 15)
(121709/4, 40, 16)
(60855/2, 39, 15)
(121711/4, 40, 16)
(30428, 42, 17)
(121713/4, 43, 18)
(60857/2, 42, 17)
(121715/4, 43, 18)
(30429, 45, 19)
(30431, 39, 15)
(121725/4, 40, 16)
(60863/2, 39, 15)
(121727/4, 39, 15)
(30432, 42, 17)
(121729/4, 43, 18)
(60865/2, 42, 17)
(121731/4, 43, 18)
(30433, 45, 19)
(30437, 41, 17)
(91312/3, 43, 18)
(60875/2, 45, 19)
(91313/3, 47, 20)
(30438, 49, 21)
(30439, 42, 17)
(121757/4, 43, 18)
(60879/2, 45, 19)
(60879/2, 54, 24)
(121759/4, 47, 20)
(121759/4, 55, 25)
(30440, 49, 21)
(30441, 43, 18)
(121765/4, 45, 19)
(121765/4, 54, 24)
(60883/2, 47, 20)
(60883/2, 57, 26)
(121767/4, 49, 21)
(30442, 50, 22)
(30443, 44, 18)
(121773/4, 45, 19)
(60887/2, 47, 20)
(121775/4, 49, 21)
(121775/4, 57, 26)
(30444, 50, 22)
(30445, 45, 19)
(121781/4, 47, 20)
(60891/2, 49, 21)
(121783/4, 50, 22)
(30446, 52, 23)
(30447, 45, 19)
(121789/4, 46, 20)
(60895/2, 49, 21)
(121791/4, 50, 22)
(30448, 51, 23)
(30449, 47, 20)
(121797/4, 49, 21)
(60899/2, 50, 22)
(121799/4, 52, 23)
(30450, 54, 24)
(30451, 49, 21)
(121805/4, 50, 22)
(60903/2, 52, 23)
(121807/4, 54, 24)
(30452, 55, 25)
(30453, 50, 22)
(121813/4, 52, 23)
(60907/2, 54, 24)
(121815/4, 55, 25)
(30454, 57, 26)
(121817/4, 55, 25)
(60909/2, 54, 24)
(121819/4, 52, 23)
(30455, 50, 22)
(121821/4, 52, 23)
(60911/2, 54, 24)
(121823/4, 52, 23)
(30456, 50, 22)
(121825/4, 48, 21)
(60913/2, 46, 20)
(121827/4, 45, 19)
(30457, 43, 18)
(30458, 45, 19)
(30459, 46, 20)
(30460, 45, 19)
(30461, 43, 18)
(30462, 45, 19)
(30463, 46, 20)
(30464, 45, 19)
(30465, 42, 18)
(30466, 45, 19)
(30467, 47, 20)
(30468, 45, 19)
(30469, 44, 18)
(30470, 45, 19)
(30471, 47, 20)
(30472, 44, 18)
(30473, 45, 19)
(30474, 47, 20)
(30475, 49, 21)
(30476, 47, 20)
(30477, 45, 19)
(30478, 47, 20)
(30479, 49, 21)
(30480, 47, 20)
(30481, 40, 16)
(30496, 43, 18)
(30497, 37, 14)
(30504, 52, 23)
(30505, 45, 19)
(30512, 45, 19)
(30513, 40, 16)
(30517, 42, 17)
(30519, 42, 17)
(30521, 43, 18)
(30524, 44, 18)
(30525, 37, 14)
(30527, 37, 14)
(30529, 42, 17)
(30533, 42, 17)
(30535, 42, 17)
(30537, 43, 18)
(30545, 45, 19)
(30547, 43, 18)
(30549, 42, 17)
(30554, 42, 17)
(30555, 45, 19)
(30556, 43, 18)
(30557, 42, 17)
(30563, 43, 18)
(30564, 42, 17)
(30565, 41, 17)
(30569, 42, 17)
(30573, 40, 16)
(61163/2, 42, 17)
(122327/4, 44, 18)
(30582, 45, 19)
(122329/4, 47, 20)
(61165/2, 49, 21)
(122331/4, 50, 22)
(30583, 52, 23)
(61167/2, 54, 24)
(122335/4, 56, 25)
(30584, 57, 26)
(122337/4, 59, 27)
(61169/2, 61, 28)
(122339/4, 62, 29)
(30585, 64, 30)
(30593, 71, 34)
(30593, 74, 36)
(30597, 71, 34)
(30599, 68, 32)
(30601, 64, 30)
(30602, 61, 28)
(30603, 55, 25)
(30604, 52, 23)
(30605, 54, 24)
(30606, 49, 21)
(30607, 45, 19)
(30608, 42, 17)
(30609, 37, 14)
(30610, 37, 14)
(30611, 38, 15)
(30612, 40, 16)
(61225/2, 42, 17)
(30613, 43, 18)
(30618, 42, 17)
(30619, 43, 18)
(30620, 44, 18)
(30621, 45, 19)
(30623, 47, 20)
(30625, 49, 21)
(30627, 50, 22)
(30629, 52, 23)
(30631, 54, 24)
(30633, 42, 17)
(30637, 40, 16)
(30644, 66, 31)
(122579/4, 66, 31)
(30645, 66, 31)
(30648, 56, 25)
(30649, 56, 25)
(30650, 57, 26)
(122603/4, 59, 27)
(30651, 52, 23)
(30652, 40, 16)
(30653, 45, 19)
(30658, 61, 29)
(122635/4, 61, 29)
(30659, 61, 29)
(30661, 61, 28)
(30665, 59, 27)
(30666, 57, 26)
(30667, 52, 23)
(30669, 45, 19)
(30671, 57, 26)
(30673, 59, 27)
(30675, 56, 25)
(30677, 57, 26)
(30679, 64, 30)
(30680, 61, 28)
(30681, 59, 27)
(30683, 56, 25)
(30685, 57, 26)
(30687, 42, 17)
(30689, 47, 20)
(30693, 46, 20)
(30695, 45, 19)
(61391/2, 47, 20)
(30696, 49, 21)
(61393/2, 50, 22)
(30697, 52, 23)
(61395/2, 54, 24)
(30698, 56, 25)
(61397/2, 57, 26)
(30699, 59, 27)
(61399/2, 65, 31)
(30700, 64, 30)
(61401/2, 62, 29)
(30701, 60, 28)
(61407/2, 52, 23)
(30704, 52, 23)
(61409/2, 52, 23)
(30705, 62, 29)
(61411/2, 59, 27)
(30706, 56, 25)
(30708, 52, 23)
(30709, 45, 19)
(30711, 52, 23)
(61423/2, 52, 23)
(30712, 52, 23)
(30713, 62, 29)
(61427/2, 59, 27)
(30714, 56, 25)
(30716, 52, 23)
(30717, 45, 19)
(61437/2, 61, 28)
(30719, 62, 29)
(61441/2, 61, 28)
(30721, 62, 29)
(61443/2, 57, 26)
(30722, 56, 25)
(61445/2, 57, 26)
(30723, 59, 27)
(61447/2, 65, 31)
(30724, 64, 30)
(61449/2, 62, 29)
(30725, 61, 28)
(61453/2, 61, 28)
(30727, 62, 29)
(61457/2, 61, 28)
(30729, 62, 29)
(61461/2, 62, 29)
(30731, 64, 30)
(61465/2, 64, 30)
(30733, 66, 31)
(61469/2, 66, 31)
(30735, 67, 32)
(30737, 69, 33)
(30741, 45, 19)
(30745, 43, 18)
(30749, 42, 17)
(30753, 40, 16)
(30757, 39, 15)
(30758, 42, 17)
(30759, 45, 19)
(30760, 49, 21)
(30761, 57, 26)
(30762, 63, 29)
(30763, 66, 31)
(30763, 59, 27)
(30765, 65, 31)
(123061/4, 64, 30)
(61531/2, 65, 31)
(123063/4, 64, 30)
(30766, 62, 29)
(123065/4, 61, 28)
(61533/2, 62, 29)
(123067/4, 61, 28)
(30767, 59, 27)
(123069/4, 61, 28)
(61535/2, 59, 27)
(123071/4, 61, 28)
(30768, 62, 29)
(123073/4, 64, 30)
(61537/2, 62, 29)
(123075/4, 64, 30)
(30769, 66, 31)
(30771, 64, 30)
(123087/4, 54, 24)
(123091/4, 62, 29)
(30773, 61, 28)
(30789, 45, 19)
(30791, 37, 14)
(30793, 38, 15)
(30795, 42, 17)
(30797, 40, 16)
(30799, 37, 15)
(30801, 40, 16)
(30803, 52, 23)
(30805, 45, 19)
(30806, 61, 28)
(123227/4, 54, 24)
(123227/4, 62, 29)
(30807, 62, 29)
(123231/4, 64, 30)
(30808, 64, 30)
(123235/4, 66, 31)
(30809, 66, 31)
(30811, 64, 30)
(30813, 57, 26)
(61627/2, 49, 21)
(30814, 49, 21)
(61629/2, 50, 22)
(30815, 50, 22)
(61631/2, 52, 23)
(30816, 52, 23)
(61633/2, 54, 24)
(30817, 54, 24)
(30819, 52, 23)
(30827, 50, 22)
(30829, 35, 14)
(30841, 43, 18)
(30841, 50, 22)
(30845, 44, 18)
(30845, 50, 22)
(30849, 45, 19)
(30853, 42, 17)
(30855, 38, 15)
(30859, 42, 17)
(30861, 40, 16)
(30863, 38, 15)
(30867, 42, 17)
(30869, 40, 16)
(30873, 38, 15)
(30873, 49, 21)
(30877, 38, 15)
(30877, 49, 21)
(30879, 38, 15)
(30879, 49, 21)
(30881, 49, 21)
(30885, 40, 16)
(30889, 40, 16)
(30893, 40, 16)
(30901, 40, 16)
(30905, 42, 17)
(30909, 43, 18)
(30912, 44, 18)
(30913, 44, 18)
(30914, 45, 19)
(30915, 44, 18)
(30916, 40, 16)
(30917, 45, 19)
(61835/2, 45, 19)
(30918, 45, 19)
(61837/2, 45, 19)
(30919, 42, 17)
(61839/2, 42, 17)
(30920, 42, 17)
(30921, 38, 15)
(61843/2, 38, 15)
(30922, 38, 15)
(61845/2, 38, 15)
(30923, 38, 15)
(61847/2, 38, 15)
(30924, 40, 16)
(61849/2, 38, 15)
(30925, 37, 14)
(61851/2, 37, 14)
(30926, 37, 14)
(61853/2, 37, 14)
(30927, 42, 17)
(61855/2, 42, 17)
(30928, 42, 17)
(61857/2, 42, 17)
(30929, 38, 15)
(61859/2, 38, 15)
(30930, 38, 15)
(61861/2, 38, 15)
(30931, 38, 15)
(61863/2, 38, 15)
(30932, 40, 16)
(61865/2, 38, 15)
(30933, 37, 14)
(61867/2, 37, 14)
(30934, 37, 14)
(61869/2, 37, 14)
(30935, 37, 14)
(92806/3, 37, 14)
(92807/3, 37, 14)
(92810/3, 37, 14)
(30937, 42, 17)
(61875/2, 42, 17)
(30938, 42, 17)
(61877/2, 42, 17)
(30939, 38, 15)
(61879/2, 38, 15)
(30940, 38, 15)
(61881/2, 38, 15)
(30941, 40, 16)
(61883/2, 40, 16)
(30942, 40, 16)
(61885/2, 40, 16)
(30943, 40, 16)
(61887/2, 40, 16)
(30944, 38, 15)
(61889/2, 38, 15)
(30945, 37, 14)
(61891/2, 37, 14)
(30946, 37, 14)
(61893/2, 37, 14)
(30947, 37, 14)
(61895/2, 37, 14)
(30948, 37, 14)
(30949, 42, 17)
(61899/2, 42, 17)
(30950, 42, 17)
(61901/2, 42, 17)
(30951, 38, 15)
(61903/2, 38, 15)
(30952, 38, 15)
(61905/2, 38, 15)
(30953, 40, 16)
(61907/2, 40, 16)
(30954, 40, 16)
(61909/2, 40, 16)
(30955, 40, 16)
(30956, 52, 23)
(30957, 45, 19)
(30961, 43, 18)
(30961, 52, 23)
(30965, 45, 19)
(30969, 40, 16)
(30969, 49, 21)
(30973, 47, 20)
(30974, 45, 19)
(30977, 45, 19)
(30981, 40, 16)
(30983, 52, 23)
(30985, 45, 19)
