(0, 60, 28)
(2, 62, 29)
(5/2, 67, 32)
(5/2, 74, 36)
(3, 65, 31)
(4, 64, 30)
(5, 62, 29)
(23/4, 60, 28)
(6, 60, 28)
(7, 65, 31)
(8, 65, 31)
(9, 74, 36)
(21/2, 72, 35)
(11, 70, 34)
(23/2, 69, 33)
(12, 67, 32)
(25/2, 74, 35)
(53/4, 70, 34)
(15, 69, 33)
(31/2, 72, 35)
(16, 72, 35)
(35/2, 70, 34)
(18, 70, 34)
(37/2, 69, 33)
(19, 67, 32)
(39/2, 65, 31)
(20, 64, 30)
(41/2, 62, 29)
(83/4, 67, 32)
(21, 65, 31)
(22, 64, 30)
(23, 64, 30)
(47/2, 65, 31)
(24, 67, 32)
(51/2, 67, 32)
(26, 69, 33)
(53/2, 74, 36)
(27, 72, 35)
(28, 70, 34)
(29, 67, 32)
(59/2, 69, 33)
(30, 70, 34)
(63/2, 70, 34)
(32, 72, 35)
(65/2, 77, 38)
(33, 74, 36)
(36, 76, 37)
(37, 74, 36)
(38, 72, 35)
(77/2, 70, 34)
(39, 69, 33)
(40, 67, 32)
(41, 72, 35)
(124/3, 69, 33)
(125/3, 65, 31)
(42, 76, 37)
(127/3, 74, 36)
(128/3, 62, 29)
(43, 65, 31)
(44, 64, 30)
(179/4, 72, 35)
(179/4, 81, 40)
(45, 72, 35)
(93/2, 70, 34)
(47, 69, 33)
(95/2, 72, 35)
(48, 72, 35)
(99/2, 70, 34)
(50, 69, 33)
(51, 62, 29)
(52, 60, 28)
(53, 67, 32)
(215/4, 69, 33)
(215/4, 77, 38)
(54, 65, 31)
(69, 81, 40)
(70, 82, 41)
(143/2, 81, 40)
(72, 81, 40)
(145/2, 79, 39)
(147/2, 76, 37)
(295/4, 77, 38)
(74, 79, 39)
(149/2, 81, 40)
(299/4, 79, 39)
(75, 79, 39)
(151/2, 76, 37)
(76, 74, 36)
(153/2, 72, 35)
(77, 71, 34)
(155/2, 69, 33)
(78, 78, 38)
(79, 71, 34)
(321/4, 71, 34)
(161/2, 72, 35)
(323/4, 71, 34)
(81, 76, 37)
(82, 69, 33)
(333/4, 69, 33)
(167/2, 71, 34)
(335/4, 69, 33)
(84, 74, 36)
(171/2, 72, 35)
(343/4, 70, 34)
(86, 69, 33)
(345/4, 70, 34)
(173/2, 72, 35)
(87, 72, 35)
(175/2, 75, 37)
(88, 74, 36)
(177/2, 72, 35)
(89, 71, 34)
(179/2, 74, 36)
(90, 77, 38)
(93, 74, 36)
(93, 77, 38)
(187/2, 74, 36)
(187/2, 77, 38)
(94, 81, 40)
(379/4, 77, 38)
(381/4, 76, 37)
(193/2, 72, 35)
(387/4, 77, 38)
(97, 76, 37)
(389/4, 74, 36)
(199/2, 74, 36)
(201/2, 74, 36)
(403/4, 76, 37)
(102, 81, 40)
(103, 82, 41)
(209/2, 81, 40)
(105, 81, 40)
(423/4, 79, 39)
(427/4, 81, 40)
(857/8, 84, 42)
(861/8, 86, 43)
(108, 84, 42)
(437/4, 79, 39)
(219/2, 81, 40)
(439/4, 82, 41)
(441/4, 84, 42)
(111, 80, 40)
(449/4, 74, 36)
(225/2, 74, 36)
(114, 71, 34)
(229/2, 74, 36)
(231/2, 72, 35)
(118, 70, 34)
(119, 65, 31)
(120, 67, 32)
(122, 65, 31)
(122, 69, 33)
(123, 74, 36)
(124, 64, 30)
(126, 74, 36)
(127, 70, 34)
(509/4, 77, 38)
(129, 72, 35)
(129, 76, 37)
(259/2, 74, 36)
(130, 81, 40)
(263/2, 72, 35)
(132, 71, 34)
(531/4, 57, 26)
(531/4, 60, 28)
(531/4, 64, 30)
(533/4, 82, 41)
(135, 64, 30)
(549/4, 84, 42)
(139, 76, 37)
(143, 86, 43)
(575/4, 86, 43)
(1153/8, 84, 42)
(1157/8, 82, 41)
(145, 81, 40)
(291/2, 79, 39)
(147, 77, 38)
(591/4, 88, 44)
(148, 84, 42)
(593/4, 83, 41)
(593/4, 64, 30)
(151, 83, 41)
(303/2, 81, 40)
(1215/8, 80, 39)
(1219/8, 83, 41)
(1221/8, 86, 43)
(1223/8, 80, 40)
(1227/8, 83, 41)
(155, 70, 34)
(315/2, 84, 42)
(631/4, 45, 19)
(631/4, 49, 21)
(631/4, 52, 23)
(631/4, 82, 41)
(158, 81, 40)
(319/2, 84, 42)
(1279/8, 82, 41)
(1287/8, 79, 39)
(1289/8, 84, 42)
(1291/8, 79, 39)
(163, 70, 34)
(653/4, 74, 36)
(327/2, 67, 32)
(655/4, 70, 34)
(663/4, 65, 31)
(166, 60, 28)
(174, 58, 27)
(697/4, 62, 29)
(705/4, 62, 29)
(177, 72, 35)
(709/4, 70, 34)
(355/2, 69, 33)
(711/4, 67, 32)
(178, 70, 34)
(713/4, 69, 33)
(357/2, 67, 32)
(715/4, 65, 31)
(179, 69, 33)
(717/4, 67, 32)
(359/2, 64, 30)
(719/4, 67, 32)
(180, 64, 30)
(181, 64, 30)
(181, 75, 37)
(363/2, 64, 30)
(183, 72, 35)
(184, 67, 32)
(369/2, 79, 39)
(185, 67, 32)
(189, 79, 39)
(190, 77, 38)
(383/2, 79, 39)
(192, 79, 39)
(385/2, 81, 40)
(387/2, 81, 40)
(195, 77, 38)
(196, 79, 39)
(197, 79, 39)
(198, 79, 39)
(797/4, 81, 40)
(399/2, 84, 42)
(1597/8, 86, 43)
(201, 84, 42)
(805/4, 79, 39)
(805/4, 81, 40)
(403/2, 77, 38)
(807/4, 86, 43)
(204, 86, 43)
(817/4, 80, 40)
(1637/8, 88, 44)
(1641/8, 78, 38)
(207, 79, 39)
(829/4, 74, 36)
(415/2, 81, 40)
(1667/8, 79, 39)
(210, 76, 37)
(841/4, 72, 35)
(421/2, 79, 39)
(211, 60, 28)
(423/2, 67, 32)
(427/2, 79, 39)
(214, 79, 39)
(429/2, 79, 39)
(216, 79, 39)
(217, 77, 38)
(219, 74, 36)
(439/2, 86, 43)
(220, 86, 43)
(441/2, 86, 43)
(221, 86, 43)
(443/2, 86, 43)
(222, 86, 43)
(223, 84, 42)
(449/2, 86, 43)
(225, 86, 43)
(451/2, 88, 44)
(453/2, 88, 44)
(1815/8, 84, 42)
(1819/8, 82, 41)
(228, 84, 42)
(457/2, 86, 43)
(915/4, 82, 41)
(917/4, 81, 40)
(459/2, 82, 41)
(919/4, 82, 41)
(231, 79, 39)
(465/2, 81, 40)
(1863/8, 77, 38)
(1867/8, 76, 37)
(234, 70, 34)
(469/2, 69, 33)
(939/4, 70, 34)
(235, 70, 34)
(471/2, 69, 33)
(943/4, 70, 34)
(238, 71, 34)
(953/4, 72, 35)
(477/2, 72, 35)
(239, 74, 36)
(479/2, 72, 35)
(240, 77, 38)
(481/2, 77, 38)
(241, 79, 39)
(483/2, 80, 39)
(243, 62, 29)
(243, 81, 40)
(487/2, 82, 41)
(489/2, 81, 40)
(246, 81, 40)
(493/2, 79, 39)
(495/2, 67, 32)
(248, 79, 39)
(497/2, 81, 40)
(249, 79, 39)
(499/2, 70, 34)
(250, 86, 43)
(501/2, 79, 39)
(1005/4, 77, 38)
(252, 86, 43)
(505/2, 77, 38)
(1013/4, 77, 38)
(507/2, 82, 41)
(1015/4, 81, 40)
(1021/4, 70, 34)
(1023/4, 69, 33)
(1025/4, 64, 30)
(1027/4, 69, 33)
(257, 65, 31)
(257, 69, 33)
(1033/4, 64, 30)
(517/2, 64, 30)
(2069/8, 67, 32)
(1035/4, 70, 34)
(259, 70, 34)
(260, 64, 30)
(261, 58, 27)
(1045/4, 74, 36)
(527/2, 68, 33)
(266, 67, 32)
(1065/4, 77, 38)
(533/2, 79, 39)
(267, 70, 34)
(1069/4, 65, 31)
(539/2, 79, 39)
(270, 79, 39)
(270, 66, 31)
(2161/8, 74, 36)
(1081/4, 78, 38)
(1095/4, 70, 34)
(1095/4, 70, 34)
(274, 69, 33)
(1097/4, 77, 38)
(549/2, 74, 36)
(1099/4, 81, 40)
(2201/8, 76, 37)
(2203/8, 74, 36)
(1107/4, 74, 36)
(277, 59, 28)
(1123/4, 74, 36)
(1139/4, 82, 41)
(1141/4, 77, 38)
(571/2, 84, 42)
(286, 82, 41)
(2291/8, 89, 45)
(573/2, 89, 45)
(287, 82, 41)
(575/2, 86, 43)
(288, 80, 39)
(1155/4, 82, 41)
(1157/4, 74, 36)
(1159/4, 77, 38)
(1165/4, 74, 36)
(1167/4, 65, 31)
(1167/4, 67, 32)
(1171/4, 62, 29)
(1173/4, 57, 26)
(587/2, 55, 25)
(1187/4, 57, 26)
(1195/4, 62, 29)
(599/2, 67, 32)
(599/2, 74, 36)
(1199/4, 64, 30)
(1203/4, 62, 29)
(603/2, 60, 28)
(1211/4, 60, 28)
(1223/4, 74, 36)
(1229/4, 60, 28)
(1231/4, 58, 27)
(1235/4, 67, 32)
(1239/4, 72, 35)
(621/2, 70, 34)
(1247/4, 69, 33)
(1249/4, 70, 34)
(1259/4, 70, 34)
(1261/4, 69, 33)
(1263/4, 67, 32)
(1265/4, 64, 30)
(1267/4, 62, 29)
(317, 67, 32)
(1271/4, 64, 30)
(1283/4, 67, 32)
(1285/4, 69, 33)
(1287/4, 74, 36)
(1295/4, 72, 35)
(1299/4, 70, 34)
(1307/4, 70, 34)
(1313/4, 70, 34)
(1315/4, 72, 35)
(1319/4, 74, 36)
(1323/4, 77, 38)
(1331/4, 74, 36)
(1335/4, 72, 35)
(1343/4, 67, 32)
(1347/4, 67, 32)
(1347/4, 79, 39)
(1355/4, 67, 32)
(1355/4, 74, 36)
(1357/4, 62, 29)
(1359/4, 64, 30)
(1367/4, 72, 35)
(1373/4, 70, 34)
(1379/4, 70, 34)
(1391/4, 62, 29)
(1411/4, 61, 28)
(1415/4, 62, 29)
(1423/4, 55, 25)
(1427/4, 84, 42)
(1431/4, 86, 43)
(1437/4, 84, 42)
(1439/4, 84, 42)
(361, 79, 39)
(1445/4, 82, 41)
(1447/4, 84, 42)
(2897/8, 81, 40)
(1451/4, 72, 35)
(1455/4, 67, 32)
(364, 69, 33)
(1457/4, 70, 34)
(1463/4, 70, 34)
(1471/4, 79, 39)
(1473/4, 81, 40)
(1475/4, 79, 39)
(1487/4, 67, 32)
(1489/4, 72, 35)
(1499/4, 72, 35)
(375, 67, 32)
(1501/4, 65, 31)
(1511/4, 72, 35)
(1523/4, 70, 34)
(1525/4, 69, 33)
(1535/4, 79, 39)
(1537/4, 77, 38)
(1539/4, 82, 41)
(1541/4, 81, 40)
(1543/4, 86, 43)
(1545/4, 84, 42)
(1559/4, 81, 40)
(10000, 57, 26)
(10002, 58, 27)
(10004, 58, 27)
(10006, 57, 26)
(10007, 60, 28)
(10008, 57, 26)
(10009, 58, 27)
(20021/2, 60, 28)
(10011, 62, 29)
(20023/2, 60, 28)
(10012, 60, 28)
(10013, 65, 31)
(20027/2, 60, 28)
(10014, 60, 28)
(10016, 65, 31)
(40067/4, 60, 28)
(10017, 60, 28)
(10019, 64, 30)
(30058/3, 60, 28)
(30059/3, 60, 28)
(30062/3, 59, 27)
(10021, 59, 27)
(10022, 60, 28)
(10023, 60, 28)
(20047/2, 62, 29)
(10024, 64, 30)
(20051/2, 64, 30)
(10026, 66, 31)
(20053/2, 66, 31)
(10027, 66, 31)
(10028, 67, 32)
(10029, 64, 30)
(20059/2, 66, 31)
(10030, 67, 32)
(20063/2, 67, 32)
(10032, 69, 33)
(20065/2, 69, 33)
(10033, 72, 35)
(10033, 65, 31)
(10034, 70, 34)
(10036, 62, 29)
(10039, 60, 28)
(10042, 62, 29)
(10043, 60, 28)
(10045, 65, 31)
(20091/2, 60, 28)
(10046, 60, 28)
(10048, 65, 31)
(40195/4, 60, 28)
(10049, 60, 28)
(10053, 64, 30)
(10054, 65, 31)
(10063, 74, 36)
(10064, 77, 38)
(20131/2, 76, 37)
(10066, 76, 37)
(20133/2, 75, 36)
(20135/2, 71, 34)
(40271/4, 72, 35)
(10068, 75, 36)
(20137/2, 76, 37)
(40275/4, 75, 36)
(10069, 74, 36)
(20139/2, 73, 35)
(20141/2, 73, 35)
(10071, 74, 36)
(20143/2, 72, 35)
(10072, 71, 34)
(10073, 70, 34)
(10074, 69, 33)
(10075, 69, 33)
(40301/4, 70, 34)
(20151/2, 69, 33)
(20153/2, 64, 30)
(20153/2, 60, 28)
(20153/2, 74, 36)
(40307/4, 62, 29)
(40309/4, 60, 28)
(20157/2, 69, 33)
(10079, 71, 34)
(20159/2, 69, 33)
(10080, 69, 33)
(20161/2, 68, 32)
(20163/2, 64, 30)
(40327/4, 66, 31)
(10082, 67, 32)
(20165/2, 69, 33)
(40331/4, 67, 32)
(10083, 67, 32)
(20167/2, 66, 31)
(10084, 67, 32)
(10085, 69, 33)
(20173/2, 67, 32)
(10087, 67, 32)
(20175/2, 66, 31)
(20177/2, 62, 29)
(40355/4, 64, 30)
(10089, 65, 31)
(20179/2, 67, 32)
(40359/4, 65, 31)
(10090, 64, 30)
(20181/2, 70, 34)
(10093, 67, 32)
(20187/2, 64, 30)
(10094, 72, 35)
(10096, 72, 35)
(10099, 79, 39)
(10100, 81, 40)
(20203/2, 79, 39)
(10102, 79, 39)
(20205/2, 77, 38)
(10103, 74, 36)
(10105, 77, 38)
(20211/2, 74, 36)
(10106, 70, 34)
(40425/4, 68, 32)
(20213/2, 69, 33)
(10108, 64, 30)
(10108, 67, 32)
(20219/2, 79, 39)
(20221/2, 68, 32)
(10111, 60, 28)
(10111, 62, 29)
(10112, 65, 31)
(20225/2, 74, 36)
(80903/8, 71, 34)
(10114, 70, 34)
(20229/2, 67, 32)
(20231/2, 69, 33)
(20233/2, 67, 32)
(10117, 67, 32)
(10118, 62, 29)
(40473/4, 64, 30)
(10120, 64, 30)
(10121, 60, 28)
(40485/4, 62, 29)
(20243/2, 63, 30)
(10122, 65, 31)
(40489/4, 63, 30)
(10123, 62, 29)
(20247/2, 60, 28)
(10124, 59, 27)
(20249/2, 64, 30)
(40499/4, 65, 31)
(10126, 67, 32)
(10129, 70, 34)
(10130, 69, 33)
(20261/2, 62, 29)
(40529/4, 62, 29)
(20265/2, 74, 36)
(40531/4, 74, 36)
(20267/2, 74, 36)
(10134, 70, 34)
(10135, 70, 34)
(40543/4, 69, 33)
(40543/4, 77, 38)
(40547/4, 60, 28)
(40549/4, 61, 28)
(40553/4, 61, 28)
(40557/4, 62, 29)
(10143, 62, 29)
(10143, 70, 34)
(40573/4, 62, 29)
(10145, 62, 29)
(10145, 72, 35)
(40581/4, 62, 29)
(20291/2, 62, 29)
(10146, 62, 29)
(40589/4, 64, 30)
(20295/2, 64, 30)
(40591/4, 70, 34)
(40599/4, 64, 30)
(10150, 64, 30)
(20303/2, 62, 29)
(40611/4, 65, 31)
(10153, 65, 31)
(20307/2, 64, 30)
(40621/4, 55, 25)
(40621/4, 64, 30)
(20311/2, 64, 30)
(40623/4, 64, 30)
(40623/4, 69, 33)
(81247/8, 69, 33)
(81249/8, 57, 26)
(81249/8, 81, 40)
(81249/8, 84, 42)
(81263/8, 57, 26)
(40637/4, 57, 26)
(40637/4, 60, 28)
(81275/8, 69, 33)
(40639/4, 57, 26)
(40639/4, 62, 29)
(81279/8, 69, 33)
(40641/4, 57, 26)
(40647/4, 81, 40)
(40647/4, 84, 42)
(10163, 58, 27)
(20331/2, 70, 34)
(10174, 69, 33)
(20349/2, 70, 34)
(20355/2, 74, 36)
(10178, 72, 35)
(20357/2, 74, 36)
(10186, 74, 36)
(20373/2, 72, 35)
(20377/2, 67, 32)
(20377/2, 70, 34)
(20379/2, 77, 38)
(20381/2, 67, 32)
(40763/4, 63, 30)
(20383/2, 67, 32)
(40767/4, 62, 29)
(10196, 60, 28)
(81571/8, 58, 27)
(81573/8, 60, 28)
(81575/8, 57, 26)
(81577/8, 62, 29)
(81579/8, 60, 28)
(81581/8, 62, 29)
(10198, 64, 30)
(40793/4, 62, 29)
(20397/2, 64, 30)
(40795/4, 60, 28)
(10199, 65, 31)
(40797/4, 64, 30)
(20399/2, 62, 29)
(40799/4, 60, 28)
(10200, 59, 27)
(40801/4, 57, 26)
(20401/2, 55, 25)
(10201, 65, 31)
(40815/4, 70, 34)
(40821/4, 73, 36)
(81645/8, 79, 39)
(10207, 65, 31)
(40829/4, 77, 38)
(40841/4, 77, 38)
(20421/2, 81, 40)
(40843/4, 77, 38)
(10211, 75, 37)
(40845/4, 77, 38)
(20423/2, 74, 36)
(40851/4, 79, 39)
(10213, 77, 38)
(40853/4, 77, 38)
(20431/2, 74, 36)
(40863/4, 69, 33)
(40865/4, 69, 33)
(20433/2, 70, 34)
(40867/4, 72, 35)
(40869/4, 72, 35)
(20435/2, 76, 37)
(40875/4, 82, 41)
(40877/4, 86, 43)
(20439/2, 84, 42)
(40879/4, 84, 42)
(10220, 82, 41)
(40881/4, 80, 40)
(20441/2, 79, 39)
(40883/4, 79, 39)
(10221, 77, 38)
(40899/4, 81, 40)
(40905/4, 79, 39)
(40911/4, 81, 40)
(40913/4, 83, 41)
(40917/4, 76, 37)
(20459/2, 72, 35)
(10230, 70, 34)
(10230, 70, 34)
(40923/4, 72, 35)
(40925/4, 70, 34)
(40927/4, 69, 33)
(40929/4, 74, 36)
(40931/4, 73, 35)
(40935/4, 62, 29)
(40937/4, 70, 34)
(40939/4, 67, 32)
(40941/4, 66, 31)
(20471/2, 67, 32)
(40943/4, 62, 29)
(40945/4, 60, 28)
(20473/2, 62, 29)
(40947/4, 64, 30)
(40949/4, 62, 29)
(20475/2, 64, 30)
(40951/4, 64, 30)
(40953/4, 62, 29)
(20477/2, 64, 30)
(40955/4, 64, 30)
(10239, 65, 31)
(40959/4, 67, 32)
(40961/4, 67, 32)
(40963/4, 65, 31)
(40965/4, 69, 33)
(40967/4, 62, 29)
(40967/4, 74, 36)
(40969/4, 62, 29)
(40969/4, 74, 36)
(40971/4, 62, 29)
(40971/4, 74, 36)
(40981/4, 70, 34)
(40983/4, 71, 34)
(102461/10, 76, 37)
(71725/7, 74, 36)
(40987/4, 74, 36)
(40989/4, 71, 35)
(40995/4, 74, 36)
(40999/4, 62, 29)
(82001/8, 74, 36)
(41001/4, 74, 36)
(41009/4, 70, 34)
(20505/2, 62, 29)
(41011/4, 70, 34)
(10253, 74, 36)
(41019/4, 62, 29)
(41023/4, 64, 30)
(41029/4, 62, 29)
(41031/4, 62, 29)
(41033/4, 61, 28)
(41037/4, 65, 31)
(20519/2, 64, 30)
(41043/4, 62, 29)
(10261, 64, 30)
(41045/4, 65, 31)
(41047/4, 64, 30)
(10262, 62, 29)
(41049/4, 62, 29)
(20525/2, 64, 30)
(10264, 62, 29)
(41067/4, 64, 30)
(41079/4, 55, 25)
(41085/4, 60, 28)
(41087/4, 70, 34)
(41089/4, 58, 27)
(41091/4, 57, 26)
(10274, 67, 32)
(10274, 70, 34)
(41097/4, 67, 32)
(41097/4, 70, 34)
(41101/4, 65, 31)
(41101/4, 69, 33)
(20551/2, 69, 33)
(41105/4, 64, 30)
(41105/4, 74, 36)
(20553/2, 64, 30)
(20553/2, 74, 36)
(41109/4, 69, 33)
(20555/2, 65, 31)
(20555/2, 69, 33)
(41111/4, 62, 29)
(41111/4, 72, 34)
(41119/4, 62, 29)
(41135/4, 62, 29)
(41135/4, 70, 34)
(20569/2, 62, 29)
(20569/2, 70, 34)
(41139/4, 62, 29)
(41139/4, 70, 34)
(20571/2, 60, 28)
(20571/2, 70, 34)
(10286, 70, 34)
(10286, 82, 41)
(41183/4, 60, 28)
(41183/4, 88, 44)
(41191/4, 58, 27)
(41195/4, 58, 27)
(41199/4, 58, 27)
(41203/4, 58, 27)
(41207/4, 57, 26)
(41211/4, 60, 28)
(41215/4, 57, 26)
(41219/4, 58, 27)
(41225/4, 60, 28)
(41227/4, 62, 29)
(41229/4, 60, 28)
(41231/4, 60, 28)
(41235/4, 60, 28)
(10309, 60, 28)
(41255/4, 60, 28)
(41257/4, 64, 30)
(41259/4, 62, 29)
(41261/4, 60, 28)
(41263/4, 59, 27)
(41267/4, 59, 27)
(41267/4, 62, 29)
(41271/4, 60, 28)
(41275/4, 60, 28)
(41277/4, 62, 29)
(41279/4, 64, 30)
(41291/4, 67, 32)
(41295/4, 67, 32)
(41301/4, 64, 30)
(41303/4, 67, 32)
(41307/4, 67, 32)
(41309/4, 69, 33)
(20657/2, 74, 36)
(41315/4, 72, 35)
(41319/4, 70, 34)
(41325/4, 74, 36)
(41327/4, 72, 35)
(41333/4, 70, 34)
(41337/4, 67, 32)
(41339/4, 60, 28)
(41351/4, 62, 29)
(41355/4, 60, 28)
(41363/4, 60, 28)
(41365/4, 60, 28)
(41365/4, 77, 38)
(41375/4, 60, 28)
(10344, 60, 28)
(41411/4, 72, 35)
(41423/4, 65, 31)
(41425/4, 77, 38)
(20713/2, 74, 36)
(20715/2, 77, 38)
(41437/4, 74, 36)
(41439/4, 81, 40)
(41441/4, 79, 39)
(41443/4, 77, 38)
(41445/4, 77, 38)
(20723/2, 69, 33)
(41447/4, 60, 28)
(41449/4, 58, 27)
(41455/4, 55, 25)
(41457/4, 67, 32)
(41461/4, 72, 35)
(41463/4, 74, 36)
(41471/4, 70, 34)
(41473/4, 69, 33)
(41483/4, 64, 30)
(41493/4, 67, 32)
(41495/4, 67, 32)
(41499/4, 65, 31)
(41503/4, 67, 32)
(41507/4, 65, 31)
(41515/4, 57, 26)
(41517/4, 58, 27)
(41519/4, 64, 30)
(41531/4, 70, 34)
(103831/10, 74, 36)
(72684/7, 76, 37)
(72698/7, 77, 38)
(41543/4, 84, 42)
(41545/4, 84, 42)
(41551/4, 69, 33)
(41555/4, 84, 42)
(20000, 48, 21)
(20002, 53, 24)
(20003, 50, 22)
(20004, 55, 25)
(20005, 53, 24)
(40011/2, 52, 23)
(20006, 53, 24)
(20007, 53, 24)
(20008, 53, 24)
(20009, 53, 24)
(40021/2, 53, 24)
(20011, 53, 24)
(40023/2, 53, 24)
(20012, 52, 23)
(20013, 48, 21)
(20014, 55, 25)
(20015, 53, 24)
(20016, 57, 26)
(20017, 55, 25)
(20018, 53, 24)
(40037/2, 57, 26)
(20020, 55, 25)
(20021, 48, 21)
(20021, 55, 25)
(20024, 60, 28)
(20025, 58, 27)
(20026, 57, 26)
(20027, 57, 26)
(20028, 55, 25)
(20030, 67, 32)
(20031, 65, 31)
(20032, 63, 30)
(40065/2, 60, 28)
(20033, 57, 26)
(20034, 58, 27)
(20036, 53, 24)
(20036, 55, 25)
(20039, 52, 23)
(20042, 53, 24)
(20042, 55, 25)
(20043, 57, 26)
(20044, 55, 25)
(20045, 57, 26)
(20046, 55, 25)
(20047, 53, 24)
(20048, 57, 26)
(20049, 55, 25)
(40099/2, 58, 27)
(20050, 57, 26)
(40101/2, 53, 24)
(20051, 50, 22)
(20052, 48, 21)
(20053, 58, 27)
(20054, 57, 26)
(20057, 69, 33)
(20058, 70, 34)
(40119/2, 69, 33)
(20060, 69, 33)
(40121/2, 68, 32)
(40123/2, 55, 25)
(40123/2, 64, 30)
(20063, 67, 32)
(40127/2, 65, 31)
(40129/2, 62, 29)
(20065, 69, 33)
(40133/2, 69, 33)
(20067, 71, 34)
(40135/2, 69, 33)
(20068, 69, 33)
(40137/2, 68, 32)
(20069, 67, 32)
(20071, 66, 31)
(20072, 67, 32)
(40145/2, 65, 31)
(20073, 64, 30)
(40147/2, 62, 29)
(20074, 62, 29)
(40149/2, 61, 28)
(20075, 60, 28)
(20076, 69, 33)
(20077, 68, 32)
(40155/2, 69, 33)
(20078, 60, 28)
(40157/2, 59, 27)
(20079, 66, 31)
(20080, 59, 27)
(20081, 58, 27)
(40163/2, 57, 26)
(20082, 64, 30)
(20083, 57, 26)
(20084, 67, 32)
(40169/2, 65, 31)
(80339/4, 64, 30)
(80341/4, 65, 31)
(40171/2, 60, 28)
(80343/4, 62, 29)
(20086, 63, 30)
(20087, 62, 29)
(20090, 72, 35)
(20091, 74, 36)
(40185/2, 72, 35)
(20093, 72, 35)
(20094, 67, 32)
(80377/4, 70, 34)
(80379/4, 72, 35)
(20096, 70, 34)
(40193/2, 69, 33)
(40195/2, 65, 31)
(80391/4, 67, 32)
(20098, 69, 33)
(40197/2, 68, 33)
(20099, 67, 32)
(40199/2, 64, 30)
(20100, 65, 31)
(40201/2, 71, 34)
(20101, 76, 37)
(40205/2, 74, 36)
(80411/4, 69, 33)
(20105, 62, 29)
(20106, 71, 34)
(20108, 57, 26)
(40217/2, 53, 24)
(20109, 59, 27)
(40219/2, 68, 32)
(20111, 64, 30)
(40223/2, 69, 33)
(40225/2, 50, 22)
(40227/2, 51, 22)
(20114, 52, 23)
(20123, 52, 23)
(20126, 53, 24)
(40255/2, 49, 21)
(20128, 49, 21)
(20129, 53, 24)
(20132, 55, 25)
(20134, 53, 24)
(40271/2, 52, 23)
(40271/2, 60, 28)
(80545/4, 52, 23)
(80545/4, 60, 28)
(20137, 52, 23)
(20137, 60, 28)
(80551/4, 60, 28)
(20138, 53, 24)
(80553/4, 53, 24)
(80573/4, 53, 24)
(40287/2, 55, 25)
(40289/2, 53, 24)
(80579/4, 61, 28)
(80587/4, 53, 24)
(80589/4, 60, 28)
(40299/2, 57, 26)
(20150, 57, 26)
(40301/2, 57, 26)
(80605/4, 57, 26)
(40303/2, 57, 26)
(20152, 57, 26)
(80611/4, 57, 26)
(20156, 69, 33)
(80625/4, 72, 35)
(40313/2, 71, 34)
(20157, 47, 20)
(20157, 51, 22)
(20157, 54, 24)
(20157, 69, 33)
(80629/4, 76, 37)
(20159, 70, 34)
(40319/2, 69, 33)
(20161, 53, 24)
(20167, 74, 36)
(20177, 52, 23)
(20178, 50, 22)
(20180, 62, 29)
(40361/2, 60, 28)
(20181, 67, 32)
(20186, 56, 26)
(40379/2, 62, 29)
(80761/4, 52, 23)
(40381/2, 55, 25)
(20194, 57, 26)
(80777/4, 55, 25)
(40389/2, 57, 26)
(20195, 58, 27)
(80781/4, 57, 26)
(40391/2, 58, 27)
(80783/4, 55, 25)
(20196, 55, 25)
(80785/4, 55, 25)
(40393/2, 51, 23)
(80787/4, 56, 26)
(20197, 55, 25)
(80789/4, 56, 26)
(40395/2, 53, 24)
(20198, 60, 28)
(80793/4, 58, 27)
(40397/2, 60, 28)
(80795/4, 60, 28)
(20199, 60, 28)
(80797/4, 56, 26)
(40399/2, 55, 25)
(80799/4, 53, 24)
(20200, 51, 23)
(80801/4, 50, 22)
(20201, 60, 28)
(80813/4, 60, 28)
(40407/2, 64, 30)
(20204, 55, 25)
(20207, 72, 35)
(161665/8, 74, 36)
(161667/8, 65, 31)
(161673/8, 72, 35)
(161675/8, 64, 30)
(40421/2, 65, 31)
(80843/4, 52, 24)
(80843/4, 55, 25)
(80845/4, 52, 23)
(80847/4, 50, 22)
(80847/4, 54, 24)
(20213, 60, 28)
(40427/2, 63, 30)
(80855/4, 61, 29)
(20214, 65, 31)
(20216, 64, 30)
(40433/2, 60, 28)
(80867/4, 64, 30)
(80869/4, 67, 32)
(20219, 74, 36)
(80877/4, 70, 34)
(161765/8, 67, 32)
(101104/5, 74, 36)
(20221, 72, 35)
(161769/8, 72, 35)
(161771/8, 70, 34)
(161773/8, 70, 34)
(20222, 70, 34)
(80889/4, 67, 32)
(40445/2, 69, 32)
(80891/4, 60, 28)
(20223, 62, 29)
(20225, 52, 23)
(80901/4, 64, 30)
(40451/2, 57, 26)
(40461/2, 70, 34)
(20231, 67, 32)
(40463/2, 66, 31)
(80927/4, 67, 32)
(20232, 69, 33)
(20234, 55, 25)
(20234, 74, 36)
(40471/2, 60, 28)
(80943/4, 58, 27)
(20236, 56, 26)
(40473/2, 56, 26)
(20237, 55, 25)
(20239, 56, 26)
(80957/4, 55, 25)
(40479/2, 58, 27)
(20241, 60, 28)
(20243, 65, 31)
(20243, 69, 33)
(40487/2, 67, 32)
(40489/2, 65, 31)
(40489/2, 69, 33)
(20246, 65, 31)
(20247, 64, 30)
(40495/2, 69, 33)
(20249, 69, 33)
(20250, 70, 34)
(40503/2, 70, 34)
(20252, 69, 33)
(40505/2, 68, 32)
(40507/2, 64, 30)
(81019/4, 67, 32)
(162039/8, 69, 33)
(20255, 70, 34)
(81021/4, 72, 35)
(81023/4, 58, 27)
(81025/4, 57, 26)
(81031/4, 67, 32)
(81031/4, 70, 34)
(81035/4, 64, 30)
(20259, 67, 32)
(81043/4, 68, 32)
(81045/4, 57, 26)
(81047/4, 53, 24)
(20262, 50, 22)
(81049/4, 62, 29)
(20264, 50, 22)
(40529/2, 56, 26)
(141858/7, 52, 23)
(141859/7, 58, 26)
(20267, 53, 24)
(162137/8, 57, 26)
(40535/2, 53, 24)
(162141/8, 57, 26)
(20268, 67, 32)
(20268, 70, 34)
(20268, 74, 36)
(20270, 55, 25)
(162161/8, 58, 27)
(40541/2, 60, 27)
(162167/8, 60, 28)
(162167/8, 74, 36)
(40547/2, 57, 26)
(81095/4, 60, 28)
(162193/8, 53, 24)
(162193/8, 57, 26)
(81097/4, 62, 29)
(81111/4, 52, 23)
(81111/4, 55, 25)
(162223/8, 62, 29)
(81113/4, 53, 24)
(81113/4, 57, 26)
(162227/8, 62, 29)
(81115/4, 53, 24)
(81115/4, 57, 26)
(81121/4, 53, 24)
(81137/4, 53, 24)
(20285, 53, 24)
(81141/4, 53, 24)
(81141/4, 62, 29)
(20286, 53, 24)
(40573/2, 53, 24)
(40573/2, 62, 29)
(81185/4, 53, 24)
(81197/4, 55, 25)
(81205/4, 53, 24)
(81207/4, 52, 23)
(81209/4, 53, 24)
(81221/4, 53, 24)
(81223/4, 53, 24)
(81225/4, 53, 24)
(81233/4, 52, 23)
(81237/4, 48, 21)
(81247/4, 48, 21)
(81247/4, 57, 26)
(81251/4, 58, 27)
(81257/4, 58, 27)
(81261/4, 55, 25)
(81269/4, 48, 21)
(81269/4, 55, 25)
(81281/4, 60, 28)
(81285/4, 58, 27)
(81289/4, 57, 26)
(81293/4, 57, 26)
(81305/4, 67, 32)
(81309/4, 65, 31)
(81315/4, 64, 30)
(81317/4, 57, 26)
(81323/4, 65, 31)
(81329/4, 55, 25)
(81341/4, 52, 23)
(81341/4, 55, 25)
(81349/4, 53, 24)
(81353/4, 57, 26)
(81357/4, 55, 25)
(81365/4, 47, 20)
(81365/4, 51, 22)
(81365/4, 54, 24)
(81365/4, 57, 26)
(81369/4, 53, 24)
(81377/4, 57, 26)
(81381/4, 53, 24)
(81395/4, 69, 33)
(81397/4, 70, 34)
(20350, 69, 33)
(81401/4, 69, 33)
(81403/4, 67, 32)
(81407/4, 67, 32)
(81409/4, 69, 33)
(81413/4, 67, 32)
(81415/4, 66, 31)
(81419/4, 67, 32)
(20355, 70, 34)
(40711/2, 72, 35)
(81425/4, 69, 33)
(20357, 67, 32)
(40715/2, 69, 33)
(81437/4, 69, 33)
(81439/4, 72, 35)
(81441/4, 60, 28)
(81443/4, 67, 32)
(81447/4, 65, 31)
(81449/4, 57, 26)
(81451/4, 53, 24)
(81459/4, 52, 23)
(81461/4, 53, 24)
(81471/4, 64, 30)
(20368, 62, 29)
(81473/4, 52, 23)
(81473/4, 52, 23)
(81475/4, 50, 22)
(81477/4, 49, 22)
(81479/4, 60, 28)
(81485/4, 57, 26)
(81489/4, 48, 21)
(81489/4, 58, 27)
(81497/4, 57, 26)
(81501/4, 48, 21)
(81509/4, 57, 26)
(81511/4, 53, 24)
(81519/4, 60, 28)
(81533/4, 64, 30)
(81535/4, 70, 34)
(81537/4, 69, 33)
(81545/4, 77, 38)
(81549/4, 77, 38)
(81553/4, 77, 38)
(81557/4, 77, 38)
(30000, 41, 17)
(30006, 41, 17)
(30007, 45, 19)
(30008, 50, 22)
(30009, 43, 18)
(60021/2, 45, 19)
(30011, 46, 20)
(60023/2, 41, 17)
(30012, 48, 21)
(30013, 45, 19)
(30014, 40, 16)
(30015, 41, 17)
(30016, 48, 21)
(30016, 38, 15)
(30017, 40, 16)
(30018, 41, 17)
(30018, 48, 21)
(30019, 38, 15)
(30020, 43, 18)
(30021, 36, 14)
(30021, 43, 18)
(30026, 50, 22)
(30027, 43, 18)
(30032, 53, 24)
(30033, 46, 20)
(30036, 46, 20)
(30041, 45, 19)
(30042, 46, 20)
(30043, 48, 21)
(30045, 48, 21)
(30045, 38, 15)
(30046, 40, 16)
(30047, 41, 17)
(30048, 48, 21)
(30048, 38, 15)
(30049, 40, 16)
(30050, 41, 17)
(30053, 36, 14)
(30054, 41, 17)
(30054, 45, 19)
(30075, 50, 22)
(30076, 53, 24)
(60155/2, 52, 23)
(30078, 52, 23)
(60157/2, 51, 22)
(60159/2, 47, 20)
(120319/4, 48, 21)
(30080, 50, 22)
(60161/2, 52, 23)
(30081, 50, 22)
(60163/2, 49, 21)
(60165/2, 45, 19)
(120331/4, 47, 20)
(30083, 48, 21)
(60167/2, 50, 22)
(120335/4, 48, 21)
(30084, 47, 20)
(60169/2, 46, 20)
(30085, 45, 19)
(30086, 57, 26)
(30087, 50, 22)
(60177/2, 57, 26)
(30089, 55, 25)
(60179/2, 59, 27)
(30090, 60, 28)
(90272/3, 58, 27)
(90274/3, 65, 31)
(30093, 67, 32)
(30096, 59, 27)
(30099, 58, 27)
(30100, 57, 26)
(60201/2, 62, 29)
(30101, 59, 28)
(60203/2, 69, 33)
(30102, 62, 29)
(30105, 52, 23)
(30106, 53, 24)
(60215/2, 52, 23)
(30108, 40, 16)
(30109, 46, 20)
(120437/4, 48, 21)
(60219/2, 50, 22)
(30110, 52, 23)
(30111, 48, 21)
(60223/2, 50, 22)
(30114, 64, 30)
(30115, 65, 31)
(60233/2, 64, 30)
(30117, 64, 30)
(60235/2, 60, 28)
(60235/2, 62, 29)
(60235/2, 64, 30)
(60237/2, 59, 27)
(30119, 62, 29)
(60239/2, 64, 30)
(30120, 62, 29)
(60241/2, 60, 28)
(60243/2, 57, 26)
(120487/4, 60, 28)
(120489/4, 62, 29)
(60245/2, 60, 28)
(30123, 59, 27)
(60247/2, 57, 26)
(30124, 59, 27)
(60249/2, 52, 23)
(30126, 69, 33)
(30127, 70, 34)
(60257/2, 69, 33)
(30129, 67, 32)
(120519/4, 67, 32)
(120521/4, 65, 31)
(241045/8, 64, 30)
(60265/2, 69, 33)
(120531/4, 69, 33)
(30133, 69, 33)
(60267/2, 67, 32)
(120535/4, 65, 31)
(120537/4, 64, 30)
(30135, 52, 23)
(30136, 45, 19)
(120545/4, 52, 23)
(30139, 46, 20)
(30143, 46, 20)
(60287/2, 46, 20)
(30144, 46, 20)
(60289/2, 46, 20)
(120579/4, 46, 20)
(120581/4, 46, 20)
(60291/2, 47, 20)
(30147, 48, 21)
(60295/2, 48, 21)
(120593/4, 55, 25)
(120601/4, 50, 22)
(30151, 53, 24)
(120607/4, 53, 24)
(60305/2, 48, 21)
(30153, 48, 21)
(120615/4, 50, 22)
(120617/4, 50, 22)
(120619/4, 52, 23)
(60311/2, 36, 14)
(60311/2, 48, 21)
(120625/4, 48, 21)
(60315/2, 38, 15)
(120631/4, 38, 15)
(120633/4, 40, 16)
(60317/2, 40, 16)
(30159, 41, 17)
(241273/8, 50, 22)
(120639/4, 41, 17)
(241279/8, 50, 22)
(120641/4, 36, 14)
(30162, 36, 14)
(30162, 60, 28)
(30162, 64, 30)
(30163, 38, 15)
(30175, 53, 24)
(30178, 43, 18)
(60357/2, 39, 16)
(30180, 38, 15)
(120721/4, 36, 14)
(60361/2, 40, 16)
(120723/4, 41, 17)
(30181, 43, 18)
(30181, 48, 21)
(30183, 53, 24)
(120733/4, 50, 22)
(60369/2, 46, 20)
(120739/4, 46, 20)
(30185, 43, 18)
(30186, 40, 16)
(60381/2, 36, 14)
(120763/4, 43, 18)
(120767/4, 38, 15)
(30192, 40, 16)
(120769/4, 38, 15)
(60385/2, 40, 16)
(120771/4, 36, 14)
(30193, 40, 16)
(120773/4, 38, 15)
(120773/4, 41, 17)
(60387/2, 48, 21)
(90581/3, 46, 20)
(181163/6, 48, 21)
(30195, 50, 22)
(120781/4, 48, 21)
(60391/2, 50, 22)
(120783/4, 46, 20)
(30196, 52, 23)
(120785/4, 50, 22)
(60393/2, 52, 23)
(120787/4, 48, 21)
(120787/4, 48, 21)
(30197, 53, 24)
(30198, 40, 16)
(30198, 43, 18)
(60397/2, 50, 22)
(120795/4, 48, 21)
(30199, 46, 20)
(120797/4, 43, 18)
(30201, 43, 18)
(30204, 46, 20)
(30205, 47, 20)
(30207, 47, 20)
(60417/2, 48, 21)
(30210, 50, 22)
(30211, 50, 22)
(120845/4, 48, 21)
(60423/2, 46, 20)
(30212, 46, 20)
(30213, 48, 21)
(60427/2, 36, 14)
(30214, 48, 21)
(60429/2, 48, 21)
(30215, 50, 22)
(30216, 53, 24)
(30217, 41, 17)
(60439/2, 58, 27)
(30220, 58, 27)
(60441/2, 58, 27)
(30221, 58, 27)
(30222, 53, 24)
(60445/2, 57, 26)
(120891/4, 52, 24)
(120893/4, 52, 23)
(30225, 50, 22)
(60451/2, 46, 20)
(30226, 41, 17)
(30228, 41, 17)
(60457/2, 38, 15)
(30230, 50, 22)
(30231, 52, 23)
(60463/2, 52, 23)
(60463/2, 52, 23)
(60467/2, 60, 28)
(30234, 46, 20)
(60469/2, 42, 17)
(30235, 43, 18)
(60471/2, 57, 26)
(241887/8, 53, 24)
(241891/8, 55, 25)
(30237, 52, 23)
(60475/2, 43, 18)
(30238, 42, 18)
(30238, 42, 18)
(60477/2, 53, 24)
(30239, 55, 25)
(30240, 52, 23)
(60481/2, 53, 24)
(30241, 49, 22)
(60483/2, 48, 21)
(30242, 46, 20)
(60485/2, 46, 20)
(30246, 45, 19)
(30252, 45, 19)
(30255, 45, 19)
(30258, 45, 19)
(30261, 45, 19)
(30263, 46, 20)
(30264, 47, 20)
(90794/3, 48, 21)
(90796/3, 48, 21)
(30267, 38, 15)
(60535/2, 38, 15)
(30268, 38, 15)
(60537/2, 38, 15)
(30269, 38, 15)
(60539/2, 38, 15)
(30270, 40, 16)
(60541/2, 40, 16)
(121083/4, 40, 16)
(121085/4, 40, 16)
(121087/4, 40, 16)
(121089/4, 40, 16)
(30273, 41, 17)
(60547/2, 41, 17)
(30274, 43, 18)
(60549/2, 43, 18)
(30276, 46, 20)
(60553/2, 46, 20)
(30277, 45, 19)
(30277, 52, 23)
(121117/4, 45, 19)
(30280, 50, 22)
(121123/4, 43, 18)
(121123/4, 50, 22)
(30284, 43, 18)
(30284, 50, 22)
(121139/4, 43, 18)
(121139/4, 50, 22)
(30285, 43, 18)
(30285, 50, 22)
(30296, 36, 14)
(30299, 48, 21)
(30301, 36, 14)
(30302, 41, 17)
(30303, 45, 19)
(30305, 46, 20)
(60611/2, 41, 17)
(30308, 48, 21)
(30309, 40, 16)
(30311, 41, 17)
(30312, 48, 21)
(30312, 38, 15)
(30313, 40, 16)
(30314, 41, 17)
(30315, 38, 15)
(30316, 43, 18)
(30317, 36, 14)
(30317, 43, 18)
(30322, 50, 22)
(30323, 43, 18)
(30328, 53, 24)
(30329, 46, 20)
(30332, 46, 20)
(30338, 46, 20)
(30339, 48, 21)
(30341, 48, 21)
(30341, 38, 15)
(30342, 40, 16)
(30343, 41, 17)
(30344, 48, 21)
(30344, 38, 15)
(30345, 40, 16)
(30346, 41, 17)
(60707/2, 62, 29)
(121415/4, 65, 31)
(121417/4, 67, 32)
(60709/2, 65, 31)
(30355, 64, 30)
(30356, 65, 31)
(30357, 66, 31)
(30358, 62, 29)
(30359, 67, 32)
(30360, 58, 27)
(30361, 60, 28)
(30362, 41, 17)
(60725/2, 38, 15)
(60727/2, 38, 15)
(30364, 36, 14)
(30365, 41, 17)
(30367, 60, 28)
(30368, 65, 31)
(30371, 41, 17)
(60743/2, 45, 19)
(60747/2, 43, 18)
(30374, 41, 17)
(30377, 40, 16)
(60755/2, 41, 17)
(30378, 46, 20)
(60757/2, 41, 17)
(30380, 41, 17)
(30381, 53, 24)
(30386, 65, 31)
(30387, 65, 31)
