(0, 62, 29)
(3, 74, 36)
(13/4, 78, 38)
(7/2, 81, 40)
(15/4, 86, 43)
(4, 90, 45)
(11/2, 88, 44)
(6, 86, 43)
(15/2, 81, 40)
(8, 78, 38)
(19/2, 76, 37)
(10, 74, 36)
(23/2, 69, 33)
(12, 71, 34)
(13, 71, 34)
(55/4, 71, 34)
(14, 71, 34)
(31/2, 69, 33)
(63/4, 71, 34)
(16, 73, 35)
(19, 66, 31)
(77/4, 69, 33)
(39/2, 73, 35)
(79/4, 78, 38)
(20, 81, 40)
(43/2, 80, 39)
(22, 78, 38)
(47/2, 73, 35)
(24, 69, 33)
(51/2, 67, 32)
(26, 66, 31)
(55/2, 61, 28)
(28, 62, 29)
(29, 62, 29)
(119/4, 62, 29)
(30, 62, 29)
(63/2, 61, 28)
(63/2, 73, 35)
(127/4, 62, 29)
(32, 71, 34)
(35, 67, 32)
(141/4, 71, 34)
(71/2, 76, 37)
(143/4, 79, 39)
(36, 83, 41)
(75/2, 81, 40)
(38, 79, 39)
(79/2, 78, 38)
(40, 76, 37)
(83/2, 86, 43)
(42, 85, 42)
(87/2, 83, 41)
(44, 81, 40)
(45, 79, 39)
(183/4, 76, 37)
(46, 69, 33)
(47, 67, 32)
(191/4, 64, 30)
(48, 62, 29)
(56, 81, 40)
(61, 82, 40)
(62, 83, 41)
(63, 79, 39)
(64, 78, 38)
(65, 74, 36)
(66, 81, 40)
(72, 81, 40)
(77, 82, 40)
(78, 83, 41)
(79, 79, 39)
(80, 78, 38)
(161/2, 74, 36)
(81, 73, 35)
(163/2, 74, 36)
(82, 76, 37)
(165/2, 73, 35)
(83, 74, 36)
(167/2, 79, 39)
(84, 78, 38)
(169/2, 74, 36)
(85, 73, 35)
(171/2, 74, 36)
(86, 76, 37)
(173/2, 73, 35)
(87, 74, 36)
(175/2, 79, 39)
(88, 78, 38)
(177/2, 74, 36)
(89, 73, 35)
(179/2, 74, 36)
(90, 76, 37)
(181/2, 73, 35)
(91, 74, 36)
(183/2, 83, 41)
(92, 83, 41)
(185/2, 73, 35)
(93, 74, 36)
(187/2, 83, 41)
(94, 83, 41)
(189/2, 73, 35)
(95, 74, 36)
(191/2, 83, 41)
(96, 82, 40)
(97, 78, 38)
(100, 85, 42)
(101, 78, 38)
(102, 83, 41)
(207/2, 83, 41)
(104, 79, 39)
(314/3, 81, 40)
(316/3, 78, 38)
(106, 74, 36)
(108, 73, 35)
(109, 66, 31)
(110, 71, 34)
(223/2, 71, 34)
(112, 70, 33)
(114, 73, 35)
(118, 73, 35)
(241/2, 66, 31)
(121, 65, 30)
(243/2, 66, 31)
(122, 68, 32)
(245/2, 65, 30)
(123, 66, 31)
(247/2, 70, 33)
(124, 70, 33)
(249/2, 66, 31)
(125, 70, 33)
(251/2, 73, 35)
(126, 73, 35)
(253/2, 70, 33)
(127, 73, 35)
(255/2, 76, 37)
(128, 76, 37)
(257/2, 73, 35)
(129, 76, 37)
(259/2, 79, 39)
(130, 79, 39)
(133, 76, 37)
(134, 73, 35)
(135, 70, 33)
(136, 67, 32)
(137, 64, 30)
(138, 61, 28)
(139, 58, 26)
(140, 59, 27)
(561/4, 61, 28)
(281/2, 62, 29)
(281/2, 64, 30)
(563/4, 66, 31)
(565/4, 69, 33)
(565/4, 69, 33)
(283/2, 69, 33)
(142, 71, 34)
(569/4, 68, 32)
(144, 86, 43)
(147, 74, 36)
(589/4, 78, 38)
(589/4, 81, 40)
(589/4, 81, 40)
(589/4, 86, 43)
(148, 90, 45)
(299/2, 88, 44)
(150, 86, 43)
(303/2, 81, 40)
(152, 78, 38)
(307/2, 76, 37)
(154, 74, 36)
(311/2, 69, 33)
(156, 71, 34)
(157, 71, 34)
(631/4, 71, 34)
(158, 71, 34)
(319/2, 69, 33)
(639/4, 71, 34)
(160, 73, 35)
(163, 66, 31)
(653/4, 69, 33)
(327/2, 73, 35)
(655/4, 78, 38)
(164, 81, 40)
(331/2, 80, 39)
(166, 78, 38)
(335/2, 73, 35)
(168, 78, 38)
(169, 77, 37)
(171, 66, 31)
(171, 69, 33)
(172, 81, 40)
(345/2, 80, 39)
(173, 78, 38)
(347/2, 69, 33)
(174, 66, 31)
(175, 61, 28)
(351/2, 78, 38)
(176, 78, 38)
(177, 77, 37)
(179, 62, 29)
(179, 69, 33)
(717/4, 64, 30)
(717/4, 73, 35)
(359/2, 78, 38)
(719/4, 81, 40)
(180, 85, 42)
(361/2, 83, 41)
(181, 81, 40)
(363/2, 80, 39)
(182, 78, 38)
(365/2, 73, 35)
(183, 69, 33)
(367/2, 66, 31)
(184, 67, 32)
(739/4, 69, 33)
(741/4, 71, 34)
(743/4, 74, 36)
(749/4, 76, 37)
(188, 88, 44)
(565/3, 86, 43)
(568/3, 85, 42)
(569/3, 83, 41)
(190, 81, 40)
(381/2, 76, 37)
(383/2, 73, 35)
(192, 71, 34)
(385/2, 73, 35)
(771/4, 74, 36)
(387/2, 76, 37)
(775/4, 78, 38)
(779/4, 71, 34)
(195, 76, 37)
(196, 88, 44)
(393/2, 86, 43)
(197, 85, 42)
(395/2, 83, 41)
(198, 81, 40)
(397/2, 80, 39)
(199, 78, 38)
(399/2, 76, 37)
(200, 74, 36)
(401/2, 73, 35)
(201, 71, 34)
(403/2, 69, 33)
(202, 68, 32)
(405/2, 66, 31)
(203, 64, 30)
(407/2, 63, 29)
(204, 62, 29)
(205, 59, 27)
(206, 57, 26)
(207, 59, 27)
(208, 61, 28)
(210, 59, 27)
(213, 71, 34)
(214, 69, 33)
(215, 64, 30)
(216, 64, 30)
(218, 63, 29)
(223, 76, 37)
(224, 76, 37)
(226, 75, 36)
(228, 74, 36)
(231, 74, 36)
(232, 73, 35)
(465/2, 69, 33)
(233, 66, 31)
(233, 67, 32)
(467/2, 69, 33)
(234, 71, 34)
(469/2, 67, 32)
(235, 69, 33)
(471/2, 81, 40)
(236, 81, 40)
(239, 74, 36)
(481/2, 69, 33)
(241, 68, 32)
(483/2, 69, 33)
(242, 71, 34)
(485/2, 68, 32)
(243, 69, 33)
(487/2, 81, 40)
(244, 81, 40)
(246, 74, 36)
(497/2, 68, 32)
(249, 69, 33)
(499/2, 71, 34)
(250, 68, 32)
(501/2, 69, 33)
(251, 76, 37)
(252, 76, 37)
(253, 74, 36)
(509/2, 70, 33)
(255, 71, 34)
(511/2, 74, 36)
(256, 74, 36)
(257, 73, 35)
(517/2, 66, 31)
(259, 69, 33)
(519/2, 73, 35)
(260, 73, 35)
(261, 71, 34)
(525/2, 59, 27)
(263, 64, 30)
(527/2, 68, 32)
(264, 69, 33)
(537/2, 69, 33)
(269, 68, 32)
(539/2, 69, 33)
(270, 71, 34)
(541/2, 68, 32)
(271, 69, 33)
(543/2, 81, 40)
(272, 81, 40)
(545/2, 80, 39)
(273, 78, 38)
(547/2, 76, 37)
(274, 78, 38)
(549/2, 76, 37)
(275, 74, 36)
(551/2, 71, 34)
(276, 69, 33)
(278, 73, 35)
(559/2, 71, 34)
(280, 69, 33)
(283, 61, 28)
(284, 66, 31)
(286, 61, 28)
(287, 69, 33)
(288, 69, 33)
(290, 68, 32)
(291, 65, 30)
(292, 66, 31)
(293, 61, 28)
(294, 66, 31)
(296, 69, 33)
(298, 68, 32)
(299, 65, 30)
(300, 66, 31)
(301, 61, 28)
(302, 66, 31)
(303, 69, 33)
(304, 73, 35)
(306, 71, 34)
(307, 69, 33)
(308, 69, 33)
(309, 69, 33)
(310, 71, 34)
(311, 68, 32)
(312, 69, 33)
(315, 61, 28)
(316, 66, 31)
(318, 61, 28)
(319, 69, 33)
(320, 69, 33)
(322, 68, 32)
(323, 65, 30)
(324, 61, 28)
(325, 69, 33)
(328, 69, 33)
(330, 62, 29)
(331, 64, 30)
(332, 69, 33)
(333, 73, 35)
(336, 76, 37)
(338, 74, 36)
(339, 71, 34)
(340, 66, 31)
(342, 68, 32)
(344, 69, 33)
(346, 71, 34)
(346, 71, 34)
(348, 73, 35)
(350, 74, 36)
(352, 76, 37)
(359, 61, 28)
(360, 78, 38)
(723/2, 76, 37)
(362, 74, 36)
(727/2, 71, 34)
(364, 72, 35)
(366, 65, 31)
(368, 81, 40)
(369, 73, 35)
(369, 74, 36)
(369, 76, 37)
(372, 76, 37)
(375, 67, 32)
(1501/4, 79, 39)
(376, 84, 42)
(377, 79, 39)
(755/2, 73, 35)
(1511/4, 76, 37)
(378, 79, 39)
(1513/4, 84, 42)
(380, 88, 44)
(763/2, 86, 43)
(382, 83, 41)
(767/2, 79, 39)
(384, 76, 37)
(771/2, 76, 37)
(386, 74, 36)
(773/2, 71, 34)
(388, 69, 33)
(777/2, 66, 31)
(777/2, 81, 40)
(777/2, 66, 31)
(781/2, 78, 38)
(781/2, 79, 39)
(391, 78, 38)
(783/2, 74, 36)
(392, 73, 35)
(785/2, 85, 42)
(785/2, 69, 33)
(393, 78, 38)
(787/2, 78, 38)
(787/2, 81, 40)
(396, 76, 37)
(793/2, 81, 40)
(793/2, 81, 40)
(400, 81, 40)
(401, 73, 35)
(803/2, 62, 29)
(404, 76, 37)
(404, 73, 35)
(404, 76, 37)
(809/2, 81, 40)
(405, 78, 38)
(405, 79, 39)
(405, 81, 40)
(408, 73, 35)
(1225/3, 81, 40)
(1226/3, 85, 42)
(409, 83, 41)
(819/2, 81, 40)
(410, 78, 38)
(821/2, 78, 38)
(821/2, 81, 40)
(412, 76, 37)
(1237/3, 81, 40)
(1238/3, 90, 45)
(413, 88, 44)
(829/2, 79, 39)
(416, 81, 40)
(419, 81, 40)
(420, 88, 44)
(841/2, 86, 43)
(1685/4, 79, 39)
(1687/4, 76, 37)
(1689/4, 74, 36)
(1691/4, 73, 35)
(1693/4, 71, 34)
(424, 69, 33)
(1709/4, 85, 42)
(428, 88, 44)
(1715/4, 78, 38)
(1715/4, 81, 40)
(1717/4, 79, 39)
(1719/4, 76, 37)
(432, 79, 39)
(436, 88, 44)
(873/2, 83, 41)
(437, 78, 38)
(875/2, 76, 37)
(438, 83, 41)
(877/2, 86, 43)
(440, 78, 38)
(440, 79, 39)
(440, 81, 40)
(443, 71, 34)
(1773/4, 79, 39)
(444, 88, 44)
(445, 74, 36)
(448, 69, 33)
(897/2, 71, 34)
(449, 73, 35)
(899/2, 68, 32)
(450, 71, 34)
(452, 71, 34)
(905/2, 73, 35)
(453, 74, 36)
(907/2, 76, 37)
(454, 79, 39)
(456, 74, 36)
(913/2, 78, 38)
(457, 79, 39)
(915/2, 71, 34)
(458, 74, 36)
(460, 69, 33)
(921/2, 73, 35)
(921/2, 71, 34)
(461, 66, 31)
(923/2, 67, 32)
(464, 59, 27)
(933/2, 67, 32)
(467, 57, 26)
(1877/4, 64, 30)
(939/2, 67, 32)
(470, 76, 37)
(1881/4, 74, 36)
(941/2, 73, 35)
(1883/4, 71, 34)
(471, 69, 33)
(1885/4, 71, 34)
(943/2, 73, 35)
(1887/4, 76, 37)
(472, 78, 38)
(1889/4, 79, 39)
(1891/4, 90, 45)
(1903/4, 91, 46)
(1909/4, 88, 44)
(1915/4, 78, 38)
(1925/4, 76, 37)
(1929/4, 66, 31)
(1937/4, 69, 33)
(1949/4, 84, 42)
(1953/4, 81, 40)
(1955/4, 78, 38)
(1961/4, 72, 35)
(1973/4, 62, 29)
(1977/4, 62, 29)
(495, 62, 29)
(2001/4, 62, 29)
(2005/4, 62, 29)
(502, 62, 29)
(2029/4, 73, 35)
(2081/4, 74, 36)
(2085/4, 71, 34)
(2089/4, 67, 32)
(2097/4, 74, 36)
(2189/4, 76, 37)
(2197/4, 78, 38)
(2203/4, 71, 34)
(2205/4, 70, 33)
(2207/4, 71, 34)
(2209/4, 73, 35)
(2211/4, 70, 33)
(2213/4, 74, 36)
(2215/4, 71, 34)
(2217/4, 70, 33)
(2219/4, 71, 34)
(2221/4, 73, 35)
(2223/4, 70, 33)
(2225/4, 74, 36)
(2227/4, 71, 34)
(2229/4, 70, 33)
(2231/4, 71, 34)
(2233/4, 73, 35)
(2235/4, 70, 33)
(2237/4, 78, 38)
(2239/4, 70, 33)
(2241/4, 71, 34)
(2243/4, 78, 38)
(2245/4, 78, 38)
(2247/4, 70, 33)
(2249/4, 83, 41)
(2253/4, 73, 35)
(2265/4, 73, 35)
(2271/4, 61, 28)
(2273/4, 69, 33)
(2335/4, 60, 28)
(2337/4, 59, 27)
(2339/4, 64, 30)
(2341/4, 64, 30)
(2349/4, 71, 34)
(2355/4, 59, 27)
(2357/4, 67, 32)
(2361/4, 67, 32)
(2369/4, 71, 34)
(2373/4, 67, 32)
(2381/4, 74, 36)
(2385/4, 67, 32)
(2397/4, 71, 34)
(2407/4, 67, 32)
(2409/4, 66, 31)
(2411/4, 67, 32)
(2413/4, 69, 33)
(2415/4, 66, 31)
(2417/4, 69, 33)
(2419/4, 65, 31)
(2421/4, 64, 30)
(2423/4, 65, 31)
(2425/4, 67, 32)
(2427/4, 64, 30)
(2429/4, 68, 33)
(2431/4, 65, 31)
(2433/4, 68, 33)
(2435/4, 71, 34)
(2437/4, 71, 34)
(2439/4, 68, 33)
(2441/4, 74, 36)
(2443/4, 71, 34)
(2445/4, 74, 36)
(2447/4, 77, 38)
(2449/4, 77, 38)
(2451/4, 74, 36)
(2469/4, 81, 40)
(2473/4, 77, 38)
(2477/4, 74, 36)
(2481/4, 68, 33)
(2485/4, 65, 31)
(2489/4, 62, 29)
(2493/4, 60, 28)
(1247/2, 62, 29)
(2495/4, 64, 30)
(624, 65, 31)
(2497/4, 67, 32)
(1249/2, 69, 33)
(2499/4, 71, 34)
(625, 72, 35)
(2501/4, 74, 36)
(1251/2, 76, 37)
(2503/4, 77, 38)
(626, 79, 39)
(2505/4, 88, 44)
(2511/4, 86, 43)
(2517/4, 76, 37)
(2523/4, 74, 36)
(2529/4, 64, 30)
(2533/4, 64, 30)
(2535/4, 64, 30)
(2541/4, 67, 32)
(2553/4, 79, 39)
(2555/4, 77, 38)
(2557/4, 76, 37)
(2559/4, 73, 35)
(2561/4, 69, 33)
(2563/4, 67, 32)
(2565/4, 57, 26)
(2567/4, 64, 30)
(2569/4, 62, 29)
(2571/4, 61, 28)
(2573/4, 67, 32)
(2575/4, 66, 31)
(2577/4, 69, 33)
(2579/4, 67, 32)
(2581/4, 76, 37)
(2583/4, 74, 36)
(2589/4, 82, 41)
(2591/4, 79, 39)
(2593/4, 76, 37)
(2595/4, 74, 36)
(2597/4, 73, 35)
(2601/4, 90, 45)
(2607/4, 88, 44)
(2613/4, 78, 38)
(2619/4, 76, 37)
(2625/4, 66, 31)
(2629/4, 66, 31)
(658, 66, 31)
(2637/4, 74, 36)
(2649/4, 81, 40)
(2651/4, 79, 39)
(2653/4, 78, 38)
(2655/4, 75, 36)
(2657/4, 71, 34)
(2659/4, 69, 33)
(2661/4, 59, 27)
(2663/4, 66, 31)
(2665/4, 64, 30)
(2667/4, 63, 29)
(2669/4, 69, 33)
(2671/4, 67, 32)
(2673/4, 71, 34)
(2675/4, 69, 33)
(2677/4, 78, 38)
(2679/4, 76, 37)
(2681/4, 75, 36)
(2683/4, 78, 38)
(2685/4, 83, 41)
(2687/4, 81, 40)
(2689/4, 79, 39)
(2691/4, 78, 38)
(2693/4, 76, 37)
(2695/4, 74, 36)
(2697/4, 85, 42)
(2699/4, 83, 41)
(2701/4, 82, 40)
(2703/4, 79, 39)
(2705/4, 78, 38)
(2707/4, 76, 37)
(2709/4, 71, 34)
(2711/4, 66, 31)
(2713/4, 62, 29)
(1357/2, 66, 31)
(2715/4, 71, 34)
(679, 74, 36)
(2717/4, 78, 38)
(2719/4, 74, 36)
(2721/4, 86, 43)
(2723/4, 85, 42)
(2725/4, 83, 41)
(2727/4, 81, 40)
(2729/4, 79, 39)
(2731/4, 78, 38)
(2733/4, 73, 35)
(2735/4, 69, 33)
(2737/4, 64, 30)
(1369/2, 69, 33)
(2739/4, 73, 35)
(685, 76, 37)
(2741/4, 81, 40)
(2743/4, 76, 37)
(2745/4, 88, 44)
(2747/4, 86, 43)
(2749/4, 85, 42)
(2751/4, 83, 41)
(2753/4, 81, 40)
(2755/4, 79, 39)
(2757/4, 81, 40)
(2759/4, 79, 39)
(2761/4, 78, 38)
(2763/4, 76, 37)
(2765/4, 74, 36)
(2767/4, 72, 35)
(2769/4, 67, 32)
(2773/4, 74, 36)
(2781/4, 79, 39)
(2785/4, 78, 38)
(2797/4, 78, 38)
(2805/4, 81, 40)
(2817/4, 86, 43)
(2827/4, 81, 40)
(2829/4, 88, 44)
(2833/4, 64, 30)
(1417/2, 69, 33)
(2835/4, 72, 35)
(709, 76, 37)
(2837/4, 81, 40)
(2845/4, 68, 32)
(1423/2, 71, 34)
(2847/4, 76, 37)
(712, 80, 39)
(2849/4, 83, 41)
(2857/4, 59, 27)
(1429/2, 64, 30)
(2859/4, 68, 32)
(715, 71, 34)
(2861/4, 76, 37)
(2869/4, 70, 33)
(1435/2, 73, 35)
(2871/4, 76, 37)
(718, 82, 40)
(2873/4, 85, 42)
(2881/4, 58, 26)
(1441/2, 61, 28)
(2883/4, 64, 30)
(721, 67, 32)
(2885/4, 66, 31)
(2889/4, 83, 41)
(2899/4, 82, 40)
(5079/7, 82, 40)
(5079/7, 83, 41)
(7259/10, 85, 42)
(2905/4, 86, 43)
(2907/4, 85, 42)
(2907/4, 88, 44)
(2909/4, 88, 44)
(2913/4, 90, 45)
(2919/4, 85, 42)
(2921/4, 79, 39)
(2925/4, 78, 38)
(2931/4, 73, 35)
(2937/4, 66, 31)
(2961/4, 90, 45)
(2965/4, 85, 42)
(2967/4, 79, 39)
(2973/4, 78, 38)
(2979/4, 73, 35)
(2985/4, 69, 33)
(2991/4, 72, 35)
(2997/4, 74, 36)
(3003/4, 78, 38)
(3009/4, 83, 41)
(3015/4, 79, 39)
(3021/4, 71, 34)
(3027/4, 68, 32)
(3029/4, 59, 27)
(3033/4, 59, 27)
(3039/4, 64, 30)
(3045/4, 73, 35)
(3051/4, 76, 37)
(3057/4, 78, 38)
(3059/4, 76, 37)
(3063/4, 71, 34)
(3069/4, 69, 33)
(3073/4, 61, 28)
(3097/4, 61, 28)
(3109/4, 81, 40)
(3115/4, 73, 35)
(3115/4, 74, 36)
(3115/4, 76, 37)
(3119/4, 71, 34)
(3121/4, 69, 33)
(3127/4, 66, 31)
(3181/4, 60, 27)
(3193/4, 57, 26)
(3205/4, 64, 30)
(3209/4, 67, 32)
(3217/4, 69, 33)
(3229/4, 73, 35)
(3241/4, 71, 34)
(3243/4, 73, 35)
(3249/4, 74, 36)
(3253/4, 78, 38)
(3255/4, 79, 39)
(3261/4, 79, 39)
(1633/2, 69, 33)
(3267/4, 64, 30)
(817, 69, 33)
(3269/4, 73, 35)
(1635/2, 76, 37)
(3277/4, 81, 40)
(3281/4, 69, 33)
(1641/2, 73, 35)
(3283/4, 81, 40)
(821, 85, 42)
(822, 74, 36)
(3289/4, 90, 45)
(3295/4, 88, 44)
(3297/4, 86, 43)
(3301/4, 81, 40)
(3313/4, 78, 38)
(3319/4, 76, 37)
(3325/4, 71, 34)
(3329/4, 71, 34)
(833, 64, 30)
(3337/4, 73, 35)
(3349/4, 81, 40)
(3355/4, 80, 39)
(3361/4, 69, 33)
(3367/4, 66, 31)
(3373/4, 62, 29)
(3377/4, 62, 29)
(3385/4, 71, 34)
(3385/4, 71, 34)
(3397/4, 83, 41)
(3403/4, 81, 40)
(3409/4, 86, 43)
(3411/4, 85, 42)
(3415/4, 83, 41)
(3421/4, 69, 33)
(3425/4, 67, 32)
(3427/4, 64, 30)
(3427/4, 74, 36)
(3433/4, 62, 29)
(3457/4, 64, 30)
(3459/4, 67, 32)
(3461/4, 62, 29)
(3463/4, 61, 28)
(3465/4, 64, 30)
(3467/4, 62, 29)
(3469/4, 57, 26)
(3473/4, 61, 28)
(3481/4, 64, 30)
(3483/4, 67, 32)
(3485/4, 64, 30)
(3487/4, 66, 31)
(3495/4, 69, 33)
(3497/4, 66, 31)
(3499/4, 62, 29)
(3501/4, 61, 28)
(3503/4, 64, 30)
(3521/4, 81, 40)
(3529/4, 83, 41)
(3533/4, 78, 38)
(3535/4, 74, 36)
(3537/4, 73, 35)
(3539/4, 74, 36)
(3541/4, 76, 37)
(3543/4, 73, 35)
(3545/4, 78, 38)
(3547/4, 74, 36)
(3549/4, 73, 35)
(3551/4, 74, 36)
(3553/4, 76, 37)
(3555/4, 73, 35)
(3557/4, 78, 38)
(3559/4, 74, 36)
(3561/4, 74, 36)
(3563/4, 76, 37)
(3565/4, 73, 35)
(3567/4, 74, 36)
(3569/4, 83, 41)
(3571/4, 73, 35)
(3573/4, 74, 36)
(3575/4, 83, 41)
(3577/4, 81, 40)
(3579/4, 73, 35)
(3581/4, 80, 39)
(3593/4, 85, 42)
(3597/4, 81, 40)
(3601/4, 80, 39)
(3605/4, 81, 40)
(3635/4, 74, 36)
(3637/4, 73, 35)
(3639/4, 74, 36)
(3641/4, 76, 37)
(3643/4, 73, 35)
(3645/4, 79, 39)
(3659/4, 74, 36)
(3661/4, 73, 35)
(3663/4, 74, 36)
(3665/4, 76, 37)
(3667/4, 73, 35)
(3669/4, 86, 43)
(3683/4, 74, 36)
(3685/4, 73, 35)
(3687/4, 74, 36)
(3689/4, 76, 37)
(3691/4, 73, 35)
(3693/4, 81, 40)
(3697/4, 80, 39)
(3703/4, 75, 36)
(3705/4, 79, 39)
(3709/4, 78, 38)
(3715/4, 73, 35)
(3717/4, 78, 38)
(3721/4, 76, 37)
(3729/4, 74, 36)
(3743/4, 74, 36)
(3745/4, 73, 35)
(3747/4, 74, 36)
(3749/4, 76, 37)
(3751/4, 73, 35)
(3753/4, 86, 43)
(3755/4, 85, 42)
(3757/4, 83, 41)
(3759/4, 81, 40)
(3761/4, 83, 41)
(3763/4, 81, 40)
(3765/4, 74, 36)
(3773/4, 73, 35)
(3777/4, 74, 36)
(3789/4, 71, 34)
(3797/4, 66, 31)
(3801/4, 74, 36)
(3809/4, 73, 35)
(3813/4, 71, 34)
(3817/4, 66, 31)
(3821/4, 71, 34)
(3825/4, 74, 36)
(3825/4, 78, 38)
(3833/4, 73, 35)
(3837/4, 71, 34)
(3841/4, 66, 31)
(3845/4, 71, 34)
(3849/4, 78, 38)
(3857/4, 76, 37)
(3861/4, 74, 36)
(3865/4, 74, 36)
(3869/4, 76, 37)
(3873/4, 74, 36)
(3885/4, 71, 34)
(3893/4, 66, 31)
(3897/4, 74, 36)
(3905/4, 73, 35)
(3909/4, 71, 34)
(3913/4, 66, 31)
(3917/4, 71, 34)
(3921/4, 74, 36)
(3929/4, 73, 35)
(3933/4, 71, 34)
(3939/4, 71, 34)
(3941/4, 74, 36)
(3945/4, 81, 40)
(3953/4, 79, 39)
(3957/4, 71, 34)
(3969/4, 74, 36)
(3981/4, 78, 38)
(4021/4, 83, 41)
(4027/4, 81, 40)
(4033/4, 77, 38)
(4045/4, 86, 43)
(4051/4, 84, 42)
(4057/4, 81, 40)
(4069/4, 81, 40)
(4075/4, 79, 39)
(4081/4, 81, 40)
(4087/4, 79, 39)
(4093/4, 69, 33)
(4099/4, 71, 34)
(4101/4, 69, 33)
(4103/4, 67, 32)
(4105/4, 62, 29)
(4107/4, 66, 31)
(4109/4, 69, 33)
(4111/4, 74, 36)
(4113/4, 73, 35)
(4115/4, 71, 34)
(4117/4, 66, 31)
(4119/4, 74, 36)
(4121/4, 74, 36)
(4129/4, 64, 30)
(4129/4, 62, 29)
(4131/4, 66, 31)
(4133/4, 67, 32)
(4135/4, 81, 40)
(4141/4, 74, 36)
(4147/4, 78, 38)
(4149/4, 81, 40)
(4151/4, 79, 39)
(4153/4, 74, 36)
(4155/4, 78, 38)
(4157/4, 81, 40)
(4159/4, 86, 43)
(4161/4, 85, 42)
(4163/4, 83, 41)
(4165/4, 78, 38)
(7291/7, 81, 40)
(10419/10, 86, 43)
(4169/4, 90, 45)
(5221/5, 81, 40)
(5226/5, 90, 45)
(7320/7, 81, 40)
(5236/5, 86, 43)
(5251/5, 81, 40)
(7355/7, 79, 39)
(5256/5, 76, 37)
(1052, 69, 33)
(9472/9, 67, 32)
(5266/5, 62, 29)
(5281/5, 81, 40)
(1057, 69, 33)
(9517/9, 73, 35)
(1058, 79, 39)
(5296/5, 73, 35)
(5311/5, 81, 40)
(5326/5, 73, 35)
(5341/5, 86, 43)
(5356/5, 78, 38)
(5371/5, 86, 43)
(7523/7, 80, 40)
(9679/9, 74, 36)
(9688/9, 74, 36)
(7537/7, 78, 38)
(1077, 80, 40)
(5386/5, 86, 43)
(5391/5, 78, 38)
(7551/7, 74, 36)
(5401/5, 86, 43)
(5406/5, 74, 36)
(5411/5, 72, 35)
(5416/5, 71, 34)
(7586/7, 71, 34)
(5421/5, 67, 32)
(7593/7, 67, 32)
(5431/5, 71, 34)
(5436/5, 83, 41)
(5441/5, 84, 42)
(7621/7, 83, 41)
(5446/5, 79, 39)
(7628/7, 81, 40)
(5451/5, 79, 39)
(7635/7, 78, 38)
(5456/5, 78, 38)
(7642/7, 74, 36)
(5461/5, 71, 34)
(5461/5, 74, 36)
(7649/7, 73, 35)
(5466/5, 74, 36)
(7656/7, 66, 31)
(7656/7, 69, 33)
(5471/5, 81, 40)
(7670/7, 79, 39)
(5481/5, 78, 38)
(5491/5, 79, 39)
(7691/7, 78, 38)
(5496/5, 74, 36)
(7698/7, 73, 35)
(5501/5, 74, 36)
(5506/5, 77, 38)
(7712/7, 69, 33)
(5511/5, 81, 40)
(7719/7, 79, 39)
(5516/5, 77, 38)
(7726/7, 74, 36)
(5521/5, 74, 36)
(7733/7, 69, 33)
(5526/5, 70, 34)
(7740/7, 69, 33)
(5531/5, 70, 34)
(7747/7, 67, 32)
(5536/5, 67, 32)
(7754/7, 62, 29)
(5541/5, 63, 30)
(7761/7, 62, 29)
(5546/5, 63, 30)
(7768/7, 67, 32)
(5551/5, 67, 32)
(7775/7, 63, 30)
(5556/5, 72, 35)
(7782/7, 70, 34)
(5561/5, 69, 33)
(7789/7, 67, 32)
(5566/5, 79, 39)
(7803/7, 77, 38)
(5576/5, 74, 36)
(5581/5, 73, 35)
(5586/5, 79, 39)
(5591/5, 78, 38)
(7831/7, 74, 36)
(5596/5, 71, 34)
(5596/5, 73, 35)
(5596/5, 74, 36)
(5601/5, 82, 41)
(7845/7, 78, 38)
(5611/5, 73, 35)
(5621/5, 64, 30)
(5621/5, 67, 32)
(7873/7, 67, 32)
(5626/5, 57, 26)
(9019/8, 64, 30)
(10148/9, 67, 32)
(7894/7, 71, 34)
(1128, 73, 35)
(5641/5, 74, 36)
(10156/9, 69, 33)
(7901/7, 71, 34)
(1129, 73, 35)
(5646/5, 78, 38)
(10165/9, 79, 39)
(7908/7, 83, 41)
(5656/5, 90, 45)
(7929/7, 88, 44)
(5671/5, 78, 38)
(5681/5, 74, 36)
(10228/9, 78, 38)
(7957/7, 83, 41)
(1137, 86, 43)
(5686/5, 90, 45)
(7971/7, 88, 44)
(5701/5, 78, 38)
(5716/5, 81, 40)
(5731/5, 81, 40)
(8041/7, 83, 41)
(1149, 85, 42)
(5746/5, 81, 40)
(5761/5, 81, 40)
(8076/7, 90, 45)
(5771/5, 83, 41)
(5776/5, 81, 40)
(8097/7, 78, 38)
(5791/5, 69, 33)
(8118/7, 66, 31)
(5806/5, 66, 31)
(5821/5, 62, 29)
(5836/5, 90, 45)
(8181/7, 88, 44)
(5851/5, 78, 38)
(5866/5, 90, 45)
(8223/7, 88, 44)
(5881/5, 78, 38)
(5896/5, 81, 40)
(5911/5, 81, 40)
(8293/7, 83, 41)
(1185, 85, 42)
(5946/5, 81, 40)
(8335/7, 90, 45)
(5961/5, 81, 40)
(8356/7, 78, 38)
(5976/5, 69, 33)
(8377/7, 66, 31)
(5991/5, 66, 31)
(6006/5, 62, 29)
(8412/7, 62, 29)
(6011/5, 61, 28)
(8419/7, 62, 29)
(6016/5, 64, 30)
(8426/7, 61, 28)
(6021/5, 66, 31)
(8433/7, 62, 29)
(6026/5, 61, 28)
(8440/7, 62, 29)
(6031/5, 64, 30)
(8447/7, 61, 28)
(6036/5, 69, 33)
(8454/7, 74, 36)
(6041/5, 73, 35)
(8461/7, 74, 36)
(6046/5, 76, 37)
(8468/7, 73, 35)
(6051/5, 78, 38)
(8475/7, 74, 36)
(6056/5, 73, 35)
(8482/7, 74, 36)
(6061/5, 76, 37)
(8489/7, 73, 35)
(6066/5, 81, 40)
(8496/7, 74, 36)
(6071/5, 73, 35)
(8503/7, 74, 36)
(6076/5, 76, 37)
(8510/7, 73, 35)
(6081/5, 81, 40)
(8517/7, 76, 37)
(6086/5, 79, 39)
(8524/7, 78, 38)
(6091/5, 79, 39)
(8531/7, 76, 37)
(6096/5, 78, 38)
(6101/5, 81, 40)
(6111/5, 86, 43)
(6116/5, 85, 42)
(6121/5, 83, 41)
(6126/5, 81, 40)
(6131/5, 74, 36)
(6141/5, 85, 42)
(8601/7, 69, 33)
(6146/5, 84, 42)
(8608/7, 69, 33)
(6151/5, 83, 41)
(8615/7, 69, 33)
(6156/5, 81, 40)
(8622/7, 69, 33)
(6161/5, 81, 40)
(8629/7, 69, 33)
(6166/5, 80, 39)
(8636/7, 69, 33)
(6171/5, 78, 38)
(6176/5, 83, 41)
(6181/5, 81, 40)
(6186/5, 62, 29)
(6186/5, 74, 36)
(6191/5, 62, 29)
(6201/5, 78, 38)
(6206/5, 66, 31)
(6216/5, 81, 40)
(6221/5, 69, 33)
(6231/5, 81, 40)
(6236/5, 69, 33)
(11227/9, 74, 36)
(8734/7, 78, 38)
(1248, 81, 40)
(6246/5, 90, 45)
(8755/7, 88, 44)
(6261/5, 78, 38)
(8776/7, 76, 37)
(6276/5, 66, 31)
(8797/7, 64, 30)
(6291/5, 62, 29)
(6291/5, 74, 36)
(6291/5, 83, 41)
(6301/5, 57, 26)
(6301/5, 64, 30)
(6301/5, 73, 35)
(6306/5, 57, 26)
(6306/5, 66, 31)
(6306/5, 74, 36)
(10000, 62, 29)
(10000, 69, 33)
(10000, 83, 41)
(10002, 62, 29)
(10002, 69, 33)
(10002, 78, 38)
(10002, 81, 40)
(10004, 62, 29)
(10004, 69, 33)
(10004, 81, 40)
(10006, 62, 29)
(10006, 69, 33)
(10008, 62, 29)
(10008, 69, 33)
(10008, 83, 41)
(10010, 62, 29)
(10010, 69, 33)
(10010, 81, 40)
(10012, 68, 32)
(10012, 81, 40)
(10016, 66, 31)
(10016, 69, 33)
(10016, 77, 38)
(10016, 81, 40)
(10020, 66, 31)
(10020, 69, 33)
(10020, 78, 38)
(10020, 81, 40)
(10022, 66, 31)
(10022, 69, 33)
(10022, 78, 38)
(10022, 81, 40)
(10025, 66, 31)
(10025, 78, 38)
(10025, 81, 40)
(10028, 61, 28)
(20057/2, 57, 26)
(20057/2, 62, 29)
(20057/2, 73, 35)
(20057/2, 76, 37)
(10032, 73, 35)
(10032, 76, 37)
(10036, 67, 32)
(10039, 81, 40)
(10040, 71, 34)
(10042, 82, 40)
(10044, 69, 33)
(10046, 61, 28)
(10048, 62, 29)
(20097/2, 62, 29)
(10049, 61, 28)
(20099/2, 62, 29)
(10050, 64, 30)
(20101/2, 61, 28)
(10051, 62, 29)
(20103/2, 66, 31)
(10052, 67, 32)
(20105/2, 64, 30)
(10053, 66, 31)
(20107/2, 69, 33)
(10054, 71, 34)
(20109/2, 67, 32)
(10055, 69, 33)
(20111/2, 74, 36)
(10056, 78, 38)
(10056, 73, 35)
(20113/2, 47, 20)
(20113/2, 76, 37)
(10057, 74, 36)
(10057, 79, 39)
(20115/2, 71, 34)
(20115/2, 76, 37)
(10058, 69, 33)
(20117/2, 73, 35)
(10059, 71, 34)
(20119/2, 67, 32)
(10060, 66, 31)
(20121/2, 69, 33)
(10061, 67, 32)
(20123/2, 64, 30)
(10062, 62, 29)
(20125/2, 66, 31)
(10063, 64, 30)
(20127/2, 61, 28)
(10064, 62, 29)
(20135/2, 62, 29)
(10068, 64, 30)
(20137/2, 61, 28)
(10069, 62, 29)
(20139/2, 66, 31)
(10070, 67, 32)
(20141/2, 64, 30)
(10071, 66, 31)
(20143/2, 71, 34)
(10072, 69, 33)
(20145/2, 73, 35)
(10073, 71, 34)
(20147/2, 67, 32)
(10074, 66, 31)
(20149/2, 69, 33)
(10075, 67, 32)
(20151/2, 64, 30)
(10076, 62, 29)
(10077, 61, 28)
(10081, 62, 29)
(10082, 67, 32)
(20167/2, 62, 29)
(10084, 62, 29)
(10085, 66, 31)
(10086, 67, 32)
(20175/2, 62, 29)
(10088, 62, 29)
(10089, 66, 31)
(10090, 67, 32)
(20183/2, 62, 29)
(10092, 66, 31)
(10093, 62, 29)
(20187/2, 62, 29)
(20189/2, 64, 30)
(20191/2, 62, 29)
(20193/2, 66, 31)
(10097, 65, 30)
(20195/2, 66, 31)
(10098, 67, 32)
(20197/2, 65, 30)
(10099, 66, 31)
(20199/2, 71, 34)
(10100, 67, 32)
(10101, 69, 33)
(20203/2, 66, 31)
(40407/4, 66, 31)
(10102, 67, 32)
(20205/2, 64, 30)
(10103, 66, 31)
(20207/2, 71, 34)
(10104, 73, 35)
(20209/2, 62, 29)
(20209/2, 66, 31)
(20209/2, 66, 31)
(10105, 64, 30)
(20211/2, 66, 31)
(10106, 67, 32)
(10108, 70, 33)
(20217/2, 66, 31)
(10109, 65, 30)
(20219/2, 66, 31)
(10110, 67, 32)
(20221/2, 65, 30)
(10111, 66, 31)
(20223/2, 71, 34)
(20225/2, 66, 31)
(10113, 65, 30)
(20227/2, 66, 31)
(10114, 68, 32)
(10115, 65, 30)
(20233/2, 66, 31)
(10117, 65, 30)
(20235/2, 66, 31)
(10118, 68, 32)
(10119, 65, 30)
(10140, 57, 26)
(10143, 57, 26)
(10143, 69, 33)
(10144, 62, 29)
(10144, 76, 37)
(20289/2, 62, 29)
(20289/2, 69, 33)
(20289/2, 78, 38)
(20289/2, 81, 40)
(10148, 62, 29)
(10148, 69, 33)
(10148, 78, 38)
(10148, 81, 40)
(10150, 62, 29)
(10150, 69, 33)
(10150, 78, 38)
(10150, 81, 40)
(10152, 62, 29)
(10152, 69, 33)
(10154, 83, 41)
(10156, 67, 32)
(10158, 76, 37)
(10158, 79, 39)
(10159, 76, 37)
(10159, 79, 39)
(10161, 66, 31)
(10161, 69, 33)
(10161, 76, 37)
(10161, 78, 38)
(10161, 79, 39)
(10164, 66, 31)
(10166, 78, 38)
(10166, 81, 40)
(10168, 68, 32)
(10168, 71, 34)
(10168, 83, 41)
(10170, 68, 32)
(10170, 71, 34)
(10170, 79, 39)
(10172, 66, 31)
(10172, 69, 33)
(10172, 78, 38)
(10172, 81, 40)
(10174, 66, 31)
(10174, 69, 33)
(10176, 68, 32)
(10176, 71, 34)
(20355/2, 61, 28)
(10178, 61, 28)
(20357/2, 61, 28)
(10179, 61, 28)
(20359/2, 61, 28)
(10180, 61, 28)
(10183, 61, 28)
(40733/4, 66, 31)
(20367/2, 69, 33)
(40735/4, 73, 35)
(10184, 74, 36)
(20369/2, 73, 35)
(10185, 71, 34)
(20371/2, 69, 33)
(10186, 68, 32)
(20373/2, 62, 29)
(10187, 59, 27)
(20375/2, 56, 25)
(10188, 57, 26)
(20377/2, 59, 27)
(10189, 61, 28)
(20379/2, 62, 29)
(10190, 64, 30)
(10195, 68, 32)
(40781/4, 71, 34)
(20391/2, 76, 37)
(40783/4, 80, 39)
(10196, 81, 40)
(20393/2, 78, 38)
(10197, 76, 37)
(20395/2, 74, 36)
(10198, 73, 35)
(20397/2, 71, 34)
(10199, 69, 33)
(20399/2, 68, 32)
(10200, 66, 31)
(20401/2, 64, 30)
(10201, 62, 29)
(20403/2, 61, 28)
(10202, 59, 27)
(10202, 78, 38)
(20405/2, 57, 26)
(10203, 56, 25)
(20407/2, 59, 27)
(10204, 64, 30)
(10205, 64, 30)
(10206, 64, 30)
(10207, 64, 30)
(10208, 64, 30)
(10210, 63, 29)
(10213, 64, 30)
(10214, 64, 30)
(10216, 61, 28)
(10218, 59, 27)
(30661/3, 64, 30)
(30662/3, 61, 28)
(30665/3, 64, 30)
(10222, 66, 31)
(20445/2, 62, 29)
(10223, 64, 30)
(20447/2, 68, 32)
(20449/2, 66, 31)
(10225, 65, 30)
(20451/2, 66, 31)
(10226, 68, 32)
(20453/2, 65, 30)
(10227, 66, 31)
(20455/2, 69, 33)
(10229, 68, 32)
(30688/3, 66, 31)
(30689/3, 68, 32)
(10230, 69, 33)
(20461/2, 66, 31)
(10231, 68, 32)
(20463/2, 71, 34)
(10232, 69, 33)
(20473/2, 69, 33)
(10237, 68, 32)
(20475/2, 69, 33)
(10238, 71, 34)
(20477/2, 68, 32)
(10239, 69, 33)
(20479/2, 74, 36)
(10240, 74, 36)
(10242, 73, 35)
(20489/2, 69, 33)
(10245, 68, 32)
(20491/2, 71, 34)
(40983/4, 68, 32)
(40983/4, 69, 33)
(10246, 74, 36)
(10248, 74, 36)
(10250, 73, 35)
(20505/2, 68, 32)
(61517/6, 69, 33)
(61519/6, 76, 37)
(20507/2, 76, 37)
(20509/2, 74, 36)
(20513/2, 68, 32)
(10257, 71, 34)
(20515/2, 74, 36)
(10258, 74, 36)
(10259, 73, 35)
(20521/2, 59, 27)
(10261, 66, 31)
(20523/2, 71, 34)
(10262, 69, 33)
(10263, 68, 32)
(20529/2, 61, 28)
(10265, 59, 27)
(20531/2, 61, 28)
(10266, 62, 29)
(20533/2, 59, 27)
(10267, 61, 28)
(20535/2, 64, 30)
(10268, 64, 30)
(10269, 63, 29)
(10270, 64, 30)
(10271, 66, 31)
(10272, 64, 30)
(30818/3, 66, 31)
(30820/3, 67, 32)
(10274, 69, 33)
(10277, 64, 30)
(30832/3, 63, 29)
(30833/3, 64, 30)
(10278, 62, 29)
(20557/2, 64, 30)
(10279, 62, 29)
(20559/2, 64, 30)
(10280, 61, 28)
(10283, 61, 28)
(10284, 57, 26)
(10286, 57, 26)
(10287, 57, 26)
(10288, 59, 27)
(10291, 59, 27)
(10292, 57, 26)
(10293, 57, 26)
(10294, 57, 26)
(10295, 57, 26)
(10296, 59, 27)
(10299, 59, 27)
(10300, 57, 26)
(10301, 57, 26)
(10302, 61, 28)
(10303, 66, 31)
(10304, 66, 31)
(10308, 64, 30)
(10309, 61, 28)
(10310, 62, 29)
(10311, 62, 29)
(10312, 61, 28)
(10316, 57, 26)
(10318, 57, 26)
(10319, 57, 26)
(10320, 59, 27)
(10324, 57, 26)
(10325, 57, 26)
(10326, 57, 26)
(10327, 57, 26)
(10328, 59, 27)
(10331, 59, 27)
(10332, 57, 26)
(10333, 61, 28)
(10334, 69, 33)
(10336, 69, 33)
(10340, 62, 29)
(10342, 62, 29)
(10344, 61, 28)
(10346, 66, 31)
(10348, 64, 30)
(10350, 69, 33)
(10352, 69, 33)
(10360, 72, 35)
(10368, 73, 35)
(10368, 74, 36)
(10368, 76, 37)
(10373, 83, 41)
(10376, 67, 32)
(10376, 67, 32)
(10376, 81, 40)
(10376, 83, 41)
(10378, 67, 32)
(10378, 73, 35)
(10378, 79, 39)
(10384, 76, 37)
(10388, 62, 29)
(10392, 76, 37)
(10397, 76, 37)
(10401, 71, 34)
(20803/2, 64, 30)
(10404, 69, 33)
(10408, 69, 33)
(20817/2, 81, 40)
(10409, 71, 34)
(10412, 73, 35)
(20825/2, 76, 37)
(10413, 81, 40)
(41655/4, 79, 39)
(10416, 71, 34)
(20833/2, 73, 35)
(10418, 73, 35)
(10420, 74, 36)
(10423, 57, 26)
(41693/4, 61, 28)
(20847/2, 64, 30)
(41695/4, 69, 33)
(10424, 66, 31)
(10425, 67, 32)
(20851/2, 69, 33)
(10428, 66, 31)
(10429, 67, 32)
(10430, 74, 36)
(41721/4, 71, 34)
(41723/4, 67, 32)
(10432, 64, 30)
(20865/2, 67, 32)
(10433, 71, 34)
(20867/2, 74, 36)
(10437, 66, 31)
(10437, 69, 33)
(41749/4, 67, 32)
(20875/2, 71, 34)
(41751/4, 74, 36)
(10438, 59, 27)
(10440, 64, 30)
(20881/2, 67, 32)
(10441, 71, 34)
(20883/2, 74, 36)
(10442, 67, 32)
(10443, 59, 27)
(41773/4, 64, 30)
(20887/2, 67, 32)
(41775/4, 71, 34)
(10444, 64, 30)
(20891/2, 62, 29)
(10446, 61, 28)
(20893/2, 59, 27)
(10448, 57, 26)
(20897/2, 59, 27)
(10449, 61, 28)
(20899/2, 62, 29)
(10450, 64, 30)
(20901/2, 56, 25)
(10451, 57, 26)
(20903/2, 57, 26)
(10452, 61, 28)
(20905/2, 59, 27)
(10453, 61, 28)
(20907/2, 62, 29)
(10454, 64, 30)
(20909/2, 69, 33)
(10456, 64, 30)
(20913/2, 62, 29)
(10457, 64, 30)
(20915/2, 66, 31)
(20919/2, 67, 32)
(10460, 64, 30)
(20921/2, 56, 25)
(10461, 56, 25)
(10461, 59, 27)
(20923/2, 59, 27)
(10464, 58, 27)
(20933/2, 64, 30)
(10474, 62, 29)
(10474, 69, 33)
(10474, 76, 37)
(10477, 60, 28)
(10480, 69, 33)
(10480, 73, 35)
(10483, 60, 28)
(10486, 60, 28)
(10487, 60, 28)
(41949/4, 60, 28)
(20975/2, 60, 28)
(41951/4, 59, 27)
(10488, 71, 34)
(10488, 60, 28)
(10489, 64, 30)
(10491, 74, 36)
(10491, 76, 37)
(10492, 64, 30)
(10494, 73, 35)
(10494, 78, 38)
(10495, 60, 28)
(10498, 64, 30)
(10499, 64, 30)
(20999/2, 64, 30)
(10505, 64, 30)
(10506, 64, 30)
(42027/4, 64, 30)
(10507, 64, 30)
(10508, 57, 26)
(10511, 64, 30)
(21023/2, 61, 28)
(10512, 62, 29)
(21025/2, 66, 31)
(10513, 67, 32)
(21027/2, 64, 30)
(10514, 67, 32)
(21029/2, 64, 30)
(10515, 66, 31)
(21031/2, 69, 33)
(10516, 67, 32)
(21033/2, 66, 31)
(10517, 64, 30)
(10523, 69, 33)
(21047/2, 66, 31)
(10524, 67, 32)
(21049/2, 71, 34)
(10525, 72, 35)
(21051/2, 69, 33)
(10526, 72, 35)
(21053/2, 76, 37)
(10527, 74, 36)
(21055/2, 71, 34)
(10528, 69, 33)
(21057/2, 72, 35)
(21067/2, 64, 30)
(10534, 63, 29)
(21069/2, 64, 30)
(10535, 66, 31)
(21071/2, 63, 29)
(10536, 69, 33)
(21073/2, 66, 31)
(10537, 67, 32)
(21075/2, 71, 34)
(10538, 72, 35)
(21077/2, 69, 33)
(10539, 73, 35)
(21079/2, 76, 37)
(10540, 74, 36)
(21081/2, 71, 34)
(10541, 70, 33)
(21083/2, 73, 35)
(10542, 66, 31)
(10543, 62, 29)
(10544, 61, 28)
(10545, 62, 29)
(10546, 66, 31)
(10548, 59, 27)
(10549, 62, 29)
(10551, 59, 27)
(10552, 62, 29)
(10554, 59, 27)
(21111/2, 66, 31)
(21111/2, 71, 34)
(10557, 77, 37)
(21119/2, 62, 29)
(10560, 68, 32)
(21123/2, 66, 31)
(21127/2, 74, 36)
(10564, 73, 35)
(21129/2, 74, 36)
(10565, 76, 37)
(21131/2, 73, 35)
(10566, 78, 38)
(21133/2, 74, 36)
(10567, 73, 35)
(21135/2, 74, 36)
(10568, 76, 37)
(21137/2, 73, 35)
(10569, 78, 38)
(21139/2, 74, 36)
(10570, 73, 35)
(21141/2, 74, 36)
(10571, 76, 37)
(21143/2, 73, 35)
(10572, 83, 41)
(21145/2, 73, 35)
(10573, 75, 36)
(21147/2, 83, 41)
(10574, 83, 41)
(21149/2, 75, 36)
(10575, 81, 40)
(10576, 71, 34)
(21157/2, 66, 31)
(10579, 64, 30)
(21159/2, 71, 34)
(10580, 71, 34)
(10582, 59, 27)
(10584, 67, 32)
(10585, 59, 27)
(10587, 59, 27)
(21175/2, 67, 32)
(10588, 66, 31)
(21177/2, 67, 32)
(10589, 69, 33)
(21179/2, 66, 31)
(10590, 71, 34)
(21181/2, 67, 32)
(10591, 66, 31)
(21183/2, 67, 32)
(10592, 69, 33)
(21185/2, 66, 31)
(10593, 74, 36)
(10594, 62, 29)
(10597, 62, 29)
(10599, 59, 27)
(21201/2, 68, 33)
(10601, 68, 33)
(21203/2, 65, 31)
(10602, 71, 34)
(21205/2, 68, 33)
(10603, 71, 34)
(21207/2, 74, 36)
(10604, 74, 36)
(21209/2, 71, 34)
(10605, 77, 38)
(21211/2, 71, 34)
(10606, 74, 36)
(21213/2, 77, 38)
(10607, 77, 38)
(21215/2, 71, 34)
(10608, 77, 38)
(10619, 64, 30)
(10619, 72, 35)
(10619, 85, 42)
(10623, 64, 30)
(10623, 72, 35)
(10625, 81, 40)
(10625, 85, 42)
(10626, 79, 39)
(21255/2, 77, 38)
(10629, 67, 32)
(21261/2, 65, 31)
(10632, 61, 28)
(10632, 64, 30)
(10642, 76, 37)
(10645, 66, 31)
(10645, 69, 33)
(10645, 78, 38)
(10645, 81, 40)
(10649, 66, 31)
(10649, 69, 33)
(10649, 81, 40)
(10650, 66, 31)
(95852/9, 69, 33)
(31951/3, 74, 36)
(53253/5, 78, 38)
(10652, 81, 40)
(21307/2, 79, 39)
(10655, 69, 33)
(21313/2, 67, 32)
(10658, 63, 29)
(10664, 71, 34)
(10668, 64, 30)
(74678/7, 67, 32)
(96017/9, 71, 34)
(96017/9, 79, 39)
(10674, 76, 37)
(10675, 78, 38)
(10677, 74, 36)
(21357/2, 78, 38)
(10680, 79, 39)
(10681, 73, 35)
(10683, 76, 37)
(10684, 78, 38)
(10686, 81, 40)
(21379/2, 72, 35)
(10690, 71, 34)
(21381/2, 69, 33)
(10691, 67, 32)
(21383/2, 66, 31)
(10692, 60, 28)
(21385/2, 62, 29)
(10693, 60, 28)
(21387/2, 59, 27)
(10694, 60, 28)
(21389/2, 59, 27)
(10695, 72, 35)
(21391/2, 71, 34)
(10696, 69, 33)
(21393/2, 67, 32)
(10697, 66, 31)
(21395/2, 64, 30)
(10698, 62, 29)
(21397/2, 64, 30)
(10699, 62, 29)
(21399/2, 60, 28)
(10700, 62, 29)
(21401/2, 60, 28)
(10701, 74, 36)
(21403/2, 72, 35)
(10702, 71, 34)
(21405/2, 69, 33)
(10703, 68, 32)
(21407/2, 64, 30)
(10704, 69, 33)
(10707, 71, 34)
(10713, 67, 32)
(10716, 78, 38)
(10717, 73, 35)
(10719, 78, 38)
(21439/2, 76, 37)
(10720, 74, 36)
(21441/2, 73, 35)
(10721, 71, 34)
(21443/2, 73, 35)
(10722, 71, 34)
(21445/2, 73, 35)
(21447/2, 66, 31)
(21447/2, 70, 33)
(10724, 67, 32)
(21449/2, 66, 31)
(10725, 61, 28)
(21465/2, 74, 36)
(10734, 71, 34)
(21471/2, 62, 29)
(21473/2, 64, 30)
(10737, 66, 31)
(10744, 81, 40)
(21491/2, 73, 35)
(21491/2, 74, 36)
(21491/2, 76, 37)
(21493/2, 72, 35)
(10747, 69, 33)
(21497/2, 63, 29)
(10750, 54, 24)
(10750, 58, 26)
(21503/2, 59, 27)
(10753, 66, 31)
(10754, 67, 32)
(10755, 71, 34)
(10756, 73, 35)
(10756, 74, 36)
(21513/2, 70, 34)
(10758, 67, 32)
(10759, 64, 30)
(21521/2, 67, 32)
(10762, 74, 36)
(10762, 76, 37)
(10763, 69, 33)
(10763, 71, 34)
(10763, 73, 35)
(21527/2, 69, 33)
(10765, 62, 29)
(21533/2, 60, 27)
(10768, 57, 26)
(21539/2, 57, 26)
(10771, 57, 26)
(10772, 57, 26)
(21545/2, 57, 26)
(10782, 73, 35)
(75479/7, 69, 33)
(97049/9, 61, 28)
(10785, 57, 26)
(10796, 69, 33)
(10797, 69, 33)
(10799, 57, 26)
(10801, 67, 32)
(10802, 71, 34)
(10805, 61, 28)
(10805, 71, 34)
(10806, 71, 34)
(10808, 76, 37)
(10811, 73, 35)
(10811, 76, 37)
(10814, 67, 32)
(10817, 76, 37)
(21639/2, 62, 29)
(21639/2, 69, 33)
(21653/2, 62, 29)
(21653/2, 69, 33)
(21653/2, 78, 38)
(21661/2, 67, 32)
(21663/2, 67, 32)
(97490/9, 67, 32)
(21665/2, 67, 32)
(21671/2, 66, 31)
(21671/2, 69, 33)
(21673/2, 66, 31)
(21679/2, 61, 28)
(21685/2, 57, 26)
(10843, 57, 26)
(10843, 62, 29)
(21691/2, 59, 27)
(21691/2, 62, 29)
(21697/2, 59, 27)
(21697/2, 62, 29)
(10850, 64, 30)
(21703/2, 64, 30)
(10853, 64, 30)
(21709/2, 64, 30)
(21709/2, 69, 33)
(21713/2, 61, 28)
(21715/2, 62, 29)
(10858, 62, 29)
(10860, 61, 28)
(21721/2, 67, 32)
(10861, 64, 30)
(21723/2, 71, 34)
(10862, 67, 32)
(21725/2, 74, 36)
(21727/2, 73, 35)
(10864, 74, 36)
(21729/2, 73, 35)
(10865, 71, 34)
(21731/2, 67, 32)
(21733/2, 67, 32)
(10867, 64, 30)
(21735/2, 62, 29)
(10868, 64, 30)
(21737/2, 61, 28)
(21739/2, 62, 29)
(21745/2, 64, 30)
(10873, 61, 28)
(21747/2, 62, 29)
(10874, 67, 32)
(21749/2, 64, 30)
(10875, 66, 31)
(21751/2, 67, 32)
(10876, 71, 34)
(21753/2, 64, 30)
(10877, 67, 32)
(21755/2, 62, 29)
(21757/2, 61, 28)
(21765/2, 62, 29)
(21769/2, 62, 29)
(21771/2, 66, 31)
(21775/2, 62, 29)
(21777/2, 66, 31)
(10895, 64, 30)
(21791/2, 63, 29)
(10896, 64, 30)
(21793/2, 66, 31)
(10897, 63, 29)
(21795/2, 69, 33)
(10898, 64, 30)
(21797/2, 63, 29)
(10899, 64, 30)
(21799/2, 66, 31)
(10900, 63, 29)
(21801/2, 69, 33)
(21807/2, 78, 38)
(21809/2, 74, 36)
(21811/2, 73, 35)
(21813/2, 74, 36)
(10910, 74, 36)
(21821/2, 73, 35)
(10911, 74, 36)
(21823/2, 76, 37)
(10912, 73, 35)
(21825/2, 79, 39)
(10916, 74, 36)
(21833/2, 73, 35)
(10917, 74, 36)
(21835/2, 76, 37)
(10918, 73, 35)
(21837/2, 79, 39)
(10922, 73, 35)
(21845/2, 74, 36)
(10923, 81, 40)
(21847/2, 81, 40)
(10925, 74, 36)
(21851/2, 73, 35)
(10926, 79, 39)
(21853/2, 79, 39)
(10928, 70, 33)
(21857/2, 71, 34)
(10929, 76, 37)
(21859/2, 74, 36)
(10931, 66, 31)
(21863/2, 64, 30)
(10932, 66, 31)
(21865/2, 67, 32)
(10933, 64, 30)
(21867/2, 69, 33)
(21873/2, 67, 32)
(21875/2, 64, 30)
(10938, 61, 28)
(21877/2, 62, 29)
(21879/2, 66, 31)
(10940, 69, 33)
(21881/2, 68, 32)
(10941, 69, 33)
(21883/2, 67, 32)
(10942, 69, 33)
(21885/2, 66, 31)
(21891/2, 62, 29)
(21895/2, 62, 29)
(21897/2, 64, 30)
(21903/2, 62, 29)
(21905/2, 62, 29)
(21909/2, 64, 30)
(21915/2, 62, 29)
(21917/2, 62, 29)
(21919/2, 62, 29)
(21921/2, 69, 33)
(21925/2, 67, 32)
(21927/2, 66, 31)
(21933/2, 66, 31)
(21939/2, 62, 29)
(21943/2, 62, 29)
(21945/2, 64, 30)
(21951/2, 62, 29)
(21953/2, 62, 29)
(21955/2, 62, 29)
(21957/2, 64, 30)
(21963/2, 62, 29)
(21965/2, 62, 29)
(21967/2, 66, 31)
(21969/2, 72, 35)
(21973/2, 71, 34)
(21975/2, 64, 30)
(21981/2, 66, 31)
(21987/2, 69, 33)
(22001/2, 69, 33)
(22001/2, 78, 38)
(22007/2, 74, 36)
(22007/2, 77, 38)
(22013/2, 79, 39)
(22015/2, 74, 36)
(22015/2, 66, 31)
(22015/2, 69, 33)
(22019/2, 74, 36)
(22019/2, 77, 38)
(22025/2, 61, 28)
(22025/2, 64, 30)
(22025/2, 69, 33)
(22025/2, 72, 35)
(22033/2, 69, 33)
(22033/2, 73, 35)
(22033/2, 61, 28)
(22043/2, 64, 30)
(22049/2, 57, 26)
(22049/2, 62, 29)
(22049/2, 72, 34)
(22049/2, 74, 36)
(22053/2, 55, 25)
(22055/2, 57, 26)
(22059/2, 74, 36)
(22061/2, 66, 31)
(22067/2, 62, 29)
(22067/2, 74, 36)
(22071/2, 64, 30)
(11036, 57, 26)
(22073/2, 57, 26)
(11037, 62, 29)
(22075/2, 69, 33)
(11038, 67, 32)
(22077/2, 61, 28)
(11039, 61, 28)
(22079/2, 62, 29)
(11040, 66, 31)
(22081/2, 69, 33)
(11041, 74, 36)
(22083/2, 71, 34)
(11042, 64, 30)
(22085/2, 78, 38)
(22085/2, 81, 40)
(22091/2, 62, 29)
(11047, 64, 30)
(22097/2, 67, 32)
(22103/2, 74, 36)
(11053, 74, 36)
(22109/2, 73, 35)
(22111/2, 64, 30)
(77390/7, 67, 32)
(11056, 73, 35)
(99506/9, 69, 33)
(77397/7, 67, 32)
(22115/2, 64, 30)
(11058, 67, 32)
(22123/2, 64, 30)
(77432/7, 67, 32)
(11062, 73, 35)
(99560/9, 69, 33)
(77439/7, 67, 32)
(22127/2, 64, 30)
(11064, 67, 32)
(22129/2, 69, 33)
(22135/2, 62, 29)
(22139/2, 62, 29)
(22143/2, 78, 38)
(22145/2, 74, 36)
(11073, 73, 35)
(22147/2, 62, 29)
(22149/2, 62, 29)
(77523/7, 73, 35)
(22151/2, 74, 36)
(11078, 69, 33)
(22157/2, 62, 29)
(11080, 64, 30)
(22161/2, 62, 29)
(11081, 60, 28)
(22163/2, 59, 27)
(11082, 60, 28)
(22165/2, 59, 27)
(11083, 57, 26)
(22167/2, 54, 24)
(22169/2, 71, 34)
(22171/2, 71, 34)
(11086, 69, 33)
(22175/2, 67, 32)
(11088, 69, 33)
(22177/2, 67, 32)
(11089, 66, 31)
(22179/2, 64, 30)
(11090, 66, 31)
(22181/2, 61, 28)
(22183/2, 61, 28)
(22187/2, 57, 26)
(22189/2, 69, 33)
(22197/2, 70, 34)
(11099, 67, 32)
(22199/2, 67, 32)
(55499/5, 65, 31)
(77701/7, 64, 30)
(22201/2, 62, 29)
(11101, 61, 28)
(22203/2, 62, 29)
(11102, 64, 30)
(22205/2, 67, 32)
(11103, 64, 30)
(22207/2, 62, 29)
(11105, 63, 30)
(22211/2, 62, 29)
(11107, 60, 28)
(22215/2, 58, 27)
(11110, 60, 28)
(22221/2, 59, 27)
(11111, 56, 26)
(22223/2, 63, 30)
(11112, 61, 28)
(22225/2, 67, 32)
(22227/2, 63, 30)
(11114, 62, 29)
(22229/2, 61, 28)
(22231/2, 61, 28)
(22235/2, 61, 28)
(22237/2, 70, 34)
(22239/2, 64, 30)
(11120, 67, 32)
(22241/2, 61, 28)
(11123, 64, 30)
(22247/2, 57, 26)
(22261/2, 62, 29)
(77915/7, 69, 33)
(11131, 74, 36)
(22267/2, 78, 38)
(22269/2, 76, 37)
(11135, 74, 36)
(11136, 71, 34)
(22273/2, 66, 31)
(22277/2, 76, 37)
(22277/2, 79, 39)
(22279/2, 78, 38)
(11141, 76, 37)
(22285/2, 79, 39)
(11144, 78, 38)
(22291/2, 73, 35)
(11147, 71, 34)
(22297/2, 66, 31)
(22303/2, 62, 29)
(11160, 61, 28)
(22323/2, 62, 29)
(22329/2, 62, 29)
(22335/2, 62, 29)
(22335/2, 74, 36)
(22341/2, 78, 38)
(11172, 76, 37)
(22347/2, 66, 31)
(22351/2, 74, 36)
(22351/2, 78, 38)
(22353/2, 78, 38)
(11178, 76, 37)
(22359/2, 69, 33)
(11181, 78, 38)
(22365/2, 73, 35)
(11184, 71, 34)
(22371/2, 66, 31)
(22377/2, 63, 30)
(11197, 60, 28)
(22397/2, 62, 29)
(22403/2, 62, 29)
(22405/2, 62, 29)
(22411/2, 66, 31)
(22417/2, 69, 33)
(22423/2, 78, 38)
(22429/2, 81, 40)
(22433/2, 86, 43)
(22435/2, 85, 42)
(22437/2, 83, 41)
(22439/2, 81, 40)
(11220, 74, 36)
(22441/2, 73, 35)
(11221, 74, 36)
(22443/2, 76, 37)
(11222, 73, 35)
(22445/2, 81, 40)
(11223, 76, 37)
(22447/2, 79, 39)
(11224, 78, 38)
(22449/2, 79, 39)
(11225, 76, 37)
(22451/2, 78, 38)
(11226, 74, 36)
(22453/2, 73, 35)
(11227, 74, 36)
(22455/2, 76, 37)
(11228, 73, 35)
(22457/2, 81, 40)
(11229, 76, 37)
(22459/2, 78, 38)
(11230, 81, 40)
(22461/2, 80, 39)
(11231, 76, 37)
(22463/2, 78, 38)
(11232, 74, 36)
(22465/2, 73, 35)
(11233, 74, 36)
(22469/2, 74, 36)
(11235, 69, 33)
(22471/2, 71, 34)
(11236, 74, 36)
(22473/2, 74, 36)
(11237, 66, 31)
(22475/2, 69, 33)
(22475/2, 52, 23)
(22475/2, 78, 38)
(11238, 66, 31)
(11238, 69, 33)
(11238, 81, 40)
(22481/2, 66, 31)
(22481/2, 69, 33)
(22481/2, 81, 40)
(22489/2, 66, 31)
(22489/2, 69, 33)
(22493/2, 81, 40)
(22495/2, 64, 30)
(22495/2, 67, 32)
(22497/2, 65, 30)
(22497/2, 74, 36)
(22497/2, 78, 38)
(22501/2, 74, 36)
(22501/2, 78, 38)
(22513/2, 78, 38)
(11258, 76, 37)
(22519/2, 64, 30)
(22519/2, 71, 34)
(22519/2, 76, 37)
(22523/2, 64, 30)
(22523/2, 73, 35)
(22525/2, 62, 29)
(22525/2, 74, 36)
(20000, 47, 20)
(40001/2, 57, 26)
(40001/2, 66, 31)
(20004, 57, 26)
(20004, 66, 31)
(20006, 57, 26)
(20006, 66, 31)
(20008, 57, 26)
(20008, 66, 31)
(20008, 50, 22)
(20012, 66, 31)
(20016, 50, 22)
(20016, 65, 30)
(20019, 52, 23)
(20019, 61, 28)
(20019, 66, 31)
(20020, 57, 26)
(20022, 57, 26)
(20024, 57, 26)
(20026, 61, 28)
(20026, 69, 33)
(20026, 73, 35)
(20028, 66, 31)
(20028, 69, 33)
(20029, 54, 24)
(20029, 57, 26)
(20029, 66, 31)
(20029, 69, 33)
(20032, 55, 25)
(20032, 68, 32)
(20032, 71, 34)
(20036, 52, 23)
(20036, 59, 27)
(20036, 62, 29)
(20038, 50, 22)
(20038, 59, 27)
(20038, 62, 29)
(20044, 61, 28)
(20044, 64, 30)
(20046, 55, 25)
(20048, 54, 24)
(40103/2, 62, 29)
(20052, 64, 30)
(40105/2, 61, 28)
(20053, 62, 29)
(40107/2, 66, 31)
(20054, 67, 32)
(40109/2, 64, 30)
(20055, 66, 31)
(40111/2, 69, 33)
(20056, 74, 36)
(40113/2, 43, 18)
(40113/2, 71, 34)
(20057, 76, 37)
(40115/2, 73, 35)
(20058, 64, 30)
(40117/2, 67, 32)
(20059, 66, 31)
(40119/2, 62, 29)
(20060, 61, 28)
(40143/2, 66, 31)
(20072, 64, 30)
(40145/2, 67, 32)
(20073, 66, 31)
(40147/2, 62, 29)
(20074, 61, 28)
(40149/2, 64, 30)
(20075, 62, 29)
(40151/2, 59, 27)
(20076, 57, 26)
(40153/2, 66, 31)
(20077, 64, 30)
(40155/2, 67, 32)
(20078, 66, 31)
(40157/2, 62, 29)
(20079, 61, 28)
(40159/2, 64, 30)
(20080, 62, 29)
(20082, 50, 22)
(20083, 62, 29)
(20084, 57, 26)
(20085, 54, 24)
(20086, 50, 22)
(40175/2, 62, 29)
(20088, 57, 26)
(20089, 54, 24)
(20090, 50, 22)
(40183/2, 62, 29)
(20092, 62, 29)
(40187/2, 59, 27)
(20094, 62, 29)
(40191/2, 59, 27)
(20096, 66, 31)
(20098, 59, 27)
(20100, 66, 31)
(20102, 62, 29)
(20104, 61, 28)
(20105, 55, 25)
(20106, 57, 26)
(20108, 54, 24)
(20110, 62, 29)
(20112, 61, 28)
(20114, 59, 27)
(20116, 58, 26)
(20118, 59, 27)
(20120, 58, 26)
(20140, 57, 26)
(20143, 57, 26)
(20143, 67, 32)
(20144, 57, 26)
(20144, 66, 31)
(20144, 50, 22)
(20145, 57, 26)
(20145, 66, 31)
(20145, 47, 20)
(20145, 50, 22)
(20148, 57, 26)
(20148, 66, 31)
(20148, 50, 22)
(20156, 66, 31)
(20156, 59, 27)
(20157, 59, 27)
(20157, 61, 28)
(20160, 62, 29)
(20161, 55, 25)
(20162, 50, 22)
(20162, 61, 28)
(20164, 61, 28)
(20164, 50, 22)
(20164, 54, 24)
(40329/2, 61, 28)
(40329/2, 50, 22)
(40329/2, 54, 24)
(20168, 61, 28)
(20168, 54, 24)
(20169, 61, 28)
(20169, 50, 22)
(20169, 54, 24)
(20173, 50, 22)
(20173, 54, 24)
(20176, 61, 28)
(40355/2, 59, 27)
(20178, 59, 27)
(40357/2, 59, 27)
(20179, 61, 28)
(40359/2, 59, 27)
(20180, 57, 26)
(20183, 57, 26)
(80733/4, 66, 31)
(40367/2, 69, 33)
(20184, 71, 34)
(40369/2, 69, 33)
(20185, 68, 32)
(40371/2, 66, 31)
(20186, 64, 30)
(40373/2, 59, 27)
(20187, 56, 25)
(40375/2, 56, 25)
(20188, 54, 24)
(40377/2, 56, 25)
(20189, 57, 26)
(80759/4, 59, 27)
(20190, 61, 28)
(20191, 52, 23)
(80765/4, 57, 26)
(40383/2, 61, 28)
(80767/4, 64, 30)
(20192, 66, 31)
(40385/2, 64, 30)
(20193, 62, 29)
(40387/2, 61, 28)
(20194, 59, 27)
(40389/2, 62, 29)
(20195, 59, 27)
(40391/2, 56, 25)
(20196, 52, 23)
(20197, 54, 24)
(40395/2, 56, 25)
(20198, 57, 26)
(40397/2, 59, 27)
(20199, 61, 28)
(40399/2, 61, 28)
(20200, 62, 29)
(40401/2, 64, 30)
(20201, 66, 31)
(40403/2, 66, 31)
(20202, 68, 32)
(40405/2, 69, 33)
(20203, 71, 34)
(40407/2, 71, 34)
(20204, 71, 34)
(20205, 74, 36)
(20206, 73, 35)
(20207, 71, 34)
(20208, 69, 33)
(20209, 69, 33)
(80839/4, 69, 33)
(20210, 69, 33)
(40423/2, 68, 32)
(80847/4, 69, 33)
(20212, 68, 32)
(20213, 74, 36)
(20214, 73, 35)
(20215, 71, 34)
(20216, 69, 33)
(20217, 69, 33)
(80871/4, 69, 33)
(80877/4, 68, 32)
(40439/2, 69, 33)
(20220, 68, 32)
(40449/2, 57, 26)
(20225, 56, 25)
(40451/2, 57, 26)
(20226, 59, 27)
(40453/2, 56, 25)
(20227, 57, 26)
(40455/2, 60, 28)
(40457/2, 59, 27)
(20229, 57, 26)
(40459/2, 59, 27)
(20230, 60, 28)
(40461/2, 57, 26)
(20231, 59, 27)
(40463/2, 56, 25)
(20232, 57, 26)
(20241, 52, 23)
(20242, 57, 26)
(20243, 61, 28)
(20244, 66, 31)
(20246, 65, 31)
(20248, 64, 30)
(20261, 59, 27)
(20263, 59, 27)
(20268, 61, 28)
(20269, 59, 27)
(20270, 61, 28)
(20271, 63, 29)
(20272, 64, 30)
(20274, 64, 30)
(20275, 66, 31)
(20276, 61, 28)
(20281, 49, 21)
(20282, 49, 21)
(20283, 49, 21)
(20284, 50, 21)
(20285, 50, 21)
(20288, 49, 21)
(20291, 49, 21)
(20292, 49, 21)
(20293, 49, 21)
(20294, 49, 21)
(20295, 49, 21)
(20296, 49, 21)
(20299, 49, 21)
(20300, 49, 21)
(20301, 54, 24)
(20302, 57, 26)
(40607/2, 61, 28)
(20304, 64, 30)
(20306, 62, 29)
(20307, 61, 28)
(20308, 61, 28)
(20309, 57, 26)
(20310, 56, 25)
(20311, 59, 27)
(20312, 57, 26)
(40625/2, 49, 21)
(20313, 48, 20)
(40627/2, 49, 21)
(20314, 48, 20)
(40629/2, 49, 21)
(20315, 48, 20)
(40631/2, 49, 21)
(40633/2, 49, 21)
(20317, 48, 20)
(40635/2, 49, 21)
(40637/2, 49, 21)
(20319, 48, 20)
(40639/2, 49, 21)
(40641/2, 49, 21)
(20321, 48, 20)
(40643/2, 48, 20)
(20322, 49, 21)
(40645/2, 48, 20)
(40647/2, 49, 21)
(40649/2, 49, 21)
(20325, 48, 20)
(40651/2, 49, 21)
(40653/2, 49, 21)
(20327, 48, 20)
(40655/2, 47, 21)
(40657/2, 49, 21)
(20329, 50, 22)
(40659/2, 49, 21)
(40661/2, 49, 21)
(20331, 50, 22)
(40663/2, 49, 21)
(20332, 49, 21)
(20333, 57, 26)
(20334, 61, 28)
(20335, 66, 31)
(20336, 67, 32)
(20339, 62, 29)
(20340, 59, 27)
(20342, 59, 27)
(20344, 57, 26)
(20344, 57, 26)
(20346, 62, 29)
(20348, 61, 28)
(20350, 66, 31)
(20352, 64, 30)
(20356, 59, 27)
(81425/4, 66, 31)
(81425/4, 69, 33)
(81425/4, 53, 23)
(81433/4, 55, 25)
(81433/4, 59, 27)
(20360, 66, 31)
(20360, 69, 33)
(20364, 61, 28)
(40729/2, 59, 27)
(40729/2, 62, 29)
(20368, 69, 33)
(20373, 50, 22)
(20373, 54, 24)
(20373, 50, 22)
(20376, 50, 22)
(20377, 50, 22)
(20381, 54, 24)
(20381, 54, 24)
(20381, 50, 22)
(20384, 55, 25)
(40769/2, 52, 23)
(20388, 61, 28)
(20388, 64, 30)
(20392, 61, 28)
(20392, 64, 30)
(20394, 55, 25)
(20400, 57, 26)
(20400, 61, 28)
(20400, 69, 33)
(40801/2, 64, 30)
(20401, 61, 29)
(20404, 64, 30)
(40809/2, 69, 33)
(40809/2, 59, 27)
(20405, 73, 35)
(40811/2, 71, 34)
(20406, 62, 29)
(40813/2, 62, 29)
(20408, 64, 30)
(40817/2, 66, 31)
(20409, 69, 33)
(40819/2, 69, 33)
(20410, 69, 33)
(20412, 69, 33)
(40825/2, 73, 35)
(20413, 76, 37)
(40827/2, 74, 36)
(40829/2, 64, 30)
(20416, 64, 30)
(20417, 67, 32)
(40835/2, 69, 33)
(40837/2, 69, 33)
(20420, 68, 32)
(20423, 57, 26)
(20424, 64, 30)
(40851/2, 62, 29)
(20426, 61, 28)
(40853/2, 64, 30)
(20428, 59, 27)
(20431, 64, 30)
(81725/4, 71, 34)
(40863/2, 74, 36)
(20432, 76, 37)
(81731/4, 69, 33)
(81733/4, 64, 30)
(81735/4, 67, 32)
(81737/4, 71, 34)
(20436, 68, 32)
(20439, 64, 30)
(81757/4, 68, 32)
(40879/2, 71, 34)
(20440, 76, 37)
(40881/2, 70, 34)
(20441, 64, 30)
(20444, 66, 31)
(20444, 67, 32)
(20445, 59, 27)
(20445, 55, 25)
(122671/6, 67, 32)
(61336/3, 71, 34)
(40891/2, 76, 37)
(40893/2, 64, 30)
(40897/2, 61, 28)
(20449, 59, 27)
(40899/2, 57, 26)
(20450, 59, 27)
(20456, 64, 30)
(40913/2, 69, 33)
(20457, 67, 32)
(40915/2, 66, 31)
(20458, 64, 30)
(20460, 67, 32)
(40921/2, 59, 27)
(40925/2, 61, 28)
(20464, 61, 28)
(40929/2, 64, 30)
(20465, 66, 31)
(40931/2, 67, 32)
(40935/2, 64, 30)
(20468, 57, 26)
(20474, 54, 24)
(20474, 57, 26)
(20474, 50, 22)
(40953/2, 61, 28)
(40959/2, 59, 27)
(40963/2, 66, 31)
(40963/2, 69, 33)
(40969/2, 57, 26)
(40971/2, 57, 26)
(81945/4, 57, 26)
(81949/4, 57, 26)
(81949/4, 60, 28)
(81961/4, 57, 26)
(81973/4, 57, 26)
(81985/4, 55, 25)
(81993/4, 71, 34)
(81995/4, 57, 26)
(82003/4, 71, 34)
(82007/4, 55, 25)
(82019/4, 57, 26)
(82021/4, 62, 29)
(82023/4, 61, 28)
(82025/4, 62, 29)
(82027/4, 64, 30)
(82029/4, 61, 28)
(82031/4, 67, 32)
(82033/4, 64, 30)
(82035/4, 66, 31)
(82037/4, 69, 33)
(82039/4, 71, 34)
(82041/4, 67, 32)
(82043/4, 71, 34)
(82045/4, 67, 32)
(82047/4, 69, 33)
(82049/4, 72, 35)
(82051/4, 71, 34)
(82053/4, 69, 33)
(82055/4, 67, 32)
(82071/4, 54, 24)
(82073/4, 55, 25)
(82075/4, 57, 26)
(82077/4, 54, 24)
(82079/4, 60, 28)
(82081/4, 57, 26)
(82083/4, 59, 27)
(82085/4, 62, 29)
(82087/4, 69, 33)
(82089/4, 66, 31)
(82091/4, 69, 33)
(82093/4, 72, 35)
(82095/4, 71, 34)
(82097/4, 67, 32)
(82099/4, 66, 31)
(82101/4, 69, 33)
(82103/4, 64, 30)
(82127/4, 66, 31)
(82129/4, 63, 29)
(82131/4, 64, 30)
(82133/4, 67, 32)
(82135/4, 69, 33)
(82137/4, 66, 31)
(82139/4, 73, 35)
(82141/4, 71, 34)
(82143/4, 67, 32)
(82145/4, 66, 31)
(82147/4, 64, 30)
(82149/4, 62, 29)
(82151/4, 58, 26)
(82155/4, 59, 27)
(82159/4, 58, 26)
(82163/4, 66, 31)
(82225/4, 62, 29)
(82227/4, 61, 28)
(82229/4, 66, 31)
(82231/4, 66, 31)
(82237/4, 65, 30)
(82239/4, 66, 31)
(82241/4, 73, 35)
(82243/4, 73, 35)
(82247/4, 69, 33)
(82251/4, 69, 33)
(82259/4, 62, 29)
(82263/4, 69, 33)
(82271/4, 62, 29)
(82275/4, 69, 33)
(82283/4, 69, 33)
(82295/4, 66, 31)
(82305/4, 60, 28)
(82307/4, 66, 31)
(82311/4, 64, 30)
(82315/4, 67, 32)
(82319/4, 64, 30)
(82321/4, 55, 25)
(82323/4, 54, 24)
(82325/4, 55, 25)
(82327/4, 57, 26)
(82329/4, 54, 24)
(82331/4, 62, 29)
(82333/4, 55, 25)
(82335/4, 54, 24)
(82337/4, 55, 25)
(82339/4, 57, 26)
(82341/4, 54, 24)
(82343/4, 65, 31)
(82355/4, 62, 29)
(82359/4, 55, 25)
(82367/4, 59, 27)
(82371/4, 59, 27)
(82383/4, 57, 26)
(82391/4, 54, 24)
(82403/4, 68, 33)
(82405/4, 65, 31)
(82407/4, 68, 33)
(82409/4, 71, 34)
(82411/4, 71, 34)
(82413/4, 68, 33)
(82415/4, 74, 36)
(82419/4, 71, 34)
(82421/4, 74, 36)
(82423/4, 74, 36)
(82427/4, 74, 36)
(82471/4, 55, 25)
(82471/4, 67, 32)
(82471/4, 50, 22)
(82473/4, 55, 25)
(82473/4, 67, 32)
(82473/4, 47, 20)
(82473/4, 50, 22)
(82499/4, 76, 37)
(82503/4, 74, 36)
(82505/4, 72, 35)
(82511/4, 64, 30)
(82517/4, 62, 29)
(82523/4, 52, 23)
(82547/4, 69, 33)
(82563/4, 52, 23)
(20641, 57, 26)
(82565/4, 61, 28)
(41283/2, 64, 30)
(82567/4, 69, 33)
(82571/4, 57, 26)
(82571/4, 62, 29)
(82579/4, 72, 34)
(82579/4, 74, 36)
(82583/4, 57, 26)
(82583/4, 62, 29)
(82591/4, 71, 34)
(82591/4, 74, 36)
(82595/4, 78, 38)
(82601/4, 76, 37)
(82607/4, 66, 31)
(82613/4, 64, 30)
(82619/4, 57, 26)
(82659/4, 55, 25)
(82671/4, 66, 31)
(82675/4, 61, 28)
(82683/4, 66, 31)
(82695/4, 71, 34)
(82699/4, 73, 35)
(82701/4, 74, 36)
(82707/4, 76, 37)
(82711/4, 73, 35)
(82723/4, 74, 36)
(82727/4, 78, 38)
(82731/4, 74, 36)
(82735/4, 69, 33)
(82739/4, 66, 31)
(82745/4, 69, 33)
(82747/4, 67, 32)
(82749/4, 66, 31)
(82751/4, 64, 30)
(82753/4, 62, 29)
(82755/4, 57, 26)
(82767/4, 69, 33)
(82769/4, 67, 32)
(82771/4, 66, 31)
(82773/4, 64, 30)
(82775/4, 62, 29)
(82777/4, 60, 28)
(82779/4, 59, 27)
(82791/4, 71, 34)
(41397/2, 68, 32)
(20699, 65, 31)
(41399/2, 64, 30)
(20700, 62, 29)
(82803/4, 57, 26)
(82807/4, 57, 26)
(82815/4, 69, 33)
(82819/4, 59, 27)
(20705, 62, 29)
(82821/4, 68, 32)
(41411/2, 71, 34)
(82831/4, 68, 32)
(82839/4, 71, 34)
(82843/4, 64, 30)
(20711, 67, 32)
(41423/2, 73, 35)
(82855/4, 70, 33)
(82859/4, 73, 35)
(82861/4, 76, 37)
(82865/4, 71, 34)
(82867/4, 69, 33)
(82869/4, 67, 32)
(82871/4, 66, 31)
(82873/4, 67, 32)
(82875/4, 62, 29)
(82877/4, 67, 32)
(82879/4, 66, 31)
(82881/4, 64, 30)
(82883/4, 62, 29)
(82885/4, 64, 30)
(82887/4, 55, 25)
(82911/4, 71, 34)
(82917/4, 71, 34)
(82921/4, 69, 33)
(82923/4, 62, 29)
(82925/4, 61, 28)
(82931/4, 59, 27)
(82935/4, 58, 26)
(82995/4, 78, 38)
(82995/4, 81, 40)
(83001/4, 74, 36)
(83007/4, 62, 29)
(83009/4, 59, 27)
(83019/4, 55, 25)
(83025/4, 58, 27)
(83031/4, 67, 32)
(83035/4, 59, 27)
(83035/4, 62, 29)
(83037/4, 61, 28)
(83039/4, 59, 27)
(83059/4, 54, 24)
(83073/4, 54, 24)
(83075/4, 54, 24)
(83081/4, 54, 24)
(83083/4, 54, 24)
(83089/4, 54, 24)
(83127/4, 69, 33)
(83133/4, 66, 31)
(83135/4, 61, 28)
(83139/4, 54, 24)
(83143/4, 49, 21)
(83145/4, 49, 21)
(83183/4, 52, 23)
(83183/4, 55, 25)
(83183/4, 64, 30)
(83199/4, 66, 31)
(83215/4, 52, 23)
(83215/4, 64, 30)
(83227/4, 55, 25)
(83227/4, 64, 30)
(83239/4, 55, 25)
(83251/4, 55, 25)
(83275/4, 61, 28)
(83275/4, 64, 30)
(20819, 54, 24)
(20820, 54, 24)
(41641/2, 50, 22)
(20821, 61, 28)
(83285/4, 54, 24)
(83285/4, 64, 30)
(41643/2, 67, 32)
(83287/4, 49, 21)
(83287/4, 66, 31)
(83295/4, 47, 20)
(83295/4, 50, 22)
(83315/4, 47, 20)
(83315/4, 66, 31)
(83327/4, 66, 31)
(41665/2, 66, 31)
(41667/2, 66, 31)
(83339/4, 61, 28)
(83351/4, 50, 22)
(83351/4, 61, 28)
(83375/4, 69, 33)
(83399/4, 55, 25)
(83399/4, 62, 29)
(83405/4, 59, 27)
(83405/4, 62, 29)
(83411/4, 59, 27)
(83411/4, 62, 29)
(83417/4, 59, 27)
(83417/4, 62, 29)
(83423/4, 61, 28)
(83435/4, 54, 24)
(83447/4, 64, 30)
(83449/4, 61, 28)
(83451/4, 62, 29)
(83453/4, 64, 30)
(83455/4, 66, 31)
(83459/4, 67, 32)
(83461/4, 71, 34)
(83463/4, 69, 33)
(83465/4, 64, 30)
(83467/4, 67, 32)
(83469/4, 62, 29)
(83471/4, 61, 28)
(83485/4, 62, 29)
(83487/4, 61, 28)
(83489/4, 62, 29)
(83491/4, 64, 30)
(83493/4, 61, 28)
(83495/4, 67, 32)
(83497/4, 64, 30)
(83499/4, 66, 31)
(83507/4, 73, 35)
(83509/4, 76, 37)
(83511/4, 69, 33)
(83513/4, 73, 35)
(83515/4, 71, 34)
(83517/4, 67, 32)
(83519/4, 67, 32)
(83521/4, 62, 29)
(83523/4, 64, 30)
(83525/4, 61, 28)
(83531/4, 62, 29)
(83543/4, 57, 26)
(83547/4, 54, 24)
(83555/4, 57, 26)
(83559/4, 54, 24)
(83583/4, 59, 27)
(83613/4, 57, 26)
(83615/4, 56, 25)
(83617/4, 57, 26)
(83621/4, 56, 25)
(83623/4, 62, 29)
(83625/4, 57, 26)
(83627/4, 56, 25)
(83629/4, 57, 26)
(83631/4, 59, 27)
(83633/4, 56, 25)
(83635/4, 62, 29)
(83649/4, 62, 29)
(83651/4, 61, 28)
(83653/4, 62, 29)
(83655/4, 64, 30)
(83657/4, 61, 28)
(83659/4, 67, 32)
(83673/4, 62, 29)
(83675/4, 61, 28)
(83677/4, 62, 29)
(83679/4, 64, 30)
(83681/4, 61, 28)
(83683/4, 67, 32)
(83707/4, 61, 28)
(83707/4, 64, 30)
(83719/4, 59, 27)
(83719/4, 62, 29)
(83731/4, 57, 26)
(83743/4, 66, 31)
(83759/4, 55, 25)
(83763/4, 54, 24)
(83783/4, 54, 24)
(83787/4, 54, 24)
(83791/4, 54, 24)
(83799/4, 54, 24)
(83803/4, 54, 24)
(83815/4, 54, 24)
(83819/4, 54, 24)
(83823/4, 54, 24)
(83827/4, 54, 24)
(83839/4, 54, 24)
(83843/4, 54, 24)
(83847/4, 54, 24)
(83871/4, 57, 26)
(83879/4, 62, 29)
(83891/4, 54, 24)
(83895/4, 53, 23)
(83897/4, 54, 24)
(83901/4, 54, 24)
(83905/4, 54, 24)
(83907/4, 53, 23)
(83909/4, 54, 24)
(83911/4, 53, 23)
(83913/4, 54, 24)
(83917/4, 54, 24)
(83919/4, 53, 23)
(83921/4, 54, 24)
(83925/4, 54, 24)
(83929/4, 54, 24)
(83931/4, 55, 25)
(83933/4, 54, 24)
(83935/4, 55, 25)
(83937/4, 54, 24)
(83939/4, 54, 24)
(83943/4, 62, 29)
(83947/4, 62, 29)
(83951/4, 62, 29)
(83975/4, 62, 29)
(83987/4, 66, 31)
(84015/4, 61, 28)
(84015/4, 71, 34)
(84017/4, 71, 34)
(84017/4, 61, 28)
(84017/4, 64, 30)
(84027/4, 71, 34)
(84039/4, 54, 25)
(84039/4, 61, 28)
(84051/4, 68, 32)
(84063/4, 66, 31)
(84075/4, 55, 25)
(84075/4, 59, 27)
(84099/4, 64, 30)
(84099/4, 67, 32)
(21025, 55, 25)
(21025, 57, 26)
(21027, 64, 30)
(21027, 67, 32)
(84111/4, 54, 24)
(84111/4, 57, 26)
(84123/4, 54, 24)
(84123/4, 57, 26)
(84135/4, 61, 28)
(84135/4, 69, 33)
(84147/4, 59, 27)
(84147/4, 66, 31)
(84155/4, 64, 30)
(84159/4, 54, 24)
(84161/4, 57, 26)
(84163/4, 62, 29)
(84165/4, 67, 32)
(84167/4, 55, 25)
(84169/4, 55, 25)
(84171/4, 57, 26)
(84173/4, 55, 25)
(84173/4, 55, 25)
(84181/4, 71, 34)
(84183/4, 55, 25)
(84183/4, 62, 29)
(84191/4, 50, 22)
(84191/4, 54, 24)
(84195/4, 61, 28)
(84197/4, 62, 29)
(84203/4, 62, 29)
(84207/4, 61, 28)
(84219/4, 69, 33)
(84225/4, 74, 36)
(84229/4, 66, 31)
(84231/4, 64, 30)
(84243/4, 69, 33)
(84245/4, 57, 26)
(84247/4, 64, 30)
(84255/4, 61, 28)
(84267/4, 69, 33)
(84269/4, 64, 30)
(84271/4, 61, 28)
(84273/4, 57, 26)
(84275/4, 61, 28)
(84277/4, 64, 30)
(84287/4, 62, 29)
(21072, 69, 33)
(84291/4, 74, 36)
(84293/4, 72, 35)
(84295/4, 69, 33)
(84297/4, 62, 29)
(84303/4, 62, 29)
(21076, 74, 36)
(84331/4, 54, 24)
(84331/4, 57, 26)
(84331/4, 62, 29)
(21083, 74, 36)
(21084, 62, 29)
(84341/4, 64, 30)
(84343/4, 62, 29)
(84345/4, 59, 27)
(84347/4, 61, 28)
(84349/4, 59, 27)
(84351/4, 54, 24)
(84353/4, 57, 26)
(84355/4, 59, 27)
(84363/4, 71, 34)
(84365/4, 72, 35)
(84367/4, 71, 34)
(84369/4, 69, 33)
(84371/4, 67, 32)
(210931/10, 69, 33)
(147654/7, 67, 32)
(84375/4, 64, 30)
(210941/10, 64, 30)
(147661/7, 62, 29)
(84379/4, 61, 28)
(84381/4, 64, 30)
(84383/4, 54, 24)
(84385/4, 55, 25)
(84387/4, 57, 26)
(84399/4, 57, 26)
(84407/4, 69, 33)
(84411/4, 64, 30)
(84413/4, 67, 32)
(84417/4, 67, 32)
(84419/4, 64, 30)
(84423/4, 62, 29)
(84425/4, 61, 28)
(84431/4, 63, 30)
(84435/4, 60, 28)
(84437/4, 58, 27)
(84439/4, 57, 26)
(84441/4, 58, 27)
(84443/4, 56, 26)
(84447/4, 51, 23)
(84449/4, 53, 24)
(84451/4, 55, 25)
(84453/4, 57, 26)
(84455/4, 53, 24)
(84457/4, 51, 23)
(84459/4, 58, 27)
(211151/10, 56, 26)
(147808/7, 64, 30)
(84463/4, 50, 22)
(84463/4, 64, 30)
(84467/4, 67, 32)
(84471/4, 67, 32)
(84473/4, 64, 30)
(84475/4, 59, 27)
(84475/4, 61, 28)
(84475/4, 62, 29)
(84479/4, 67, 32)
(84487/4, 64, 30)
(84489/4, 59, 27)
(84489/4, 61, 28)
(84495/4, 71, 34)
(211241/10, 64, 30)
(147871/7, 67, 32)
(84499/4, 61, 28)
(84499/4, 61, 28)
(84507/4, 61, 28)
(84509/4, 52, 23)
(84511/4, 52, 23)
(84515/4, 54, 24)
(84517/4, 54, 25)
(84539/4, 54, 24)
(84547/4, 62, 29)
(84547/4, 57, 26)
(21137, 71, 34)
(21137, 74, 36)
(21138, 58, 26)
(84561/4, 57, 26)
(84561/4, 62, 29)
(84561/4, 74, 36)
(84579/4, 57, 26)
(84579/4, 62, 29)
(84581/4, 61, 28)
(42291/2, 55, 25)
(42291/2, 62, 29)
(21146, 55, 25)
(21146, 59, 27)
(21146, 66, 31)
(84591/4, 64, 30)
(42297/2, 69, 33)
(21149, 71, 34)
(21150, 69, 33)
(84603/4, 67, 32)
(84609/4, 66, 31)
(84615/4, 62, 29)
(84627/4, 57, 26)
(84661/4, 58, 26)
(84667/4, 57, 26)
(84679/4, 64, 30)
(84681/4, 52, 24)
(84681/4, 57, 26)
(84689/4, 71, 34)
(84691/4, 66, 31)
(84691/4, 69, 33)
(84695/4, 54, 24)
(84695/4, 57, 26)
(84703/4, 69, 33)
(84703/4, 62, 29)
(84703/4, 57, 26)
(21176, 71, 34)
(21176, 74, 36)
(21177, 58, 26)
(84721/4, 57, 26)
(84721/4, 62, 29)
(84721/4, 71, 34)
(84721/4, 74, 36)
(84729/4, 52, 23)
(84729/4, 55, 25)
(84729/4, 62, 29)
(84733/4, 61, 28)
(42367/2, 59, 27)
(42367/2, 73, 35)
(21184, 68, 32)
(84741/4, 69, 33)
(84747/4, 73, 35)
(84753/4, 67, 32)
(84759/4, 66, 31)
(84765/4, 62, 29)
(84765/4, 59, 27)
(84769/4, 61, 28)
(84769/4, 63, 30)
(84769/4, 67, 32)
(84777/4, 60, 28)
(84811/4, 57, 26)
(84817/4, 57, 26)
(84829/4, 54, 24)
(84853/4, 66, 31)
(84877/4, 66, 31)
(84889/4, 64, 30)
(84893/4, 76, 37)
(84901/4, 74, 36)
(84903/4, 66, 31)
(84905/4, 64, 30)
(84907/4, 66, 31)
(84909/4, 67, 32)
(84911/4, 64, 30)
(84913/4, 57, 26)
(84917/4, 64, 30)
(84919/4, 63, 29)
(84921/4, 64, 30)
(84923/4, 67, 32)
(84925/4, 66, 31)
(84937/4, 64, 30)
(84939/4, 76, 37)
(84941/4, 75, 36)
(84943/4, 69, 33)
(84945/4, 76, 37)
(84947/4, 74, 36)
(84949/4, 69, 33)
(84951/4, 66, 31)
(84953/4, 64, 30)
(84955/4, 62, 29)
(84957/4, 62, 29)
(84959/4, 65, 31)
(84961/4, 69, 33)
(84963/4, 66, 31)
(84965/4, 64, 30)
(84967/4, 71, 34)
(84969/4, 66, 31)
(84971/4, 69, 33)
(84973/4, 57, 26)
(84973/4, 66, 31)
(84985/4, 57, 26)
(84985/4, 62, 29)
(84985/4, 71, 34)
(84985/4, 74, 36)
(84987/4, 57, 26)
(84997/4, 57, 26)
(84997/4, 66, 31)
(84997/4, 71, 34)
(84997/4, 74, 36)
(85013/4, 66, 31)
(85025/4, 66, 31)
(85025/4, 69, 33)
(85049/4, 78, 38)
(85055/4, 76, 37)
(85061/4, 71, 34)
(85069/4, 67, 32)
(85069/4, 69, 33)
(85073/4, 66, 31)
(85073/4, 69, 33)
(30000, 50, 22)
(30001, 38, 15)
(30004, 50, 22)
(30005, 38, 15)
(30008, 62, 29)
(30009, 50, 22)
(30012, 62, 29)
(30013, 62, 29)
(120055/4, 62, 29)
(30014, 62, 29)
(30015, 62, 29)
(30016, 61, 28)
(30017, 49, 21)
(30020, 54, 24)
(30021, 42, 17)
(30028, 54, 24)
(30029, 54, 24)
(60059/2, 54, 24)
(30030, 54, 24)
(30031, 54, 24)
(30032, 55, 25)
(30033, 43, 18)
(30036, 43, 18)
(30036, 47, 20)
(30037, 55, 25)
(30039, 43, 18)
(30039, 47, 20)
(30040, 56, 25)
(30042, 43, 18)
(30042, 47, 20)
(30044, 57, 26)
(30046, 45, 19)
(30048, 38, 15)
(60109/2, 66, 31)
(30056, 67, 32)
(60113/2, 61, 28)
(30057, 64, 30)
(60115/2, 62, 29)
(30058, 59, 27)
(30060, 57, 26)
(30062, 45, 19)
(60129/2, 50, 22)
(30065, 49, 21)
(60131/2, 50, 22)
(30066, 52, 23)
(60133/2, 49, 21)
(30067, 50, 22)
(60135/2, 54, 24)
(30068, 55, 25)
(60137/2, 52, 23)
(30069, 54, 24)
(60139/2, 57, 26)
(30070, 59, 27)
(120281/4, 55, 25)
(60141/2, 57, 26)
(120283/4, 62, 29)
(30072, 61, 28)
(60145/2, 64, 30)
(30073, 62, 29)
(60147/2, 59, 27)
(30074, 57, 26)
(60149/2, 61, 28)
(30075, 59, 27)
(60151/2, 55, 25)
(30076, 54, 24)
(60153/2, 57, 26)
(30077, 55, 25)
(60155/2, 52, 23)
(30078, 50, 22)
(60157/2, 54, 24)
(30079, 52, 23)
(60159/2, 49, 21)
(30080, 50, 22)
(30081, 54, 24)
(30082, 47, 20)
(30084, 45, 19)
(30085, 50, 22)
(30086, 47, 20)
(30088, 45, 19)
(30089, 50, 22)
(30090, 47, 20)
(30092, 45, 19)
(30094, 43, 18)
(30096, 42, 17)
(30102, 59, 27)
(30104, 54, 24)
(30110, 47, 20)
(30112, 42, 17)
(30114, 49, 21)
(30118, 49, 21)
(30120, 54, 24)
(30140, 57, 26)
(30141, 55, 25)
(60283/2, 52, 23)
(30142, 49, 21)
(90427/3, 57, 26)
(90430/3, 43, 18)
(90431/3, 40, 16)
(30144, 38, 15)
(30145, 50, 22)
(30148, 50, 22)
(30149, 38, 15)
(30152, 50, 22)
(30154, 45, 19)
(120617/4, 50, 22)
(60309/2, 54, 24)
(30156, 61, 29)
(120627/4, 61, 29)
(30157, 61, 29)
(30158, 61, 29)
(30160, 61, 28)
(30164, 54, 24)
(30165, 42, 17)
(30167, 45, 19)
(120669/4, 49, 21)
(60335/2, 54, 24)
(120671/4, 57, 26)
(30168, 61, 28)
(60339/2, 59, 27)
(30170, 56, 25)
(60343/2, 49, 21)
(30172, 54, 24)
(30173, 42, 17)
(30175, 45, 19)
(120701/4, 49, 21)
(60351/2, 54, 24)
(120703/4, 57, 26)
(30176, 61, 28)
(60353/2, 59, 27)
(30177, 56, 25)
(60355/2, 53, 23)
(30178, 49, 21)
(60357/2, 47, 20)
(30179, 45, 19)
(60359/2, 44, 18)
(30180, 42, 17)
(30181, 54, 24)
(30189, 49, 21)
(120757/4, 57, 26)
(120757/4, 52, 23)
(120763/4, 61, 28)
(30192, 62, 29)
(60385/2, 61, 28)
(30193, 59, 27)
(60387/2, 57, 26)
(30194, 56, 25)
(60389/2, 59, 27)
(30195, 56, 25)
(60391/2, 50, 22)
(30196, 49, 21)
(30197, 50, 22)
(60395/2, 52, 23)
(30198, 54, 24)
(60397/2, 56, 25)
(30199, 57, 26)
(60399/2, 58, 26)
(30200, 59, 27)
(60401/2, 61, 28)
(30201, 62, 29)
(60403/2, 63, 29)
(30202, 64, 30)
(60405/2, 66, 31)
(30203, 68, 32)
(60407/2, 69, 33)
(30204, 68, 32)
(30205, 54, 24)
(30205, 55, 25)
(60411/2, 57, 26)
(60413/2, 55, 25)
(30208, 54, 24)
(30210, 47, 20)
(30212, 52, 23)
(30213, 56, 25)
(30214, 57, 26)
(30215, 56, 25)
(30216, 54, 24)
(30218, 47, 20)
(30220, 52, 23)
(30231, 52, 23)
(30232, 57, 26)
(30233, 52, 23)
(30234, 49, 21)
(30235, 45, 19)
(30236, 42, 17)
(30238, 40, 17)
(30240, 40, 16)
(30249, 52, 23)
(30250, 57, 26)
(30251, 61, 28)
(30252, 54, 24)
(30253, 56, 25)
(30256, 50, 22)
(30256, 52, 23)
(30258, 54, 24)
(30260, 51, 22)
(30262, 50, 22)
(30264, 49, 21)
(30267, 49, 21)
(30268, 54, 24)
(30270, 47, 20)
(30272, 52, 23)
(60545/2, 50, 22)
(60547/2, 49, 21)
(30274, 50, 22)
(30276, 52, 23)
(30278, 52, 23)
(30280, 57, 26)
(30283, 37, 14)
(30284, 42, 17)
(30286, 42, 17)
(30287, 37, 14)
(30288, 42, 17)
(60577/2, 37, 14)
(30292, 42, 17)
(30293, 42, 17)
(30294, 42, 17)
(30295, 37, 14)
(30296, 41, 16)
(30299, 37, 14)
(30300, 42, 17)
(30301, 42, 17)
(30302, 42, 17)
(30303, 42, 17)
(30304, 50, 22)
(30308, 52, 23)
(30312, 45, 19)
(30313, 64, 30)
(30316, 42, 17)
(30318, 42, 17)
(30319, 37, 14)
(30320, 40, 16)
(30323, 37, 14)
(30324, 42, 17)
(30325, 42, 17)
(30326, 42, 17)
(30327, 37, 14)
(30328, 41, 16)
(30331, 37, 14)
(30332, 42, 17)
(30333, 42, 17)
(30334, 42, 17)
(30335, 42, 17)
(30336, 50, 22)
(30339, 50, 22)
(30340, 50, 22)
(30342, 52, 23)
(30344, 54, 24)
(30346, 56, 25)
(30348, 57, 26)
(30350, 59, 27)
(30352, 61, 28)
(30356, 64, 30)
(30360, 63, 29)
(30364, 52, 23)
(30368, 66, 31)
(30372, 43, 18)
(30376, 43, 18)
(30380, 44, 18)
(30387, 54, 24)
(30387, 55, 25)
(30388, 57, 26)
(91166/3, 45, 19)
(91168/3, 59, 27)
(30390, 47, 20)
(30392, 61, 28)
(91178/3, 49, 21)
(91180/3, 61, 28)
(91180/3, 62, 29)
(91180/3, 64, 30)
(30394, 50, 22)
(30396, 64, 30)
(60795/2, 62, 29)
(60797/2, 62, 29)
(30400, 61, 28)
(30402, 43, 18)
(60805/2, 54, 24)
(60805/2, 55, 25)
(60805/2, 57, 26)
(30404, 52, 23)
(60809/2, 49, 21)
(121621/4, 47, 20)
(121623/4, 59, 27)
(121625/4, 59, 27)
(30408, 61, 28)
(60817/2, 57, 26)
(121645/4, 62, 29)
(30412, 64, 30)
(30415, 52, 23)
(121661/4, 54, 24)
(121661/4, 57, 26)
(60831/2, 59, 27)
(30416, 61, 28)
(30417, 59, 27)
(60835/2, 57, 26)
(60837/2, 52, 23)
(30420, 52, 23)
(30423, 40, 16)
(60847/2, 42, 17)
(30424, 61, 28)
(30425, 59, 27)
(60851/2, 57, 26)
(60853/2, 61, 28)
(30428, 52, 23)
(30433, 54, 24)
(30433, 55, 25)
(30433, 59, 27)
(121733/4, 62, 29)
(60867/2, 64, 30)
(121741/4, 52, 23)
(121743/4, 54, 24)
(121743/4, 55, 25)
(121743/4, 57, 26)
(121761/4, 52, 23)
(121763/4, 64, 30)
(60883/2, 59, 27)
(121773/4, 52, 23)
(121777/4, 47, 20)
(243555/8, 64, 30)
(243563/8, 52, 23)
(121791/4, 50, 22)
(121793/4, 49, 21)
(121795/4, 47, 20)
(121797/4, 47, 20)
(121799/4, 50, 22)
(121807/4, 47, 20)
(121809/4, 49, 21)
(121811/4, 47, 20)
(121813/4, 49, 21)
(121815/4, 50, 22)
(121821/4, 52, 23)
(121823/4, 57, 26)
(121827/4, 54, 24)
(60915/2, 43, 17)
(30458, 43, 17)
(121837/4, 47, 20)
(121839/4, 49, 21)
(121853/4, 49, 21)
(121855/4, 55, 25)
(121857/4, 46, 20)
(121867/4, 52, 23)
(121871/4, 55, 25)
(121893/4, 38, 15)
(121897/4, 50, 22)
(121905/4, 40, 16)
(121909/4, 50, 22)
(121909/4, 52, 23)
(121933/4, 39, 15)
(121945/4, 52, 23)
(121949/4, 52, 23)
(30488, 52, 23)
(121957/4, 54, 24)
(121957/4, 43, 18)
(121957/4, 47, 20)
(121961/4, 47, 20)
(121969/4, 54, 24)
(122045/4, 42, 17)
(122161/4, 59, 27)
(122165/4, 55, 25)
(122169/4, 52, 23)
(122177/4, 59, 27)
(122205/4, 42, 17)
(122217/4, 47, 20)
(122221/4, 50, 22)
(122233/4, 47, 20)
(122241/4, 42, 17)
(122245/4, 54, 24)
(122253/4, 51, 22)
(122265/4, 49, 21)
(122269/4, 57, 26)
(122273/4, 59, 27)
(122277/4, 57, 26)
(122281/4, 61, 28)
(122285/4, 53, 23)
(122289/4, 54, 24)
(122293/4, 42, 17)
(122301/4, 45, 19)
(122305/4, 42, 17)
(122313/4, 45, 19)
(122317/4, 54, 24)
(122325/4, 54, 24)
(122337/4, 51, 22)
(122343/4, 47, 20)
(122349/4, 43, 18)
(122355/4, 47, 20)
(122361/4, 40, 16)
(122373/4, 43, 18)
(122417/4, 43, 18)
(122421/4, 55, 25)
(122433/4, 53, 24)
(122441/4, 50, 22)
(122517/4, 62, 29)
(122519/4, 60, 28)
(122521/4, 57, 26)
(61261/2, 55, 25)
(122523/4, 54, 24)
(30631, 52, 23)
(61263/2, 48, 21)
(122527/4, 47, 20)
(30632, 45, 19)
(122529/4, 36, 14)
(122533/4, 48, 21)
(122541/4, 48, 21)
(214456/7, 37, 14)
(122553/4, 58, 27)
(122557/4, 58, 27)
(30640, 58, 27)
(122561/4, 58, 27)
(122565/4, 58, 27)
(122569/4, 46, 20)
(122577/4, 45, 19)
(122589/4, 61, 28)
(122633/4, 62, 29)
(122637/4, 50, 22)
(122645/4, 50, 22)
(122649/4, 38, 15)
(122657/4, 60, 28)
(122661/4, 60, 28)
(122663/4, 60, 28)
(122665/4, 60, 28)
(122669/4, 60, 28)
(122673/4, 48, 21)
(122681/4, 47, 20)
(122693/4, 63, 29)
(122749/4, 47, 20)
(122761/4, 59, 27)
(122773/4, 45, 19)
(122785/4, 57, 26)
(122797/4, 54, 24)
(122801/4, 57, 26)
(122805/4, 62, 29)
(122813/4, 47, 20)
(61407/2, 50, 22)
(122815/4, 55, 25)
(30704, 59, 27)
(122817/4, 62, 29)
(122825/4, 45, 19)
(61413/2, 48, 21)
(122827/4, 50, 22)
(30707, 54, 24)
(122829/4, 57, 26)
(122837/4, 48, 21)
(61419/2, 50, 22)
(122839/4, 54, 24)
(30710, 57, 26)
(122841/4, 60, 28)
(122849/4, 47, 20)
(61425/2, 50, 22)
(122851/4, 52, 23)
(30713, 56, 25)
(122853/4, 59, 27)
(122869/4, 60, 28)
(122871/4, 59, 27)
(122873/4, 57, 26)
(122875/4, 55, 25)
(122877/4, 53, 24)
(122879/4, 52, 23)
(122881/4, 47, 20)
(122883/4, 48, 21)
(122885/4, 50, 22)
(122887/4, 52, 23)
(122889/4, 53, 24)
(122891/4, 50, 22)
(122893/4, 62, 29)
(122895/4, 60, 28)
(122897/4, 59, 27)
(122899/4, 57, 26)
(122901/4, 56, 25)
(122903/4, 53, 24)
(122905/4, 49, 21)
(122907/4, 50, 22)
(122909/4, 52, 23)
(122911/4, 54, 24)
(122913/4, 55, 25)
(122915/4, 52, 23)
(122917/4, 64, 30)
(122919/4, 62, 29)
(122921/4, 61, 28)
(122923/4, 59, 27)
(122925/4, 58, 26)
(122927/4, 55, 25)
(122929/4, 50, 22)
(122931/4, 55, 25)
(122933/4, 54, 24)
(122935/4, 52, 23)
(122937/4, 50, 22)
(122941/4, 47, 20)
(122943/4, 50, 22)
(122945/4, 49, 21)
(122947/4, 46, 19)
(122949/4, 47, 20)
(122953/4, 42, 17)
(122977/4, 62, 29)
(122983/4, 59, 27)
(122989/4, 50, 22)
(122993/4, 47, 20)
(122995/4, 43, 18)
(123017/4, 42, 17)
(123029/4, 40, 16)
(123101/4, 37, 14)
(123113/4, 61, 28)
(123119/4, 57, 26)
(123125/4, 48, 21)
(123185/4, 33, 12)
(123229/4, 57, 26)
(123233/4, 54, 24)
(123235/4, 50, 22)
(123241/4, 42, 17)
(123243/4, 40, 16)
(123249/4, 35, 13)
(123269/4, 37, 14)
(123293/4, 40, 16)
(123299/4, 38, 15)
(123333/4, 50, 22)
(123335/4, 47, 20)
(123345/4, 50, 22)
(123347/4, 49, 21)
(123349/4, 47, 20)
(123351/4, 43, 18)
(123353/4, 42, 17)
(123355/4, 40, 16)
(123357/4, 38, 15)
(123361/4, 50, 22)
(123385/4, 50, 22)
(123389/4, 62, 29)
(123397/4, 62, 29)
(123401/4, 62, 29)
(30851, 61, 28)
(30852, 61, 28)
(30853, 49, 21)
(30855, 54, 24)
(61711/2, 62, 29)
(30858, 66, 31)
(30859, 54, 24)
(30861, 54, 24)
(30862, 54, 24)
(123451/4, 54, 24)
(30863, 54, 24)
(30864, 43, 18)
(30866, 43, 18)
(308661/10, 47, 20)
(154331/5, 50, 22)
(30867, 55, 25)
(61735/2, 55, 25)
(30870, 57, 26)
(61743/2, 55, 25)
(30872, 55, 25)
(30873, 57, 26)
(30875, 45, 19)
(30876, 38, 15)
(30887, 57, 26)
(30889, 59, 27)
(30890, 54, 24)
(30891, 50, 22)
(30893, 57, 26)
(30896, 64, 30)
(61793/2, 67, 32)
(30897, 66, 31)
(61795/2, 59, 28)
(30898, 64, 30)
(61797/2, 62, 29)
(30902, 50, 22)
(30903, 54, 24)
(30905, 45, 19)
(30908, 45, 19)
(30909, 50, 22)
(30911, 43, 18)
(30914, 40, 16)
(30917, 57, 26)
(30918, 61, 28)
(30919, 59, 27)
(30920, 61, 28)
(30923, 50, 22)
(30924, 54, 24)
(30925, 52, 23)
(30926, 54, 24)
(30927, 57, 26)
(30928, 54, 24)
(30929, 47, 20)
(30932, 45, 19)
(30935, 59, 27)
(30938, 57, 26)
(30939, 45, 19)
(30940, 50, 22)
(30941, 52, 23)
(30943, 49, 21)
(30944, 46, 19)
(30947, 44, 18)
(30949, 43, 18)
(30950, 42, 17)
(61901/2, 50, 22)
(30951, 49, 21)
(61903/2, 50, 22)
(30952, 52, 23)
(61905/2, 49, 21)
(30956, 57, 26)
(30966, 47, 20)
(30968, 47, 20)
(30969, 46, 19)
(30972, 47, 20)
(30973, 47, 20)
(30974, 47, 20)
(30975, 46, 19)
(30978, 47, 20)
(30979, 47, 20)
(30980, 47, 20)
(30985, 45, 19)
(30988, 50, 22)
(61977/2, 54, 24)
(30989, 53, 23)
(61979/2, 54, 24)
(30990, 53, 23)
(61981/2, 54, 24)
(30991, 47, 20)
(30993, 47, 20)
(30994, 46, 19)
(30997, 47, 20)
(30998, 47, 20)
(30999, 47, 20)
(31000, 46, 19)
(31003, 47, 20)
(31004, 47, 20)
(31005, 59, 27)
(31010, 55, 25)
(31013, 59, 27)
(31016, 62, 29)
(31027, 67, 32)
(31030, 49, 21)
(31030, 52, 23)
(31033, 59, 27)
(31036, 61, 28)
(31037, 48, 21)
(31039, 60, 28)
(31040, 48, 21)
(31042, 61, 28)
(31043, 49, 21)
(31047, 49, 21)
(31048, 50, 22)
(31049, 52, 23)
(31050, 40, 16)
(31051, 54, 24)
(31052, 42, 17)
(31053, 42, 17)
(31054, 57, 26)
(31056, 57, 26)
(31057, 54, 24)
(62117/2, 50, 22)
(31059, 49, 21)
(62119/2, 49, 21)
(31060, 50, 22)
(62121/2, 42, 17)
(31061, 38, 15)
(62123/2, 40, 16)
(31062, 52, 23)
(62125/2, 52, 23)
(31063, 54, 24)
(62127/2, 50, 22)
(31064, 42, 17)
(62129/2, 42, 17)
(62131/2, 43, 18)
(31066, 57, 26)
(124271/4, 45, 19)
(31068, 52, 23)
(31069, 54, 24)
(62141/2, 50, 22)
(31072, 57, 26)
(31075, 66, 31)
(62153/2, 61, 29)
(31078, 57, 26)
(31082, 45, 19)
(124329/4, 57, 26)
(31084, 52, 23)
(62169/2, 57, 26)
(31088, 45, 19)
(31090, 45, 19)
(62181/2, 50, 22)
(31091, 54, 24)
(62183/2, 57, 26)
(31092, 62, 29)
(31093, 52, 23)
(62187/2, 50, 22)
(124375/4, 54, 24)
(31094, 57, 26)
(124377/4, 60, 28)
(62189/2, 62, 29)
(31095, 60, 28)
(31096, 43, 18)
(62193/2, 47, 20)
(31100, 50, 22)
(124401/4, 54, 24)
(62201/2, 62, 29)
(31101, 57, 26)
(31102, 50, 22)
(62207/2, 50, 22)
(124415/4, 54, 24)
(31105, 50, 22)
(62211/2, 52, 23)
(31106, 50, 22)
(62213/2, 48, 21)
(31107, 47, 20)
(62215/2, 47, 20)
(31108, 43, 18)
(62217/2, 42, 17)
(31109, 43, 18)
(62219/2, 45, 19)
(31110, 47, 20)
(31111, 59, 27)
(62223/2, 60, 28)
(31112, 59, 27)
(62225/2, 57, 26)
(31113, 57, 26)
(62227/2, 54, 24)
(31114, 54, 24)
(93343/3, 52, 23)
(93344/3, 50, 22)
(31115, 49, 21)
(62231/2, 50, 22)
(31116, 52, 23)
(62233/2, 44, 18)
(31117, 45, 19)
(31118, 57, 26)
(31120, 54, 24)
(62241/2, 52, 23)
(31121, 54, 24)
(62243/2, 57, 26)
(31122, 52, 23)
(31123, 50, 22)
(62247/2, 49, 21)
(31124, 50, 22)
(62249/2, 54, 24)
(31126, 50, 22)
(62253/2, 45, 19)
(31127, 46, 20)
(62255/2, 45, 19)
(31129, 47, 20)
(62259/2, 45, 19)
(31130, 43, 18)
(62261/2, 42, 17)
(31131, 43, 18)
(62263/2, 38, 15)
(31132, 39, 16)
(62265/2, 41, 17)
(31133, 43, 18)
(124535/4, 43, 18)
(124537/4, 41, 17)
(31135, 46, 20)
(62271/2, 43, 18)
(31136, 51, 23)
(31138, 47, 20)
(31138, 50, 22)
(31142, 47, 20)
(31142, 50, 22)
(31143, 49, 21)
(31144, 59, 27)
(62289/2, 52, 23)
(31145, 49, 21)
(62295/2, 40, 16)
(31148, 40, 16)
(31149, 42, 17)
(62299/2, 43, 18)
(31154, 54, 24)
(31156, 57, 26)
(31157, 42, 17)
(93473/3, 42, 17)
(93475/3, 43, 18)
(31159, 44, 18)
(31160, 45, 19)
(31161, 57, 26)
(31163, 45, 19)
(31164, 46, 19)
(31165, 47, 20)
(31166, 49, 21)
(62335/2, 69, 33)
(31169, 64, 30)
(62341/2, 62, 29)
(31172, 57, 26)
(31175, 54, 24)
(62367/2, 42, 17)
(31189, 38, 15)
(31190, 50, 22)
(31191, 45, 19)
(31192, 42, 17)
(31193, 54, 24)
(31195, 42, 17)
(93587/3, 42, 17)
(93589/3, 43, 18)
(31197, 42, 17)
(31198, 45, 19)
(31199, 57, 26)
(31201, 45, 19)
(31202, 46, 19)
(31203, 47, 20)
(31204, 49, 21)
(62411/2, 68, 33)
(31207, 64, 30)
(62417/2, 62, 29)
(31210, 57, 26)
(31213, 54, 24)
(62443/2, 38, 15)
(31228, 50, 22)
(31230, 45, 19)
(31231, 50, 22)
(31233, 45, 19)
(31234, 50, 22)
(31236, 45, 19)
(31237, 50, 22)
(31239, 45, 19)
(31240, 57, 26)
(31242, 45, 19)
(31244, 47, 20)
(31245, 50, 22)
(31246, 57, 26)
(31248, 45, 19)
(31250, 47, 20)
(31251, 50, 22)
(31254, 57, 26)
(31255, 57, 26)
(31257, 57, 26)
(31258, 45, 19)
(31259, 47, 20)
(31260, 50, 22)
(31261, 55, 25)
(31263, 50, 22)
(31264, 38, 15)
(125057/4, 42, 17)
(62529/2, 45, 19)
(125059/4, 50, 22)
(31266, 54, 24)
(31267, 42, 17)
(125069/4, 45, 19)
(62535/2, 50, 22)
(31269, 57, 26)
(31270, 45, 19)
(125081/4, 50, 22)
(62541/2, 54, 24)
(31272, 62, 29)
(62545/2, 66, 31)
(62547/2, 57, 26)
(31274, 54, 24)
(62549/2, 50, 22)
(31275, 38, 15)
(31281, 66, 31)
(62565/2, 64, 30)
(31284, 56, 25)
(31286, 45, 19)
(31287, 38, 15)
