(0, 62, 29)
(3, 74, 36)
(13/4, 78, 38)
(7/2, 81, 40)
(15/4, 86, 43)
(4, 90, 45)
(11/2, 88, 44)
(6, 86, 43)
(15/2, 81, 40)
(8, 78, 38)
(19/2, 76, 37)
(10, 74, 36)
(23/2, 69, 33)
(12, 71, 34)
(13, 71, 34)
(55/4, 71, 34)
(14, 71, 34)
(31/2, 69, 33)
(63/4, 71, 34)
(16, 73, 35)
(19, 66, 31)
(77/4, 69, 33)
(39/2, 73, 35)
(79/4, 78, 38)
(20, 81, 40)
(43/2, 80, 39)
(22, 78, 38)
(47/2, 73, 35)
(24, 69, 33)
(51/2, 68, 32)
(26, 66, 31)
(55/2, 61, 28)
(28, 62, 29)
(29, 62, 29)
(119/4, 62, 29)
(30, 62, 29)
(63/2, 61, 28)
(127/4, 62, 29)
(32, 71, 34)
(35, 67, 32)
(141/4, 71, 34)
(71/2, 76, 37)
(143/4, 79, 39)
(36, 83, 41)
(75/2, 81, 40)
(38, 79, 39)
(79/2, 78, 38)
(40, 76, 37)
(83/2, 86, 43)
(42, 85, 42)
(87/2, 83, 41)
(44, 81, 40)
(45, 79, 39)
(183/4, 76, 37)
(46, 69, 33)
(47, 67, 32)
(191/4, 64, 30)
(48, 62, 29)
(56, 81, 40)
(61, 82, 40)
(62, 83, 41)
(63, 79, 39)
(64, 78, 38)
(65, 74, 36)
(66, 81, 40)
(72, 81, 40)
(77, 82, 40)
(78, 83, 41)
(79, 79, 39)
(80, 78, 38)
(161/2, 74, 36)
(81, 73, 35)
(163/2, 74, 36)
(82, 76, 37)
(165/2, 73, 35)
(83, 74, 36)
(167/2, 79, 39)
(84, 78, 38)
(169/2, 74, 36)
(85, 73, 35)
(171/2, 74, 36)
(86, 76, 37)
(173/2, 73, 35)
(87, 74, 36)
(175/2, 79, 39)
(88, 78, 38)
(177/2, 74, 36)
(89, 73, 35)
(179/2, 74, 36)
(90, 76, 37)
(181/2, 73, 35)
(91, 74, 36)
(183/2, 83, 41)
(92, 83, 41)
(185/2, 73, 35)
(93, 74, 36)
(187/2, 83, 41)
(94, 83, 41)
(189/2, 73, 35)
(95, 74, 36)
(191/2, 83, 41)
(96, 82, 40)
(97, 78, 38)
(98, 86, 43)
(100, 85, 42)
(101, 78, 38)
(102, 83, 41)
(207/2, 83, 41)
(104, 82, 40)
(105, 78, 38)
(106, 74, 36)
(108, 73, 35)
(109, 66, 31)
(110, 71, 34)
(223/2, 71, 34)
(112, 70, 33)
(114, 73, 35)
(118, 73, 35)
(241/2, 66, 31)
(121, 65, 30)
(243/2, 66, 31)
(122, 68, 32)
(245/2, 65, 30)
(123, 66, 31)
(247/2, 70, 33)
(124, 70, 33)
(249/2, 66, 31)
(125, 70, 33)
(251/2, 73, 35)
(126, 73, 35)
(253/2, 70, 33)
(127, 73, 35)
(255/2, 76, 37)
(128, 76, 37)
(257/2, 73, 35)
(129, 76, 37)
(259/2, 79, 39)
(130, 79, 39)
(133, 76, 37)
(134, 73, 35)
(135, 70, 33)
(136, 67, 32)
(137, 64, 30)
(138, 61, 28)
(139, 58, 26)
(140, 59, 27)
(561/4, 61, 28)
(281/2, 62, 29)
(563/4, 64, 30)
(141, 66, 31)
(565/4, 67, 32)
(283/2, 69, 33)
(567/4, 71, 34)
(142, 73, 35)
(569/4, 74, 36)
(285/2, 76, 37)
(571/4, 78, 38)
(143, 79, 39)
(573/4, 81, 40)
(287/2, 83, 41)
(575/4, 85, 42)
(144, 86, 43)
(147, 74, 36)
(589/4, 78, 38)
(295/2, 81, 40)
(591/4, 86, 43)
(148, 90, 45)
(299/2, 88, 44)
(150, 86, 43)
(303/2, 81, 40)
(152, 78, 38)
(307/2, 76, 37)
(154, 74, 36)
(311/2, 69, 33)
(156, 71, 34)
(157, 71, 34)
(631/4, 71, 34)
(158, 71, 34)
(319/2, 69, 33)
(639/4, 71, 34)
(160, 73, 35)
(163, 66, 31)
(653/4, 69, 33)
(327/2, 73, 35)
(655/4, 78, 38)
(164, 81, 40)
(331/2, 80, 39)
(166, 78, 38)
(335/2, 73, 35)
(168, 78, 38)
(169, 77, 37)
(171, 66, 31)
(685/4, 69, 33)
(343/2, 73, 35)
(687/4, 78, 38)
(172, 81, 40)
(345/2, 80, 39)
(173, 78, 38)
(347/2, 73, 35)
(174, 69, 33)
(349/2, 66, 31)
(175, 61, 28)
(351/2, 78, 38)
(176, 78, 38)
(177, 77, 37)
(179, 69, 33)
(717/4, 73, 35)
(359/2, 78, 38)
(719/4, 81, 40)
(180, 85, 42)
(361/2, 83, 41)
(181, 81, 40)
(363/2, 80, 39)
(182, 78, 38)
(365/2, 73, 35)
(183, 69, 33)
(367/2, 66, 31)
(184, 68, 32)
(739/4, 69, 33)
(185, 71, 34)
(743/4, 73, 35)
(186, 74, 36)
(375/2, 76, 37)
(188, 88, 44)
(377/2, 86, 43)
(189, 85, 42)
(379/2, 83, 41)
(190, 81, 40)
(381/2, 76, 37)
(191, 73, 35)
(383/2, 69, 33)
(192, 71, 34)
(771/4, 73, 35)
(193, 74, 36)
(775/4, 76, 37)
(194, 78, 38)
(195, 71, 34)
(781/4, 76, 37)
(391/2, 80, 39)
(783/4, 83, 41)
(196, 88, 44)
(393/2, 86, 43)
(197, 85, 42)
(395/2, 83, 41)
(198, 81, 40)
(397/2, 80, 39)
(199, 78, 38)
(399/2, 76, 37)
(200, 74, 36)
(401/2, 73, 35)
(201, 71, 34)
(403/2, 69, 33)
(202, 68, 32)
(405/2, 66, 31)
(203, 64, 30)
(407/2, 63, 29)
(204, 62, 29)
(205, 59, 27)
(206, 57, 26)
(207, 59, 27)
(208, 61, 28)
(210, 59, 27)
(213, 71, 34)
(214, 69, 33)
(215, 64, 30)
(216, 64, 30)
(218, 63, 29)
(223, 76, 37)
(224, 76, 37)
(226, 75, 36)
(228, 74, 36)
(231, 74, 36)
(232, 73, 35)
(465/2, 69, 33)
(233, 68, 32)
(467/2, 69, 33)
(234, 71, 34)
(469/2, 68, 32)
(235, 69, 33)
(471/2, 81, 40)
(236, 81, 40)
(238, 74, 36)
(481/2, 69, 33)
(241, 68, 32)
(483/2, 69, 33)
(242, 71, 34)
(485/2, 68, 32)
(243, 69, 33)
(487/2, 81, 40)
(244, 81, 40)
(246, 74, 36)
(497/2, 69, 33)
(249, 68, 32)
(499/2, 69, 33)
(250, 71, 34)
(501/2, 68, 32)
(251, 69, 33)
(503/2, 76, 37)
(252, 76, 37)
(253, 75, 36)
(509/2, 70, 33)
(255, 71, 34)
(511/2, 74, 36)
(256, 74, 36)
(257, 73, 35)
(517/2, 66, 31)
(259, 69, 33)
(519/2, 73, 35)
(260, 73, 35)
(261, 71, 34)
(525/2, 59, 27)
(263, 64, 30)
(527/2, 68, 32)
(264, 69, 33)
(537/2, 69, 33)
(269, 68, 32)
(539/2, 69, 33)
(270, 71, 34)
(541/2, 68, 32)
(271, 69, 33)
(543/2, 81, 40)
(272, 81, 40)
(545/2, 80, 39)
(273, 78, 38)
(547/2, 76, 37)
(274, 78, 38)
(549/2, 76, 37)
(275, 74, 36)
(551/2, 71, 34)
(276, 69, 33)
(278, 73, 35)
(559/2, 71, 34)
(280, 69, 33)
(283, 61, 28)
(284, 66, 31)
(286, 61, 28)
(287, 69, 33)
(288, 69, 33)
(290, 68, 32)
(291, 65, 30)
(292, 66, 31)
(293, 61, 28)
(294, 66, 31)
(295, 69, 33)
(296, 69, 33)
(298, 68, 32)
(299, 65, 30)
(300, 66, 31)
(301, 61, 28)
(302, 66, 31)
(303, 69, 33)
(304, 73, 35)
(306, 71, 34)
(307, 69, 33)
(308, 69, 33)
(309, 69, 33)
(310, 71, 34)
(311, 68, 32)
(312, 69, 33)
(315, 61, 28)
(316, 66, 31)
(318, 61, 28)
(319, 69, 33)
(320, 69, 33)
(322, 68, 32)
(323, 65, 30)
(324, 66, 31)
(325, 61, 28)
(326, 66, 31)
(327, 69, 33)
(328, 69, 33)
(330, 68, 32)
(331, 65, 30)
(332, 66, 31)
(333, 66, 31)
(334, 69, 33)
(335, 73, 35)
(336, 76, 37)
(338, 74, 36)
(339, 71, 34)
(340, 66, 31)
(342, 68, 32)
(344, 69, 33)
(346, 71, 34)
(348, 73, 35)
(350, 74, 36)
(352, 76, 37)
(359, 63, 29)
(1437/4, 66, 31)
(719/2, 69, 33)
(1439/4, 75, 36)
(360, 78, 38)
(723/2, 76, 37)
(362, 75, 36)
(727/2, 71, 34)
(364, 72, 35)
(367, 66, 31)
(1469/4, 69, 33)
(735/2, 75, 36)
(1471/4, 78, 38)
(368, 81, 40)
(739/2, 79, 39)
(370, 78, 38)
(743/2, 75, 36)
(372, 76, 37)
(375, 67, 32)
(1501/4, 72, 35)
(751/2, 76, 37)
(1503/4, 79, 39)
(376, 84, 42)
(755/2, 79, 39)
(378, 76, 37)
(379, 72, 35)
(1517/4, 76, 37)
(759/2, 79, 39)
(1519/4, 84, 42)
(380, 88, 44)
(763/2, 86, 43)
(382, 83, 41)
(767/2, 80, 39)
(384, 76, 37)
(771/2, 78, 38)
(386, 76, 37)
(773/2, 74, 36)
(387, 71, 34)
(775/2, 73, 35)
(388, 69, 33)
(777/2, 73, 35)
(389, 76, 37)
(779/2, 81, 40)
(390, 80, 39)
(781/2, 78, 38)
(391, 74, 36)
(783/2, 76, 37)
(392, 73, 35)
(785/2, 76, 37)
(393, 81, 40)
(787/2, 85, 42)
(394, 83, 41)
(789/2, 81, 40)
(395, 78, 38)
(791/2, 80, 39)
(396, 76, 37)
(793/2, 81, 40)
(397, 85, 42)
(795/2, 90, 45)
(398, 88, 44)
(799/2, 80, 39)
(400, 81, 40)
(803/2, 73, 35)
(402, 76, 37)
(805/2, 74, 36)
(403, 71, 34)
(807/2, 73, 35)
(404, 69, 33)
(809/2, 73, 35)
(405, 76, 37)
(811/2, 81, 40)
(406, 80, 39)
(813/2, 78, 38)
(407, 74, 36)
(815/2, 76, 37)
(408, 73, 35)
(817/2, 76, 37)
(409, 81, 40)
(819/2, 85, 42)
(410, 83, 41)
(821/2, 81, 40)
(411, 78, 38)
(823/2, 80, 39)
(412, 76, 37)
(825/2, 81, 40)
(413, 85, 42)
(827/2, 90, 45)
(414, 88, 44)
(831/2, 80, 39)
(416, 81, 40)
(419, 73, 35)
(1677/4, 76, 37)
(839/2, 81, 40)
(1679/4, 85, 42)
(420, 88, 44)
(841/2, 86, 43)
(421, 83, 41)
(843/2, 80, 39)
(422, 76, 37)
(845/2, 74, 36)
(423, 73, 35)
(847/2, 71, 34)
(424, 69, 33)
(427, 73, 35)
(1709/4, 76, 37)
(855/2, 81, 40)
(1711/4, 85, 42)
(428, 88, 44)
(857/2, 86, 43)
(429, 83, 41)
(859/2, 80, 39)
(430, 76, 37)
(861/2, 80, 39)
(431, 83, 41)
(863/2, 86, 43)
(432, 80, 39)
(435, 76, 37)
(1741/4, 80, 39)
(871/2, 83, 41)
(1743/4, 86, 43)
(436, 88, 44)
(873/2, 86, 43)
(437, 83, 41)
(875/2, 80, 39)
(438, 76, 37)
(877/2, 80, 39)
(439, 83, 41)
(879/2, 86, 43)
(440, 80, 39)
(443, 71, 34)
(1773/4, 76, 37)
(887/2, 80, 39)
(1775/4, 83, 41)
(444, 88, 44)
(445, 76, 37)
(893/2, 74, 36)
(447, 73, 35)
(895/2, 71, 34)
(448, 69, 33)
(897/2, 71, 34)
(449, 73, 35)
(899/2, 74, 36)
(450, 76, 37)
(901/2, 68, 32)
(451, 69, 33)
(903/2, 71, 34)
(452, 73, 35)
(905/2, 71, 34)
(453, 73, 35)
(907/2, 74, 36)
(454, 76, 37)
(909/2, 81, 40)
(455, 79, 39)
(911/2, 78, 38)
(456, 76, 37)
(913/2, 75, 36)
(457, 76, 37)
(915/2, 78, 38)
(458, 79, 39)
(917/2, 71, 34)
(459, 73, 35)
(919/2, 74, 36)
(460, 76, 37)
(921/2, 68, 32)
(461, 69, 33)
(923/2, 71, 34)
(462, 73, 35)
(925/2, 64, 30)
(463, 66, 31)
(927/2, 67, 32)
(464, 58, 27)
(933/2, 64, 30)
(467, 66, 31)
(935/2, 67, 32)
(468, 57, 26)
(1881/4, 64, 30)
(941/2, 66, 31)
(1883/4, 67, 32)
(471, 69, 33)
(1885/4, 71, 34)
(943/2, 73, 35)
(1887/4, 74, 36)
(472, 76, 37)
(1889/4, 74, 36)
(945/2, 73, 35)
(1891/4, 71, 34)
(473, 69, 33)
(1893/4, 71, 34)
(947/2, 73, 35)
(1895/4, 74, 36)
(474, 76, 37)
(1897/4, 78, 38)
(949/2, 79, 39)
(1899/4, 81, 40)
(475, 83, 41)
(1901/4, 85, 42)
(951/2, 86, 43)
(1903/4, 88, 44)
(476, 90, 45)
(479, 74, 36)
(1917/4, 78, 38)
(959/2, 81, 40)
(1919/4, 86, 43)
(480, 90, 45)
(963/2, 88, 44)
(482, 87, 43)
(967/2, 81, 40)
(484, 78, 38)
(971/2, 76, 37)
(486, 75, 36)
(975/2, 69, 33)
(488, 66, 31)
(489, 66, 31)
(1959/4, 66, 31)
(490, 66, 31)
(983/2, 64, 30)
(1967/4, 66, 31)
(492, 69, 33)
(495, 69, 33)
(1981/4, 72, 35)
(991/2, 76, 37)
(1983/4, 81, 40)
(496, 84, 42)
(995/2, 81, 40)
(498, 78, 38)
(999/2, 75, 37)
(500, 72, 35)
(1003/2, 69, 33)
(502, 66, 31)
(1007/2, 63, 30)
(504, 62, 29)
(505, 62, 29)
(2023/4, 62, 29)
(506, 62, 29)
(1015/2, 61, 28)
(2031/4, 62, 29)
(508, 72, 35)
(512, 62, 29)
(513, 62, 29)
(2055/4, 62, 29)
(514, 62, 29)
(1031/2, 61, 28)
(2063/4, 62, 29)
(516, 72, 35)
(528, 72, 35)
(533, 73, 35)
(534, 74, 36)
(535, 69, 33)
(536, 71, 34)
(537, 67, 32)
(538, 74, 36)
(560, 76, 37)
(565, 77, 37)
(566, 78, 38)
(567, 73, 35)
(568, 74, 36)
(1137/2, 71, 34)
(569, 70, 33)
(1139/2, 71, 34)
(570, 73, 35)
(1141/2, 70, 33)
(571, 71, 34)
(1143/2, 76, 37)
(572, 74, 36)
(1145/2, 71, 34)
(573, 70, 33)
(1147/2, 71, 34)
(574, 73, 35)
(1149/2, 70, 33)
(575, 71, 34)
(1151/2, 76, 37)
(576, 74, 36)
(1153/2, 71, 34)
(577, 70, 33)
(1155/2, 71, 34)
(578, 73, 35)
(1157/2, 70, 33)
(579, 71, 34)
(1159/2, 79, 39)
(580, 78, 38)
(1161/2, 70, 33)
(581, 71, 34)
(1163/2, 78, 38)
(582, 78, 38)
(1165/2, 70, 33)
(583, 71, 34)
(1167/2, 83, 41)
(584, 83, 41)
(585, 73, 35)
(587, 73, 35)
(589, 73, 35)
(1181/2, 61, 28)
(591, 68, 32)
(1183/2, 71, 34)
(592, 69, 33)
(1217/2, 60, 28)
(609, 59, 27)
(1219/2, 64, 30)
(610, 64, 30)
(611, 63, 29)
(613, 71, 34)
(1229/2, 59, 27)
(615, 66, 31)
(1231/2, 69, 33)
(616, 67, 32)
(617, 67, 32)
(618, 72, 35)
(620, 71, 34)
(621, 67, 32)
(622, 76, 37)
(624, 74, 36)
(625, 67, 32)
(626, 72, 35)
(629, 71, 34)
(630, 76, 37)
(1265/2, 67, 32)
(633, 66, 31)
(1267/2, 67, 32)
(634, 69, 33)
(1269/2, 66, 31)
(635, 67, 32)
(1271/2, 70, 34)
(636, 69, 33)
(1273/2, 65, 31)
(637, 64, 30)
(1275/2, 65, 31)
(638, 67, 32)
(1277/2, 64, 30)
(639, 65, 31)
(1279/2, 68, 33)
(640, 68, 33)
(1281/2, 65, 31)
(641, 68, 33)
(1283/2, 71, 34)
(642, 71, 34)
(1285/2, 68, 33)
(643, 71, 34)
(1287/2, 74, 36)
(644, 74, 36)
(1289/2, 71, 34)
(645, 74, 36)
(1291/2, 77, 38)
(646, 77, 38)
(1293/2, 74, 36)
(647, 77, 38)
(1295/2, 80, 40)
(648, 80, 40)
(653, 77, 38)
(654, 74, 36)
(655, 71, 34)
(656, 68, 33)
(657, 65, 31)
(658, 62, 29)
(659, 59, 27)
(660, 60, 28)
(2641/4, 62, 29)
(1321/2, 64, 30)
(2643/4, 65, 31)
(661, 67, 32)
(2645/4, 69, 33)
(1323/2, 71, 34)
(2647/4, 72, 35)
(662, 74, 36)
(2649/4, 76, 37)
(1325/2, 77, 38)
(2651/4, 79, 39)
(663, 81, 40)
(2653/4, 83, 41)
(1327/2, 84, 42)
(2655/4, 86, 43)
(664, 88, 44)
(1331/2, 86, 43)
(666, 84, 42)
(1335/2, 79, 39)
(668, 76, 37)
(1339/2, 74, 36)
(670, 72, 35)
(1343/2, 67, 32)
(672, 64, 30)
(673, 64, 30)
(2695/4, 64, 30)
(674, 64, 30)
(1351/2, 62, 29)
(2703/4, 64, 30)
(676, 67, 32)
(679, 64, 30)
(2717/4, 67, 32)
(1359/2, 72, 35)
(2719/4, 76, 37)
(680, 79, 39)
(1361/2, 77, 38)
(681, 76, 37)
(1363/2, 73, 35)
(682, 69, 33)
(1365/2, 67, 32)
(683, 64, 30)
(1367/2, 61, 28)
(684, 57, 26)
(1369/2, 64, 30)
(685, 62, 29)
(1371/2, 61, 28)
(686, 67, 32)
(1373/2, 65, 31)
(687, 64, 30)
(1375/2, 70, 34)
(688, 69, 33)
(1377/2, 67, 32)
(689, 76, 37)
(1379/2, 74, 36)
(690, 73, 35)
(1381/2, 79, 39)
(691, 77, 38)
(1383/2, 76, 37)
(692, 82, 41)
(1385/2, 79, 39)
(693, 76, 37)
(1387/2, 74, 36)
(694, 73, 35)
(695, 74, 36)
(2781/4, 78, 38)
(1391/2, 81, 40)
(2783/4, 86, 43)
(696, 90, 45)
(1395/2, 88, 44)
(698, 86, 43)
(1399/2, 81, 40)
(700, 78, 38)
(1403/2, 76, 37)
(702, 74, 36)
(1407/2, 69, 33)
(704, 66, 31)
(705, 66, 31)
(2823/4, 66, 31)
(706, 66, 31)
(1415/2, 64, 30)
(2831/4, 66, 31)
(708, 74, 36)
(711, 66, 31)
(2845/4, 69, 33)
(1423/2, 74, 36)
(2847/4, 78, 38)
(712, 81, 40)
(1425/2, 79, 39)
(713, 78, 38)
(1427/2, 75, 36)
(714, 71, 34)
(1429/2, 69, 33)
(715, 66, 31)
(1431/2, 63, 29)
(716, 59, 27)
(1433/2, 66, 31)
(717, 64, 30)
(1435/2, 63, 29)
(718, 69, 33)
(1437/2, 67, 32)
(719, 66, 31)
(1439/2, 72, 35)
(720, 71, 34)
(1441/2, 69, 33)
(721, 78, 38)
(1443/2, 76, 37)
(722, 75, 36)
(1445/2, 78, 38)
(723, 75, 36)
(1447/2, 78, 38)
(724, 83, 41)
(1449/2, 81, 40)
(725, 79, 39)
(1451/2, 78, 38)
(726, 76, 37)
(1453/2, 74, 36)
(727, 73, 35)
(1455/2, 71, 34)
(728, 85, 42)
(1457/2, 83, 41)
(729, 82, 40)
(1459/2, 79, 39)
(730, 78, 38)
(1461/2, 76, 37)
(731, 74, 36)
(1463/2, 73, 35)
(732, 71, 34)
(1465/2, 66, 31)
(733, 62, 29)
(2933/4, 66, 31)
(1467/2, 71, 34)
(2935/4, 74, 36)
(734, 78, 38)
(1469/2, 74, 36)
(735, 71, 34)
(2941/4, 74, 36)
(1471/2, 78, 38)
(2943/4, 83, 41)
(736, 86, 43)
(1473/2, 85, 42)
(737, 83, 41)
(1475/2, 81, 40)
(738, 79, 39)
(1477/2, 78, 38)
(739, 76, 37)
(1479/2, 74, 36)
(740, 73, 35)
(1481/2, 69, 33)
(741, 64, 30)
(2965/4, 69, 33)
(1483/2, 73, 35)
(2967/4, 76, 37)
(742, 81, 40)
(1485/2, 76, 37)
(743, 73, 35)
(2973/4, 76, 37)
(1487/2, 81, 40)
(2975/4, 85, 42)
(744, 88, 44)
(1489/2, 86, 43)
(745, 85, 42)
(1491/2, 83, 41)
(746, 81, 40)
(1493/2, 79, 39)
(747, 78, 38)
(1495/2, 76, 37)
(748, 81, 40)
(1497/2, 79, 39)
(749, 78, 38)
(1499/2, 76, 37)
(750, 74, 36)
(1501/2, 72, 35)
(751, 71, 34)
(1503/2, 69, 33)
(752, 67, 32)
(753, 74, 36)
(754, 79, 39)
(757, 78, 38)
(758, 84, 42)
(761, 78, 38)
(762, 81, 40)
(765, 80, 39)
(766, 86, 43)
(769, 80, 39)
(1539/2, 81, 40)
(770, 83, 41)
(771, 76, 37)
(772, 88, 44)
(773, 64, 30)
(3093/4, 69, 33)
(1547/2, 72, 35)
(3095/4, 76, 37)
(774, 81, 40)
(775, 69, 33)
(777, 68, 32)
(3109/4, 71, 34)
(1555/2, 76, 37)
(3111/4, 80, 39)
(778, 83, 41)
(779, 68, 32)
(781, 59, 27)
(3125/4, 64, 30)
(1563/2, 68, 32)
(3127/4, 71, 34)
(782, 76, 37)
(783, 64, 30)
(785, 70, 33)
(3141/4, 73, 35)
(1571/2, 76, 37)
(3143/4, 82, 40)
(786, 85, 42)
(787, 70, 33)
(789, 58, 26)
(3157/4, 61, 28)
(1579/2, 64, 30)
(3159/4, 67, 32)
(790, 66, 31)
(791, 78, 38)
(792, 83, 41)
(1589/2, 82, 40)
(795, 83, 41)
(1591/2, 85, 42)
(796, 86, 43)
(1593/2, 82, 40)
(797, 83, 41)
(1595/2, 85, 42)
(798, 86, 43)
(1597/2, 85, 42)
(799, 86, 43)
(1599/2, 88, 44)
(800, 90, 45)
(1603/2, 85, 42)
(802, 82, 40)
(1607/2, 79, 39)
(804, 78, 38)
(1611/2, 73, 35)
(806, 70, 33)
(1615/2, 66, 31)
(808, 66, 31)
(815, 74, 36)
(3261/4, 78, 38)
(1631/2, 83, 41)
(3263/4, 86, 43)
(816, 90, 45)
(1635/2, 85, 42)
(818, 82, 40)
(1639/2, 79, 39)
(820, 78, 38)
(1643/2, 73, 35)
(822, 70, 33)
(1647/2, 67, 32)
(824, 66, 31)
(1651/2, 66, 31)
(826, 69, 33)
(1655/2, 72, 35)
(828, 75, 36)
(1659/2, 78, 38)
(830, 81, 40)
(1663/2, 84, 42)
(832, 83, 41)
(1667/2, 80, 39)
(834, 77, 38)
(1671/2, 74, 36)
(836, 71, 34)
(1675/2, 68, 32)
(838, 65, 31)
(1679/2, 59, 27)
(840, 58, 27)
(1683/2, 64, 30)
(842, 67, 32)
(1687/2, 70, 34)
(844, 73, 35)
(1691/2, 76, 37)
(846, 79, 39)
(1695/2, 82, 41)
(848, 81, 40)
(1699/2, 78, 38)
(850, 75, 36)
(1703/2, 72, 34)
(852, 69, 33)
(1707/2, 66, 31)
(854, 63, 29)
(1711/2, 60, 27)
(856, 61, 28)
(864, 81, 40)
(1731/2, 78, 38)
(866, 75, 36)
(1735/2, 72, 34)
(868, 69, 33)
(1739/2, 66, 31)
(870, 63, 29)
(1743/2, 60, 27)
(872, 61, 28)
(880, 60, 27)
(888, 57, 26)
(1779/2, 59, 27)
(890, 61, 28)
(1783/2, 62, 29)
(892, 64, 30)
(1787/2, 66, 31)
(894, 67, 32)
(1791/2, 68, 32)
(896, 69, 33)
(899, 57, 26)
(3597/4, 61, 28)
(1799/2, 64, 30)
(3599/4, 69, 33)
(900, 73, 35)
(903, 57, 26)
(3613/4, 61, 28)
(1807/2, 64, 30)
(3615/4, 67, 32)
(904, 69, 33)
(1811/2, 71, 34)
(906, 73, 35)
(1815/2, 74, 36)
(908, 76, 37)
(1819/2, 78, 38)
(910, 79, 39)
(1823/2, 80, 39)
(912, 81, 40)
(913, 61, 28)
(3653/4, 64, 30)
(1827/2, 69, 33)
(3655/4, 73, 35)
(914, 76, 37)
(915, 64, 30)
(3661/4, 69, 33)
(1831/2, 73, 35)
(3663/4, 76, 37)
(916, 81, 40)
(917, 69, 33)
(3669/4, 73, 35)
(1835/2, 76, 37)
(3671/4, 81, 40)
(918, 85, 42)
(919, 74, 36)
(3677/4, 78, 38)
(1839/2, 81, 40)
(3679/4, 86, 43)
(920, 90, 45)
(1843/2, 88, 44)
(922, 86, 43)
(1847/2, 81, 40)
(924, 78, 38)
(1851/2, 76, 37)
(926, 74, 36)
(1855/2, 69, 33)
(928, 71, 34)
(929, 71, 34)
(3719/4, 71, 34)
(930, 71, 34)
(1863/2, 69, 33)
(3727/4, 71, 34)
(932, 73, 35)
(935, 66, 31)
(3741/4, 69, 33)
(1871/2, 73, 35)
(3743/4, 78, 38)
(936, 81, 40)
(1875/2, 80, 39)
(938, 78, 38)
(1879/2, 73, 35)
(940, 69, 33)
(1883/2, 68, 32)
(942, 66, 31)
(1887/2, 61, 28)
(944, 62, 29)
(945, 62, 29)
(3783/4, 62, 29)
(946, 62, 29)
(1895/2, 61, 28)
(3791/4, 62, 29)
(948, 71, 34)
(951, 67, 32)
(3805/4, 71, 34)
(1903/2, 76, 37)
(3807/4, 79, 39)
(952, 83, 41)
(1907/2, 81, 40)
(954, 79, 39)
(1911/2, 78, 38)
(956, 76, 37)
(1915/2, 86, 43)
(958, 85, 42)
(1919/2, 83, 41)
(960, 81, 40)
(961, 79, 39)
(3847/4, 76, 37)
(962, 69, 33)
(963, 67, 32)
(3855/4, 64, 30)
(964, 62, 29)
(1943/2, 66, 31)
(972, 64, 30)
(1945/2, 67, 32)
(973, 66, 31)
(1947/2, 62, 29)
(974, 61, 28)
(1949/2, 64, 30)
(975, 62, 29)
(1951/2, 59, 27)
(976, 57, 26)
(977, 61, 28)
(978, 62, 29)
(979, 71, 34)
(980, 69, 33)
(1961/2, 66, 31)
(981, 64, 30)
(1963/2, 66, 31)
(982, 67, 32)
(1965/2, 64, 30)
(983, 66, 31)
(1969/2, 69, 33)
(985, 66, 31)
(1971/2, 62, 29)
(986, 61, 28)
(1973/2, 64, 30)
(987, 62, 29)
(988, 81, 40)
(993, 82, 40)
(994, 83, 41)
(995, 79, 39)
(996, 78, 38)
(1993/2, 74, 36)
(997, 73, 35)
(1995/2, 74, 36)
(998, 76, 37)
(1997/2, 73, 35)
(999, 74, 36)
(1999/2, 79, 39)
(1000, 78, 38)
(2001/2, 74, 36)
(1001, 73, 35)
(2003/2, 74, 36)
(1002, 76, 37)
(2005/2, 73, 35)
(1003, 74, 36)
(2007/2, 79, 39)
(1004, 78, 38)
(2009/2, 74, 36)
(1005, 73, 35)
(2011/2, 74, 36)
(1006, 76, 37)
(2013/2, 73, 35)
(1007, 74, 36)
(2015/2, 83, 41)
(1008, 83, 41)
(2017/2, 73, 35)
(1009, 74, 36)
(2019/2, 83, 41)
(1010, 81, 40)
(2021/2, 73, 35)
(1011, 74, 36)
(2023/2, 81, 40)
(1012, 80, 39)
(1014, 86, 43)
(1016, 85, 42)
(1017, 81, 40)
(1018, 80, 39)
(1019, 83, 41)
(1020, 81, 40)
(2057/2, 74, 36)
(1029, 73, 35)
(2059/2, 74, 36)
(1030, 76, 37)
(2061/2, 73, 35)
(1031, 74, 36)
(2063/2, 86, 43)
(1032, 86, 43)
(1034, 79, 39)
(2073/2, 74, 36)
(1037, 73, 35)
(2075/2, 74, 36)
(1038, 76, 37)
(2077/2, 73, 35)
(1039, 74, 36)
(2079/2, 86, 43)
(1040, 86, 43)
(1042, 79, 39)
(2089/2, 74, 36)
(1045, 73, 35)
(2091/2, 74, 36)
(1046, 76, 37)
(2093/2, 73, 35)
(1047, 74, 36)
(2095/2, 81, 40)
(1048, 81, 40)
(1049, 80, 39)
(2101/2, 75, 36)
(1051, 76, 37)
(2103/2, 79, 39)
(1052, 79, 39)
(1053, 78, 38)
(2109/2, 73, 35)
(1055, 74, 36)
(2111/2, 78, 38)
(1056, 78, 38)
(1057, 76, 37)
(2117/2, 64, 30)
(1059, 69, 33)
(2119/2, 73, 35)
(1060, 74, 36)
(2129/2, 74, 36)
(1065, 73, 35)
(2131/2, 74, 36)
(1066, 76, 37)
(2133/2, 73, 35)
(1067, 74, 36)
(2135/2, 86, 43)
(1068, 86, 43)
(2137/2, 85, 42)
(1069, 83, 41)
(2139/2, 81, 40)
(1070, 83, 41)
(2141/2, 81, 40)
(1071, 79, 39)
(2143/2, 76, 37)
(1072, 74, 36)
(1074, 73, 35)
(1074, 78, 38)
(2151/2, 76, 37)
(1076, 74, 36)
(1079, 66, 31)
(1080, 71, 34)
(1082, 66, 31)
(1083, 74, 36)
(1084, 74, 36)
(1086, 73, 35)
(1087, 70, 33)
(1088, 71, 34)
(1089, 66, 31)
(1090, 71, 34)
(1091, 74, 36)
(1092, 74, 36)
(1094, 73, 35)
(1095, 70, 33)
(1096, 71, 34)
(1097, 66, 31)
(1098, 71, 34)
(1099, 74, 36)
(1100, 78, 38)
(1102, 76, 37)
(1103, 74, 36)
(1104, 74, 36)
(1105, 74, 36)
(1106, 76, 37)
(1107, 73, 35)
(1108, 74, 36)
(1111, 66, 31)
(1112, 71, 34)
(1114, 66, 31)
(1115, 74, 36)
(1116, 74, 36)
(1118, 73, 35)
(1119, 70, 33)
(1120, 71, 34)
(1121, 66, 31)
(1122, 71, 34)
(1123, 74, 36)
(1124, 74, 36)
(1126, 73, 35)
(1127, 70, 33)
(1128, 71, 34)
(1129, 71, 34)
(1130, 74, 36)
(1131, 78, 38)
(1132, 81, 40)
(1134, 79, 39)
(1135, 76, 37)
(1136, 71, 34)
(1138, 73, 35)
(1140, 74, 36)
(1142, 76, 37)
(1144, 78, 38)
(1146, 79, 39)
(1148, 81, 40)
(1155, 68, 32)
(4621/4, 71, 34)
(2311/2, 74, 36)
(4623/4, 80, 39)
(1156, 83, 41)
(2315/2, 81, 40)
(1158, 80, 39)
(2319/2, 76, 37)
(1160, 77, 38)
(1163, 71, 34)
(4653/4, 74, 36)
(2327/2, 80, 39)
(4655/4, 83, 41)
(1164, 86, 43)
(2331/2, 84, 42)
(1166, 83, 41)
(2335/2, 80, 39)
(1168, 81, 40)
(1171, 65, 31)
(4685/4, 69, 33)
(2343/2, 72, 35)
(4687/4, 77, 38)
(1172, 81, 40)
(2347/2, 79, 39)
(1174, 77, 38)
(2351/2, 72, 35)
(1176, 81, 40)
(2355/2, 79, 39)
(1178, 76, 37)
(2359/2, 73, 35)
(1180, 69, 33)
(2363/2, 71, 34)
(1182, 69, 33)
(2365/2, 67, 32)
(1183, 64, 30)
(2367/2, 66, 31)
(1184, 62, 29)
(2369/2, 66, 31)
(1185, 69, 33)
(2371/2, 74, 36)
(1186, 73, 35)
(2373/2, 71, 34)
(1187, 67, 32)
(2375/2, 69, 33)
(1188, 66, 31)
(2377/2, 69, 33)
(1189, 74, 36)
(2379/2, 78, 38)
(1190, 76, 37)
(2381/2, 74, 36)
(1191, 71, 34)
(2383/2, 73, 35)
(1192, 69, 33)
(2385/2, 74, 36)
(1193, 78, 38)
(2387/2, 83, 41)
(1194, 81, 40)
(2391/2, 73, 35)
(1196, 74, 36)
(2395/2, 78, 38)
(1198, 81, 40)
(2397/2, 79, 39)
(1199, 76, 37)
(2399/2, 78, 38)
(1200, 74, 36)
(2401/2, 78, 38)
(1201, 81, 40)
(2403/2, 86, 43)
(1202, 85, 42)
(2405/2, 83, 41)
(1203, 79, 39)
(2407/2, 81, 40)
(1204, 78, 38)
(2409/2, 81, 40)
(1205, 86, 43)
(2411/2, 90, 45)
(1206, 88, 44)
(2413/2, 86, 43)
(1207, 83, 41)
(2415/2, 85, 42)
(1208, 81, 40)
(2417/2, 81, 40)
(1209, 86, 43)
(2419/2, 90, 45)
(1210, 93, 47)
(2423/2, 85, 42)
(1212, 86, 43)
(1215, 66, 31)
(4861/4, 69, 33)
(2431/2, 74, 36)
(4863/4, 78, 38)
(1216, 81, 40)
(2433/2, 79, 39)
(1217, 76, 37)
(2435/2, 73, 35)
(1218, 69, 33)
(2437/2, 67, 32)
(1219, 66, 31)
(2439/2, 64, 30)
(1220, 62, 29)
(1223, 66, 31)
(4893/4, 69, 33)
(2447/2, 74, 36)
(4895/4, 78, 38)
(1224, 81, 40)
(2449/2, 79, 39)
(1225, 76, 37)
(2451/2, 73, 35)
(1226, 69, 33)
(2453/2, 73, 35)
(1227, 76, 37)
(2455/2, 79, 39)
(1228, 73, 35)
(1231, 69, 33)
(4925/4, 73, 35)
(2463/2, 76, 37)
(4927/4, 79, 39)
(1232, 81, 40)
(2465/2, 79, 39)
(1233, 76, 37)
(2467/2, 73, 35)
(1234, 69, 33)
(2469/2, 73, 35)
(1235, 76, 37)
(2471/2, 79, 39)
(1236, 73, 35)
(1239, 76, 37)
(4957/4, 79, 39)
(2479/2, 81, 40)
(4959/4, 85, 42)
(1240, 86, 43)
(2481/2, 84, 42)
(1241, 81, 40)
(2483/2, 78, 38)
(1242, 74, 36)
(2485/2, 78, 38)
(1243, 81, 40)
(2487/2, 84, 42)
(1244, 78, 38)
(1247, 74, 36)
(4989/4, 78, 38)
(2495/2, 81, 40)
(4991/4, 84, 42)
(1248, 86, 43)
(2497/2, 84, 42)
(1249, 81, 40)
(2499/2, 78, 38)
(1250, 74, 36)
(1251, 74, 36)
(5005/4, 78, 38)
(2503/2, 81, 40)
(5007/4, 84, 42)
(1252, 86, 43)
(2505/2, 84, 42)
(1253, 81, 40)
(2507/2, 78, 38)
(1254, 74, 36)
(1255, 74, 36)
(5021/4, 78, 38)
(2511/2, 81, 40)
(5023/4, 84, 42)
(1256, 86, 43)
(1257, 74, 36)
(2517/2, 76, 37)
(1259, 74, 36)
(2519/2, 72, 35)
(1260, 71, 34)
(2521/2, 72, 35)
(1261, 71, 34)
(2523/2, 69, 33)
(1262, 67, 32)
(2525/2, 66, 31)
(1263, 67, 32)
(2527/2, 69, 33)
(1264, 71, 34)
(1265, 83, 41)
(2533/2, 84, 42)
(1267, 83, 41)
(2535/2, 81, 40)
(1268, 79, 39)
(2537/2, 81, 40)
(1269, 79, 39)
(2539/2, 78, 38)
(1270, 76, 37)
(2541/2, 78, 38)
(1271, 76, 37)
(2543/2, 74, 36)
(1272, 73, 35)
(2545/2, 74, 36)
(1273, 76, 37)
(2547/2, 68, 32)
(1274, 69, 33)
(1275, 81, 40)
(2553/2, 82, 41)
(1277, 81, 40)
(2555/2, 79, 39)
(1278, 77, 38)
(2557/2, 76, 37)
(1279, 77, 38)
(2559/2, 79, 39)
(1280, 81, 40)
(2561/2, 79, 39)
(1281, 77, 38)
(2563/2, 76, 37)
(1282, 74, 36)
(2565/2, 73, 35)
(1283, 74, 36)
(2567/2, 76, 37)
(1284, 77, 38)
(2569/2, 69, 33)
(1285, 81, 40)
(2571/2, 79, 39)
(1286, 77, 38)
(2573/2, 76, 37)
(1287, 74, 36)
(2575/2, 73, 35)
(1288, 74, 36)
(2577/2, 69, 33)
(1289, 70, 34)
(2579/2, 69, 33)
(1290, 70, 34)
(2581/2, 69, 33)
(1291, 67, 32)
(2583/2, 66, 31)
(1292, 67, 32)
(2585/2, 62, 29)
(1293, 63, 30)
(2587/2, 62, 29)
(1294, 63, 30)
(2589/2, 65, 31)
(1295, 67, 32)
(2591/2, 68, 33)
(1296, 67, 32)
(2593/2, 65, 31)
(1297, 63, 30)
(2595/2, 72, 35)
(1298, 70, 34)
(2597/2, 68, 33)
(1299, 67, 32)
(2599/2, 75, 37)
(1300, 75, 37)
(2601/2, 70, 34)
(1301, 79, 39)
(2605/2, 77, 38)
(1303, 75, 37)
(2607/2, 74, 36)
(1304, 73, 35)
(1305, 79, 39)
(2613/2, 77, 38)
(1307, 76, 37)
(2615/2, 74, 36)
(1308, 73, 35)
(1309, 82, 41)
(2621/2, 76, 37)
(1311, 77, 38)
(2623/2, 79, 39)
(1312, 73, 35)
(2629/2, 64, 30)
(1315, 66, 31)
(2631/2, 67, 32)
(1316, 57, 26)
(5273/4, 64, 30)
(2637/2, 66, 31)
(5275/4, 67, 32)
(1319, 69, 33)
(5277/4, 71, 34)
(2639/2, 73, 35)
(5279/4, 74, 36)
(1320, 76, 37)
(5281/4, 74, 36)
(2641/2, 73, 35)
(5283/4, 71, 34)
(1321, 69, 33)
(5285/4, 71, 34)
(2643/2, 73, 35)
(5287/4, 74, 36)
(1322, 76, 37)
(5289/4, 78, 38)
(2645/2, 79, 39)
(5291/4, 81, 40)
(1323, 83, 41)
(5293/4, 85, 42)
(2647/2, 86, 43)
(5295/4, 88, 44)
(1324, 90, 45)
(2651/2, 88, 44)
(1326, 86, 43)
(2655/2, 81, 40)
(1328, 78, 38)
(1331, 74, 36)
(5325/4, 78, 38)
(2663/2, 81, 40)
(5327/4, 86, 43)
(1332, 90, 45)
(2667/2, 88, 44)
(1334, 86, 43)
(2671/2, 81, 40)
(1336, 78, 38)
(1339, 66, 31)
(5357/4, 71, 34)
(2679/2, 74, 36)
(5359/4, 78, 38)
(1340, 81, 40)
(1342, 81, 40)
(1344, 81, 40)
(2693/2, 83, 41)
(5387/4, 85, 42)
(1347, 86, 43)
(5389/4, 88, 44)
(2695/2, 90, 45)
(5391/4, 91, 46)
(1348, 93, 47)
(1350, 93, 47)
(1352, 93, 47)
(2707/2, 90, 45)
(1354, 86, 43)
(2711/2, 83, 41)
(1356, 81, 40)
(2715/2, 78, 38)
(1358, 74, 36)
(2719/2, 71, 34)
(1360, 69, 33)
(2723/2, 66, 31)
(1362, 62, 29)
(2727/2, 67, 32)
(1364, 66, 31)
(1366, 66, 31)
(2735/2, 64, 30)
(1368, 62, 29)
(1371, 74, 36)
(5485/4, 78, 38)
(2743/2, 81, 40)
(5487/4, 86, 43)
(1372, 90, 45)
(2747/2, 88, 44)
(1374, 86, 43)
(2751/2, 81, 40)
(1376, 78, 38)
(1379, 74, 36)
(5517/4, 78, 38)
(2759/2, 83, 41)
(5519/4, 86, 43)
(1380, 90, 45)
(2763/2, 88, 44)
(1382, 86, 43)
(2767/2, 81, 40)
(1384, 78, 38)
(1387, 66, 31)
(5549/4, 71, 34)
(2775/2, 74, 36)
(5551/4, 78, 38)
(1388, 81, 40)
(1390, 81, 40)
(1392, 81, 40)
(1394, 81, 40)
(2789/2, 83, 41)
(5579/4, 85, 42)
(1395, 86, 43)
(5581/4, 88, 44)
(2791/2, 90, 45)
(5583/4, 91, 46)
(1396, 93, 47)
(1398, 93, 47)
(1400, 93, 47)
(2803/2, 90, 45)
(1402, 87, 44)
(2807/2, 84, 42)
(1404, 81, 40)
(2811/2, 78, 38)
(1406, 75, 37)
(2815/2, 72, 35)
(1408, 69, 33)
(2819/2, 66, 31)
(1410, 62, 29)
(2823/2, 67, 32)
(1412, 66, 31)
(1414, 66, 31)
(2831/2, 64, 30)
(1416, 62, 29)
(2833/2, 62, 29)
(1417, 61, 28)
(2835/2, 62, 29)
(1418, 64, 30)
(2837/2, 61, 28)
(1419, 62, 29)
(2839/2, 67, 32)
(1420, 66, 31)
(2841/2, 62, 29)
(1421, 61, 28)
(2843/2, 62, 29)
(1422, 64, 30)
(2845/2, 61, 28)
(1423, 62, 29)
(2847/2, 71, 34)
(1424, 69, 33)
(2849/2, 74, 36)
(1425, 73, 35)
(2851/2, 74, 36)
(1426, 76, 37)
(2853/2, 73, 35)
(1427, 74, 36)
(2855/2, 79, 39)
(1428, 78, 38)
(2857/2, 74, 36)
(1429, 73, 35)
(2859/2, 74, 36)
(1430, 76, 37)
(2861/2, 73, 35)
(1431, 74, 36)
(2863/2, 83, 41)
(1432, 81, 40)
(2865/2, 74, 36)
(1433, 73, 35)
(2867/2, 74, 36)
(1434, 76, 37)
(2869/2, 73, 35)
(1435, 74, 36)
(2871/2, 80, 39)
(1436, 81, 40)
(2873/2, 76, 37)
(1437, 79, 39)
(2875/2, 78, 38)
(1438, 79, 39)
(2877/2, 76, 37)
(1439, 81, 40)
(2879/2, 79, 39)
(1440, 78, 38)
(1441, 81, 40)
(1442, 86, 43)
(1445, 85, 42)
(1446, 83, 41)
(1447, 81, 40)
(1448, 81, 40)
(1449, 78, 38)
(2899/2, 74, 36)
(1450, 86, 43)
(1452, 85, 42)
(2905/2, 69, 33)
(1453, 84, 42)
(2907/2, 69, 33)
(1454, 83, 41)
(2909/2, 69, 33)
(1455, 82, 41)
(2911/2, 69, 33)
(1456, 81, 40)
(2913/2, 69, 33)
(1457, 81, 40)
(2915/2, 69, 33)
(1458, 80, 39)
(2917/2, 69, 33)
(1459, 79, 39)
(2919/2, 69, 33)
(1460, 78, 38)
(1461, 83, 41)
(1462, 81, 40)
(1463, 64, 30)
(1463, 73, 35)
(1464, 62, 29)
(1464, 74, 36)
(1465, 62, 29)
(1467, 62, 29)
(5869/4, 66, 31)
(2935/2, 69, 33)
(5871/4, 74, 36)
(1468, 78, 38)
(1469, 66, 31)
(1471, 66, 31)
(5885/4, 69, 33)
(2943/2, 74, 36)
(5887/4, 78, 38)
(1472, 81, 40)
(1473, 69, 33)
(1475, 66, 31)
(5901/4, 69, 33)
(2951/2, 74, 36)
(5903/4, 78, 38)
(1476, 81, 40)
(1477, 69, 33)
(5909/4, 74, 36)
(2955/2, 78, 38)
(5911/4, 81, 40)
(1478, 86, 43)
(1479, 74, 36)
(5917/4, 78, 38)
(2959/2, 81, 40)
(5919/4, 86, 43)
(1480, 90, 45)
(2963/2, 88, 44)
(1482, 86, 43)
(2967/2, 81, 40)
(1484, 78, 38)
(2971/2, 76, 37)
(1486, 74, 36)
(2975/2, 69, 33)
(1488, 66, 31)
(2979/2, 64, 30)
(1490, 62, 29)
(2983/2, 57, 26)
(1492, 62, 29)
(1492, 74, 36)
(1492, 83, 41)
(1494, 57, 26)
(1494, 64, 30)
(1494, 73, 35)
(1496, 57, 26)
(1496, 66, 31)
(1496, 74, 36)
(10000, 62, 29)
(10000, 69, 33)
(10002, 62, 29)
(10002, 69, 33)
(10004, 62, 29)
(10004, 69, 33)
(10006, 62, 29)
(10006, 69, 33)
(10008, 62, 29)
(10008, 69, 33)
(10010, 62, 29)
(10010, 69, 33)
(10012, 68, 32)
(10014, 68, 32)
(10016, 68, 32)
(10016, 71, 34)
(10019, 66, 31)
(10019, 69, 33)
(10020, 66, 31)
(10020, 69, 33)
(10022, 66, 31)
(10022, 69, 33)
(10024, 66, 31)
(10024, 69, 33)
(10026, 66, 31)
(10026, 69, 33)
(10028, 57, 26)
(10028, 62, 29)
(10030, 57, 26)
(10030, 62, 29)
(10032, 62, 29)
(10032, 64, 30)
(10034, 62, 29)
(10034, 64, 30)
(10036, 67, 32)
(10036, 71, 34)
(10038, 67, 32)
(10038, 71, 34)
(10040, 71, 34)
(10042, 71, 34)
(10044, 69, 33)
(10046, 61, 28)
(10048, 62, 29)
(20097/2, 62, 29)
(10049, 61, 28)
(20099/2, 62, 29)
(10050, 64, 30)
(20101/2, 61, 28)
(10051, 62, 29)
(20103/2, 66, 31)
(10052, 67, 32)
(20105/2, 64, 30)
(10053, 66, 31)
(20107/2, 69, 33)
(10054, 71, 34)
(20109/2, 67, 32)
(10055, 69, 33)
(20111/2, 74, 36)
(10056, 73, 35)
(20113/2, 76, 37)
(10057, 74, 36)
(20115/2, 71, 34)
(10058, 69, 33)
(20117/2, 73, 35)
(10059, 71, 34)
(20119/2, 67, 32)
(10060, 66, 31)
(20121/2, 69, 33)
(10061, 67, 32)
(20123/2, 64, 30)
(10062, 62, 29)
(20125/2, 66, 31)
(10063, 64, 30)
(20127/2, 61, 28)
(10064, 62, 29)
(20135/2, 62, 29)
(10068, 64, 30)
(20137/2, 61, 28)
(10069, 62, 29)
(20139/2, 66, 31)
(10070, 67, 32)
(20141/2, 64, 30)
(10071, 66, 31)
(20143/2, 71, 34)
(10072, 69, 33)
(20145/2, 73, 35)
(10073, 71, 34)
(20147/2, 67, 32)
(10074, 66, 31)
(20149/2, 69, 33)
(10075, 67, 32)
(20151/2, 64, 30)
(10076, 62, 29)
(10077, 61, 28)
(10081, 62, 29)
(10082, 67, 32)
(20167/2, 62, 29)
(10084, 62, 29)
(10085, 66, 31)
(10086, 67, 32)
(20175/2, 62, 29)
(10088, 62, 29)
(10089, 66, 31)
(10090, 67, 32)
(20183/2, 62, 29)
(10092, 66, 31)
(20187/2, 62, 29)
(10094, 65, 30)
(20191/2, 62, 29)
(20193/2, 66, 31)
(10097, 65, 30)
(20195/2, 66, 31)
(10098, 67, 32)
(20197/2, 65, 30)
(10099, 66, 31)
(20199/2, 71, 34)
(10100, 70, 33)
(20201/2, 66, 31)
(10101, 65, 30)
(20203/2, 66, 31)
(10102, 67, 32)
(20205/2, 65, 30)
(10103, 66, 31)
(20207/2, 71, 34)
(10104, 73, 35)
(20209/2, 66, 31)
(10105, 65, 30)
(20211/2, 66, 31)
(10106, 67, 32)
(20213/2, 65, 30)
(10107, 66, 31)
(20215/2, 71, 34)
(10108, 70, 33)
(20217/2, 66, 31)
(10109, 65, 30)
(20219/2, 66, 31)
(10110, 67, 32)
(20221/2, 65, 30)
(10111, 66, 31)
(20223/2, 71, 34)
(20225/2, 66, 31)
(10113, 65, 30)
(20227/2, 66, 31)
(10114, 68, 32)
(10115, 65, 30)
(20233/2, 66, 31)
(10117, 65, 30)
(20235/2, 66, 31)
(10118, 68, 32)
(10119, 65, 30)
(10140, 57, 26)
(10143, 57, 26)
(10143, 69, 33)
(10144, 62, 29)
(10144, 69, 33)
(10146, 62, 29)
(10146, 69, 33)
(10148, 62, 29)
(10148, 69, 33)
(10150, 62, 29)
(10150, 69, 33)
(10152, 62, 29)
(10152, 69, 33)
(10154, 62, 29)
(10154, 69, 33)
(10156, 68, 32)
(10158, 68, 32)
(10160, 68, 32)
(10160, 71, 34)
(10163, 66, 31)
(10163, 69, 33)
(10164, 66, 31)
(10164, 69, 33)
(10166, 66, 31)
(10166, 69, 33)
(10168, 68, 32)
(10168, 71, 34)
(10170, 68, 32)
(10170, 71, 34)
(10172, 66, 31)
(10172, 69, 33)
(10174, 66, 31)
(10174, 69, 33)
(10176, 68, 32)
(10176, 71, 34)
(20355/2, 61, 28)
(10178, 61, 28)
(20357/2, 61, 28)
(10179, 61, 28)
(20359/2, 61, 28)
(10180, 61, 28)
(10183, 61, 28)
(40733/4, 66, 31)
(20367/2, 69, 33)
(40735/4, 73, 35)
(10184, 74, 36)
(20369/2, 73, 35)
(10185, 71, 34)
(20371/2, 69, 33)
(10186, 68, 32)
(20373/2, 62, 29)
(10187, 59, 27)
(20375/2, 56, 25)
(10188, 57, 26)
(40755/4, 59, 27)
(10189, 61, 28)
(40759/4, 62, 29)
(10190, 64, 30)
(10195, 68, 32)
(40781/4, 71, 34)
(20391/2, 76, 37)
(40783/4, 80, 39)
(10196, 81, 40)
(20393/2, 78, 38)
(10197, 76, 37)
(20395/2, 74, 36)
(10198, 73, 35)
(20397/2, 71, 34)
(10199, 69, 33)
(20399/2, 68, 32)
(10200, 66, 31)
(20401/2, 64, 30)
(10201, 62, 29)
(20403/2, 60, 28)
(10202, 59, 27)
(20405/2, 57, 26)
(10203, 56, 25)
(20407/2, 59, 27)
(10204, 64, 30)
(10205, 64, 30)
(10206, 64, 30)
(10207, 64, 30)
(10208, 64, 30)
(10210, 63, 29)
(10213, 64, 30)
(10214, 64, 30)
(10215, 59, 27)
(10216, 61, 28)
(10218, 59, 27)
(10220, 59, 27)
(20441/2, 64, 30)
(10221, 63, 29)
(20443/2, 64, 30)
(10222, 66, 31)
(20445/2, 63, 29)
(10223, 64, 30)
(20447/2, 68, 32)
(20449/2, 66, 31)
(10225, 65, 30)
(20451/2, 66, 31)
(10226, 68, 32)
(20453/2, 65, 30)
(10227, 66, 31)
(20455/2, 69, 33)
(20457/2, 68, 32)
(10229, 66, 31)
(20459/2, 68, 32)
(10230, 69, 33)
(20461/2, 66, 31)
(10231, 68, 32)
(20463/2, 71, 34)
(10232, 69, 33)
(20473/2, 69, 33)
(10237, 68, 32)
(20475/2, 69, 33)
(10238, 71, 34)
(20477/2, 68, 32)
(10239, 69, 33)
(20479/2, 74, 36)
(10240, 74, 36)
(10242, 73, 35)
(20489/2, 69, 33)
(10245, 68, 32)
(20491/2, 69, 33)
(10246, 71, 34)
(20493/2, 68, 32)
(10247, 69, 33)
(20495/2, 74, 36)
(10248, 74, 36)
(10250, 73, 35)
(20505/2, 68, 32)
(10253, 69, 33)
(20507/2, 76, 37)
(10254, 76, 37)
(10255, 74, 36)
(20513/2, 68, 32)
(10257, 71, 34)
(20515/2, 74, 36)
(10258, 74, 36)
(10259, 73, 35)
(20521/2, 59, 27)
(10261, 66, 31)
(20523/2, 71, 34)
(10262, 69, 33)
(10263, 68, 32)
(20529/2, 61, 28)
(10265, 59, 27)
(20531/2, 61, 28)
(10266, 62, 29)
(20533/2, 59, 27)
(10267, 61, 28)
(20535/2, 64, 30)
(10268, 64, 30)
(10269, 63, 29)
(10270, 64, 30)
(10271, 66, 31)
(10272, 64, 30)
(10273, 68, 32)
(10274, 69, 33)
(10276, 69, 33)
(20553/2, 64, 30)
(10277, 63, 29)
(20555/2, 64, 30)
(10278, 62, 29)
(20557/2, 64, 30)
(10279, 62, 29)
(20559/2, 64, 30)
(10280, 61, 28)
(10283, 61, 28)
(10284, 57, 26)
(10286, 57, 26)
(10287, 57, 26)
(10288, 59, 27)
(10290, 59, 27)
(10291, 59, 27)
(10292, 57, 26)
(10293, 57, 26)
(10294, 57, 26)
(10295, 57, 26)
(10296, 59, 27)
(10299, 59, 27)
(10300, 57, 26)
(10301, 57, 26)
(10302, 61, 28)
(10303, 66, 31)
(10304, 66, 31)
(10308, 64, 30)
(10309, 61, 28)
(10310, 62, 29)
(10311, 62, 29)
(10312, 61, 28)
(10316, 57, 26)
(10318, 57, 26)
(10319, 57, 26)
(10320, 59, 27)
(10323, 59, 27)
(10324, 57, 26)
(10325, 57, 26)
(10326, 57, 26)
(10327, 57, 26)
(10328, 59, 27)
(10331, 59, 27)
(10332, 57, 26)
(10333, 61, 28)
(10334, 66, 31)
(10335, 69, 33)
(10336, 69, 33)
(10339, 66, 31)
(10340, 62, 29)
(10342, 62, 29)
(10344, 61, 28)
(10346, 66, 31)
(10348, 64, 30)
(10350, 69, 33)
(10352, 69, 33)
(10356, 72, 35)
(10358, 72, 35)
(10360, 72, 35)
(10364, 75, 36)
(10366, 75, 36)
(10368, 75, 36)
(10372, 67, 32)
(10372, 72, 35)
(10374, 67, 32)
(10374, 72, 35)
(10376, 67, 32)
(10376, 72, 35)
(10378, 67, 32)
(10378, 72, 35)
(10380, 71, 34)
(10380, 76, 37)
(10382, 71, 34)
(10382, 76, 37)
(10384, 71, 34)
(10384, 76, 37)
(10388, 61, 28)
(10388, 64, 30)
(10390, 62, 29)
(10392, 64, 30)
(10392, 69, 33)
(10394, 66, 31)
(10396, 73, 35)
(10396, 76, 37)
(10398, 71, 34)
(10398, 76, 37)
(10400, 73, 35)
(10400, 76, 37)
(10402, 71, 34)
(20805/2, 64, 30)
(10403, 64, 30)
(20807/2, 64, 30)
(10404, 64, 30)
(20809/2, 69, 33)
(10405, 73, 35)
(20811/2, 76, 37)
(10406, 74, 36)
(20813/2, 68, 32)
(10407, 68, 32)
(20815/2, 68, 32)
(10408, 69, 33)
(20817/2, 73, 35)
(10409, 76, 37)
(20819/2, 81, 40)
(10410, 81, 40)
(20821/2, 71, 34)
(10411, 71, 34)
(20823/2, 71, 34)
(10412, 73, 35)
(20825/2, 76, 37)
(10413, 81, 40)
(20827/2, 81, 40)
(10414, 80, 39)
(20831/2, 64, 30)
(10416, 69, 33)
(20835/2, 71, 34)
(10418, 73, 35)
(20839/2, 73, 35)
(10420, 74, 36)
(10423, 57, 26)
(41693/4, 61, 28)
(20847/2, 64, 30)
(41695/4, 69, 33)
(10424, 64, 30)
(20851/2, 68, 32)
(10426, 69, 33)
(20855/2, 69, 33)
(10428, 68, 32)
(10429, 64, 30)
(41717/4, 68, 32)
(20859/2, 71, 34)
(41719/4, 74, 36)
(10430, 76, 37)
(20861/2, 74, 36)
(10431, 71, 34)
(20863/2, 68, 32)
(10432, 64, 30)
(20865/2, 68, 32)
(10433, 71, 34)
(20867/2, 74, 36)
(10434, 68, 32)
(10437, 64, 30)
(41749/4, 68, 32)
(20875/2, 71, 34)
(41751/4, 74, 36)
(10438, 76, 37)
(20877/2, 74, 36)
(10439, 71, 34)
(20879/2, 68, 32)
(10440, 64, 30)
(20881/2, 68, 32)
(10441, 71, 34)
(20883/2, 74, 36)
(10442, 68, 32)
(10443, 59, 27)
(41773/4, 64, 30)
(20887/2, 68, 32)
(41775/4, 71, 34)
(10444, 76, 37)
(10445, 64, 30)
(20893/2, 62, 29)
(10447, 61, 28)
(20895/2, 59, 27)
(10448, 57, 26)
(20897/2, 59, 27)
(10449, 61, 28)
(20899/2, 62, 29)
(10450, 64, 30)
(20901/2, 56, 25)
(10451, 57, 26)
(20903/2, 59, 27)
(10452, 61, 28)
(20905/2, 59, 27)
(10453, 61, 28)
(20907/2, 62, 29)
(10454, 64, 30)
(20909/2, 69, 33)
(10455, 67, 32)
(20911/2, 66, 31)
(10456, 64, 30)
(20913/2, 63, 29)
(10457, 64, 30)
(20915/2, 66, 31)
(10458, 67, 32)
(20917/2, 59, 27)
(10459, 61, 28)
(20919/2, 62, 29)
(10460, 64, 30)
(20921/2, 56, 25)
(10461, 57, 26)
(20923/2, 59, 27)
(10462, 61, 28)
(20925/2, 64, 30)
(10463, 66, 31)
(20927/2, 67, 32)
(10464, 58, 27)
(20933/2, 64, 30)
(10467, 66, 31)
(20935/2, 67, 32)
(10468, 55, 25)
(10476, 62, 29)
(10476, 69, 33)
(10478, 62, 29)
(10478, 69, 33)
(10480, 60, 28)
(10482, 60, 28)
(10484, 60, 28)
(10486, 60, 28)
(10488, 60, 28)
(10492, 60, 28)
(10493, 60, 28)
(41975/4, 60, 28)
(10494, 60, 28)
(20991/2, 59, 27)
(41983/4, 60, 28)
(10496, 60, 28)
(10496, 63, 30)
(10498, 60, 28)
(10498, 63, 30)
(10500, 60, 28)
(10500, 63, 30)
(10502, 60, 28)
(10502, 63, 30)
(10504, 60, 28)
(10508, 64, 30)
(10509, 64, 30)
(42039/4, 64, 30)
(10510, 64, 30)
(21023/2, 62, 29)
(42047/4, 64, 30)
(10512, 57, 26)
(10516, 64, 30)
(10517, 64, 30)
(42071/4, 64, 30)
(10518, 64, 30)
(21039/2, 62, 29)
(42079/4, 64, 30)
(10520, 57, 26)
(21047/2, 62, 29)
(10524, 64, 30)
(21049/2, 61, 28)
(10525, 62, 29)
(21051/2, 66, 31)
(10526, 67, 32)
(21053/2, 64, 30)
(10527, 66, 31)
(21055/2, 69, 33)
(10528, 67, 32)
(21057/2, 64, 30)
(10529, 66, 31)
(21059/2, 69, 33)
(10530, 67, 32)
(21061/2, 66, 31)
(10531, 64, 30)
(21063/2, 66, 31)
(10532, 64, 30)
(10534, 62, 29)
(21079/2, 67, 32)
(10540, 69, 33)
(21081/2, 66, 31)
(10541, 67, 32)
(21083/2, 71, 34)
(10542, 72, 35)
(21085/2, 69, 33)
(10543, 71, 34)
(21087/2, 74, 36)
(10544, 72, 35)
(21089/2, 76, 37)
(10545, 74, 36)
(21091/2, 71, 34)
(10546, 69, 33)
(21093/2, 72, 35)
(10547, 71, 34)
(21095/2, 67, 32)
(10548, 66, 31)
(21105/2, 64, 30)
(10553, 63, 29)
(21107/2, 64, 30)
(10554, 66, 31)
(21109/2, 63, 29)
(10555, 64, 30)
(21111/2, 67, 32)
(10556, 69, 33)
(21113/2, 66, 31)
(10557, 67, 32)
(21115/2, 71, 34)
(10558, 72, 35)
(21117/2, 69, 33)
(10559, 71, 34)
(21119/2, 74, 36)
(10560, 73, 35)
(21121/2, 76, 37)
(10561, 74, 36)
(21123/2, 71, 34)
(10562, 70, 33)
(21125/2, 73, 35)
(10563, 71, 34)
(21127/2, 67, 32)
(10564, 66, 31)
(10565, 62, 29)
(10566, 61, 28)
(10567, 64, 30)
(10568, 62, 29)
(10569, 66, 31)
(10570, 64, 30)
(21143/2, 59, 27)
(10572, 59, 27)
(10573, 62, 29)
(10574, 64, 30)
(21151/2, 59, 27)
(10576, 59, 27)
(10577, 62, 29)
(10578, 67, 32)
(21159/2, 59, 27)
(10580, 59, 27)
(21163/2, 66, 31)
(21163/2, 71, 34)
(10582, 66, 31)
(10582, 71, 34)
(21167/2, 78, 38)
(10584, 77, 37)
(21173/2, 62, 29)
(10587, 61, 28)
(21175/2, 68, 32)
(10588, 68, 32)
(10589, 66, 31)
(10590, 69, 33)
(10591, 68, 32)
(21185/2, 74, 36)
(10593, 73, 35)
(21187/2, 74, 36)
(10594, 76, 37)
(21189/2, 73, 35)
(10595, 74, 36)
(21191/2, 79, 39)
(10596, 78, 38)
(21193/2, 74, 36)
(10597, 73, 35)
(21195/2, 74, 36)
(10598, 76, 37)
(21197/2, 73, 35)
(10599, 74, 36)
(21199/2, 79, 39)
(10600, 78, 38)
(21201/2, 74, 36)
(10601, 73, 35)
(21203/2, 74, 36)
(10602, 76, 37)
(21205/2, 73, 35)
(10603, 74, 36)
(21207/2, 83, 41)
(10604, 83, 41)
(21209/2, 73, 35)
(10605, 75, 36)
(21211/2, 83, 41)
(10606, 83, 41)
(21213/2, 75, 36)
(10607, 76, 37)
(21215/2, 83, 41)
(10608, 81, 40)
(10609, 71, 34)
(10611, 71, 34)
(21225/2, 66, 31)
(10613, 64, 30)
(21227/2, 71, 34)
(10614, 71, 34)
(10615, 69, 33)
(10617, 59, 27)
(10618, 64, 30)
(21239/2, 67, 32)
(10620, 67, 32)
(10621, 59, 27)
(10622, 60, 28)
(10624, 59, 27)
(21249/2, 67, 32)
(10625, 66, 31)
(21251/2, 67, 32)
(10626, 69, 33)
(21253/2, 66, 31)
(10627, 67, 32)
(21255/2, 72, 35)
(10628, 71, 34)
(21257/2, 67, 32)
(10629, 66, 31)
(21259/2, 67, 32)
(10630, 69, 33)
(21261/2, 66, 31)
(10631, 67, 32)
(21263/2, 76, 37)
(10632, 74, 36)
(10633, 62, 29)
(10634, 61, 28)
(10637, 62, 29)
(10638, 59, 27)
(21283/2, 68, 33)
(10642, 68, 33)
(21285/2, 65, 31)
(10643, 68, 33)
(21287/2, 71, 34)
(10644, 71, 34)
(21289/2, 68, 33)
(10645, 71, 34)
(21291/2, 74, 36)
(10646, 74, 36)
(21293/2, 71, 34)
(10647, 74, 36)
(21295/2, 77, 38)
(10648, 77, 38)
(21297/2, 71, 34)
(10649, 74, 36)
(21299/2, 77, 38)
(10650, 77, 38)
(21301/2, 71, 34)
(10651, 74, 36)
(21303/2, 77, 38)
(10652, 77, 38)
(10664, 64, 30)
(10664, 72, 35)
(10666, 64, 30)
(10666, 72, 35)
(10668, 64, 30)
(10668, 72, 35)
(10671, 64, 30)
(42685/4, 67, 32)
(21343/2, 72, 35)
(42687/4, 76, 37)
(10672, 79, 39)
(21347/2, 77, 38)
(10674, 76, 37)
(21351/2, 72, 35)
(10676, 67, 32)
(21355/2, 65, 31)
(10678, 64, 30)
(21359/2, 64, 30)
(10680, 61, 28)
(10680, 64, 30)
(10691, 61, 28)
(42765/4, 64, 30)
(21383/2, 69, 33)
(42767/4, 73, 35)
(10692, 76, 37)
(10696, 66, 31)
(10696, 69, 33)
(10698, 66, 31)
(10698, 69, 33)
(10700, 66, 31)
(10700, 69, 33)
(10703, 66, 31)
(42813/4, 69, 33)
(21407/2, 74, 36)
(42815/4, 78, 38)
(10704, 81, 40)
(21411/2, 79, 39)
(10706, 78, 38)
(21415/2, 74, 36)
(10708, 69, 33)
(21419/2, 67, 32)
(10710, 66, 31)
(21423/2, 62, 29)
(10712, 63, 29)
(10719, 59, 27)
(42877/4, 63, 29)
(21439/2, 66, 31)
(42879/4, 69, 33)
(10720, 71, 34)
(10725, 59, 27)
(42901/4, 64, 30)
(21451/2, 67, 32)
(42903/4, 71, 34)
(10726, 76, 37)
(10733, 78, 38)
(10734, 74, 36)
(10737, 76, 37)
(21475/2, 78, 38)
(10738, 79, 39)
(10741, 73, 35)
(10742, 76, 37)
(10745, 78, 38)
(21491/2, 79, 39)
(10746, 81, 40)
(10751, 59, 27)
(43005/4, 62, 29)
(21503/2, 67, 32)
(43007/4, 71, 34)
(10752, 74, 36)
(21505/2, 72, 35)
(10753, 71, 34)
(21507/2, 69, 33)
(10754, 67, 32)
(21509/2, 66, 31)
(10755, 64, 30)
(21511/2, 62, 29)
(10756, 60, 28)
(21513/2, 62, 29)
(10757, 60, 28)
(21515/2, 59, 27)
(10758, 60, 28)
(21517/2, 59, 27)
(10759, 57, 26)
(43037/4, 60, 28)
(21519/2, 66, 31)
(43039/4, 69, 33)
(10760, 72, 35)
(21521/2, 71, 34)
(10761, 69, 33)
(21523/2, 67, 32)
(10762, 66, 31)
(21525/2, 64, 30)
(10763, 62, 29)
(21527/2, 60, 28)
(10764, 62, 29)
(21529/2, 64, 30)
(10765, 62, 29)
(21531/2, 60, 28)
(10766, 62, 29)
(21533/2, 60, 28)
(10767, 59, 27)
(43069/4, 62, 29)
(21535/2, 68, 32)
(43071/4, 71, 34)
(10768, 74, 36)
(21537/2, 72, 35)
(10769, 71, 34)
(21539/2, 69, 33)
(10770, 68, 32)
(21541/2, 65, 31)
(10771, 64, 30)
(21543/2, 68, 32)
(10772, 69, 33)
(10775, 57, 26)
(43101/4, 60, 28)
(21551/2, 64, 30)
(43103/4, 69, 33)
(10776, 71, 34)
(10779, 77, 38)
(10780, 76, 37)
(10783, 64, 30)
(43133/4, 66, 31)
(21567/2, 64, 30)
(43135/4, 66, 31)
(10784, 67, 32)
(10787, 79, 39)
(10788, 78, 38)
(10789, 73, 35)
(10790, 78, 38)
(21585/2, 76, 37)
(10793, 74, 36)
(21587/2, 73, 35)
(10794, 71, 34)
(21589/2, 73, 35)
(10795, 71, 34)
(21591/2, 70, 33)
(10796, 71, 34)
(21593/2, 73, 35)
(10797, 71, 34)
(21595/2, 70, 33)
(10798, 66, 31)
(21597/2, 67, 32)
(10799, 66, 31)
(21599/2, 64, 30)
(10800, 61, 28)
(10807, 62, 29)
(43229/4, 66, 31)
(21615/2, 71, 34)
(43231/4, 74, 36)
(10808, 78, 38)
(21619/2, 76, 37)
(10810, 74, 36)
(21623/2, 73, 35)
(10812, 71, 34)
(21627/2, 66, 31)
(10814, 66, 31)
(21631/2, 65, 30)
(10816, 66, 31)
(10824, 81, 40)
(21651/2, 78, 38)
(10826, 75, 36)
(21655/2, 72, 35)
(10828, 69, 33)
(21659/2, 66, 31)
(10830, 63, 29)
(21663/2, 57, 26)
(10832, 56, 25)
(21667/2, 59, 27)
(10834, 62, 29)
(21671/2, 65, 31)
(10836, 68, 32)
(21675/2, 71, 34)
(10838, 74, 36)
(21679/2, 77, 38)
(10840, 76, 37)
(21683/2, 73, 35)
(10842, 70, 34)
(21687/2, 67, 32)
(10844, 64, 30)
(21691/2, 67, 32)
(10846, 73, 35)
(21695/2, 76, 37)
(10848, 75, 36)
(21699/2, 72, 34)
(10850, 69, 33)
(21703/2, 66, 31)
(10852, 63, 29)
(21707/2, 60, 27)
(10854, 57, 26)
(21711/2, 57, 26)
(10856, 57, 26)
(21715/2, 57, 26)
(10858, 57, 26)
(21719/2, 57, 26)
(10860, 57, 26)
(21723/2, 57, 26)
(10862, 57, 26)
(21727/2, 57, 26)
(10864, 57, 26)
(10872, 73, 35)
(21747/2, 69, 33)
(10874, 66, 31)
(21751/2, 61, 28)
(10876, 57, 26)
(21755/2, 57, 26)
(10878, 57, 26)
(21759/2, 57, 26)
(10880, 57, 26)
(10888, 57, 26)
(10890, 57, 26)
(10892, 57, 26)
(10894, 57, 26)
(10896, 61, 28)
(10898, 61, 28)
(10900, 61, 28)
(10902, 61, 28)
(10904, 64, 30)
(10906, 64, 30)
(10908, 64, 30)
(10910, 64, 30)
(10912, 67, 32)
(10912, 69, 33)
(10914, 67, 32)
(10914, 69, 33)
(10916, 67, 32)
(10916, 69, 33)
(10918, 67, 32)
(10918, 69, 33)
(10920, 62, 29)
(10920, 69, 33)
(10922, 62, 29)
(10922, 69, 33)
(10924, 62, 29)
(10924, 69, 33)
(10926, 62, 29)
(10926, 69, 33)
(10928, 68, 32)
(10929, 68, 32)
(43719/4, 68, 32)
(10930, 68, 32)
(10931, 68, 32)
(10932, 68, 32)
(10932, 71, 34)
(10935, 66, 31)
(10935, 69, 33)
(10936, 66, 31)
(10936, 69, 33)
(10938, 66, 31)
(10938, 69, 33)
(10940, 61, 28)
(10942, 61, 28)
(10944, 57, 26)
(10944, 62, 29)
(10946, 57, 26)
(10946, 62, 29)
(10948, 59, 27)
(10948, 62, 29)
(10950, 59, 27)
(10950, 62, 29)
(10952, 59, 27)
(10952, 62, 29)
(21907/2, 64, 30)
(10954, 64, 30)
(21911/2, 64, 30)
(10956, 64, 30)
(21915/2, 64, 30)
(10958, 64, 30)
(21919/2, 64, 30)
(10960, 64, 30)
(10960, 69, 33)
(10962, 61, 28)
(10964, 62, 29)
(21929/2, 62, 29)
(10965, 61, 28)
(21931/2, 62, 29)
(10966, 64, 30)
(21933/2, 61, 28)
(10967, 62, 29)
(21935/2, 66, 31)
(10968, 67, 32)
(21937/2, 64, 30)
(10969, 66, 31)
(21939/2, 69, 33)
(10970, 71, 34)
(21941/2, 67, 32)
(10971, 69, 33)
(21943/2, 74, 36)
(10972, 73, 35)
(21945/2, 76, 37)
(10973, 74, 36)
(21947/2, 71, 34)
(10974, 69, 33)
(21949/2, 73, 35)
(10975, 71, 34)
(21951/2, 67, 32)
(10976, 66, 31)
(21953/2, 69, 33)
(10977, 67, 32)
(21955/2, 64, 30)
(10978, 62, 29)
(21957/2, 66, 31)
(10979, 64, 30)
(21959/2, 61, 28)
(10980, 62, 29)
(21967/2, 62, 29)
(10984, 64, 30)
(21969/2, 61, 28)
(10985, 62, 29)
(21971/2, 66, 31)
(10986, 67, 32)
(21973/2, 64, 30)
(10987, 66, 31)
(21975/2, 69, 33)
(10988, 67, 32)
(21977/2, 71, 34)
(10989, 69, 33)
(21979/2, 66, 31)
(10990, 64, 30)
(21981/2, 67, 32)
(10991, 66, 31)
(21983/2, 62, 29)
(10992, 61, 28)
(10997, 62, 29)
(10998, 67, 32)
(21999/2, 62, 29)
(11000, 62, 29)
(11001, 66, 31)
(11002, 67, 32)
(22007/2, 62, 29)
(11004, 62, 29)
(11005, 66, 31)
(11006, 67, 32)
(22015/2, 62, 29)
(11008, 62, 29)
(22025/2, 64, 30)
(11013, 63, 29)
(22027/2, 64, 30)
(11014, 66, 31)
(22029/2, 63, 29)
(11015, 64, 30)
(22031/2, 71, 34)
(11016, 69, 33)
(22033/2, 64, 30)
(11017, 63, 29)
(22035/2, 64, 30)
(11018, 66, 31)
(22037/2, 63, 29)
(11019, 64, 30)
(22039/2, 68, 32)
(11020, 69, 33)
(11022, 79, 39)
(11024, 78, 38)
(11025, 74, 36)
(11026, 73, 35)
(11027, 76, 37)
(11028, 74, 36)
(22065/2, 74, 36)
(11033, 73, 35)
(22067/2, 74, 36)
(11034, 76, 37)
(22069/2, 73, 35)
(11035, 74, 36)
(22071/2, 79, 39)
(11036, 79, 39)
(11038, 78, 38)
(22081/2, 74, 36)
(11041, 73, 35)
(22083/2, 74, 36)
(11042, 76, 37)
(22085/2, 73, 35)
(11043, 74, 36)
(22087/2, 79, 39)
(11044, 79, 39)
(11046, 78, 38)
(22097/2, 73, 35)
(11049, 74, 36)
(22099/2, 81, 40)
(11050, 81, 40)
(11051, 79, 39)
(22105/2, 74, 36)
(11053, 73, 35)
(22107/2, 79, 39)
(11054, 79, 39)
(11055, 78, 38)
(22113/2, 70, 33)
(11057, 71, 34)
(22115/2, 76, 37)
(11058, 74, 36)
(11059, 73, 35)
(22121/2, 66, 31)
(11061, 64, 30)
(22123/2, 66, 31)
(11062, 67, 32)
(22125/2, 64, 30)
(11063, 66, 31)
(22127/2, 69, 33)
(11064, 69, 33)
(11066, 68, 32)
(11068, 67, 32)
(11069, 64, 30)
(22139/2, 61, 28)
(11070, 62, 29)
(11071, 71, 34)
(22143/2, 67, 32)
(11072, 66, 31)
(22145/2, 69, 33)
(11073, 68, 32)
(22147/2, 69, 33)
(11074, 67, 32)
(22149/2, 69, 33)
(11075, 67, 32)
(22151/2, 69, 33)
(11076, 66, 31)
(11079, 66, 31)
(11080, 62, 29)
(11082, 62, 29)
(11083, 62, 29)
(11084, 64, 30)
(11087, 64, 30)
(11088, 62, 29)
(11089, 62, 29)
(11090, 62, 29)
(11091, 66, 31)
(11092, 64, 30)
(11095, 64, 30)
(11096, 62, 29)
(11097, 62, 29)
(11098, 62, 29)
(11099, 66, 31)
(11100, 69, 33)
(11102, 67, 32)
(11103, 66, 31)
(11104, 66, 31)
(11106, 67, 32)
(11108, 66, 31)
(11111, 66, 31)
(11112, 62, 29)
(11114, 62, 29)
(11115, 62, 29)
(11116, 64, 30)
(11119, 64, 30)
(11120, 62, 29)
(11121, 62, 29)
(11122, 62, 29)
(11123, 66, 31)
(11124, 64, 30)
(11127, 64, 30)
(11128, 62, 29)
(11129, 62, 29)
(11130, 66, 31)
(11131, 69, 33)
(11132, 72, 35)
(11134, 71, 34)
(11135, 67, 32)
(11136, 64, 30)
(11138, 67, 32)
(11140, 66, 31)
(11142, 71, 34)
(11144, 69, 33)
(11146, 74, 36)
(11148, 74, 36)
(11152, 74, 36)
(11152, 77, 38)
(11154, 74, 36)
(11154, 77, 38)
(11156, 74, 36)
(11156, 77, 38)
(11160, 74, 36)
(11160, 77, 38)
(11162, 74, 36)
(11162, 77, 38)
(11164, 74, 36)
(11164, 77, 38)
(11168, 69, 33)
(11168, 72, 35)
(11170, 69, 33)
(11170, 72, 35)
(11172, 69, 33)
(11172, 72, 35)
(11174, 69, 33)
(11174, 72, 35)
(11176, 67, 32)
(11176, 69, 33)
(11178, 67, 32)
(11178, 69, 33)
(11180, 64, 30)
(11184, 57, 26)
(11184, 62, 29)
(11186, 55, 25)
(11188, 57, 26)
(11188, 66, 31)
(11190, 59, 27)
(11192, 66, 31)
(11192, 74, 36)
(11194, 64, 30)
(11194, 73, 35)
(11196, 62, 29)
(11196, 74, 36)
(11198, 64, 30)
(22397/2, 57, 26)
(11199, 57, 26)
(22399/2, 57, 26)
(11200, 57, 26)
(22401/2, 62, 29)
(11201, 66, 31)
(22403/2, 69, 33)
(11202, 67, 32)
(22405/2, 61, 28)
(11203, 61, 28)
(22407/2, 61, 28)
(11204, 62, 29)
(22409/2, 66, 31)
(11205, 69, 33)
(22411/2, 74, 36)
(11206, 71, 34)
(22413/2, 64, 30)
(11207, 64, 30)
(22415/2, 64, 30)
(11208, 66, 31)
(11208, 69, 33)
(11210, 64, 30)
(11210, 69, 33)
(11212, 62, 29)
(22427/2, 64, 30)
(11214, 66, 31)
(22431/2, 66, 31)
(11216, 67, 32)
(11220, 74, 36)
(22443/2, 76, 37)
(11222, 78, 38)
(22447/2, 74, 36)
(11224, 73, 35)
(11225, 64, 30)
(44901/4, 67, 32)
(22451/2, 69, 33)
(44903/4, 73, 35)
(11226, 76, 37)
(22453/2, 73, 35)
(11227, 69, 33)
(22455/2, 67, 32)
(11228, 64, 30)
(22457/2, 67, 32)
(11229, 69, 33)
(22459/2, 73, 35)
(11230, 76, 37)
(11233, 64, 30)
(44933/4, 67, 32)
(22467/2, 69, 33)
(44935/4, 73, 35)
(11234, 76, 37)
(22469/2, 73, 35)
(11235, 69, 33)
(22471/2, 67, 32)
(11236, 64, 30)
(22473/2, 67, 32)
(11237, 69, 33)
(22475/2, 73, 35)
(11238, 76, 37)
(11241, 62, 29)
(44965/4, 66, 31)
(22483/2, 69, 33)
(44967/4, 72, 35)
(11242, 74, 36)
(22485/2, 72, 35)
(11243, 69, 33)
(22487/2, 66, 31)
(11244, 62, 29)
(22489/2, 66, 31)
(11245, 69, 33)
(22491/2, 72, 35)
(11246, 66, 31)
(11248, 74, 36)
(22497/2, 72, 35)
(11249, 69, 33)
(22499/2, 66, 31)
(11250, 62, 29)
(11251, 62, 29)
(45005/4, 66, 31)
(22503/2, 69, 33)
(45007/4, 72, 35)
(11252, 74, 36)
(22505/2, 72, 35)
(11253, 69, 33)
(22507/2, 66, 31)
(11254, 62, 29)
(11255, 62, 29)
(45021/4, 66, 31)
(22511/2, 69, 33)
(45023/4, 72, 35)
(11256, 74, 36)
(11257, 62, 29)
(22517/2, 64, 30)
(11259, 62, 29)
(22519/2, 60, 28)
(11260, 59, 27)
(22521/2, 60, 28)
(11261, 59, 27)
(22523/2, 57, 26)
(11262, 55, 25)
(11264, 59, 27)
(11265, 71, 34)
(22533/2, 72, 35)
(11267, 71, 34)
(22535/2, 69, 33)
(11268, 67, 32)
(22537/2, 69, 33)
(11269, 67, 32)
(22539/2, 66, 31)
(11270, 64, 30)
(22541/2, 66, 31)
(11271, 64, 30)
(22543/2, 62, 29)
(11272, 61, 28)
(22545/2, 62, 29)
(11273, 64, 30)
(22547/2, 56, 25)
(11274, 57, 26)
(11278, 57, 26)
(11279, 69, 33)
(22561/2, 70, 34)
(11281, 69, 33)
(22563/2, 67, 32)
(11282, 65, 31)
(22565/2, 64, 30)
(11283, 65, 31)
(22567/2, 67, 32)
(11284, 69, 33)
(22569/2, 67, 32)
(11285, 65, 31)
(22571/2, 64, 30)
(11286, 62, 29)
(22573/2, 61, 28)
(11287, 62, 29)
(22575/2, 64, 30)
(11288, 65, 31)
(22577/2, 67, 32)
(11289, 65, 31)
(22579/2, 64, 30)
(11290, 62, 29)
(22583/2, 63, 30)
(11292, 62, 29)
(22587/2, 60, 28)
(11294, 58, 27)
(22595/2, 60, 28)
(11298, 58, 27)
(22597/2, 56, 26)
(11299, 55, 25)
(22599/2, 63, 30)
(11300, 63, 30)
(22601/2, 58, 27)
(11301, 67, 32)
(22605/2, 65, 31)
(11303, 63, 30)
(22607/2, 62, 29)
(11304, 61, 28)
(11305, 67, 32)
(22613/2, 65, 31)
(11307, 64, 30)
(22615/2, 62, 29)
(11308, 61, 28)
(11309, 70, 34)
(22621/2, 64, 30)
(11311, 65, 31)
(22623/2, 67, 32)
(11312, 61, 28)
(22629/2, 64, 30)
(11315, 66, 31)
(22631/2, 67, 32)
(11316, 57, 26)
(11320, 61, 28)
(11320, 64, 30)
(11324, 62, 29)
(11327, 62, 29)
(45309/4, 66, 31)
(22655/2, 69, 33)
(45311/4, 74, 36)
(11328, 78, 38)
(22659/2, 76, 37)
(11330, 74, 36)
(22663/2, 71, 34)
(11332, 66, 31)
(11335, 62, 29)
(45341/4, 66, 31)
(22671/2, 69, 33)
(45343/4, 74, 36)
(11336, 78, 38)
(22675/2, 76, 37)
(11338, 74, 36)
(22679/2, 71, 34)
(11340, 79, 39)
(22683/2, 78, 38)
(11342, 76, 37)
(22687/2, 74, 36)
(11344, 73, 35)
(22691/2, 71, 34)
(11346, 69, 33)
(22695/2, 67, 32)
(11348, 66, 31)
(11350, 64, 30)
(11352, 62, 29)
(22723/2, 61, 28)
(11362, 59, 27)
(22727/2, 64, 30)
(11364, 62, 29)
(11366, 61, 28)
(11368, 62, 29)
(11370, 62, 29)
(11372, 62, 29)
(11375, 62, 29)
(45501/4, 66, 31)
(22751/2, 69, 33)
(45503/4, 74, 36)
(11376, 78, 38)
(22755/2, 76, 37)
(11378, 74, 36)
(22759/2, 71, 34)
(11380, 66, 31)
(11383, 62, 29)
(45533/4, 66, 31)
(22767/2, 69, 33)
(45535/4, 74, 36)
(11384, 78, 38)
(22771/2, 76, 37)
(11386, 74, 36)
(22775/2, 71, 34)
(11388, 69, 33)
(22779/2, 78, 38)
(11390, 76, 37)
(22783/2, 74, 36)
(11392, 73, 35)
(22787/2, 71, 34)
(11394, 69, 33)
(22791/2, 67, 32)
(11396, 66, 31)
(11398, 64, 30)
(11400, 63, 30)
(22819/2, 60, 28)
(11410, 59, 27)
(22823/2, 64, 30)
(11412, 62, 29)
(11414, 61, 28)
(11416, 62, 29)
(11417, 62, 29)
(11418, 67, 32)
(11421, 66, 31)
(11422, 71, 34)
(11425, 69, 33)
(11426, 79, 39)
(11429, 78, 38)
(11430, 83, 41)
(11433, 81, 40)
(11434, 86, 43)
(11437, 85, 42)
(11438, 83, 41)
(11439, 81, 40)
(11440, 81, 40)
(22881/2, 74, 36)
(11441, 73, 35)
(22883/2, 74, 36)
(11442, 76, 37)
(22885/2, 73, 35)
(11443, 74, 36)
(22887/2, 80, 39)
(11444, 81, 40)
(22889/2, 76, 37)
(11445, 79, 39)
(22891/2, 78, 38)
(11446, 79, 39)
(22893/2, 76, 37)
(11447, 81, 40)
(22895/2, 79, 39)
(11448, 78, 38)
(22897/2, 74, 36)
(11449, 73, 35)
(22899/2, 74, 36)
(11450, 76, 37)
(22901/2, 73, 35)
(11451, 74, 36)
(22903/2, 83, 41)
(11452, 81, 40)
(22905/2, 76, 37)
(11453, 78, 38)
(22907/2, 81, 40)
(11454, 80, 39)
(22909/2, 76, 37)
(11455, 79, 39)
(22911/2, 76, 37)
(11456, 78, 38)
(22913/2, 74, 36)
(11457, 73, 35)
(22915/2, 74, 36)
(11458, 77, 38)
(22917/2, 74, 36)
(11459, 76, 37)
(22919/2, 69, 33)
(11460, 74, 36)
(22921/2, 69, 33)
(11461, 71, 34)
(22923/2, 74, 36)
(11462, 74, 36)
(22925/2, 66, 31)
(11463, 67, 32)
(22927/2, 69, 33)
(11464, 66, 31)
(11464, 69, 33)
(11466, 66, 31)
(11466, 69, 33)
(11468, 66, 31)
(11468, 69, 33)
(11470, 66, 31)
(11470, 69, 33)
(11472, 66, 31)
(11472, 69, 33)
(11474, 66, 31)
(11474, 69, 33)
(11476, 74, 36)
(11476, 78, 38)
(11478, 74, 36)
(11478, 78, 38)
(11480, 74, 36)
(11480, 78, 38)
(11487, 62, 29)
(45949/4, 66, 31)
(22975/2, 69, 33)
(45951/4, 74, 36)
(11488, 78, 38)
(22979/2, 76, 37)
(11490, 74, 36)
(22983/2, 69, 33)
(11492, 64, 30)
(11492, 71, 34)
(11492, 76, 37)
(11494, 64, 30)
(11494, 73, 35)
(11496, 62, 29)
(11496, 74, 36)
(20000, 57, 26)
(20000, 66, 31)
(20002, 57, 26)
(20002, 66, 31)
(20004, 57, 26)
(20004, 66, 31)
(20006, 57, 26)
(20006, 66, 31)
(20008, 57, 26)
(20008, 66, 31)
(20010, 57, 26)
(20010, 66, 31)
(20012, 66, 31)
(20014, 66, 31)
(20016, 65, 30)
(20019, 61, 28)
(20019, 66, 31)
(20020, 57, 26)
(20021, 61, 28)
(20022, 57, 26)
(20023, 61, 28)
(20024, 57, 26)
(20025, 61, 28)
(20026, 57, 26)
(20027, 61, 28)
(20028, 54, 24)
(20028, 57, 26)
(20030, 54, 24)
(20030, 57, 26)
(20032, 55, 25)
(20032, 59, 27)
(20034, 55, 25)
(20034, 59, 27)
(20036, 59, 27)
(20036, 62, 29)
(20038, 59, 27)
(20038, 62, 29)
(20040, 62, 29)
(20040, 64, 30)
(20042, 62, 29)
(20042, 64, 30)
(20044, 61, 28)
(20044, 64, 30)
(20046, 55, 25)
(20048, 54, 24)
(40103/2, 62, 29)
(20052, 64, 30)
(40105/2, 61, 28)
(20053, 62, 29)
(40107/2, 66, 31)
(20054, 67, 32)
(40109/2, 64, 30)
(20055, 66, 31)
(40111/2, 69, 33)
(20056, 67, 32)
(40113/2, 71, 34)
(20057, 69, 33)
(40115/2, 66, 31)
(20058, 64, 30)
(40117/2, 67, 32)
(20059, 66, 31)
(40119/2, 62, 29)
(20060, 61, 28)
(40143/2, 66, 31)
(20072, 64, 30)
(40145/2, 67, 32)
(20073, 66, 31)
(40147/2, 62, 29)
(20074, 61, 28)
(40149/2, 64, 30)
(20075, 62, 29)
(40151/2, 59, 27)
(20076, 57, 26)
(40153/2, 66, 31)
(20077, 64, 30)
(40155/2, 67, 32)
(20078, 66, 31)
(40157/2, 62, 29)
(20079, 61, 28)
(40159/2, 64, 30)
(20080, 62, 29)
(20082, 50, 22)
(40167/2, 62, 29)
(20084, 57, 26)
(20085, 54, 24)
(20086, 50, 22)
(40175/2, 62, 29)
(20088, 57, 26)
(20089, 54, 24)
(20090, 50, 22)
(40183/2, 62, 29)
(20092, 62, 29)
(40187/2, 59, 27)
(20094, 62, 29)
(40191/2, 59, 27)
(20096, 66, 31)
(20098, 59, 27)
(20100, 66, 31)
(20102, 62, 29)
(20104, 61, 28)
(20105, 58, 26)
(20106, 59, 27)
(20108, 54, 24)
(20110, 62, 29)
(20112, 61, 28)
(20114, 59, 27)
(20116, 58, 26)
(20118, 59, 27)
(20120, 58, 26)
(20140, 57, 26)
(20143, 57, 26)
(20143, 67, 32)
(20144, 57, 26)
(20144, 66, 31)
(20146, 57, 26)
(20146, 66, 31)
(20148, 57, 26)
(20148, 66, 31)
(20150, 57, 26)
(20150, 66, 31)
(20152, 57, 26)
(20152, 66, 31)
(20154, 57, 26)
(20154, 66, 31)
(20156, 66, 31)
(20158, 66, 31)
(20160, 65, 30)
(20163, 61, 28)
(20164, 61, 28)
(20166, 61, 28)
(20168, 61, 28)
(20170, 61, 28)
(20172, 61, 28)
(20174, 61, 28)
(20176, 61, 28)
(40355/2, 59, 27)
(20178, 59, 27)
(40357/2, 59, 27)
(20179, 61, 28)
(40359/2, 59, 27)
(20180, 57, 26)
(20183, 57, 26)
(80733/4, 61, 28)
(40367/2, 66, 31)
(80735/4, 69, 33)
(20184, 71, 34)
(40369/2, 69, 33)
(20185, 68, 32)
(40371/2, 66, 31)
(20186, 64, 30)
(40373/2, 59, 27)
(20187, 56, 25)
(40375/2, 56, 25)
(20188, 54, 24)
(80755/4, 56, 25)
(20189, 57, 26)
(80759/4, 59, 27)
(20190, 61, 28)
(20191, 52, 23)
(80765/4, 57, 26)
(40383/2, 61, 28)
(80767/4, 64, 30)
(20192, 66, 31)
(40385/2, 64, 30)
(20193, 62, 29)
(40387/2, 61, 28)
(20194, 59, 27)
(40389/2, 62, 29)
(20195, 59, 27)
(40391/2, 56, 25)
(20196, 52, 23)
(20197, 54, 24)
(40395/2, 56, 25)
(20198, 57, 26)
(40397/2, 59, 27)
(20199, 61, 28)
(40399/2, 61, 28)
(20200, 62, 29)
(40401/2, 64, 30)
(20201, 66, 31)
(40403/2, 66, 31)
(20202, 68, 32)
(40405/2, 69, 33)
(20203, 71, 34)
(40407/2, 71, 34)
(20204, 71, 34)
(20205, 74, 36)
(20206, 73, 35)
(20207, 71, 34)
(20208, 69, 33)
(20209, 69, 33)
(80839/4, 69, 33)
(20210, 69, 33)
(40423/2, 68, 32)
(80847/4, 69, 33)
(20212, 68, 32)
(20213, 74, 36)
(20214, 73, 35)
(20215, 71, 34)
(20216, 69, 33)
(20217, 69, 33)
(80871/4, 69, 33)
(20218, 69, 33)
(40439/2, 68, 32)
(80879/4, 69, 33)
(20220, 68, 32)
(40449/2, 57, 26)
(20225, 56, 25)
(40451/2, 57, 26)
(20226, 59, 27)
(40453/2, 56, 25)
(20227, 57, 26)
(40455/2, 60, 28)
(40457/2, 59, 27)
(20229, 57, 26)
(40459/2, 59, 27)
(20230, 60, 28)
(40461/2, 57, 26)
(20231, 59, 27)
(40463/2, 56, 25)
(20232, 57, 26)
(20241, 52, 23)
(20242, 57, 26)
(20243, 61, 28)
(20244, 66, 31)
(20246, 65, 31)
(20248, 64, 30)
(20261, 59, 27)
(20263, 59, 27)
(20264, 64, 30)
(40529/2, 57, 26)
(20265, 56, 25)
(40531/2, 57, 26)
(20266, 59, 27)
(40533/2, 56, 25)
(20267, 57, 26)
(40535/2, 61, 28)
(20268, 61, 28)
(20269, 59, 27)
(20270, 61, 28)
(20271, 63, 29)
(20272, 64, 30)
(20274, 64, 30)
(20275, 66, 31)
(20276, 61, 28)
(20281, 49, 21)
(20282, 49, 21)
(20283, 49, 21)
(20284, 49, 21)
(20286, 49, 21)
(20287, 49, 21)
(20288, 49, 21)
(20291, 49, 21)
(20292, 49, 21)
(20293, 49, 21)
(20294, 49, 21)
(20295, 49, 21)
(20296, 49, 21)
(20299, 49, 21)
(20300, 49, 21)
(20301, 54, 24)
(20302, 57, 26)
(20303, 61, 28)
(20304, 64, 30)
(20306, 62, 29)
(20307, 61, 28)
(20308, 61, 28)
(20309, 57, 26)
(20310, 56, 25)
(20311, 59, 27)
(20312, 57, 26)
(40625/2, 49, 21)
(20313, 48, 20)
(40627/2, 49, 21)
(20314, 48, 20)
(40629/2, 49, 21)
(20315, 48, 20)
(40631/2, 49, 21)
(40633/2, 49, 21)
(20317, 48, 20)
(40635/2, 49, 21)
(40637/2, 49, 21)
(20319, 48, 20)
(40639/2, 49, 21)
(40641/2, 49, 21)
(20321, 48, 20)
(40643/2, 49, 21)
(20322, 48, 20)
(40645/2, 49, 21)
(20323, 48, 20)
(40647/2, 49, 21)
(40649/2, 49, 21)
(20325, 48, 20)
(40651/2, 49, 21)
(40653/2, 49, 21)
(20327, 48, 20)
(40655/2, 49, 21)
(40657/2, 49, 21)
(20329, 50, 22)
(40659/2, 49, 21)
(40661/2, 49, 21)
(20331, 50, 22)
(40663/2, 49, 21)
(20332, 49, 21)
(20333, 57, 26)
(20334, 61, 28)
(20335, 66, 31)
(20336, 67, 32)
(20338, 66, 31)
(20339, 62, 29)
(20340, 59, 27)
(20342, 59, 27)
(20344, 57, 26)
(20346, 62, 29)
(20348, 61, 28)
(20350, 66, 31)
(20352, 64, 30)
(20356, 66, 31)
(20356, 69, 33)
(20358, 66, 31)
(20358, 69, 33)
(20360, 66, 31)
(20360, 69, 33)
(20364, 69, 33)
(20366, 69, 33)
(20368, 69, 33)
(20372, 60, 28)
(20372, 64, 30)
(20374, 60, 28)
(20374, 64, 30)
(20376, 60, 28)
(20376, 64, 30)
(20378, 60, 28)
(20378, 64, 30)
(20380, 62, 29)
(20380, 64, 30)
(20382, 62, 29)
(20382, 64, 30)
(20384, 62, 29)
(20384, 64, 30)
(20386, 62, 29)
(20386, 64, 30)
(20388, 61, 28)
(20388, 64, 30)
(20390, 62, 29)
(20390, 64, 30)
(20392, 61, 28)
(20392, 64, 30)
(20394, 66, 31)
(20394, 69, 33)
(20396, 69, 33)
(20398, 68, 32)
(20400, 69, 33)
(20402, 64, 30)
(40805/2, 62, 29)
(20403, 62, 29)
(40807/2, 62, 29)
(20404, 61, 28)
(40809/2, 64, 30)
(20405, 69, 33)
(40811/2, 73, 35)
(20406, 71, 34)
(40813/2, 62, 29)
(20407, 62, 29)
(40815/2, 62, 29)
(20408, 64, 30)
(40817/2, 69, 33)
(20409, 73, 35)
(40819/2, 76, 37)
(20410, 66, 31)
(40821/2, 69, 33)
(20411, 69, 33)
(40823/2, 69, 33)
(20412, 69, 33)
(40825/2, 73, 35)
(20413, 76, 37)
(40827/2, 73, 35)
(20414, 74, 36)
(40831/2, 64, 30)
(20416, 64, 30)
(40835/2, 68, 32)
(20418, 69, 33)
(40839/2, 69, 33)
(20420, 68, 32)
(20423, 57, 26)
(81693/4, 61, 28)
(40847/2, 64, 30)
(81695/4, 69, 33)
(20424, 64, 30)
(40851/2, 62, 29)
(20426, 61, 28)
(40855/2, 64, 30)
(20428, 59, 27)
(20431, 64, 30)
(81725/4, 68, 32)
(40863/2, 71, 34)
(81727/4, 74, 36)
(20432, 76, 37)
(40865/2, 74, 36)
(20433, 71, 34)
(40867/2, 68, 32)
(20434, 64, 30)
(40869/2, 68, 32)
(20435, 71, 34)
(40871/2, 74, 36)
(20436, 68, 32)
(20439, 64, 30)
(81757/4, 68, 32)
(40879/2, 71, 34)
(81759/4, 74, 36)
(20440, 76, 37)
(40881/2, 74, 36)
(20441, 71, 34)
(40883/2, 68, 32)
(20442, 64, 30)
(40885/2, 68, 32)
(20443, 71, 34)
(40887/2, 74, 36)
(20444, 68, 32)
(20445, 59, 27)
(81781/4, 64, 30)
(40891/2, 68, 32)
(81783/4, 71, 34)
(20446, 76, 37)
(20447, 64, 30)
(40897/2, 62, 29)
(20449, 61, 28)
(40899/2, 59, 27)
(20450, 57, 26)
(40901/2, 59, 27)
(20451, 61, 28)
(40903/2, 62, 29)
(20452, 64, 30)
(40905/2, 56, 25)
(20453, 57, 26)
(40907/2, 59, 27)
(20454, 61, 28)
(40909/2, 59, 27)
(20455, 61, 28)
(40911/2, 62, 29)
(20456, 64, 30)
(40913/2, 69, 33)
(20457, 67, 32)
(40915/2, 66, 31)
(20458, 64, 30)
(40917/2, 63, 29)
(20459, 64, 30)
(40919/2, 66, 31)
(20460, 67, 32)
(40921/2, 59, 27)
(20461, 61, 28)
(40923/2, 62, 29)
(20462, 64, 30)
(40925/2, 56, 25)
(20463, 57, 26)
(40927/2, 59, 27)
(20464, 61, 28)
(40929/2, 64, 30)
(20465, 66, 31)
(40931/2, 67, 32)
(20466, 58, 27)
(40937/2, 64, 30)
(20469, 66, 31)
(40939/2, 67, 32)
(20470, 57, 26)
(20476, 57, 26)
(20476, 66, 31)
(20478, 57, 26)
(20478, 66, 31)
(20480, 66, 31)
(20480, 69, 33)
(20482, 66, 31)
(20482, 69, 33)
(20484, 66, 31)
(20484, 69, 33)
(20486, 66, 31)
(20486, 69, 33)
(20488, 66, 31)
(20488, 69, 33)
(20492, 57, 26)
(20493, 57, 26)
(81975/4, 57, 26)
(20494, 57, 26)
(40991/2, 56, 25)
(81983/4, 57, 26)
(20496, 57, 26)
(20497, 60, 28)
(20498, 57, 26)
(20499, 60, 28)
(20500, 57, 26)
(20501, 60, 28)
(20502, 57, 26)
(20503, 60, 28)
(20504, 57, 26)
(20505, 60, 28)
(20506, 57, 26)
(20507, 60, 28)
(20508, 55, 25)
(20509, 60, 28)
(20510, 55, 25)
(20511, 60, 28)
(20512, 57, 26)
(20513, 60, 28)
(20514, 57, 26)
(20515, 60, 28)
(20516, 55, 25)
(20517, 60, 28)
(20518, 55, 25)
(20519, 60, 28)
(20520, 57, 26)
(41041/2, 62, 29)
(20521, 61, 28)
(41043/2, 62, 29)
(20522, 64, 30)
(41045/2, 61, 28)
(20523, 62, 29)
(41047/2, 66, 31)
(20524, 67, 32)
(41049/2, 64, 30)
(20525, 66, 31)
(41051/2, 69, 33)
(20526, 71, 34)
(41053/2, 67, 32)
(20527, 69, 33)
(41055/2, 72, 35)
(20528, 71, 34)
(41057/2, 67, 32)
(20529, 69, 33)
(41059/2, 72, 35)
(20530, 71, 34)
(41061/2, 69, 33)
(20531, 67, 32)
(41063/2, 69, 33)
(20532, 67, 32)
(20534, 66, 31)
(41073/2, 55, 25)
(20537, 54, 24)
(41075/2, 55, 25)
(20538, 57, 26)
(41077/2, 54, 24)
(20539, 55, 25)
(41079/2, 59, 27)
(20540, 60, 28)
(41081/2, 57, 26)
(20541, 59, 27)
(41083/2, 62, 29)
(20542, 69, 33)
(41085/2, 66, 31)
(20543, 67, 32)
(41087/2, 71, 34)
(20544, 69, 33)
(41089/2, 72, 35)
(20545, 71, 34)
(41091/2, 67, 32)
(20546, 66, 31)
(41093/2, 69, 33)
(20547, 67, 32)
(41095/2, 64, 30)
(20548, 64, 30)
(20550, 63, 29)
(41111/2, 64, 30)
(20556, 66, 31)
(41113/2, 63, 29)
(20557, 64, 30)
(41115/2, 67, 32)
(20558, 69, 33)
(41117/2, 66, 31)
(20559, 67, 32)
(41119/2, 71, 34)
(20560, 70, 33)
(41121/2, 73, 35)
(20561, 71, 34)
(41123/2, 67, 32)
(20562, 66, 31)
(41125/2, 64, 30)
(20563, 62, 29)
(41127/2, 59, 27)
(20564, 58, 26)
(20565, 59, 27)
(20566, 58, 26)
(20567, 66, 31)
(20568, 66, 31)
(41169/2, 62, 29)
(20585, 61, 28)
(41171/2, 66, 31)
(20586, 66, 31)
(20587, 65, 30)
(41177/2, 65, 30)
(20589, 66, 31)
(41179/2, 73, 35)
(20590, 73, 35)
(20591, 71, 34)
(20592, 69, 33)
(20593, 69, 33)
(20594, 67, 32)
(41191/2, 62, 29)
(20596, 62, 29)
(20597, 69, 33)
(20598, 67, 32)
(41199/2, 62, 29)
(20600, 62, 29)
(20601, 69, 33)
(20602, 71, 34)
(20604, 69, 33)
(20606, 67, 32)
(20608, 66, 31)
(41221/2, 60, 28)
(20611, 59, 27)
(41223/2, 66, 31)
(20612, 66, 31)
(20613, 64, 30)
(20614, 67, 32)
(20615, 66, 31)
(20616, 64, 30)
(41233/2, 55, 25)
(20617, 54, 24)
(41235/2, 55, 25)
(20618, 57, 26)
(41237/2, 54, 24)
(20619, 55, 25)
(41239/2, 64, 30)
(20620, 62, 29)
(41241/2, 55, 25)
(20621, 54, 24)
(41243/2, 55, 25)
(20622, 57, 26)
(41245/2, 54, 24)
(20623, 55, 25)
(41247/2, 64, 30)
(20624, 65, 31)
(20626, 64, 30)
(20628, 62, 29)
(20629, 55, 25)
(20630, 60, 28)
(20632, 59, 27)
(20633, 59, 27)
(20634, 58, 27)
(20637, 57, 26)
(20638, 53, 24)
(41287/2, 68, 33)
(20644, 68, 33)
(41289/2, 65, 31)
(20645, 68, 33)
(41291/2, 71, 34)
(20646, 71, 34)
(41293/2, 68, 33)
(20647, 71, 34)
(41295/2, 74, 36)
(20648, 74, 36)
(20649, 71, 34)
(41299/2, 74, 36)
(20650, 74, 36)
(20651, 71, 34)
(41303/2, 74, 36)
(20652, 74, 36)
(20664, 55, 25)
(20664, 67, 32)
(20666, 55, 25)
(20666, 67, 32)
(20668, 67, 32)
(20671, 60, 28)
(82685/4, 64, 30)
(41343/2, 67, 32)
(82687/4, 72, 35)
(20672, 76, 37)
(41347/2, 74, 36)
(20674, 72, 35)
(41351/2, 67, 32)
(20676, 64, 30)
(41355/2, 62, 29)
(20678, 60, 28)
(41359/2, 55, 25)
(20680, 52, 23)
(20687, 52, 23)
(82749/4, 57, 26)
(41375/2, 61, 28)
(82751/4, 64, 30)
(20688, 69, 33)
(20693, 52, 23)
(82773/4, 57, 26)
(41387/2, 61, 28)
(82775/4, 64, 30)
(20694, 69, 33)
(20696, 57, 26)
(20696, 62, 29)
(20698, 57, 26)
(20698, 62, 29)
(20700, 57, 26)
(20700, 62, 29)
(20703, 62, 29)
(82813/4, 66, 31)
(41407/2, 69, 33)
(82815/4, 74, 36)
(20704, 78, 38)
(41411/2, 76, 37)
(20706, 74, 36)
(41415/2, 69, 33)
(20708, 66, 31)
(41419/2, 64, 30)
(20710, 62, 29)
(41423/2, 57, 26)
(20712, 54, 24)
(20712, 57, 26)
(20723, 57, 26)
(82893/4, 60, 28)
(41447/2, 59, 27)
(82895/4, 57, 26)
(20724, 55, 25)
(20727, 67, 32)
(20728, 66, 31)
(20729, 61, 28)
(20730, 66, 31)
(20733, 66, 31)
(20734, 71, 34)
(20737, 73, 35)
(41475/2, 74, 36)
(20738, 76, 37)
(20741, 69, 33)
(20742, 73, 35)
(20745, 74, 36)
(41491/2, 76, 37)
(20746, 78, 38)
(20747, 73, 35)
(20748, 74, 36)
(20749, 69, 33)
(20750, 66, 31)
(20751, 55, 25)
(83005/4, 59, 27)
(41503/2, 62, 29)
(83007/4, 67, 32)
(20752, 71, 34)
(41505/2, 69, 33)
(20753, 67, 32)
(41507/2, 66, 31)
(20754, 64, 30)
(41509/2, 62, 29)
(20755, 60, 28)
(41511/2, 59, 27)
(20756, 57, 26)
(20759, 54, 24)
(83037/4, 57, 26)
(41519/2, 62, 29)
(83039/4, 66, 31)
(20760, 69, 33)
(41521/2, 67, 32)
(20761, 66, 31)
(41523/2, 64, 30)
(20762, 62, 29)
(41525/2, 60, 28)
(20763, 59, 27)
(41527/2, 57, 26)
(20764, 59, 27)
(20767, 56, 25)
(83069/4, 59, 27)
(41535/2, 62, 29)
(83071/4, 68, 32)
(20768, 71, 34)
(41537/2, 69, 33)
(20769, 68, 32)
(41539/2, 65, 31)
(20770, 64, 30)
(41541/2, 62, 29)
(20771, 60, 28)
(41543/2, 59, 27)
(20772, 57, 26)
(20773, 57, 26)
(20774, 69, 33)
(20777, 59, 27)
(83109/4, 62, 29)
(41555/2, 68, 32)
(83111/4, 71, 34)
(20778, 74, 36)
(20781, 68, 32)
(20782, 71, 34)
(20785, 64, 30)
(83141/4, 67, 32)
(41571/2, 70, 33)
(83143/4, 73, 35)
(20786, 76, 37)
(20789, 70, 33)
(20790, 73, 35)
(41581/2, 76, 37)
(20791, 74, 36)
(41583/2, 73, 35)
(20792, 71, 34)
(41585/2, 71, 34)
(20793, 69, 33)
(41587/2, 67, 32)
(20794, 66, 31)
(41589/2, 67, 32)
(20795, 66, 31)
(41591/2, 64, 30)
(20796, 62, 29)
(41593/2, 67, 32)
(20797, 66, 31)
(41595/2, 64, 30)
(20798, 62, 29)
(41597/2, 64, 30)
(20799, 62, 29)
(41599/2, 59, 27)
(20800, 58, 26)
(20807, 54, 24)
(83229/4, 59, 27)
(41615/2, 62, 29)
(83231/4, 66, 31)
(20808, 71, 34)
(41619/2, 70, 33)
(20810, 71, 34)
(41623/2, 70, 33)
(20812, 66, 31)
(41627/2, 62, 29)
(20814, 61, 28)
(41631/2, 59, 27)
(20816, 58, 26)
(20832, 77, 38)
(41667/2, 74, 36)
(20834, 71, 34)
(41671/2, 68, 32)
(20836, 65, 31)
(41675/2, 62, 29)
(20838, 59, 27)
(41679/2, 56, 25)
(20840, 55, 25)
(41683/2, 58, 27)
(20842, 64, 30)
(41687/2, 67, 32)
(20844, 67, 32)
(41691/2, 61, 28)
(20846, 58, 27)
(41695/2, 55, 25)
(20848, 54, 24)
(20856, 54, 24)
(41715/2, 54, 24)
(20858, 54, 24)
(41719/2, 54, 24)
(20860, 54, 24)
(41723/2, 54, 24)
(20862, 54, 24)
(41727/2, 54, 24)
(20864, 54, 24)
(20872, 69, 33)
(41747/2, 66, 31)
(20874, 61, 28)
(41751/2, 57, 26)
(20876, 54, 24)
(41755/2, 49, 21)
(20878, 54, 24)
(41759/2, 49, 21)
(20880, 54, 24)
(20888, 52, 23)
(20888, 55, 25)
(20890, 52, 23)
(20890, 55, 25)
(20892, 52, 23)
(20892, 55, 25)
(20894, 52, 23)
(20894, 55, 25)
(20896, 52, 23)
(20896, 55, 25)
(20898, 52, 23)
(20898, 55, 25)
(20900, 52, 23)
(20900, 55, 25)
(20902, 52, 23)
(20902, 55, 25)
(20904, 55, 25)
(20904, 57, 26)
(20906, 55, 25)
(20906, 57, 26)
(20908, 55, 25)
(20908, 57, 26)
(20910, 55, 25)
(20910, 57, 26)
(20912, 61, 28)
(20912, 64, 30)
(20914, 61, 28)
(20914, 64, 30)
(20916, 61, 28)
(20916, 64, 30)
(41833/2, 66, 31)
(20917, 64, 30)
(41835/2, 62, 29)
(20918, 61, 28)
(41837/2, 64, 30)
(20919, 69, 33)
(41839/2, 67, 32)
(20920, 57, 26)
(20920, 66, 31)
(20922, 57, 26)
(20922, 66, 31)
(20924, 57, 26)
(20924, 66, 31)
(20926, 57, 26)
(20926, 66, 31)
(20928, 66, 31)
(20929, 66, 31)
(83719/4, 66, 31)
(20930, 66, 31)
(20931, 66, 31)
(20932, 65, 30)
(20935, 61, 28)
(20936, 61, 28)
(20938, 61, 28)
(20940, 57, 26)
(20942, 57, 26)
(20944, 54, 24)
(20944, 57, 26)
(20946, 54, 24)
(20946, 57, 26)
(20948, 55, 25)
(20948, 62, 29)
(20950, 55, 25)
(20950, 62, 29)
(20952, 55, 25)
(20952, 62, 29)
(41907/2, 59, 27)
(41907/2, 62, 29)
(20954, 59, 27)
(20954, 62, 29)
(41911/2, 59, 27)
(41911/2, 62, 29)
(20956, 59, 27)
(20956, 62, 29)
(41915/2, 59, 27)
(41915/2, 62, 29)
(20958, 59, 27)
(20958, 62, 29)
(41919/2, 59, 27)
(41919/2, 62, 29)
(20960, 61, 28)
(20962, 55, 25)
(20964, 54, 24)
(41935/2, 62, 29)
(20968, 64, 30)
(41937/2, 61, 28)
(20969, 62, 29)
(41939/2, 66, 31)
(20970, 67, 32)
(41941/2, 64, 30)
(20971, 66, 31)
(41943/2, 69, 33)
(20972, 67, 32)
(41945/2, 71, 34)
(20973, 69, 33)
(41947/2, 66, 31)
(20974, 64, 30)
(41949/2, 67, 32)
(20975, 66, 31)
(41951/2, 62, 29)
(20976, 61, 28)
(41961/2, 62, 29)
(20981, 61, 28)
(41963/2, 62, 29)
(20982, 64, 30)
(41965/2, 61, 28)
(20983, 62, 29)
(41967/2, 66, 31)
(20984, 67, 32)
(41969/2, 64, 30)
(20985, 66, 31)
(41971/2, 69, 33)
(20986, 71, 34)
(41973/2, 67, 32)
(20987, 69, 33)
(41975/2, 74, 36)
(20988, 73, 35)
(41977/2, 76, 37)
(20989, 74, 36)
(41979/2, 71, 34)
(20990, 69, 33)
(41981/2, 73, 35)
(20991, 71, 34)
(41983/2, 67, 32)
(20992, 66, 31)
(41985/2, 69, 33)
(20993, 67, 32)
(41987/2, 64, 30)
(20994, 62, 29)
(41989/2, 66, 31)
(20995, 64, 30)
(41991/2, 61, 28)
(20996, 62, 29)
(20998, 50, 22)
(41999/2, 62, 29)
(21000, 57, 26)
(21001, 54, 24)
(21002, 50, 22)
(42007/2, 62, 29)
(21004, 57, 26)
(21005, 54, 24)
(21006, 59, 27)
(42015/2, 59, 27)
(21008, 59, 27)
(42041/2, 57, 26)
(21021, 56, 25)
(42043/2, 57, 26)
(21022, 59, 27)
(42045/2, 56, 25)
(21023, 57, 26)
(42047/2, 64, 30)
(21024, 62, 29)
(42049/2, 57, 26)
(21025, 56, 25)
(42051/2, 57, 26)
(21026, 59, 27)
(42053/2, 56, 25)
(21027, 57, 26)
(42055/2, 61, 28)
(21028, 62, 29)
(42065/2, 62, 29)
(21033, 61, 28)
(42067/2, 62, 29)
(21034, 64, 30)
(42069/2, 61, 28)
(21035, 62, 29)
(42071/2, 67, 32)
(21036, 67, 32)
(21038, 66, 31)
(42081/2, 62, 29)
(21041, 61, 28)
(42083/2, 62, 29)
(21042, 64, 30)
(42085/2, 61, 28)
(21043, 62, 29)
(42087/2, 67, 32)
(21044, 67, 32)
(21046, 66, 31)
(21050, 61, 28)
(21050, 64, 30)
(21054, 59, 27)
(21054, 62, 29)
(21058, 57, 26)
(21064, 66, 31)
(21066, 64, 30)
(21069, 55, 25)
(21070, 54, 24)
(21071, 55, 25)
(21072, 57, 26)
(21074, 57, 26)
(21076, 62, 29)
(21077, 54, 24)
(21078, 54, 24)
(21079, 54, 24)
(21080, 54, 24)
(21082, 54, 24)
(21083, 54, 24)
(21084, 54, 24)
(21087, 54, 24)
(21088, 54, 24)
(21089, 54, 24)
(21090, 54, 24)
(21091, 54, 24)
(21092, 54, 24)
(21095, 54, 24)
(21096, 54, 24)
(21097, 54, 24)
(21098, 54, 24)
(21099, 59, 27)
(21100, 59, 27)
(21105, 57, 26)
(21106, 61, 28)
(21107, 64, 30)
(21108, 62, 29)
(21111, 54, 24)
(42225/2, 54, 24)
(21113, 53, 23)
(42227/2, 54, 24)
(42229/2, 54, 24)
(21115, 53, 23)
(42231/2, 54, 24)
(42233/2, 54, 24)
(21117, 53, 23)
(42235/2, 54, 24)
(21118, 53, 23)
(42237/2, 54, 24)
(21119, 53, 23)
(42239/2, 54, 24)
(42241/2, 54, 24)
(21121, 53, 23)
(42243/2, 54, 24)
(42245/2, 54, 24)
(21123, 53, 23)
(42247/2, 54, 24)
(42249/2, 54, 24)
(21125, 55, 25)
(42251/2, 54, 24)
(21126, 55, 25)
(42253/2, 54, 24)
(21127, 55, 25)
(42255/2, 54, 24)
(21128, 54, 24)
(21129, 62, 29)
(21130, 62, 29)
(21131, 62, 29)
(21132, 62, 29)
(21138, 64, 30)
(21140, 62, 29)
(21142, 67, 32)
(21144, 66, 31)
(21146, 71, 34)
(21148, 69, 33)
(21152, 71, 34)
(21154, 71, 34)
(21156, 71, 34)
(21160, 68, 32)
(21162, 68, 32)
(21164, 68, 32)
(21168, 65, 31)
(21170, 65, 31)
(21172, 65, 31)
(21174, 65, 31)
(21176, 64, 30)
(21178, 64, 30)
(21180, 55, 25)
(21180, 57, 26)
(21182, 55, 25)
(21182, 57, 26)
(21184, 54, 24)
(21184, 57, 26)
(21186, 55, 25)
(21186, 57, 26)
(21188, 54, 24)
(21188, 57, 26)
(21190, 59, 27)
(21190, 62, 29)
(21192, 66, 31)
(21192, 69, 33)
(21194, 67, 32)
(21194, 69, 33)
(21196, 66, 31)
(21196, 69, 33)
(21198, 64, 30)
(42397/2, 55, 25)
(21199, 55, 25)
(42399/2, 55, 25)
(21200, 54, 24)
(42401/2, 57, 26)
(21201, 62, 29)
(42403/2, 66, 31)
(21202, 67, 32)
(42405/2, 55, 25)
(21203, 55, 25)
(42407/2, 55, 25)
(21204, 57, 26)
(42409/2, 62, 29)
(21205, 66, 31)
(42411/2, 69, 33)
(21206, 71, 34)
(42413/2, 62, 29)
(21207, 62, 29)
(42415/2, 62, 29)
(21208, 62, 29)
(21210, 61, 28)
(21212, 57, 26)
(42427/2, 61, 28)
(21214, 62, 29)
(42431/2, 62, 29)
(21216, 61, 28)
(21220, 69, 33)
(42443/2, 73, 35)
(21222, 74, 36)
(42447/2, 66, 31)
(21224, 64, 30)
(21227, 57, 26)
(84909/4, 61, 28)
(42455/2, 64, 30)
(84911/4, 67, 32)
(21228, 69, 33)
(42457/2, 67, 32)
(21229, 64, 30)
(42459/2, 61, 28)
(21230, 57, 26)
(42461/2, 61, 28)
(21231, 64, 30)
(42463/2, 67, 32)
(21232, 61, 28)
(21235, 57, 26)
(84941/4, 61, 28)
(42471/2, 64, 30)
(84943/4, 67, 32)
(21236, 69, 33)
(42473/2, 67, 32)
(21237, 64, 30)
(42475/2, 61, 28)
(21238, 57, 26)
(42477/2, 61, 28)
(21239, 64, 30)
(42479/2, 67, 32)
(21240, 66, 31)
(21243, 62, 29)
(84973/4, 66, 31)
(42487/2, 69, 33)
(84975/4, 72, 35)
(21244, 74, 36)
(42489/2, 72, 35)
(21245, 69, 33)
(42491/2, 66, 31)
(21246, 62, 29)
(42493/2, 66, 31)
(21247, 69, 33)
(42495/2, 72, 35)
(21248, 66, 31)
(21249, 62, 29)
(84997/4, 66, 31)
(42499/2, 69, 33)
(84999/4, 72, 35)
(21250, 74, 36)
(42501/2, 72, 35)
(21251, 69, 33)
(42503/2, 66, 31)
(21252, 62, 29)
(21257, 57, 26)
(85029/4, 62, 29)
(42515/2, 66, 31)
(85031/4, 69, 33)
(21258, 74, 36)
(21259, 62, 29)
(42521/2, 64, 30)
(21261, 62, 29)
(42523/2, 60, 28)
(21262, 59, 27)
(42525/2, 60, 28)
(21263, 59, 27)
(42527/2, 57, 26)
(21264, 55, 25)
(42529/2, 54, 24)
(21265, 55, 25)
(42531/2, 57, 26)
(21266, 59, 27)
(21267, 71, 34)
(42537/2, 72, 35)
(21269, 71, 34)
(42539/2, 69, 33)
(21270, 67, 32)
(42541/2, 69, 33)
(21271, 67, 32)
(42543/2, 66, 31)
(21272, 64, 30)
(42545/2, 66, 31)
(21273, 64, 30)
(42547/2, 62, 29)
(21274, 61, 28)
(42549/2, 62, 29)
(21275, 64, 30)
(42551/2, 56, 25)
(21276, 57, 26)
(21280, 57, 26)
(21281, 69, 33)
(42565/2, 70, 34)
(21283, 69, 33)
(42567/2, 67, 32)
(21284, 65, 31)
(42569/2, 64, 30)
(21285, 65, 31)
(42571/2, 67, 32)
(21286, 69, 33)
(42573/2, 67, 32)
(21287, 65, 31)
(42575/2, 64, 30)
(21288, 62, 29)
(42577/2, 61, 28)
(21289, 62, 29)
(42579/2, 64, 30)
(21290, 65, 31)
(42581/2, 61, 28)
(21291, 62, 29)
(42583/2, 60, 28)
(21292, 62, 29)
(42585/2, 60, 28)
(21293, 58, 27)
(42587/2, 57, 26)
(21294, 58, 27)
(42589/2, 56, 26)
(21295, 55, 25)
(42591/2, 53, 24)
(21296, 51, 23)
(42593/2, 53, 24)
(21297, 55, 25)
(42595/2, 56, 26)
(21298, 55, 25)
(42597/2, 53, 24)
(21299, 51, 23)
(42599/2, 60, 28)
(21300, 58, 27)
(42601/2, 56, 26)
(21301, 55, 25)
(42603/2, 63, 30)
(21302, 63, 30)
(42605/2, 58, 27)
(21303, 67, 32)
(42609/2, 65, 31)
(21305, 63, 30)
(42611/2, 62, 29)
(21306, 61, 28)
(21307, 67, 32)
(42617/2, 65, 31)
(21309, 63, 30)
(42619/2, 62, 29)
(21310, 61, 28)
(21311, 70, 34)
(42625/2, 64, 30)
(21313, 65, 31)
(42627/2, 67, 32)
(21314, 61, 28)
(42633/2, 52, 23)
(21317, 54, 24)
(42635/2, 55, 25)
(21318, 49, 21)
(21320, 55, 25)
(21320, 57, 26)
(21324, 54, 24)
(21324, 57, 26)
(21326, 54, 24)
(21326, 57, 26)
(21328, 62, 29)
(21328, 57, 26)
(21329, 58, 26)
(21330, 59, 27)
(21330, 62, 29)
(21332, 57, 26)
(21332, 62, 29)
(21334, 57, 26)
(21334, 62, 29)
(21336, 57, 26)
(21336, 62, 29)
(21337, 61, 28)
(21338, 62, 29)
(21339, 66, 31)
(21340, 64, 30)
(42683/2, 69, 33)
(21342, 71, 34)
(42687/2, 69, 33)
(21344, 67, 32)
(42691/2, 66, 31)
(21346, 64, 30)
(42695/2, 62, 29)
(21348, 62, 29)
(21350, 61, 28)
(21352, 57, 26)
(42723/2, 58, 26)
(21362, 59, 27)
(42727/2, 59, 27)
(21364, 57, 26)
(21366, 55, 25)
(21368, 54, 24)
(21368, 57, 26)
(21370, 54, 24)
(21370, 57, 26)
(21372, 54, 24)
(21372, 57, 26)
(21374, 54, 24)
(21374, 57, 26)
(21376, 62, 29)
(21376, 57, 26)
(21377, 58, 26)
(21378, 59, 27)
(21378, 62, 29)
(21380, 57, 26)
(21380, 62, 29)
(21382, 57, 26)
(21382, 62, 29)
(21384, 62, 29)
(21385, 61, 28)
(21386, 59, 27)
(21387, 68, 32)
(21388, 69, 33)
(42779/2, 73, 35)
(21390, 71, 34)
(42783/2, 69, 33)
(21392, 67, 32)
(42787/2, 66, 31)
(21394, 64, 30)
(42791/2, 62, 29)
(21396, 60, 28)
(21396, 63, 30)
(21398, 60, 28)
(21400, 60, 28)
(42819/2, 57, 26)
(21410, 55, 25)
(42823/2, 59, 27)
(21412, 57, 26)
(21414, 55, 25)
(21416, 54, 24)
(21422, 67, 32)
(21424, 66, 31)
(21430, 67, 32)
(21432, 66, 31)
(21434, 65, 31)
(21436, 64, 30)
(21437, 76, 37)
(21439, 76, 37)
(21440, 74, 36)
(42881/2, 66, 31)
(21441, 64, 30)
(42883/2, 66, 31)
(21442, 67, 32)
(42885/2, 64, 30)
(21443, 65, 31)
(42887/2, 62, 29)
(21444, 57, 26)
(21445, 64, 30)
(42891/2, 63, 29)
(21446, 64, 30)
(42893/2, 67, 32)
(21447, 64, 30)
(42895/2, 57, 26)
(21448, 66, 31)
(21450, 65, 31)
(21452, 64, 30)
(42905/2, 76, 37)
(21453, 75, 36)
(42907/2, 69, 33)
(21454, 76, 37)
(42909/2, 74, 36)
(21455, 73, 35)
(42911/2, 76, 37)
(21456, 69, 33)
(42913/2, 66, 31)
(21457, 64, 30)
(42915/2, 62, 29)
(21458, 62, 29)
(42917/2, 65, 31)
(21459, 69, 33)
(42919/2, 64, 30)
(21460, 69, 33)
(42921/2, 66, 31)
(21461, 64, 30)
(42923/2, 71, 34)
(21462, 66, 31)
(42925/2, 69, 33)
(21463, 64, 30)
(42927/2, 67, 32)
(21464, 57, 26)
(21464, 66, 31)
(21466, 57, 26)
(21466, 62, 29)
(21468, 57, 26)
(21468, 62, 29)
(21470, 57, 26)
(21470, 66, 31)
(21472, 57, 26)
(21472, 66, 31)
(21474, 57, 26)
(21474, 66, 31)
(21476, 66, 31)
(21476, 69, 33)
(21478, 66, 31)
(21478, 69, 33)
(21480, 66, 31)
(21480, 69, 33)
(21487, 62, 29)
(85949/4, 66, 31)
(42975/2, 69, 33)
(85951/4, 74, 36)
(21488, 78, 38)
(42979/2, 76, 37)
(21490, 74, 36)
(42983/2, 69, 33)
(21492, 71, 34)
(21494, 67, 32)
(21494, 69, 33)
(21496, 66, 31)
(21496, 69, 33)
(30000, 50, 22)
(30001, 38, 15)
(30004, 50, 22)
(30005, 38, 15)
(30008, 62, 29)
(30009, 50, 22)
(30012, 62, 29)
(30013, 62, 29)
(120055/4, 62, 29)
(30014, 62, 29)
(30015, 62, 29)
(30016, 61, 28)
(30017, 49, 21)
(30020, 54, 24)
(30021, 42, 17)
(30028, 54, 24)
(30029, 54, 24)
(120119/4, 54, 24)
(30030, 54, 24)
(30031, 54, 24)
(30032, 55, 25)
(30033, 43, 18)
(30036, 55, 25)
(30038, 55, 25)
(30040, 56, 25)
(30042, 56, 25)
(30044, 57, 26)
(30046, 45, 19)
(30048, 38, 15)
(60111/2, 66, 31)
(30056, 64, 30)
(60113/2, 67, 32)
(30057, 66, 31)
(60115/2, 62, 29)
(30058, 61, 28)
(60117/2, 64, 30)
(30059, 62, 29)
(60119/2, 59, 27)
(30060, 57, 26)
(30062, 45, 19)
(60129/2, 50, 22)
(30065, 49, 21)
(60131/2, 50, 22)
(30066, 52, 23)
(60133/2, 49, 21)
(30067, 50, 22)
(60135/2, 54, 24)
(30068, 55, 25)
(60137/2, 52, 23)
(30069, 54, 24)
(60139/2, 57, 26)
(30070, 59, 27)
(60141/2, 55, 25)
(30071, 57, 26)
(60143/2, 62, 29)
(30072, 61, 28)
(60145/2, 64, 30)
(30073, 62, 29)
(60147/2, 59, 27)
(30074, 57, 26)
(60149/2, 61, 28)
(30075, 59, 27)
(60151/2, 55, 25)
(30076, 54, 24)
(60153/2, 57, 26)
(30077, 55, 25)
(60155/2, 52, 23)
(30078, 50, 22)
(60157/2, 54, 24)
(30079, 52, 23)
(60159/2, 49, 21)
(30080, 50, 22)
(30081, 54, 24)
(30082, 47, 20)
(30084, 45, 19)
(30085, 50, 22)
(30086, 47, 20)
(30088, 45, 19)
(30089, 50, 22)
(30090, 47, 20)
(30092, 45, 19)
(30094, 43, 18)
(30096, 42, 17)
(30102, 59, 27)
(30104, 54, 24)
(30110, 47, 20)
(30112, 42, 17)
(30114, 49, 21)
(30118, 49, 21)
(30120, 54, 24)
(30140, 57, 26)
(30141, 55, 25)
(60283/2, 52, 23)
(30142, 49, 21)
(60285/2, 45, 19)
(30143, 43, 18)
(60287/2, 40, 16)
(30144, 38, 15)
(30145, 50, 22)
(30148, 50, 22)
(30149, 38, 15)
(30152, 62, 29)
(30153, 50, 22)
(30155, 45, 19)
(120621/4, 50, 22)
(60311/2, 54, 24)
(120623/4, 57, 26)
(30156, 62, 29)
(30157, 62, 29)
(120631/4, 62, 29)
(30158, 62, 29)
(30159, 62, 29)
(30160, 61, 28)
(30161, 49, 21)
(30164, 54, 24)
(30165, 42, 17)
(30167, 45, 19)
(120669/4, 49, 21)
(60335/2, 54, 24)
(120671/4, 57, 26)
(30168, 61, 28)
(60339/2, 59, 27)
(30170, 56, 25)
(60343/2, 49, 21)
(30172, 54, 24)
(30173, 42, 17)
(30175, 45, 19)
(120701/4, 49, 21)
(60351/2, 54, 24)
(120703/4, 57, 26)
(30176, 61, 28)
(60353/2, 59, 27)
(30177, 56, 25)
(60355/2, 53, 23)
(30178, 49, 21)
(60357/2, 47, 20)
(30179, 45, 19)
(60359/2, 44, 18)
(30180, 42, 17)
(30181, 54, 24)
(30191, 49, 21)
(120765/4, 52, 23)
(60383/2, 57, 26)
(120767/4, 61, 28)
(30192, 62, 29)
(60385/2, 61, 28)
(30193, 59, 27)
(60387/2, 57, 26)
(30194, 56, 25)
(60389/2, 59, 27)
(30195, 56, 25)
(60391/2, 50, 22)
(30196, 49, 21)
(30197, 50, 22)
(60395/2, 52, 23)
(30198, 54, 24)
(60397/2, 56, 25)
(30199, 57, 26)
(60399/2, 58, 26)
(30200, 59, 27)
(60401/2, 61, 28)
(30201, 62, 29)
(60403/2, 63, 29)
(30202, 64, 30)
(60405/2, 66, 31)
(30203, 68, 32)
(60407/2, 69, 33)
(30204, 68, 32)
(30205, 56, 25)
(30206, 57, 26)
(30207, 56, 25)
(30208, 54, 24)
(30210, 47, 20)
(30212, 52, 23)
(30213, 56, 25)
(30214, 57, 26)
(30215, 56, 25)
(30216, 54, 24)
(30218, 47, 20)
(30220, 52, 23)
(30231, 52, 23)
(30232, 57, 26)
(30233, 52, 23)
(30234, 49, 21)
(30235, 45, 19)
(30236, 42, 17)
(30238, 41, 17)
(30240, 40, 16)
(30249, 52, 23)
(30250, 57, 26)
(30251, 61, 28)
(30252, 54, 24)
(30254, 56, 25)
(30256, 53, 23)
(30258, 54, 24)
(30260, 51, 22)
(30262, 50, 22)
(30264, 49, 21)
(30267, 49, 21)
(30268, 54, 24)
(30270, 47, 20)
(30272, 52, 23)
(30273, 50, 22)
(30274, 49, 21)
(30275, 50, 22)
(30276, 52, 23)
(30278, 52, 23)
(30280, 57, 26)
(30283, 37, 14)
(30284, 42, 17)
(30286, 42, 17)
(30287, 37, 14)
(30288, 41, 16)
(30291, 37, 14)
(30292, 42, 17)
(30293, 42, 17)
(30294, 42, 17)
(30295, 37, 14)
(30296, 41, 16)
(30299, 37, 14)
(30300, 42, 17)
(30301, 42, 17)
(30302, 42, 17)
(30303, 42, 17)
(30304, 50, 22)
(30308, 52, 23)
(30312, 45, 19)
(30315, 49, 21)
(30316, 42, 17)
(30318, 42, 17)
(30319, 37, 14)
(30320, 41, 16)
(30323, 37, 14)
(30324, 42, 17)
(30325, 42, 17)
(30326, 42, 17)
(30327, 37, 14)
(30328, 41, 16)
(30331, 37, 14)
(30332, 42, 17)
(30333, 42, 17)
(30334, 42, 17)
(30335, 42, 17)
(30336, 50, 22)
(30339, 50, 22)
(30340, 50, 22)
(30342, 52, 23)
(30344, 54, 24)
(30346, 56, 25)
(30348, 57, 26)
(30350, 59, 27)
(30352, 61, 28)
(30356, 63, 29)
(30358, 63, 29)
(30360, 63, 29)
(30364, 66, 31)
(30366, 66, 31)
(30368, 66, 31)
(30372, 55, 25)
(30373, 43, 18)
(30376, 55, 25)
(30377, 43, 18)
(30380, 56, 25)
(30381, 44, 18)
(30387, 56, 25)
(30388, 57, 26)
(30389, 45, 19)
(30390, 59, 27)
(30391, 47, 20)
(30392, 61, 28)
(30393, 49, 21)
(30394, 63, 29)
(30395, 51, 22)
(30396, 64, 30)
(30397, 52, 23)
(30398, 62, 29)
(60799/2, 62, 29)
(30400, 61, 28)
(30402, 44, 18)
(60805/2, 56, 25)
(30403, 56, 25)
(60807/2, 56, 25)
(30404, 57, 26)
(60809/2, 52, 23)
(30405, 49, 21)
(60811/2, 45, 19)
(30406, 47, 20)
(60813/2, 59, 27)
(30407, 59, 27)
(60815/2, 59, 27)
(30408, 61, 28)
(60817/2, 57, 26)
(30409, 52, 23)
(60819/2, 49, 21)
(30410, 51, 22)
(60821/2, 63, 29)
(30411, 63, 29)
(60823/2, 63, 29)
(30412, 64, 30)
(30415, 52, 23)
(121661/4, 56, 25)
(60831/2, 59, 27)
(121663/4, 62, 29)
(30416, 61, 28)
(60835/2, 59, 27)
(30418, 57, 26)
(60839/2, 52, 23)
(30420, 52, 23)
(30423, 45, 19)
(121693/4, 49, 21)
(60847/2, 52, 23)
(121695/4, 57, 26)
(30424, 61, 28)
(60851/2, 59, 27)
(30426, 57, 26)
(60855/2, 61, 28)
(30428, 52, 23)
(30433, 52, 23)
(121733/4, 56, 25)
(60867/2, 59, 27)
(121735/4, 62, 29)
(30434, 64, 30)
(60869/2, 62, 29)
(30435, 59, 27)
(60871/2, 56, 25)
(30436, 52, 23)
(60873/2, 56, 25)
(30437, 59, 27)
(60875/2, 62, 29)
(30438, 56, 25)
(30441, 52, 23)
(121765/4, 56, 25)
(60883/2, 59, 27)
(121767/4, 62, 29)
(30442, 64, 30)
(60885/2, 62, 29)
(30443, 59, 27)
(60887/2, 56, 25)
(30444, 52, 23)
(30445, 47, 20)
(121781/4, 52, 23)
(60891/2, 56, 25)
(121783/4, 59, 27)
(30446, 64, 30)
(30447, 52, 23)
(60897/2, 50, 22)
(30449, 49, 21)
(60899/2, 47, 20)
(30450, 45, 19)
(60901/2, 47, 20)
(30451, 49, 21)
(60903/2, 50, 22)
(30452, 52, 23)
(60905/2, 44, 18)
(30453, 45, 19)
(60907/2, 47, 20)
(30454, 49, 21)
(60909/2, 47, 20)
(30455, 49, 21)
(60911/2, 50, 22)
(30456, 52, 23)
(60913/2, 57, 26)
(30457, 55, 25)
(60915/2, 54, 24)
(30458, 52, 23)
(60917/2, 51, 22)
(30459, 52, 23)
(60919/2, 54, 24)
(30460, 55, 25)
(60921/2, 47, 20)
(30461, 49, 21)
(60923/2, 50, 22)
(30462, 52, 23)
(60925/2, 44, 18)
(30463, 45, 19)
(60927/2, 47, 20)
(30464, 49, 21)
(60929/2, 52, 23)
(30465, 54, 24)
(60931/2, 55, 25)
(30466, 46, 20)
(60937/2, 52, 23)
(30469, 54, 24)
(60939/2, 55, 25)
(30470, 45, 19)
(30476, 38, 15)
(30477, 50, 22)
(30480, 39, 15)
(30482, 39, 15)
(30484, 39, 15)
(30486, 39, 15)
(30488, 39, 15)
(30492, 52, 23)
(30493, 52, 23)
(121975/4, 52, 23)
(30494, 52, 23)
(60991/2, 50, 22)
(121983/4, 52, 23)
(30496, 54, 24)
(30498, 54, 24)
(30500, 54, 24)
(30504, 42, 17)
(30508, 43, 18)
(30512, 42, 17)
(30516, 43, 18)
(30520, 42, 17)
(30544, 57, 26)
(30549, 58, 26)
(30550, 59, 27)
(30551, 54, 24)
(30552, 55, 25)
(30553, 52, 23)
(30554, 59, 27)
(30560, 42, 17)
(30567, 46, 19)
(30568, 47, 20)
(30569, 50, 22)
(30570, 43, 18)
(30572, 42, 17)
(30573, 47, 20)
(30574, 43, 18)
(30576, 42, 17)
(30577, 54, 24)
(30578, 52, 23)
(30580, 51, 22)
(30582, 50, 22)
(30584, 49, 21)
(30586, 59, 27)
(30587, 61, 28)
(30588, 57, 26)
(30589, 61, 28)
(30590, 53, 23)
(30591, 61, 28)
(30592, 54, 24)
(30593, 42, 17)
(30594, 47, 20)
(30596, 45, 19)
(30597, 42, 17)
(30598, 47, 20)
(30600, 45, 19)
(30601, 54, 24)
(30602, 55, 25)
(30604, 54, 24)
(30606, 52, 23)
(30608, 51, 22)
(30609, 47, 20)
(30610, 45, 19)
(30611, 47, 20)
(30612, 43, 18)
(30613, 47, 20)
(30614, 39, 15)
(30615, 47, 20)
(30616, 40, 16)
(30618, 36, 14)
(30620, 43, 18)
(30622, 48, 21)
(30624, 43, 18)
(30633, 55, 25)
(30634, 52, 23)
(30637, 53, 24)
(30638, 50, 22)
(30660, 62, 29)
(61321/2, 60, 28)
(122643/4, 59, 27)
(30661, 57, 26)
(122645/4, 55, 25)
(61323/2, 53, 24)
(122647/4, 52, 23)
(30662, 50, 22)
(122649/4, 48, 21)
(61325/2, 47, 20)
(122651/4, 45, 19)
(30663, 43, 18)
(122653/4, 41, 17)
(61327/2, 40, 16)
(122655/4, 38, 15)
(30664, 36, 14)
(30665, 48, 21)
(30668, 48, 21)
(30669, 36, 14)
(30671, 43, 18)
(122685/4, 48, 21)
(61343/2, 52, 23)
(122687/4, 55, 25)
(30672, 58, 27)
(30673, 58, 27)
(122695/4, 58, 27)
(30674, 58, 27)
(30675, 58, 27)
(30676, 58, 27)
(30677, 46, 20)
(30679, 46, 20)
(30680, 45, 19)
(30683, 45, 19)
(122733/4, 49, 21)
(61367/2, 52, 23)
(122735/4, 57, 26)
(30684, 61, 28)
(30696, 62, 29)
(30697, 50, 22)
(30700, 50, 22)
(30701, 38, 15)
(30703, 45, 19)
(122813/4, 50, 22)
(61407/2, 54, 24)
(122815/4, 57, 26)
(30704, 60, 28)
(30705, 60, 28)
(122823/4, 60, 28)
(30706, 60, 28)
(30707, 60, 28)
(30708, 60, 28)
(30709, 48, 21)
(30711, 48, 21)
(30712, 47, 20)
(30715, 47, 20)
(122861/4, 51, 22)
(61431/2, 54, 24)
(122863/4, 59, 27)
(30716, 63, 29)
(30731, 42, 17)
(30732, 47, 20)
(30735, 54, 24)
(30736, 59, 27)
(30739, 40, 16)
(30740, 45, 19)
(30743, 52, 23)
(30744, 57, 26)
(30747, 55, 25)
(30748, 54, 24)
(30749, 57, 26)
(30750, 62, 29)
(30753, 47, 20)
(123013/4, 50, 22)
(61507/2, 55, 25)
(123015/4, 59, 27)
(30754, 62, 29)
(30757, 45, 19)
(123029/4, 48, 21)
(61515/2, 50, 22)
(123031/4, 54, 24)
(30758, 57, 26)
(30761, 48, 21)
(123045/4, 50, 22)
(61523/2, 54, 24)
(123047/4, 57, 26)
(30762, 60, 28)
(30765, 47, 20)
(123061/4, 50, 22)
(61531/2, 52, 23)
(123063/4, 56, 25)
(30766, 59, 27)
(30771, 52, 23)
(123085/4, 56, 25)
(61543/2, 59, 27)
(123087/4, 62, 29)
(30772, 60, 28)
(61545/2, 59, 27)
(30773, 57, 26)
(61547/2, 55, 25)
(30774, 53, 24)
(61549/2, 52, 23)
(30775, 50, 22)
(61551/2, 48, 21)
(30776, 47, 20)
(61553/2, 48, 21)
(30777, 50, 22)
(61555/2, 52, 23)
(30778, 53, 24)
(61557/2, 50, 22)
(30779, 47, 20)
(61559/2, 62, 29)
(30780, 62, 29)
(61561/2, 60, 28)
(30781, 59, 27)
(61563/2, 57, 26)
(30782, 56, 25)
(61565/2, 53, 24)
(30783, 52, 23)
(61567/2, 50, 22)
(30784, 49, 21)
(61569/2, 50, 22)
(30785, 52, 23)
(61571/2, 54, 24)
(30786, 55, 25)
(61573/2, 52, 23)
(30787, 49, 21)
(61575/2, 64, 30)
(30788, 64, 30)
(61577/2, 62, 29)
(30789, 61, 28)
(61579/2, 59, 27)
(30790, 58, 26)
(61581/2, 55, 25)
(30791, 54, 24)
(61583/2, 52, 23)
(30792, 50, 22)
(61585/2, 55, 25)
(30793, 54, 24)
(61587/2, 52, 23)
(30794, 50, 22)
(61589/2, 52, 23)
(30795, 50, 22)
(61591/2, 49, 21)
(30796, 47, 20)
(61593/2, 52, 23)
(30797, 50, 22)
(61595/2, 49, 21)
(30798, 47, 20)
(61597/2, 46, 19)
(30799, 47, 20)
(61599/2, 43, 18)
(30800, 42, 17)
(30807, 47, 20)
(123229/4, 50, 22)
(61615/2, 54, 24)
(123231/4, 59, 27)
(30808, 62, 29)
(61619/2, 61, 28)
(30810, 59, 27)
(61623/2, 54, 24)
(30812, 50, 22)
(61627/2, 47, 20)
(30814, 45, 19)
(61631/2, 43, 18)
(30816, 42, 17)
(30822, 40, 16)
(30824, 39, 15)
(30832, 38, 15)
(30840, 37, 14)
(30848, 60, 28)
(61699/2, 57, 26)
(30850, 54, 24)
(61703/2, 51, 22)
(30852, 48, 21)
(61707/2, 45, 19)
(30854, 42, 17)
(61711/2, 39, 15)
(30856, 37, 14)
(30864, 36, 13)
(30880, 57, 26)
(61763/2, 54, 24)
(30882, 51, 22)
(61767/2, 48, 20)
(30884, 45, 19)
(61771/2, 42, 17)
(30886, 39, 15)
(61775/2, 36, 13)
(30888, 37, 14)
(30896, 52, 23)
(61795/2, 50, 22)
(30898, 49, 21)
(61799/2, 47, 20)
(30900, 45, 19)
(61803/2, 45, 19)
(30902, 40, 16)
(61807/2, 38, 15)
(30904, 37, 14)
(30911, 37, 14)
(123645/4, 40, 16)
(61823/2, 45, 19)
(123647/4, 49, 21)
(30912, 52, 23)
(61827/2, 50, 22)
(30914, 49, 21)
(61831/2, 47, 20)
(30916, 45, 19)
(61833/2, 50, 22)
(30917, 49, 21)
(61835/2, 47, 20)
(30918, 45, 19)
(61837/2, 43, 18)
(30919, 42, 17)
(61839/2, 40, 16)
(30920, 38, 15)
(30921, 50, 22)
(30924, 50, 22)
(30925, 62, 29)
(30928, 62, 29)
(30929, 62, 29)
(123719/4, 62, 29)
(30930, 62, 29)
(61863/2, 61, 28)
(123727/4, 62, 29)
(30932, 61, 28)
(30933, 49, 21)
(30936, 54, 24)
(30937, 42, 17)
(30940, 66, 31)
(30941, 54, 24)
(30944, 54, 24)
(30945, 54, 24)
(123783/4, 54, 24)
(30946, 54, 24)
(30947, 54, 24)
(30948, 55, 25)
(30949, 43, 18)
(30951, 38, 15)
(123805/4, 43, 18)
(61903/2, 47, 20)
(123807/4, 50, 22)
(30952, 55, 25)
(61907/2, 55, 25)
(30954, 55, 25)
(61911/2, 55, 25)
(30956, 56, 25)
(61915/2, 56, 25)
(30958, 56, 25)
(61919/2, 56, 25)
(30960, 57, 26)
(30962, 45, 19)
(30964, 38, 15)
(30972, 57, 26)
(30977, 58, 26)
(30978, 59, 27)
(30979, 55, 25)
(30980, 54, 24)
(30981, 50, 22)
(30982, 57, 26)
(61975/2, 66, 31)
(30988, 64, 30)
(61977/2, 67, 32)
(30989, 66, 31)
(61979/2, 62, 29)
(30990, 61, 28)
(61981/2, 64, 30)
(30991, 62, 29)
(61983/2, 59, 27)
(30992, 57, 26)
(30994, 45, 19)
(30996, 50, 22)
(30997, 54, 24)
(30998, 47, 20)
(31000, 45, 19)
(31001, 50, 22)
(31002, 47, 20)
(31004, 45, 19)
(31005, 50, 22)
(31006, 43, 18)
(31008, 43, 18)
(31010, 41, 17)
(31012, 40, 16)
(31014, 56, 25)
(31016, 57, 26)
(31017, 61, 28)
(31018, 59, 27)
(31019, 62, 29)
(31020, 61, 28)
(31022, 49, 21)
(31024, 50, 22)
(31025, 54, 24)
(31026, 52, 23)
(31027, 55, 25)
(31028, 54, 24)
(31029, 57, 26)
(31030, 54, 24)
(31031, 50, 22)
(31032, 47, 20)
(31034, 46, 20)
(31036, 45, 19)
(31039, 60, 28)
(31040, 59, 27)
(31042, 58, 27)
(31044, 57, 26)
(31045, 45, 19)
(31046, 50, 22)
(31047, 54, 24)
(31048, 52, 23)
(31050, 49, 21)
(31052, 46, 19)
(31054, 47, 20)
(31056, 44, 18)
(31058, 43, 18)
(31060, 42, 17)
(62121/2, 50, 22)
(31061, 49, 21)
(62123/2, 50, 22)
(31062, 52, 23)
(62125/2, 49, 21)
(31063, 50, 22)
(62127/2, 54, 24)
(31064, 59, 27)
(31066, 52, 23)
(31068, 57, 26)
(31079, 42, 17)
(31080, 47, 20)
(31082, 47, 20)
(31083, 42, 17)
(31084, 46, 19)
(31087, 42, 17)
(31088, 47, 20)
(31089, 47, 20)
(31090, 47, 20)
(31091, 42, 17)
(31092, 46, 19)
(31095, 42, 17)
(31096, 47, 20)
(31097, 47, 20)
(31098, 47, 20)
(31099, 47, 20)
(31100, 43, 18)
(31104, 45, 19)
(31108, 50, 22)
(62217/2, 54, 24)
(31109, 53, 23)
(62219/2, 54, 24)
(31110, 53, 23)
(62221/2, 54, 24)
(31111, 53, 23)
(62223/2, 54, 24)
(31112, 47, 20)
(31114, 47, 20)
(31115, 42, 17)
(31116, 46, 19)
(31119, 42, 17)
(31120, 47, 20)
(31121, 47, 20)
(31122, 47, 20)
(31123, 42, 17)
(31124, 46, 19)
(31127, 42, 17)
(31128, 47, 20)
(31129, 47, 20)
(31130, 59, 27)
(31131, 57, 26)
(31132, 55, 25)
(31138, 57, 26)
(31140, 59, 27)
(31142, 61, 28)
(31144, 62, 29)
(31146, 64, 30)
(31148, 66, 31)
(31152, 68, 32)
(31160, 59, 27)
(31162, 59, 27)
(31164, 59, 27)
(31168, 60, 28)
(31169, 48, 21)
(31172, 60, 28)
(31173, 48, 21)
(31176, 61, 28)
(31177, 49, 21)
(31182, 49, 21)
(31183, 37, 14)
(31184, 50, 22)
(31185, 38, 15)
(31186, 52, 23)
(31187, 40, 16)
(31188, 54, 24)
(31189, 42, 17)
(31190, 56, 25)
(31191, 44, 18)
(31192, 57, 26)
(31194, 45, 19)
(62391/2, 57, 26)
(31196, 54, 24)
(62395/2, 50, 22)
(31198, 49, 21)
(31199, 49, 21)
(62399/2, 49, 21)
(31200, 50, 22)
(62401/2, 45, 19)
(31201, 42, 17)
(62403/2, 38, 15)
(31202, 40, 16)
(62405/2, 52, 23)
(31203, 52, 23)
(62407/2, 52, 23)
(31204, 54, 24)
(62409/2, 50, 22)
(31205, 45, 19)
(62411/2, 42, 17)
(31206, 44, 18)
(62413/2, 56, 25)
(31207, 56, 25)
(62415/2, 56, 25)
(31208, 57, 26)
(62419/2, 45, 19)
(31210, 55, 25)
(31211, 45, 19)
(124845/4, 49, 21)
(62423/2, 52, 23)
(124847/4, 55, 25)
(31212, 54, 24)
(62427/2, 52, 23)
(31214, 50, 22)
(62431/2, 45, 19)
(31216, 57, 26)
(31219, 57, 26)
(124877/4, 61, 28)
(62439/2, 64, 30)
(124879/4, 67, 32)
(31220, 66, 31)
(62443/2, 64, 30)
(31222, 62, 29)
(62447/2, 50, 22)
(31224, 57, 26)
(31229, 45, 19)
(124917/4, 49, 21)
(62459/2, 52, 23)
(124919/4, 55, 25)
(31230, 57, 26)
(62461/2, 55, 25)
(31231, 52, 23)
(62463/2, 49, 21)
(31232, 45, 19)
(62465/2, 49, 21)
(31233, 52, 23)
(62467/2, 55, 25)
(31234, 57, 26)
(31237, 45, 19)
(124949/4, 49, 21)
(62475/2, 52, 23)
(124951/4, 55, 25)
(31238, 57, 26)
(62477/2, 55, 25)
(31239, 52, 23)
(62479/2, 49, 21)
(31240, 45, 19)
(62481/2, 50, 22)
(31241, 54, 24)
(62483/2, 57, 26)
(31242, 62, 29)
(31245, 50, 22)
(124981/4, 54, 24)
(62491/2, 57, 26)
(124983/4, 60, 28)
(31246, 62, 29)
(62493/2, 60, 28)
(31247, 57, 26)
(62495/2, 54, 24)
(31248, 50, 22)
(62497/2, 54, 24)
(31249, 57, 26)
(62499/2, 60, 28)
(31250, 54, 24)
(31253, 50, 22)
(125013/4, 54, 24)
(62507/2, 57, 26)
(125015/4, 60, 28)
(31254, 62, 29)
(62509/2, 60, 28)
(31255, 57, 26)
(62511/2, 54, 24)
(31256, 50, 22)
(31257, 45, 19)
(125029/4, 50, 22)
(62515/2, 54, 24)
(125031/4, 57, 26)
(31258, 62, 29)
(31259, 50, 22)
(62521/2, 52, 23)
(31261, 50, 22)
(62523/2, 48, 21)
(31262, 47, 20)
(62525/2, 48, 21)
(31263, 47, 20)
(62527/2, 45, 19)
(31264, 43, 18)
(62529/2, 42, 17)
(31265, 43, 18)
(62531/2, 45, 19)
(31266, 47, 20)
(31267, 59, 27)
(62537/2, 60, 28)
(31269, 59, 27)
(62539/2, 57, 26)
(31270, 55, 25)
(62541/2, 57, 26)
(31271, 55, 25)
(62543/2, 54, 24)
(31272, 52, 23)
(62545/2, 54, 24)
(31273, 52, 23)
(62547/2, 50, 22)
(31274, 49, 21)
(62549/2, 50, 22)
(31275, 52, 23)
(62551/2, 44, 18)
(31276, 45, 19)
(31277, 57, 26)
(62557/2, 58, 27)
(31279, 57, 26)
(62559/2, 55, 25)
(31280, 53, 24)
(62561/2, 52, 23)
(31281, 53, 24)
(62563/2, 55, 25)
(31282, 57, 26)
(62565/2, 55, 25)
(31283, 53, 24)
(62567/2, 52, 23)
(31284, 50, 22)
(62569/2, 49, 21)
(31285, 50, 22)
(62571/2, 52, 23)
(31286, 53, 24)
(62573/2, 45, 19)
(31287, 57, 26)
(62575/2, 55, 25)
(31288, 53, 24)
(62577/2, 52, 23)
(31289, 50, 22)
(62579/2, 49, 21)
(31290, 50, 22)
(62581/2, 45, 19)
(31291, 46, 20)
(62583/2, 45, 19)
(31292, 46, 20)
(62585/2, 45, 19)
(31293, 43, 18)
(62587/2, 42, 17)
(31294, 43, 18)
(62589/2, 38, 15)
(31295, 39, 16)
(62591/2, 38, 15)
(31296, 39, 16)
(62593/2, 41, 17)
(31297, 43, 18)
(62595/2, 44, 19)
(31298, 43, 18)
(62597/2, 41, 17)
(31299, 39, 16)
(62599/2, 48, 21)
(31300, 46, 20)
(62601/2, 44, 19)
(31301, 43, 18)
(62603/2, 51, 23)
(31302, 51, 23)
(62605/2, 46, 20)
(31303, 55, 25)
(62609/2, 53, 24)
(31305, 51, 23)
(62611/2, 50, 22)
(31306, 49, 21)
(31307, 55, 25)
(62617/2, 53, 24)
(31309, 51, 23)
(62619/2, 50, 22)
(31310, 49, 21)
(31311, 58, 27)
(62625/2, 52, 23)
(31313, 53, 24)
(62627/2, 55, 25)
(31314, 49, 21)
(62633/2, 40, 16)
(31317, 42, 17)
(62635/2, 43, 18)
(31318, 37, 14)
(31320, 43, 18)
(31324, 42, 17)
(31325, 54, 24)
(31327, 57, 26)
(125309/4, 54, 24)
(62655/2, 50, 22)
(125311/4, 45, 19)
(31328, 42, 17)
(31329, 42, 17)
(31330, 43, 18)
(31331, 44, 18)
(31332, 45, 19)
(31333, 57, 26)
(31335, 62, 29)
(125341/4, 57, 26)
(62671/2, 54, 24)
(125343/4, 50, 22)
(31336, 45, 19)
(31337, 46, 19)
(31338, 47, 20)
(31339, 50, 22)
(31340, 49, 21)
(62683/2, 69, 33)
(31342, 67, 32)
(62687/2, 66, 31)
(31344, 64, 30)
(62691/2, 62, 29)
(31346, 61, 28)
(62695/2, 59, 27)
(31348, 57, 26)
(31350, 55, 25)
(31352, 54, 24)
(62723/2, 42, 17)
(31362, 47, 20)
(62727/2, 40, 16)
(31364, 45, 19)
(31368, 38, 15)
(31369, 50, 22)
(31370, 45, 19)
(31371, 43, 18)
(31372, 42, 17)
(31373, 54, 24)
(31375, 57, 26)
(125501/4, 54, 24)
(62751/2, 50, 22)
(125503/4, 45, 19)
(31376, 42, 17)
(31377, 42, 17)
(31378, 43, 18)
(31379, 44, 18)
(31380, 45, 19)
(31381, 57, 26)
(31383, 62, 29)
(125533/4, 57, 26)
(62767/2, 54, 24)
(125535/4, 50, 22)
(31384, 45, 19)
(31385, 46, 19)
(31386, 47, 20)
(31387, 50, 22)
(31388, 49, 21)
(62779/2, 69, 33)
(31390, 67, 32)
(62783/2, 66, 31)
(31392, 64, 30)
(62787/2, 62, 29)
(31394, 61, 28)
(62791/2, 59, 27)
(31396, 57, 26)
(31398, 55, 25)
(31400, 54, 24)
(62819/2, 38, 15)
(31410, 43, 18)
(62823/2, 40, 16)
(31412, 45, 19)
(31417, 50, 22)
(31418, 47, 20)
(31420, 45, 19)
(31421, 50, 22)
(31422, 43, 18)
(31424, 45, 19)
(31425, 50, 22)
(31426, 47, 20)
(31428, 45, 19)
(31429, 50, 22)
(31430, 43, 18)
(31432, 45, 19)
(31433, 57, 26)
(31434, 45, 19)
(31437, 46, 19)
(31438, 47, 20)
(31439, 49, 21)
(31440, 50, 22)
(31441, 57, 26)
(31442, 45, 19)
(31445, 46, 19)
(31446, 47, 20)
(31447, 49, 21)
(31448, 50, 22)
(31450, 56, 25)
(31452, 57, 26)
(31453, 57, 26)
(31455, 57, 26)
(31457, 45, 19)
(31458, 47, 20)
(31459, 49, 21)
(31460, 50, 22)
(31461, 55, 25)
(31462, 57, 26)
(31463, 45, 19)
(31464, 50, 22)
(31465, 38, 15)
(125861/4, 42, 17)
(62931/2, 45, 19)
(125863/4, 50, 22)
(31466, 54, 24)
(31469, 42, 17)
(125877/4, 45, 19)
(62939/2, 50, 22)
(125879/4, 54, 24)
(31470, 57, 26)
(31473, 45, 19)
(125893/4, 50, 22)
(62947/2, 54, 24)
(125895/4, 57, 26)
(31474, 62, 29)
(62953/2, 66, 31)
(31477, 62, 29)
(62955/2, 59, 27)
(31478, 54, 24)
(62957/2, 50, 22)
(31479, 45, 19)
(62959/2, 42, 17)
(31480, 38, 15)
(31487, 50, 22)
(125949/4, 54, 24)
(62975/2, 57, 26)
(125951/4, 62, 29)
(31488, 66, 31)
(62979/2, 64, 30)
(31490, 62, 29)
(62983/2, 57, 26)
(31492, 56, 25)
(31494, 45, 19)
(31496, 38, 15)
