(0, 78, 38)
(3/2, 76, 37)
(2, 76, 37)
(5/2, 76, 37)
(3, 76, 37)
(7/2, 74, 36)
(4, 74, 36)
(11/2, 73, 35)
(23/4, 74, 36)
(6, 76, 37)
(25/4, 74, 36)
(13/2, 73, 35)
(27/4, 71, 34)
(7, 70, 33)
(8, 78, 38)
(19/2, 76, 37)
(10, 76, 37)
(21/2, 76, 37)
(11, 76, 37)
(23/2, 74, 36)
(12, 74, 36)
(53/4, 73, 35)
(27/2, 76, 37)
(55/4, 73, 35)
(14, 71, 34)
(57/4, 74, 36)
(29/2, 73, 35)
(59/4, 66, 31)
(15, 71, 34)
(16, 66, 31)
(35/2, 66, 31)
(18, 68, 32)
(37/2, 68, 32)
(19, 71, 34)
(39/2, 70, 33)
(20, 66, 31)
(43/2, 66, 31)
(22, 68, 32)
(45/2, 68, 32)
(23, 70, 33)
(24, 78, 38)
(51/2, 76, 37)
(26, 76, 37)
(53/2, 76, 37)
(27, 76, 37)
(55/2, 74, 36)
(28, 74, 36)
(117/4, 73, 35)
(59/2, 76, 37)
(119/4, 73, 35)
(30, 71, 34)
(121/4, 74, 36)
(61/2, 73, 35)
(123/4, 66, 31)
(31, 71, 34)
(32, 66, 31)
(67/2, 66, 31)
(34, 68, 32)
(69/2, 68, 32)
(35, 71, 34)
(71/2, 70, 33)
(36, 66, 31)
(75/2, 66, 31)
(38, 68, 32)
(77/2, 68, 32)
(39, 70, 33)
(40, 78, 38)
(83/2, 76, 37)
(42, 76, 37)
(85/2, 76, 37)
(43, 76, 37)
(87/2, 74, 36)
(44, 74, 36)
(181/4, 73, 35)
(91/2, 76, 37)
(183/4, 73, 35)
(46, 71, 34)
(185/4, 74, 36)
(93/2, 73, 35)
(187/4, 66, 31)
(47, 71, 34)
(191/4, 74, 36)
(48, 73, 35)
(193/4, 70, 33)
(97/2, 66, 31)
(195/4, 73, 35)
(49, 74, 36)
(199/4, 74, 36)
(50, 76, 37)
(201/4, 73, 35)
(101/2, 69, 33)
(203/4, 76, 37)
(51, 78, 38)
(207/4, 78, 38)
(52, 79, 39)
(209/4, 78, 38)
(105/2, 79, 39)
(211/4, 78, 38)
(53, 79, 39)
(213/4, 78, 38)
(107/2, 79, 39)
(215/4, 78, 38)
(54, 76, 37)
(217/4, 73, 35)
(109/2, 71, 34)
(219/4, 70, 33)
(55, 71, 34)
(223/4, 74, 36)
(56, 73, 35)
(225/4, 70, 33)
(113/2, 66, 31)
(227/4, 73, 35)
(57, 74, 36)
(231/4, 74, 36)
(58, 76, 37)
(233/4, 73, 35)
(117/2, 69, 33)
(235/4, 76, 37)
(59, 78, 38)
(239/4, 78, 38)
(60, 79, 39)
(241/4, 78, 38)
(121/2, 79, 39)
(243/4, 78, 38)
(61, 79, 39)
(245/4, 78, 38)
(123/2, 79, 39)
(247/4, 78, 38)
(62, 76, 37)
(249/4, 73, 35)
(125/2, 74, 36)
(251/4, 71, 34)
(63, 69, 33)
(255/4, 69, 33)
(64, 79, 39)
(257/4, 78, 38)
(129/2, 79, 39)
(259/4, 78, 38)
(65, 79, 39)
(261/4, 78, 38)
(131/2, 79, 39)
(263/4, 78, 38)
(66, 76, 37)
(265/4, 73, 35)
(133/2, 74, 36)
(267/4, 71, 34)
(67, 69, 33)
(271/4, 73, 35)
(68, 76, 37)
(273/4, 73, 35)
(137/2, 74, 36)
(275/4, 71, 34)
(69, 69, 33)
(279/4, 73, 35)
(70, 76, 37)
(281/4, 73, 35)
(141/2, 74, 36)
(283/4, 71, 34)
(71, 69, 33)
(287/4, 69, 33)
(72, 74, 36)
(291/4, 73, 35)
(73, 71, 34)
(147/2, 69, 33)
(74, 68, 32)
(149/2, 69, 33)
(75, 68, 32)
(151/2, 69, 33)
(76, 74, 36)
(307/4, 73, 35)
(77, 73, 35)
(309/4, 71, 34)
(155/2, 71, 34)
(311/4, 69, 33)
(78, 68, 32)
(157/2, 69, 33)
(79, 68, 32)
(159/2, 69, 33)
(80, 74, 36)
(323/4, 73, 35)
(81, 71, 34)
(163/2, 69, 33)
(82, 79, 39)
(331/4, 78, 38)
(83, 76, 37)
(167/2, 75, 36)
(84, 76, 37)
(169/2, 75, 36)
(85, 76, 37)
(171/2, 75, 36)
(86, 76, 37)
(349/4, 74, 36)
(175/2, 73, 35)
(351/4, 71, 34)
(88, 69, 33)
(353/4, 74, 36)
(177/2, 66, 31)
(355/4, 71, 34)
(89, 69, 33)
(357/4, 67, 32)
(179/2, 64, 30)
(359/4, 66, 31)
(90, 62, 29)
(361/4, 74, 36)
(181/2, 71, 34)
(363/4, 69, 33)
(91, 68, 32)
(183/2, 69, 33)
(369/4, 74, 36)
(185/2, 71, 34)
(371/4, 69, 33)
(93, 68, 32)
(187/2, 69, 33)
(377/4, 74, 36)
(189/2, 71, 34)
(379/4, 69, 33)
(95, 68, 32)
(191/2, 69, 33)
(96, 66, 31)
(193/2, 67, 32)
(97, 64, 30)
(195/2, 66, 31)
(98, 62, 29)
(393/4, 86, 43)
(197/2, 83, 41)
(395/4, 81, 40)
(99, 80, 39)
(199/2, 81, 40)
(401/4, 86, 43)
(201/2, 83, 41)
(403/4, 81, 40)
(101, 80, 39)
(203/2, 81, 40)
(409/4, 85, 42)
(205/2, 81, 40)
(411/4, 79, 39)
(103, 78, 38)
(207/2, 79, 39)
(104, 77, 37)
(209/2, 78, 38)
(105, 75, 36)
(211/2, 76, 37)
(425/4, 83, 41)
(213/2, 79, 39)
(427/4, 78, 38)
(107, 75, 36)
(215/2, 76, 37)
(433/4, 83, 41)
(217/2, 79, 39)
(435/4, 78, 38)
(109, 78, 38)
(219/2, 77, 37)
(441/4, 66, 31)
(221/2, 70, 33)
(443/4, 71, 34)
(111, 73, 35)
(445/4, 71, 34)
(223/2, 70, 33)
(447/4, 79, 39)
(112, 78, 38)
(449/4, 82, 40)
(225/2, 83, 41)
(451/4, 78, 38)
(113, 77, 37)
(453/4, 80, 39)
(227/2, 83, 41)
(455/4, 86, 43)
(114, 85, 42)
(457/4, 83, 41)
(229/2, 82, 40)
(459/4, 83, 41)
(115, 85, 42)
(461/4, 83, 41)
(231/2, 82, 40)
(463/4, 91, 46)
(116, 90, 45)
(465/4, 89, 44)
(233/2, 90, 45)
(467/4, 82, 40)
(117, 83, 41)
(469/4, 82, 40)
(235/2, 83, 41)
(471/4, 77, 37)
(118, 78, 38)
(473/4, 76, 37)
(237/2, 75, 36)
(475/4, 81, 40)
(119, 80, 39)
(477/4, 74, 36)
(239/2, 73, 35)
(479/4, 79, 39)
(120, 73, 35)
(481/4, 79, 39)
(241/2, 78, 38)
(483/4, 77, 37)
(121, 78, 38)
(485/4, 66, 31)
(243/2, 67, 32)
(487/4, 76, 37)
(122, 70, 33)
(489/4, 76, 37)
(245/2, 74, 36)
(491/4, 73, 35)
(123, 74, 36)
(247/2, 74, 36)
(124, 74, 36)
(497/4, 68, 32)
(249/2, 71, 34)
(499/4, 74, 36)
(125, 77, 37)
(501/4, 80, 39)
(251/2, 83, 41)
(503/4, 86, 43)
(505/4, 68, 32)
(253/2, 71, 34)
(507/4, 74, 36)
(127, 77, 37)
(509/4, 80, 39)
(255/2, 83, 41)
(511/4, 86, 43)
(513/4, 67, 32)
(257/2, 70, 33)
(515/4, 73, 35)
(129, 76, 37)
(517/4, 79, 39)
(259/2, 82, 40)
(519/4, 85, 42)
(521/4, 67, 32)
(261/2, 70, 33)
(523/4, 73, 35)
(131, 76, 37)
(525/4, 79, 39)
(263/2, 82, 40)
(527/4, 85, 42)
(529/4, 66, 31)
(265/2, 68, 32)
(531/4, 69, 33)
(133, 70, 33)
(533/4, 71, 34)
(267/2, 72, 34)
(535/4, 73, 35)
(134, 74, 36)
(537/4, 75, 36)
(269/2, 76, 37)
(539/4, 77, 37)
(135, 78, 38)
(279/2, 76, 37)
(140, 76, 37)
(281/2, 76, 37)
(141, 76, 37)
(283/2, 74, 36)
(142, 74, 36)
(287/2, 73, 35)
(575/4, 74, 36)
(144, 76, 37)
(577/4, 74, 36)
(289/2, 73, 35)
(579/4, 71, 34)
(145, 70, 33)
(146, 78, 38)
(295/2, 76, 37)
(148, 76, 37)
(297/2, 76, 37)
(149, 76, 37)
(299/2, 74, 36)
(150, 74, 36)
(605/4, 73, 35)
(303/2, 76, 37)
(607/4, 73, 35)
(152, 71, 34)
(609/4, 74, 36)
(305/2, 73, 35)
(611/4, 66, 31)
(153, 71, 34)
(154, 66, 31)
(311/2, 66, 31)
(156, 68, 32)
(313/2, 68, 32)
(157, 71, 34)
(315/2, 70, 33)
(158, 71, 34)
(319/2, 71, 34)
(160, 73, 35)
(321/2, 73, 35)
(161, 75, 36)
(647/4, 79, 39)
(162, 78, 38)
(649/4, 75, 36)
(325/2, 71, 34)
(651/4, 78, 38)
(163, 79, 39)
(655/4, 79, 39)
(164, 78, 38)
(657/4, 75, 36)
(329/2, 71, 34)
(659/4, 78, 38)
(165, 79, 39)
(663/4, 78, 38)
(166, 76, 37)
(665/4, 73, 35)
(333/2, 69, 33)
(667/4, 76, 37)
(167, 78, 38)
(669/4, 74, 36)
(335/2, 69, 33)
(671/4, 76, 37)
(168, 74, 36)
(673/4, 71, 34)
(337/2, 66, 31)
(675/4, 73, 35)
(169, 71, 34)
(677/4, 68, 32)
(339/2, 64, 30)
(679/4, 69, 33)
(170, 68, 32)
(683/4, 69, 33)
(171, 68, 32)
(687/4, 69, 33)
(172, 68, 32)
(689/4, 71, 34)
(345/2, 74, 36)
(691/4, 69, 33)
(173, 68, 32)
(695/4, 66, 31)
(174, 64, 30)
(699/4, 66, 31)
(175, 64, 30)
(703/4, 66, 31)
(176, 65, 30)
(705/4, 68, 32)
(353/2, 71, 34)
(707/4, 66, 31)
(177, 65, 30)
(711/4, 71, 34)
(178, 70, 33)
(715/4, 71, 34)
(179, 70, 33)
(719/4, 71, 34)
(180, 70, 33)
(721/4, 73, 35)
(361/2, 76, 37)
(723/4, 71, 34)
(181, 70, 33)
(727/4, 74, 36)
(182, 73, 35)
(729/4, 76, 37)
(365/2, 79, 39)
(731/4, 74, 36)
(183, 73, 35)
(735/4, 83, 41)
(184, 82, 40)
(737/4, 85, 42)
(369/2, 88, 44)
(739/4, 86, 43)
(185, 85, 42)
(741/4, 88, 44)
(371/2, 91, 46)
(743/4, 83, 41)
(186, 82, 40)
(375/2, 70, 33)
(188, 71, 34)
(755/4, 69, 33)
(189, 67, 32)
(379/2, 66, 31)
(190, 65, 30)
(381/2, 66, 31)
(765/4, 65, 30)
(767/4, 66, 31)
(192, 71, 34)
(771/4, 69, 33)
(193, 69, 33)
(773/4, 67, 32)
(387/2, 67, 32)
(775/4, 66, 31)
(194, 65, 30)
(389/2, 66, 31)
(195, 65, 30)
(391/2, 66, 31)
(196, 71, 34)
(787/4, 69, 33)
(197, 67, 32)
(395/2, 66, 31)
(198, 79, 39)
(795/4, 78, 38)
(199, 76, 37)
(399/2, 75, 36)
(200, 76, 37)
(401/2, 75, 36)
(201, 76, 37)
(403/2, 75, 36)
(202, 76, 37)
(813/4, 74, 36)
(407/2, 73, 35)
(815/4, 71, 34)
(204, 78, 38)
(817/4, 74, 36)
(409/2, 73, 35)
(819/4, 71, 34)
(205, 70, 33)
(821/4, 73, 35)
(411/2, 78, 38)
(823/4, 82, 40)
(206, 83, 41)
(825/4, 81, 40)
(413/2, 79, 39)
(827/4, 78, 38)
(207, 77, 37)
(415/2, 78, 38)
(833/4, 81, 40)
(417/2, 79, 39)
(835/4, 78, 38)
(209, 77, 37)
(419/2, 78, 38)
(841/4, 81, 40)
(421/2, 79, 39)
(843/4, 78, 38)
(211, 77, 37)
(423/2, 78, 38)
(212, 75, 36)
(425/2, 76, 37)
(213, 73, 35)
(427/2, 74, 36)
(214, 71, 34)
(857/4, 83, 41)
(429/2, 79, 39)
(859/4, 78, 38)
(215, 77, 37)
(431/2, 78, 38)
(865/4, 83, 41)
(433/2, 79, 39)
(867/4, 78, 38)
(217, 77, 37)
(435/2, 78, 38)
(873/4, 83, 41)
(437/2, 79, 39)
(875/4, 78, 38)
(219, 76, 37)
(877/4, 79, 39)
(439/2, 78, 38)
(879/4, 76, 37)
(220, 74, 36)
(881/4, 76, 37)
(441/2, 78, 38)
(883/4, 79, 39)
(221, 78, 38)
(885/4, 76, 37)
(443/2, 74, 36)
(887/4, 73, 35)
(222, 78, 38)
(223, 77, 37)
(447/2, 76, 37)
(224, 75, 36)
(449/2, 74, 36)
(225, 73, 35)
(903/4, 76, 37)
(1807/8, 75, 36)
(226, 71, 34)
(229, 70, 33)
(230, 71, 34)
(921/4, 73, 35)
(461/2, 74, 36)
(923/4, 76, 37)
(231, 78, 38)
(925/4, 76, 37)
(463/2, 75, 36)
(927/4, 84, 42)
(232, 83, 41)
(929/4, 87, 43)
(465/2, 88, 44)
(931/4, 83, 41)
(233, 82, 40)
(933/4, 85, 42)
(467/2, 88, 44)
(935/4, 91, 46)
(234, 90, 45)
(937/4, 86, 43)
(469/2, 85, 42)
(939/4, 83, 41)
(235, 82, 40)
(941/4, 83, 41)
(471/2, 85, 42)
(943/4, 82, 40)
(236, 78, 38)
(945/4, 82, 40)
(473/2, 83, 41)
(947/4, 78, 38)
(237, 76, 37)
(949/4, 79, 39)
(475/2, 78, 38)
(951/4, 76, 37)
(238, 75, 36)
(953/4, 71, 34)
(477/2, 76, 37)
(955/4, 78, 38)
(239, 79, 39)
(957/4, 71, 34)
(479/2, 76, 37)
(959/4, 78, 38)
(240, 79, 39)
(961/4, 73, 35)
(481/2, 74, 36)
(963/4, 73, 35)
(241, 74, 36)
(483/2, 74, 36)
(242, 74, 36)
(969/4, 65, 30)
(485/2, 68, 32)
(971/4, 71, 34)
(243, 74, 36)
(973/4, 77, 37)
(487/2, 80, 39)
(975/4, 83, 41)
(244, 86, 43)
(245, 65, 30)
(985/4, 66, 31)
(493/2, 68, 32)
(987/4, 70, 33)
(247, 71, 34)
(989/4, 74, 36)
(495/2, 78, 38)
(991/4, 73, 35)
(248, 74, 36)
(993/4, 78, 38)
(497/2, 83, 41)
(995/4, 79, 39)
(249, 78, 38)
(997/4, 83, 41)
(499/2, 86, 43)
(999/4, 85, 42)
(250, 83, 41)
(1001/4, 86, 43)
(501/2, 90, 45)
(1005/4, 89, 44)
(503/2, 91, 46)
(1007/4, 90, 45)
(252, 88, 44)
(1009/4, 87, 43)
(505/2, 90, 45)
(1011/4, 88, 44)
(253, 86, 43)
(1013/4, 85, 42)
(507/2, 88, 44)
(1015/4, 86, 43)
(254, 85, 42)
(1017/4, 83, 41)
(509/2, 86, 43)
(1019/4, 82, 40)
(255, 85, 42)
(1021/4, 83, 41)
(511/2, 81, 40)
(1023/4, 79, 39)
(256, 78, 38)
(1025/4, 77, 37)
(513/2, 83, 41)
(1027/4, 77, 37)
(257, 78, 38)
(1029/4, 74, 36)
(515/2, 73, 35)
(1031/4, 71, 34)
(258, 73, 35)
(274, 73, 35)
(276, 71, 34)
(276, 73, 35)
(1105/4, 74, 36)
(553/2, 76, 37)
(1107/4, 78, 38)
(277, 79, 39)
(1109/4, 76, 37)
(555/2, 76, 37)
(1111/4, 73, 35)
(278, 73, 35)
(280, 71, 34)
(280, 73, 35)
(1121/4, 71, 34)
(561/2, 70, 33)
(1123/4, 71, 34)
(281, 73, 35)
(1125/4, 70, 33)
(563/2, 70, 33)
(1127/4, 66, 31)
(282, 76, 37)
(1129/4, 73, 35)
(565/2, 73, 35)
(1131/4, 70, 33)
(283, 76, 37)
(1133/4, 73, 35)
(567/2, 73, 35)
(1135/4, 70, 33)
(284, 79, 39)
(571/2, 78, 38)
(286, 78, 38)
(575/2, 76, 37)
(288, 76, 37)
(577/2, 76, 37)
(289, 76, 37)
(579/2, 74, 36)
(1159/4, 73, 35)
(290, 78, 38)
(583/2, 76, 37)
(292, 76, 37)
(585/2, 76, 37)
(293, 76, 37)
(587/2, 74, 36)
(1175/4, 73, 35)
(294, 78, 38)
(1181/4, 76, 37)
(591/2, 74, 36)
(1183/4, 73, 35)
(296, 78, 38)
(1189/4, 76, 37)
(595/2, 74, 36)
(1191/4, 73, 35)
(298, 78, 38)
(1193/4, 76, 37)
(597/2, 74, 36)
(1195/4, 73, 35)
(299, 78, 38)
(1197/4, 76, 37)
(599/2, 74, 36)
(1199/4, 73, 35)
(300, 78, 38)
(1201/4, 76, 37)
(601/2, 74, 36)
(1203/4, 73, 35)
(301, 78, 38)
(1205/4, 76, 37)
(603/2, 74, 36)
(1207/4, 73, 35)
(302, 71, 34)
(1209/4, 73, 35)
(605/2, 74, 36)
(1211/4, 78, 38)
(303, 83, 41)
(1213/4, 85, 42)
(607/2, 86, 43)
(1215/4, 85, 42)
(304, 83, 41)
(1217/4, 78, 38)
(609/2, 74, 36)
(1219/4, 73, 35)
(305, 71, 34)
(1221/4, 66, 31)
(611/2, 62, 29)
(1223/4, 61, 28)
(306, 59, 27)
(40001/4, 66, 31)
(20001/2, 71, 34)
(40003/4, 69, 33)
(10001, 67, 32)
(40005/4, 71, 34)
(20003/2, 73, 35)
(40007/4, 74, 36)
(10002, 76, 37)
(40009/4, 73, 35)
(20005/2, 69, 33)
(40011/4, 67, 32)
(10003, 66, 31)
(40013/4, 69, 33)
(20007/2, 74, 36)
(40015/4, 73, 35)
(10004, 71, 34)
(40017/4, 69, 33)
(20009/2, 67, 32)
(40019/4, 66, 31)
(10005, 64, 30)
(40021/4, 67, 32)
(20011/2, 70, 33)
(40023/4, 71, 34)
(10006, 73, 35)
(40025/4, 71, 34)
(20013/2, 70, 33)
(40027/4, 67, 32)
(10007, 66, 31)
(40029/4, 67, 32)
(20015/2, 66, 31)
(40031/4, 64, 30)
(10008, 62, 29)
(40033/4, 66, 31)
(20017/2, 71, 34)
(40035/4, 69, 33)
(10009, 67, 32)
(40037/4, 71, 34)
(20019/2, 73, 35)
(40039/4, 74, 36)
(10010, 76, 37)
(40041/4, 73, 35)
(20021/2, 69, 33)
(40043/4, 67, 32)
(10011, 66, 31)
(40045/4, 69, 33)
(20023/2, 74, 36)
(40047/4, 73, 35)
(10012, 71, 34)
(40049/4, 69, 33)
(20025/2, 67, 32)
(40051/4, 66, 31)
(10013, 64, 30)
(40053/4, 66, 31)
(20027/2, 67, 32)
(40055/4, 64, 30)
(10014, 62, 29)
(40057/4, 66, 31)
(20029/2, 65, 30)
(40059/4, 64, 30)
(10015, 63, 29)
(40061/4, 62, 29)
(20031/2, 61, 28)
(40063/4, 59, 27)
(10016, 61, 28)
(40065/4, 64, 30)
(20033/2, 66, 31)
(40067/4, 64, 30)
(10017, 62, 29)
(40069/4, 61, 28)
(20035/2, 59, 27)
(40071/4, 58, 26)
(10018, 59, 27)
(40073/4, 61, 28)
(20037/2, 62, 29)
(40075/4, 59, 27)
(10019, 61, 28)
(40077/4, 62, 29)
(20039/2, 64, 30)
(40079/4, 67, 32)
(10020, 61, 28)
(40081/4, 64, 30)
(20041/2, 66, 31)
(40083/4, 64, 30)
(10021, 62, 29)
(40085/4, 61, 28)
(20043/2, 59, 27)
(40087/4, 58, 26)
(10022, 59, 27)
(40089/4, 61, 28)
(20045/2, 62, 29)
(40091/4, 59, 27)
(10023, 61, 28)
(40093/4, 62, 29)
(20047/2, 64, 30)
(40095/4, 67, 32)
(40097/4, 66, 31)
(20049/2, 71, 34)
(40099/4, 69, 33)
(10025, 67, 32)
(40101/4, 71, 34)
(20051/2, 76, 37)
(40103/4, 74, 36)
(10026, 73, 35)
(40105/4, 71, 34)
(20053/2, 69, 33)
(40107/4, 67, 32)
(10027, 66, 31)
(40109/4, 69, 33)
(20055/2, 74, 36)
(40111/4, 73, 35)
(10028, 71, 34)
(40113/4, 69, 33)
(20057/2, 67, 32)
(40115/4, 66, 31)
(10029, 64, 30)
(40117/4, 66, 31)
(20059/2, 67, 32)
(40119/4, 64, 30)
(10030, 62, 29)
(40121/4, 66, 31)
(20061/2, 65, 30)
(40123/4, 64, 30)
(10031, 63, 29)
(40125/4, 62, 29)
(20063/2, 61, 28)
(40127/4, 59, 27)
(10032, 61, 28)
(40129/4, 64, 30)
(20065/2, 66, 31)
(40131/4, 64, 30)
(10033, 62, 29)
(40133/4, 61, 28)
(20067/2, 59, 27)
(40135/4, 58, 26)
(10034, 59, 27)
(40137/4, 61, 28)
(20069/2, 62, 29)
(40139/4, 59, 27)
(10035, 61, 28)
(40141/4, 62, 29)
(20071/2, 64, 30)
(40143/4, 67, 32)
(10036, 61, 28)
(40145/4, 64, 30)
(20073/2, 66, 31)
(40147/4, 64, 30)
(10037, 62, 29)
(40149/4, 61, 28)
(20075/2, 59, 27)
(40151/4, 58, 26)
(10038, 59, 27)
(40153/4, 61, 28)
(20077/2, 62, 29)
(40155/4, 59, 27)
(10039, 61, 28)
(40157/4, 62, 29)
(20079/2, 64, 30)
(40159/4, 67, 32)
(40161/4, 66, 31)
(20081/2, 71, 34)
(40163/4, 69, 33)
(10041, 67, 32)
(40165/4, 71, 34)
(20083/2, 76, 37)
(40167/4, 74, 36)
(10042, 73, 35)
(40169/4, 71, 34)
(20085/2, 69, 33)
(40171/4, 67, 32)
(10043, 66, 31)
(40173/4, 69, 33)
(20087/2, 74, 36)
(40175/4, 73, 35)
(10044, 71, 34)
(40177/4, 69, 33)
(20089/2, 67, 32)
(40179/4, 66, 31)
(10045, 64, 30)
(40181/4, 66, 31)
(20091/2, 67, 32)
(40183/4, 64, 30)
(10046, 62, 29)
(40185/4, 66, 31)
(20093/2, 65, 30)
(40187/4, 64, 30)
(10047, 62, 29)
(40191/4, 66, 31)
(10048, 64, 30)
(40193/4, 61, 28)
(20097/2, 66, 31)
(40195/4, 64, 30)
(10049, 62, 29)
(40199/4, 66, 31)
(10050, 67, 32)
(40201/4, 64, 30)
(20101/2, 69, 33)
(40203/4, 67, 32)
(10051, 66, 31)
(40207/4, 69, 33)
(10052, 70, 34)
(40209/4, 69, 33)
(20105/2, 70, 34)
(40211/4, 69, 33)
(10053, 70, 34)
(40213/4, 69, 33)
(20107/2, 70, 33)
(40215/4, 71, 34)
(10054, 67, 32)
(40217/4, 67, 32)
(20109/2, 66, 31)
(40219/4, 64, 30)
(10055, 62, 29)
(40223/4, 66, 31)
(10056, 64, 30)
(40225/4, 61, 28)
(20113/2, 66, 31)
(40227/4, 64, 30)
(10057, 62, 29)
(40231/4, 66, 31)
(10058, 67, 32)
(40233/4, 64, 30)
(20117/2, 69, 33)
(40235/4, 67, 32)
(10059, 66, 31)
(40239/4, 69, 33)
(10060, 70, 34)
(40241/4, 69, 33)
(20121/2, 70, 34)
(40243/4, 69, 33)
(10061, 70, 34)
(40245/4, 69, 33)
(20123/2, 70, 34)
(40247/4, 69, 33)
(10062, 68, 32)
(10063, 64, 30)
(10064, 70, 34)
(40257/4, 69, 33)
(20129/2, 70, 34)
(40259/4, 69, 33)
(10065, 70, 34)
(40261/4, 69, 33)
(20131/2, 70, 34)
(40263/4, 69, 33)
(10066, 68, 32)
(10067, 64, 30)
(10068, 68, 32)
(10069, 64, 30)
(10070, 68, 32)
(10072, 69, 33)
(40289/4, 71, 34)
(20145/2, 67, 32)
(40291/4, 69, 33)
(10073, 66, 31)
(40293/4, 67, 32)
(20147/2, 64, 30)
(40295/4, 66, 31)
(10074, 62, 29)
(40297/4, 65, 31)
(20149/2, 64, 30)
(40299/4, 65, 31)
(10075, 62, 29)
(40301/4, 65, 31)
(20151/2, 64, 30)
(40303/4, 69, 33)
(10076, 69, 33)
(40305/4, 71, 34)
(20153/2, 67, 32)
(40307/4, 69, 33)
(10077, 66, 31)
(40309/4, 67, 32)
(20155/2, 64, 30)
(40311/4, 66, 31)
(10078, 62, 29)
(40313/4, 65, 31)
(20157/2, 64, 30)
(40315/4, 65, 31)
(10079, 62, 29)
(40317/4, 65, 31)
(20159/2, 64, 30)
(40319/4, 69, 33)
(40345/4, 57, 26)
(20173/2, 59, 27)
(40347/4, 61, 28)
(10087, 62, 29)
(10089, 61, 28)
(10090, 62, 29)
(40365/4, 65, 31)
(20183/2, 64, 30)
(40367/4, 61, 28)
(10092, 62, 29)
(20185/2, 62, 29)
(40373/4, 65, 31)
(20187/2, 64, 30)
(40375/4, 61, 28)
(10094, 62, 29)
(20189/2, 62, 29)
(40381/4, 65, 31)
(20191/2, 64, 30)
(40383/4, 61, 28)
(10096, 63, 30)
(20193/2, 62, 29)
(10097, 62, 29)
(20195/2, 61, 28)
(10098, 62, 29)
(40393/4, 74, 36)
(20197/2, 71, 34)
(40395/4, 69, 33)
(10099, 68, 32)
(20199/2, 69, 33)
(40401/4, 74, 36)
(20201/2, 71, 34)
(40403/4, 69, 33)
(10101, 68, 32)
(20203/2, 69, 33)
(20229/2, 78, 38)
(10115, 77, 37)
(20231/2, 76, 37)
(10116, 75, 36)
(20233/2, 74, 36)
(10117, 73, 35)
(40471/4, 71, 34)
(10118, 70, 33)
(20237/2, 69, 33)
(10119, 68, 32)
(20239/2, 67, 32)
(10120, 73, 35)
(20241/2, 74, 36)
(20243/2, 73, 35)
(40489/4, 73, 35)
(20245/2, 71, 34)
(40491/4, 70, 33)
(10123, 71, 34)
(20247/2, 71, 34)
(10124, 62, 29)
(10124, 71, 34)
(10126, 62, 29)
(10126, 71, 34)
(10128, 70, 33)
(10130, 70, 33)
(10132, 61, 28)
(10132, 64, 30)
(40541/4, 77, 37)
(20271/2, 76, 37)
(40543/4, 75, 36)
(10136, 74, 36)
(40545/4, 73, 35)
(20273/2, 72, 35)
(40547/4, 71, 34)
(10137, 70, 33)
(40549/4, 66, 31)
(20275/2, 65, 30)
(40551/4, 64, 30)
(10138, 62, 29)
(40553/4, 66, 31)
(20277/2, 71, 34)
(40555/4, 69, 33)
(10139, 67, 32)
(40557/4, 71, 34)
(20279/2, 73, 35)
(40559/4, 74, 36)
(10140, 76, 37)
(40561/4, 73, 35)
(20281/2, 69, 33)
(40563/4, 67, 32)
(10141, 66, 31)
(40565/4, 69, 33)
(20283/2, 74, 36)
(40567/4, 73, 35)
(10142, 71, 34)
(40569/4, 69, 33)
(20285/2, 67, 32)
(40571/4, 66, 31)
(10143, 64, 30)
(40573/4, 67, 32)
(20287/2, 70, 33)
(40575/4, 71, 34)
(10144, 73, 35)
(40577/4, 71, 34)
(20289/2, 70, 33)
(40579/4, 67, 32)
(10145, 66, 31)
(40581/4, 64, 30)
(20291/2, 62, 29)
(40583/4, 61, 28)
(10146, 59, 27)
(40585/4, 66, 31)
(20293/2, 71, 34)
(40587/4, 69, 33)
(10147, 67, 32)
(40589/4, 71, 34)
(20295/2, 76, 37)
(40591/4, 74, 36)
(10148, 73, 35)
(40593/4, 71, 34)
(20297/2, 69, 33)
(40595/4, 67, 32)
(10149, 66, 31)
(40597/4, 67, 32)
(20299/2, 69, 33)
(40599/4, 70, 33)
(10150, 71, 34)
(40601/4, 69, 33)
(20301/2, 67, 32)
(40603/4, 66, 31)
(10151, 64, 30)
(40605/4, 66, 31)
(20303/2, 67, 32)
(40607/4, 64, 30)
(10152, 62, 29)
(40609/4, 66, 31)
(20305/2, 65, 30)
(40611/4, 64, 30)
(10153, 63, 29)
(40613/4, 62, 29)
(20307/2, 61, 28)
(40615/4, 59, 27)
(10154, 61, 28)
(40617/4, 64, 30)
(20309/2, 66, 31)
(40619/4, 64, 30)
(10155, 62, 29)
(40621/4, 61, 28)
(20311/2, 59, 27)
(40623/4, 58, 26)
(10156, 59, 27)
(40625/4, 61, 28)
(20313/2, 62, 29)
(40627/4, 59, 27)
(10157, 61, 28)
(40629/4, 62, 29)
(20315/2, 64, 30)
(40631/4, 67, 32)
(10158, 66, 31)
(40633/4, 69, 33)
(20317/2, 71, 34)
(40635/4, 69, 33)
(10159, 67, 32)
(40637/4, 66, 31)
(20319/2, 64, 30)
(40639/4, 66, 31)
(10160, 67, 32)
(40641/4, 66, 31)
(20321/2, 67, 32)
(40643/4, 64, 30)
(10161, 66, 31)
(40645/4, 67, 32)
(20323/2, 66, 31)
(40647/4, 64, 30)
(10162, 63, 29)
(40649/4, 66, 31)
(20325/2, 71, 34)
(40651/4, 63, 29)
(10163, 64, 30)
(40653/4, 67, 32)
(20327/2, 71, 34)
(40655/4, 64, 30)
(10164, 63, 29)
(40657/4, 66, 31)
(20329/2, 71, 34)
(40659/4, 63, 29)
(10165, 64, 30)
(40661/4, 67, 32)
(20331/2, 71, 34)
(40663/4, 67, 32)
(10166, 69, 33)
(40667/4, 69, 33)
(10167, 69, 33)
(40671/4, 66, 31)
(10168, 66, 31)
(40675/4, 66, 31)
(10169, 59, 27)
(40679/4, 59, 27)
(10170, 59, 27)
(40683/4, 59, 27)
(10171, 59, 27)
(40687/4, 59, 27)
(10172, 59, 27)
(40691/4, 61, 28)
(10173, 59, 27)
(40693/4, 62, 29)
(20347/2, 66, 31)
(40695/4, 61, 28)
(10174, 59, 27)
(40699/4, 61, 28)
(10175, 59, 27)
(40703/4, 61, 28)
(10176, 59, 27)
(40707/4, 62, 29)
(10177, 61, 28)
(40709/4, 65, 30)
(20355/2, 68, 32)
(40711/4, 61, 28)
(10178, 61, 28)
(40715/4, 61, 28)
(40715/4, 64, 30)
(10179, 61, 28)
(10179, 64, 30)
(40719/4, 61, 28)
(40719/4, 64, 30)
(10180, 61, 28)
(10180, 64, 30)
(40723/4, 62, 29)
(10181, 61, 28)
(40725/4, 64, 30)
(20363/2, 67, 32)
(40727/4, 59, 27)
(10182, 58, 26)
(40731/4, 66, 31)
(10183, 64, 30)
(40733/4, 67, 32)
(20367/2, 73, 35)
(40735/4, 66, 31)
(10184, 64, 30)
(40739/4, 66, 31)
(10185, 67, 32)
(40743/4, 67, 32)
(10186, 67, 32)
(40753/4, 67, 32)
(20377/2, 64, 30)
(40755/4, 66, 31)
(10189, 62, 29)
(40757/4, 64, 30)
(20379/2, 61, 28)
(40759/4, 62, 29)
(10190, 59, 27)
(40761/4, 61, 28)
(20381/2, 58, 26)
(40763/4, 61, 28)
(10191, 59, 27)
(40765/4, 61, 28)
(20383/2, 58, 26)
(40767/4, 61, 28)
(10192, 66, 31)
(40769/4, 67, 32)
(20385/2, 64, 30)
(40771/4, 66, 31)
(10193, 62, 29)
(40773/4, 64, 30)
(20387/2, 61, 28)
(40775/4, 62, 29)
(10194, 59, 27)
(40777/4, 61, 28)
(20389/2, 58, 26)
(40779/4, 61, 28)
(10195, 59, 27)
(40781/4, 61, 28)
(20391/2, 58, 26)
(40783/4, 61, 28)
(10198, 67, 32)
(40795/4, 66, 31)
(10199, 64, 30)
(20399/2, 63, 29)
(10200, 64, 30)
(20401/2, 63, 29)
(10201, 64, 30)
(20403/2, 63, 29)
(10202, 64, 30)
(20407/2, 65, 30)
(10204, 66, 31)
(10205, 66, 31)
(10206, 66, 31)
(40829/4, 74, 36)
(20415/2, 73, 35)
(40831/4, 76, 37)
(10208, 74, 36)
(20417/2, 74, 36)
(40837/4, 74, 36)
(20419/2, 73, 35)
(40839/4, 76, 37)
(10210, 74, 36)
(20421/2, 74, 36)
(20423/2, 73, 35)
(10212, 72, 35)
(20425/2, 71, 34)
(10213, 71, 34)
(20427/2, 70, 33)
(10214, 71, 34)
(40857/4, 71, 34)
(20429/2, 67, 32)
(40859/4, 66, 31)
(10215, 65, 30)
(20431/2, 66, 31)
(40865/4, 71, 34)
(20433/2, 67, 32)
(40867/4, 66, 31)
(10217, 65, 30)
(20435/2, 66, 31)
(40873/4, 71, 34)
(20437/2, 67, 32)
(40875/4, 66, 31)
(10219, 64, 30)
(40877/4, 67, 32)
(20439/2, 66, 31)
(40879/4, 64, 30)
(10220, 62, 29)
(40881/4, 61, 28)
(20441/2, 62, 29)
(40883/4, 64, 30)
(10221, 62, 29)
(40885/4, 67, 32)
(20443/2, 66, 31)
(40887/4, 66, 31)
(10222, 66, 31)
(40889/4, 66, 31)
(20445/2, 66, 31)
(40891/4, 71, 34)
(10223, 71, 34)
(40893/4, 68, 32)
(20447/2, 73, 35)
(40895/4, 73, 35)
(10224, 73, 35)
(20449/2, 71, 34)
(20451/2, 70, 33)
(10226, 71, 34)
(40905/4, 61, 28)
(20453/2, 62, 29)
(40907/4, 64, 30)
(10227, 66, 31)
(40909/4, 64, 30)
(20455/2, 63, 29)
(40911/4, 72, 35)
(10228, 71, 34)
(40913/4, 75, 36)
(20457/2, 76, 37)
(40915/4, 71, 34)
(10229, 70, 33)
(40917/4, 73, 35)
(20459/2, 76, 37)
(40919/4, 79, 39)
(10230, 78, 38)
(20461/2, 71, 34)
(10231, 70, 33)
(20463/2, 69, 33)
(10232, 68, 32)
(20465/2, 67, 32)
(10233, 66, 31)
(40935/4, 64, 30)
(10234, 62, 29)
(40937/4, 66, 31)
(20469/2, 71, 34)
(20471/2, 70, 33)
(10236, 71, 34)
(20473/2, 73, 35)
(40947/4, 74, 36)
(10237, 76, 37)
(20475/2, 73, 35)
(10238, 71, 34)
(20477/2, 71, 34)
(10239, 64, 30)
(20479/2, 74, 36)
(10240, 73, 35)
(20481/2, 66, 31)
(10241, 71, 34)
(20483/2, 71, 34)
(10242, 62, 29)
(10242, 71, 34)
(10245, 62, 29)
(10246, 62, 29)
(10260, 70, 33)
(41041/4, 71, 34)
(20521/2, 70, 33)
(41043/4, 71, 34)
(10261, 70, 33)
(41045/4, 68, 32)
(20523/2, 66, 31)
(41047/4, 68, 32)
(10262, 70, 33)
(41049/4, 71, 34)
(20525/2, 70, 33)
(41051/4, 71, 34)
(10263, 70, 33)
(41053/4, 68, 32)
(20527/2, 66, 31)
(41055/4, 68, 32)
(10264, 70, 33)
(41057/4, 71, 34)
(20529/2, 70, 33)
(41059/4, 71, 34)
(10265, 73, 35)
(41061/4, 74, 36)
(20531/2, 76, 37)
(41063/4, 78, 38)
(10266, 79, 39)
(10268, 71, 34)
(41081/4, 71, 34)
(20541/2, 71, 34)
(41083/4, 71, 34)
(10271, 71, 34)
(41085/4, 71, 34)
(20543/2, 71, 34)
(41087/4, 71, 34)
(10272, 68, 32)
(10272, 71, 34)
(10274, 70, 33)
(10276, 68, 32)
(10276, 70, 33)
(41145/4, 66, 31)
(20573/2, 71, 34)
(41147/4, 69, 33)
(10287, 67, 32)
(41149/4, 71, 34)
(20575/2, 76, 37)
(41151/4, 74, 36)
(10288, 73, 35)
(41153/4, 71, 34)
(20577/2, 70, 33)
(41155/4, 67, 32)
(10289, 66, 31)
(41157/4, 67, 32)
(20579/2, 66, 31)
(41159/4, 64, 30)
(10290, 62, 29)
(41161/4, 66, 31)
(20581/2, 71, 34)
(41163/4, 69, 33)
(10291, 67, 32)
(41165/4, 71, 34)
(20583/2, 76, 37)
(41167/4, 74, 36)
(10292, 73, 35)
(41169/4, 71, 34)
(20585/2, 70, 33)
(41171/4, 67, 32)
(10293, 66, 31)
(41173/4, 67, 32)
(20587/2, 66, 31)
(41175/4, 64, 30)
(10294, 62, 29)
(41177/4, 66, 31)
(20589/2, 71, 34)
(41179/4, 69, 33)
(10295, 67, 32)
(41181/4, 67, 32)
(20591/2, 66, 31)
(41183/4, 64, 30)
(10296, 62, 29)
(41185/4, 66, 31)
(20593/2, 71, 34)
(41187/4, 69, 33)
(10297, 67, 32)
(41189/4, 67, 32)
(20595/2, 66, 31)
(41191/4, 64, 30)
(10298, 62, 29)
(41193/4, 67, 32)
(20597/2, 66, 31)
(41195/4, 64, 30)
(10299, 62, 29)
(41197/4, 67, 32)
(20599/2, 66, 31)
(41199/4, 64, 30)
(10300, 62, 29)
(41201/4, 67, 32)
(20601/2, 66, 31)
(41203/4, 64, 30)
(10301, 62, 29)
(41205/4, 67, 32)
(20603/2, 66, 31)
(41207/4, 64, 30)
(10302, 62, 29)
(10307, 66, 31)
(10308, 71, 34)
(20000, 62, 29)
(20001, 59, 27)
(20002, 57, 26)
(20003, 57, 26)
(20004, 59, 27)
(20005, 55, 25)
(20006, 52, 23)
(80029/4, 64, 30)
(40015/2, 62, 29)
(80031/4, 61, 28)
(20008, 59, 27)
(20009, 59, 27)
(20010, 67, 32)
(20011, 57, 26)
(40023/2, 58, 26)
(20012, 59, 27)
(20013, 67, 32)
(20014, 66, 31)
(40029/2, 66, 31)
(20015, 66, 31)
(20016, 54, 24)
(20020, 54, 24)
(20024, 59, 27)
(40051/2, 67, 32)
(20026, 67, 32)
(40053/2, 61, 28)
(40055/2, 58, 26)
(20028, 59, 27)
(20029, 67, 32)
(20030, 66, 31)
(80123/4, 66, 31)
(20031, 66, 31)
(20032, 54, 24)
(20034, 53, 23)
(20035, 54, 24)
(20036, 66, 31)
(20038, 65, 30)
(20039, 66, 31)
(20040, 59, 27)
(40083/2, 67, 32)
(20042, 67, 32)
(40085/2, 61, 28)
(40087/2, 58, 26)
(20044, 59, 27)
(20045, 55, 25)
(20046, 54, 24)
(80189/4, 54, 24)
(40095/2, 59, 27)
(80191/4, 54, 24)
(80193/4, 54, 24)
(40097/2, 58, 26)
(80195/4, 54, 24)
(80197/4, 54, 24)
(40099/2, 59, 27)
(80199/4, 54, 24)
(80201/4, 57, 26)
(40101/2, 61, 28)
(80203/4, 57, 26)
(80205/4, 57, 26)
(40103/2, 62, 29)
(80207/4, 66, 31)
(20052, 64, 30)
(80209/4, 66, 31)
(40105/2, 64, 30)
(80211/4, 66, 31)
(20053, 64, 30)
(80213/4, 66, 31)
(40107/2, 64, 30)
(80215/4, 66, 31)
(20054, 61, 28)
(80217/4, 64, 30)
(40109/2, 62, 29)
(80219/4, 61, 28)
(20055, 59, 27)
(80221/4, 66, 31)
(40111/2, 65, 30)
(80223/4, 66, 31)
(80225/4, 66, 31)
(40113/2, 61, 28)
(80227/4, 66, 31)
(80229/4, 66, 31)
(40115/2, 65, 30)
(80231/4, 66, 31)
(80233/4, 69, 33)
(40117/2, 64, 30)
(80235/4, 69, 33)
(80237/4, 69, 33)
(40119/2, 66, 31)
(80239/4, 69, 33)
(20060, 64, 30)
(80241/4, 66, 31)
(40121/2, 64, 30)
(80243/4, 66, 31)
(20061, 64, 30)
(80245/4, 66, 31)
(40123/2, 64, 30)
(80247/4, 66, 31)
(20062, 62, 29)
(80251/4, 68, 32)
(20063, 69, 33)
(80253/4, 66, 31)
(40127/2, 67, 32)
(80255/4, 64, 30)
(20064, 64, 30)
(80257/4, 66, 31)
(40129/2, 64, 30)
(80259/4, 66, 31)
(20065, 64, 30)
(80261/4, 66, 31)
(40131/2, 64, 30)
(80263/4, 66, 31)
(20066, 62, 29)
(80267/4, 68, 32)
(20067, 69, 33)
(80269/4, 66, 31)
(40135/2, 67, 32)
(80271/4, 64, 30)
(20068, 62, 29)
(80275/4, 68, 32)
(20069, 69, 33)
(80277/4, 66, 31)
(40139/2, 67, 32)
(80279/4, 64, 30)
(20070, 62, 29)
(80283/4, 68, 32)
(20071, 69, 33)
(80285/4, 66, 31)
(40143/2, 67, 32)
(80287/4, 64, 30)
(20072, 66, 31)
(80289/4, 67, 32)
(40145/2, 64, 30)
(80291/4, 66, 31)
(20073, 62, 29)
(80293/4, 64, 30)
(40147/2, 61, 28)
(80295/4, 62, 29)
(20074, 59, 27)
(80297/4, 62, 29)
(40149/2, 61, 28)
(80299/4, 62, 29)
(20075, 59, 27)
(80301/4, 62, 29)
(40151/2, 61, 28)
(80303/4, 67, 32)
(20076, 66, 31)
(80305/4, 67, 32)
(40153/2, 64, 30)
(80307/4, 66, 31)
(20077, 62, 29)
(80309/4, 64, 30)
(40155/2, 61, 28)
(80311/4, 62, 29)
(20078, 59, 27)
(80313/4, 62, 29)
(40157/2, 61, 28)
(80315/4, 62, 29)
(20079, 59, 27)
(80317/4, 62, 29)
(40159/2, 61, 28)
(80319/4, 64, 30)
(20080, 57, 26)
(80321/4, 59, 27)
(40161/2, 55, 25)
(80323/4, 57, 26)
(20081, 54, 24)
(80325/4, 55, 25)
(40163/2, 52, 23)
(80327/4, 64, 30)
(20082, 62, 29)
(80329/4, 64, 30)
(40165/2, 61, 28)
(80331/4, 62, 29)
(20083, 59, 27)
(80333/4, 60, 28)
(40167/2, 57, 26)
(80335/4, 60, 28)
(20084, 59, 27)
(80337/4, 60, 28)
(40169/2, 57, 26)
(80339/4, 60, 28)
(20085, 59, 27)
(80341/4, 60, 28)
(40171/2, 57, 26)
(80343/4, 60, 28)
(20086, 59, 27)
(40175/2, 53, 23)
(20088, 54, 24)
(20089, 55, 25)
(20090, 54, 24)
(80365/4, 62, 29)
(40183/2, 64, 30)
(80367/4, 67, 32)
(20092, 66, 31)
(40185/2, 66, 31)
(80373/4, 62, 29)
(40187/2, 64, 30)
(80375/4, 67, 32)
(20094, 66, 31)
(40189/2, 66, 31)
(80381/4, 62, 29)
(40191/2, 64, 30)
(80383/4, 57, 26)
(20096, 57, 26)
(40193/2, 62, 29)
(20097, 55, 25)
(40195/2, 55, 25)
(20098, 54, 24)
(80395/4, 62, 29)
(20099, 59, 27)
(80397/4, 56, 25)
(40199/2, 52, 23)
(80399/4, 55, 25)
(20100, 54, 24)
(80403/4, 62, 29)
(20101, 59, 27)
(80405/4, 56, 25)
(40203/2, 52, 23)
(80407/4, 55, 25)
(20102, 54, 24)
(80413/4, 63, 30)
(40207/2, 62, 29)
(80415/4, 59, 27)
(80417/4, 62, 29)
(40209/2, 61, 28)
(80419/4, 58, 26)
(80421/4, 60, 28)
(40211/2, 59, 27)
(80423/4, 56, 25)
(20106, 59, 27)
(20108, 59, 27)
(20108, 62, 29)
(40221/2, 66, 31)
(20111, 65, 30)
(40223/2, 64, 30)
(20112, 63, 29)
(40225/2, 62, 29)
(20113, 61, 28)
(80455/4, 59, 27)
(20114, 58, 26)
(40229/2, 61, 28)
(20115, 66, 31)
(40233/2, 66, 31)
(20117, 65, 30)
(40235/2, 74, 36)
(20118, 73, 35)
(40237/2, 66, 31)
(20119, 65, 31)
(40239/2, 64, 30)
(20120, 73, 35)
(40241/2, 69, 33)
(20121, 68, 32)
(40243/2, 67, 32)
(20122, 66, 31)
(80491/4, 67, 32)
(160983/8, 66, 31)
(20123, 65, 30)
(40247/2, 66, 31)
(20124, 68, 32)
(20126, 59, 27)
(20126, 62, 29)
(20128, 61, 28)
(20128, 64, 30)
(20130, 61, 28)
(20130, 64, 30)
(20132, 54, 24)
(80541/4, 77, 37)
(40271/2, 76, 37)
(80543/4, 75, 36)
(20136, 74, 36)
(80545/4, 73, 35)
(40273/2, 72, 35)
(80547/4, 71, 34)
(20137, 70, 33)
(80549/4, 66, 31)
(40275/2, 65, 30)
(80551/4, 64, 30)
(20138, 62, 29)
(40277/2, 59, 27)
(40279/2, 67, 32)
(20140, 67, 32)
(40281/2, 57, 26)
(20141, 57, 26)
(40283/2, 58, 26)
(20142, 59, 27)
(80571/4, 57, 26)
(20143, 55, 25)
(40287/2, 55, 25)
(20144, 67, 32)
(80581/4, 67, 32)
(40291/2, 66, 31)
(80583/4, 64, 30)
(20146, 62, 29)
(40295/2, 61, 28)
(80591/4, 59, 27)
(20148, 57, 26)
(40297/2, 69, 33)
(40299/2, 66, 31)
(40301/2, 59, 27)
(40303/2, 67, 32)
(20152, 66, 31)
(80611/4, 66, 31)
(20153, 66, 31)
(20154, 54, 24)
(20156, 53, 23)
(20157, 54, 24)
(20158, 59, 27)
(20160, 58, 26)
(20161, 59, 27)
(80649/4, 71, 34)
(40325/2, 69, 33)
(80651/4, 71, 34)
(80653/4, 71, 34)
(40327/2, 67, 32)
(80655/4, 71, 34)
(80657/4, 69, 33)
(40329/2, 71, 34)
(80659/4, 69, 33)
(80661/4, 71, 34)
(40331/2, 67, 32)
(80663/4, 71, 34)
(20166, 67, 32)
(80667/4, 67, 32)
(20167, 66, 31)
(80671/4, 69, 33)
(20168, 62, 29)
(80675/4, 62, 29)
(20169, 62, 29)
(80679/4, 62, 29)
(20170, 62, 29)
(80683/4, 62, 29)
(20171, 62, 29)
(80687/4, 62, 29)
(20172, 62, 29)
(80695/4, 57, 26)
(20174, 56, 25)
(80699/4, 57, 26)
(20175, 56, 25)
(80703/4, 57, 26)
(20176, 56, 25)
(80711/4, 61, 28)
(80711/4, 64, 30)
(20178, 61, 28)
(20178, 64, 30)
(80715/4, 61, 28)
(80715/4, 64, 30)
(20179, 61, 28)
(20179, 64, 30)
(80719/4, 61, 28)
(80719/4, 64, 30)
(20180, 61, 28)
(20180, 64, 30)
(80735/4, 62, 29)
(20184, 61, 28)
(80737/4, 64, 30)
(40369/2, 67, 32)
(80739/4, 59, 27)
(20185, 58, 26)
(80741/4, 61, 28)
(40371/2, 64, 30)
(80743/4, 64, 30)
(20186, 64, 30)
(80753/4, 64, 30)
(40377/2, 61, 28)
(80755/4, 62, 29)
(20189, 59, 27)
(80757/4, 61, 28)
(40379/2, 58, 26)
(80759/4, 59, 27)
(20190, 56, 25)
(40381/2, 54, 24)
(80765/4, 56, 25)
(80767/4, 54, 24)
(20192, 62, 29)
(80769/4, 64, 30)
(40385/2, 61, 28)
(80771/4, 62, 29)
(20193, 59, 27)
(80773/4, 61, 28)
(40387/2, 58, 26)
(80775/4, 59, 27)
(20194, 56, 25)
(40389/2, 54, 24)
(20195, 56, 25)
(40391/2, 54, 24)
(20196, 66, 31)
(80785/4, 67, 32)
(40393/2, 64, 30)
(80787/4, 66, 31)
(20197, 62, 29)
(80789/4, 64, 30)
(40395/2, 61, 28)
(80791/4, 64, 30)
(20198, 62, 29)
(80793/4, 64, 30)
(40397/2, 61, 28)
(80795/4, 62, 29)
(20199, 59, 27)
(80797/4, 60, 28)
(40399/2, 57, 26)
(80799/4, 60, 28)
(20200, 59, 27)
(80801/4, 60, 28)
(40401/2, 57, 26)
(80803/4, 60, 28)
(20201, 59, 27)
(80805/4, 60, 28)
(40403/2, 57, 26)
(80807/4, 60, 28)
(20202, 59, 27)
(80809/4, 58, 26)
(40405/2, 59, 27)
(80811/4, 61, 28)
(20203, 62, 29)
(20204, 62, 29)
(20205, 64, 30)
(20206, 62, 29)
(80829/4, 71, 34)
(40415/2, 70, 33)
(80831/4, 66, 31)
(20208, 71, 34)
(40417/2, 59, 27)
(80837/4, 71, 34)
(40419/2, 70, 33)
(80839/4, 66, 31)
(20210, 71, 34)
(40421/2, 59, 27)
(80845/4, 71, 34)
(40423/2, 70, 33)
(80847/4, 66, 31)
(20212, 69, 33)
(80849/4, 66, 31)
(40425/2, 68, 32)
(80851/4, 64, 30)
(20213, 67, 32)
(80853/4, 64, 30)
(40427/2, 66, 31)
(80855/4, 64, 30)
(20214, 62, 29)
(80861/4, 59, 27)
(40431/2, 58, 26)
(80863/4, 64, 30)
(20216, 62, 29)
(40433/2, 62, 29)
(80869/4, 59, 27)
(40435/2, 58, 26)
(80871/4, 64, 30)
(20218, 62, 29)
(40437/2, 62, 29)
(80877/4, 62, 29)
(40439/2, 61, 28)
(80879/4, 59, 27)
(20220, 57, 26)
(80881/4, 55, 25)
(40441/2, 54, 24)
(80883/4, 58, 26)
(20221, 59, 27)
(80885/4, 59, 27)
(40443/2, 59, 27)
(80887/4, 58, 26)
(20222, 59, 27)
(80889/4, 66, 31)
(40445/2, 71, 34)
(80891/4, 69, 33)
(20223, 68, 32)
(80893/4, 68, 32)
(40447/2, 68, 32)
(80895/4, 67, 32)
(20224, 66, 31)
(80897/4, 54, 24)
(40449/2, 59, 27)
(80899/4, 62, 29)
(20225, 67, 32)
(40451/2, 66, 31)
(80903/4, 64, 30)
(20226, 62, 29)
(40453/2, 59, 27)
(20227, 58, 26)
(40455/2, 57, 26)
(20228, 56, 25)
(40457/2, 55, 25)
(20229, 54, 24)
(80919/4, 52, 23)
(20230, 50, 22)
(40461/2, 54, 24)
(20231, 59, 27)
(20233, 61, 28)
(20234, 59, 27)
(20234, 61, 28)
(20234, 62, 29)
(20235, 61, 28)
(40471/2, 67, 32)
(20236, 66, 31)
(40473/2, 71, 34)
(20237, 70, 33)
(40475/2, 69, 33)
(20238, 69, 33)
(40477/2, 67, 32)
(80955/4, 66, 31)
(20239, 64, 30)
(40479/2, 67, 32)
(20240, 61, 28)
(40481/2, 66, 31)
(20241, 65, 30)
(40483/2, 66, 31)
(20242, 68, 32)
(20245, 59, 27)
(20245, 62, 29)
(20246, 59, 27)
(20246, 62, 29)
(20260, 66, 31)
(81041/4, 65, 30)
(40521/2, 66, 31)
(81043/4, 65, 30)
(20261, 66, 31)
(81045/4, 61, 28)
(40523/2, 58, 26)
(81047/4, 61, 28)
(20262, 66, 31)
(81049/4, 65, 30)
(40525/2, 66, 31)
(81051/4, 65, 30)
(20263, 66, 31)
(81053/4, 61, 28)
(40527/2, 58, 26)
(81055/4, 61, 28)
(20264, 66, 31)
(81057/4, 68, 32)
(40529/2, 66, 31)
(81059/4, 68, 32)
(20265, 70, 33)
(81061/4, 71, 34)
(40531/2, 73, 35)
(81063/4, 70, 33)
(20266, 71, 34)
(81069/4, 66, 31)
(40535/2, 64, 30)
(81071/4, 66, 31)
(20268, 67, 32)
(81073/4, 66, 31)
(40537/2, 67, 32)
(81075/4, 66, 31)
(20269, 67, 32)
(81077/4, 66, 31)
(40539/2, 64, 30)
(81079/4, 66, 31)
(20270, 67, 32)
(81081/4, 66, 31)
(40541/2, 64, 30)
(81083/4, 66, 31)
(20271, 67, 32)
(81085/4, 66, 31)
(40543/2, 64, 30)
(81087/4, 67, 32)
(20272, 65, 30)
(20274, 64, 30)
(20276, 62, 29)
(20276, 64, 30)
(20278, 64, 30)
(20280, 62, 29)
(20280, 64, 30)
(20288, 58, 26)
(20290, 59, 27)
(20292, 58, 26)
(20294, 59, 27)
(20295, 58, 26)
(20296, 59, 27)
(20297, 58, 26)
(20298, 59, 27)
(40597/2, 58, 26)
(20299, 59, 27)
(40599/2, 58, 26)
(20300, 59, 27)
(40601/2, 58, 26)
(20301, 59, 27)
(40603/2, 58, 26)
(20302, 59, 27)
(20307, 62, 29)
(20308, 62, 29)
(30000, 47, 20)
(30001, 52, 23)
(30002, 49, 21)
(30003, 50, 22)
(30004, 50, 22)
(30005, 52, 23)
(30006, 40, 16)
(30007, 42, 17)
(60015/2, 54, 24)
(30008, 47, 20)
(30009, 52, 23)
(30010, 49, 21)
(30011, 50, 22)
(30012, 50, 22)
(30013, 52, 23)
(30014, 54, 24)
(60029/2, 42, 17)
(30015, 47, 20)
(30016, 46, 19)
(30017, 47, 20)
(30018, 50, 22)
(30019, 42, 17)
(30020, 46, 19)
(30021, 47, 20)
(30022, 50, 22)
(30023, 54, 24)
(60047/2, 52, 23)
(30024, 50, 22)
(30025, 52, 23)
(30026, 45, 19)
(30027, 50, 22)
(30028, 50, 22)
(30029, 52, 23)
(60059/2, 52, 23)
(30030, 54, 24)
(60061/2, 42, 17)
(30031, 47, 20)
(30032, 46, 19)
(60065/2, 42, 17)
(30033, 47, 20)
(30034, 50, 22)
(60069/2, 47, 20)
(30035, 54, 24)
(30036, 46, 19)
(60073/2, 42, 17)
(30037, 47, 20)
(60075/2, 42, 17)
(30038, 50, 22)
(60077/2, 47, 20)
(30039, 54, 24)
(60079/2, 52, 23)
(30040, 51, 22)
(30041, 52, 23)
(30042, 45, 19)
(30043, 50, 22)
(30044, 50, 22)
(30045, 52, 23)
(60091/2, 52, 23)
(30046, 54, 24)
(120187/4, 42, 17)
(30047, 47, 20)
(120189/4, 50, 22)
(60095/2, 54, 24)
(120191/4, 47, 20)
(30048, 46, 19)
(120195/4, 46, 19)
(30049, 47, 20)
(120197/4, 50, 22)
(60099/2, 54, 24)
(120199/4, 47, 20)
(30050, 49, 21)
(120203/4, 49, 21)
(30051, 50, 22)
(120205/4, 54, 24)
(60103/2, 57, 26)
(120207/4, 62, 29)
(30052, 61, 28)
(120209/4, 62, 29)
(60105/2, 61, 28)
(120211/4, 62, 29)
(30053, 61, 28)
(120213/4, 62, 29)
(60107/2, 61, 28)
(120215/4, 62, 29)
(30054, 52, 23)
(60109/2, 54, 24)
(120219/4, 42, 17)
(30055, 47, 20)
(120221/4, 50, 22)
(60111/2, 54, 24)
(120223/4, 47, 20)
(30056, 46, 19)
(120227/4, 46, 19)
(30057, 47, 20)
(120229/4, 50, 22)
(60115/2, 54, 24)
(120231/4, 47, 20)
(30058, 49, 21)
(120235/4, 49, 21)
(30059, 50, 22)
(120237/4, 54, 24)
(60119/2, 57, 26)
(120239/4, 62, 29)
(30060, 61, 28)
(120241/4, 62, 29)
(60121/2, 61, 28)
(120243/4, 62, 29)
(30061, 61, 28)
(120245/4, 62, 29)
(60123/2, 61, 28)
(120247/4, 62, 29)
(30062, 59, 27)
(30063, 61, 28)
(30064, 61, 28)
(120257/4, 62, 29)
(60129/2, 61, 28)
(120259/4, 62, 29)
(30065, 61, 28)
(120261/4, 62, 29)
(60131/2, 61, 28)
(120263/4, 62, 29)
(30066, 59, 27)
(30067, 61, 28)
(30068, 59, 27)
(30069, 61, 28)
(30070, 59, 27)
(30072, 45, 19)
(30075, 45, 19)
(30076, 45, 19)
(30079, 45, 19)
(120319/4, 55, 25)
(30080, 54, 24)
(120321/4, 55, 25)
(60161/2, 52, 23)
(120323/4, 54, 24)
(30081, 50, 22)
(120325/4, 52, 23)
(60163/2, 49, 21)
(120327/4, 61, 28)
(30082, 59, 27)
(120331/4, 57, 26)
(30083, 55, 25)
(60167/2, 54, 24)
(30084, 55, 25)
(60169/2, 54, 24)
(30085, 55, 25)
(60171/2, 54, 24)
(30086, 55, 25)
(60175/2, 44, 18)
(30088, 45, 19)
(30089, 45, 19)
(30090, 50, 22)
(120365/4, 47, 20)
(60183/2, 49, 21)
(120367/4, 45, 19)
(30092, 50, 22)
(60185/2, 38, 15)
(120373/4, 47, 20)
(60187/2, 49, 21)
(120375/4, 45, 19)
(30094, 50, 22)
(60189/2, 38, 15)
(120381/4, 47, 20)
(60191/2, 49, 21)
(120383/4, 45, 19)
(30096, 48, 21)
(120385/4, 45, 19)
(60193/2, 47, 20)
(120387/4, 43, 18)
(30097, 46, 20)
(120389/4, 43, 18)
(60195/2, 45, 19)
(120391/4, 45, 19)
(30098, 38, 15)
(120397/4, 50, 22)
(60199/2, 49, 21)
(120399/4, 45, 19)
(30100, 50, 22)
(60201/2, 38, 15)
(120405/4, 50, 22)
(60203/2, 49, 21)
(120407/4, 45, 19)
(30102, 50, 22)
(60205/2, 38, 15)
(120413/4, 60, 28)
(60207/2, 59, 27)
(120415/4, 55, 25)
(120417/4, 59, 27)
(60209/2, 58, 26)
(120419/4, 54, 24)
(120421/4, 57, 26)
(60211/2, 56, 25)
(120423/4, 52, 23)
(30106, 55, 25)
(30108, 55, 25)
(30110, 42, 17)
(60237/2, 60, 28)
(30119, 59, 27)
(60239/2, 58, 27)
(30120, 57, 26)
(60241/2, 62, 29)
(30121, 56, 25)
(60243/2, 61, 28)
(30122, 54, 24)
(60245/2, 59, 27)
(30123, 55, 25)
(60247/2, 54, 24)
(30124, 53, 23)
(30126, 53, 23)
(30128, 54, 24)
(30130, 54, 24)
(30132, 42, 17)
(120541/4, 65, 30)
(60271/2, 64, 30)
(120543/4, 63, 29)
(30136, 62, 29)
(120545/4, 61, 28)
(60273/2, 60, 28)
(120547/4, 59, 27)
(30137, 58, 26)
(120549/4, 54, 24)
(60275/2, 53, 23)
(120551/4, 52, 23)
(30138, 50, 22)
(30139, 52, 23)
(30140, 49, 21)
(30141, 38, 15)
(30142, 50, 22)
(30143, 52, 23)
(30144, 49, 21)
(30145, 54, 24)
(120585/4, 47, 20)
(60293/2, 49, 21)
(120587/4, 50, 22)
(30147, 52, 23)
(120589/4, 54, 24)
(60295/2, 55, 25)
(120591/4, 56, 25)
(30148, 57, 26)
(120593/4, 59, 27)
(60297/2, 61, 28)
(120595/4, 57, 26)
(30149, 62, 29)
(120597/4, 64, 30)
(60299/2, 66, 31)
(120599/4, 61, 28)
(30150, 62, 29)
(60301/2, 50, 22)
(30151, 52, 23)
(30152, 54, 24)
(60305/2, 42, 17)
(30153, 47, 20)
(30154, 46, 19)
(30155, 47, 20)
(30156, 50, 22)
(30157, 42, 17)
(30158, 51, 22)
(60317/2, 47, 20)
(30159, 52, 23)
(30160, 52, 23)
(60321/2, 40, 16)
(30161, 47, 20)
(120663/4, 62, 29)
(30166, 61, 28)
(120665/4, 64, 30)
(60333/2, 69, 33)
(120667/4, 61, 28)
(30167, 62, 29)
(120671/4, 61, 28)
(30168, 59, 27)
(120673/4, 62, 29)
(60337/2, 66, 31)
(120675/4, 57, 26)
(30169, 56, 25)
(120677/4, 59, 27)
(60339/2, 62, 29)
(120679/4, 54, 24)
(30170, 52, 23)
(120683/4, 54, 24)
(30171, 52, 23)
(120687/4, 54, 24)
(30172, 52, 23)
(120695/4, 49, 21)
(30174, 49, 21)
(120699/4, 49, 21)
(30175, 49, 21)
(120703/4, 49, 21)
(30176, 49, 21)
(120711/4, 43, 18)
(30178, 42, 17)
(120715/4, 43, 18)
(30179, 42, 17)
(120719/4, 43, 18)
(30180, 42, 17)
(60371/2, 50, 22)
(30186, 49, 21)
(120745/4, 52, 23)
(60373/2, 55, 25)
(120747/4, 47, 20)
(30187, 46, 19)
(120749/4, 49, 21)
(60375/2, 52, 23)
(120751/4, 43, 18)
(30188, 42, 17)
(30191, 42, 17)
(30192, 42, 17)
(60387/2, 42, 17)
(30194, 49, 21)
(60389/2, 42, 17)
(30195, 49, 21)
(60391/2, 42, 17)
(30196, 50, 22)
(120787/4, 49, 21)
(30197, 47, 20)
(60395/2, 46, 19)
(30198, 59, 27)
(120795/4, 57, 26)
(30199, 55, 25)
(60399/2, 54, 24)
(30200, 55, 25)
(60401/2, 54, 24)
(30201, 55, 25)
(60403/2, 54, 24)
(30202, 55, 25)
(60407/2, 56, 25)
(30204, 54, 24)
(30205, 42, 17)
(30206, 47, 20)
(60427/2, 54, 24)
(30214, 59, 27)
(60429/2, 47, 20)
(120861/4, 49, 21)
(60431/2, 54, 24)
(120863/4, 54, 24)
(30216, 59, 27)
(60433/2, 47, 20)
(120869/4, 49, 21)
(60435/2, 54, 24)
(120871/4, 54, 24)
(30218, 59, 27)
(60437/2, 47, 20)
(120877/4, 52, 23)
(60439/2, 57, 26)
(120879/4, 55, 25)
(30220, 54, 24)
(120881/4, 52, 23)
(60441/2, 50, 22)
(120883/4, 49, 21)
(30221, 50, 22)
(120885/4, 52, 23)
(60443/2, 54, 24)
(120887/4, 52, 23)
(30222, 51, 22)
(30223, 50, 22)
(60447/2, 49, 21)
(30224, 54, 24)
(30225, 42, 17)
(30226, 47, 20)
(30230, 47, 20)
(60469/2, 66, 31)
(30235, 65, 30)
(60471/2, 64, 30)
(30236, 62, 29)
(60473/2, 67, 32)
(30237, 61, 28)
(60475/2, 66, 31)
(30238, 59, 27)
(60477/2, 64, 30)
(120955/4, 62, 29)
(30239, 61, 28)
(60479/2, 59, 27)
(30240, 58, 26)
(60481/2, 59, 27)
(30241, 55, 25)
(60483/2, 54, 24)
(30242, 53, 23)
(30245, 43, 18)
(30246, 42, 17)
(30266, 52, 23)
(121065/4, 51, 22)
(60533/2, 52, 23)
(121067/4, 51, 22)
(30267, 52, 23)
(121069/4, 47, 20)
(60535/2, 43, 18)
(121071/4, 47, 20)
(30268, 52, 23)
(121073/4, 51, 22)
(60537/2, 52, 23)
(121075/4, 51, 22)
(30269, 52, 23)
(121077/4, 47, 20)
(60539/2, 43, 18)
(121079/4, 47, 20)
(30270, 52, 23)
(121081/4, 47, 20)
(60541/2, 43, 18)
(121083/4, 47, 20)
(30271, 52, 23)
(121085/4, 54, 24)
(60543/2, 55, 25)
(121087/4, 52, 23)
(30272, 61, 28)
(30274, 54, 24)
(121097/4, 53, 23)
(60549/2, 54, 24)
(121099/4, 53, 23)
(30275, 54, 24)
(121101/4, 53, 23)
(60551/2, 54, 24)
(121103/4, 54, 24)
(30276, 42, 17)
(121113/4, 53, 23)
(60557/2, 54, 24)
(121115/4, 53, 23)
(30279, 54, 24)
(121117/4, 53, 23)
(60559/2, 54, 24)
(121119/4, 54, 24)
(30280, 42, 17)
(30286, 47, 20)
(30292, 47, 20)
(30295, 47, 20)
(30296, 47, 20)
(30297, 47, 20)
(30298, 47, 20)
(60597/2, 47, 20)
(30299, 47, 20)
(60599/2, 47, 20)
(30300, 47, 20)
(60601/2, 47, 20)
(30301, 47, 20)
(60603/2, 42, 17)
(30302, 47, 20)
(30307, 47, 20)
(30308, 47, 20)
