(0, 86, 43)
(3, 88, 44)
(9/2, 81, 40)
(6, 90, 45)
(15/2, 57, 26)
(8, 59, 27)
(17/2, 61, 28)
(9, 62, 29)
(39/4, 61, 28)
(21/2, 57, 26)
(11, 62, 29)
(23/2, 64, 30)
(12, 64, 30)
(13, 66, 31)
(14, 62, 29)
(29/2, 66, 31)
(31/2, 67, 32)
(16, 69, 33)
(33/2, 68, 32)
(17, 69, 33)
(35/2, 66, 31)
(18, 74, 36)
(37/2, 73, 35)
(19, 74, 36)
(21, 62, 29)
(21, 69, 33)
(21, 81, 40)
(43/2, 83, 41)
(45/2, 81, 40)
(24, 81, 40)
(51/2, 83, 41)
(53/2, 81, 40)
(27, 81, 40)
(57/2, 86, 43)
(30, 85, 42)
(63/2, 59, 27)
(32, 61, 28)
(65/2, 63, 29)
(33, 64, 30)
(67/2, 63, 29)
(34, 64, 30)
(69/2, 59, 27)
(35, 64, 30)
(71/2, 66, 31)
(36, 67, 32)
(73/2, 66, 31)
(37, 67, 32)
(75/2, 64, 30)
(38, 67, 32)
(77/2, 69, 33)
(39, 71, 34)
(79/2, 69, 33)
(40, 71, 34)
(81/2, 67, 32)
(41, 71, 34)
(83/2, 75, 36)
(42, 76, 37)
(85/2, 75, 36)
(43, 76, 37)
(45, 83, 41)
(93/2, 84, 42)
(95/2, 83, 41)
(48, 83, 41)
(99/2, 84, 42)
(101/2, 83, 41)
(51, 83, 41)
(105/2, 88, 44)
(54, 87, 43)
(111/2, 71, 34)
(57, 79, 39)
(117/2, 78, 38)
(119/2, 76, 37)
(60, 76, 37)
(123/2, 74, 36)
(125/2, 73, 35)
(127/2, 71, 34)
(66, 69, 33)
(133/2, 79, 39)
(68, 78, 38)
(69, 76, 37)
(72, 76, 37)
(73, 74, 36)
(76, 73, 35)
(77, 71, 34)
(78, 69, 33)
(159/2, 62, 29)
(80, 74, 36)
(163/2, 70, 33)
(165/2, 74, 36)
(84, 74, 36)
(171/2, 71, 34)
(87, 74, 36)
(177/2, 67, 32)
(177/2, 69, 33)
(179/2, 74, 36)
(90, 74, 36)
(183/2, 71, 34)
(93, 67, 32)
(96, 71, 34)
(195/2, 67, 32)
(99, 64, 30)
(102, 62, 29)
(207/2, 69, 33)
(105, 79, 39)
(213/2, 78, 38)
(215/2, 76, 37)
(108, 76, 37)
(109, 74, 36)
(110, 73, 35)
(221/2, 73, 35)
(112, 71, 34)
(113, 69, 33)
(114, 69, 33)
(231/2, 66, 31)
(233/2, 69, 33)
(117, 79, 39)
(237/2, 78, 38)
(239/2, 76, 37)
(120, 76, 37)
(243/2, 74, 36)
(245/2, 73, 35)
(123, 73, 35)
(249/2, 71, 34)
(251/2, 69, 33)
(126, 69, 33)
(255/2, 66, 31)
(257/2, 62, 29)
(129, 74, 36)
(261/2, 70, 33)
(263/2, 74, 36)
(132, 74, 36)
(267/2, 71, 34)
(135, 74, 36)
(273/2, 70, 33)
(275/2, 74, 36)
(138, 74, 36)
(279/2, 71, 34)
(281/2, 74, 36)
(141, 74, 36)
(285/2, 71, 34)
(287/2, 74, 36)
(144, 74, 36)
(291/2, 71, 34)
(293/2, 74, 36)
(147, 74, 36)
(297/2, 71, 34)
(299/2, 76, 37)
(150, 76, 37)
(303/2, 71, 34)
(305/2, 76, 37)
(153, 76, 37)
(309/2, 71, 34)
(311/2, 76, 37)
(156, 76, 37)
(315/2, 74, 36)
(317/2, 76, 37)
(159, 76, 37)
(321/2, 74, 36)
(323/2, 76, 37)
(162, 76, 37)
(327/2, 73, 35)
(329/2, 81, 40)
(165, 81, 40)
(333/2, 76, 37)
(335/2, 85, 42)
(168, 85, 42)
(339/2, 81, 40)
(171, 88, 44)
(343/2, 88, 44)
(345/2, 81, 40)
(347/2, 86, 43)
(174, 86, 43)
(177, 88, 44)
(357/2, 81, 40)
(180, 90, 45)
(363/2, 57, 26)
(182, 59, 27)
(365/2, 61, 28)
(183, 62, 29)
(367/2, 61, 28)
(184, 62, 29)
(369/2, 57, 26)
(185, 62, 29)
(371/2, 64, 30)
(186, 66, 31)
(373/2, 64, 30)
(187, 66, 31)
(375/2, 62, 29)
(188, 64, 30)
(377/2, 66, 31)
(189, 67, 32)
(379/2, 66, 31)
(190, 67, 32)
(381/2, 69, 33)
(191, 71, 34)
(383/2, 73, 35)
(192, 74, 36)
(385/2, 73, 35)
(193, 74, 36)
(387/2, 69, 33)
(194, 71, 34)
(389/2, 73, 35)
(195, 74, 36)
(391/2, 73, 35)
(196, 74, 36)
(393/2, 76, 37)
(197, 78, 38)
(395/2, 79, 39)
(198, 81, 40)
(397/2, 79, 39)
(199, 81, 40)
(399/2, 76, 37)
(200, 79, 39)
(401/2, 81, 40)
(201, 83, 41)
(403/2, 81, 40)
(202, 83, 41)
(405/2, 78, 38)
(203, 81, 40)
(407/2, 83, 41)
(204, 85, 42)
(409/2, 83, 41)
(205, 85, 42)
(411/2, 81, 40)
(206, 83, 41)
(413/2, 85, 42)
(207, 86, 43)
(415/2, 85, 42)
(208, 86, 43)
(417/2, 81, 40)
(209, 83, 41)
(419/2, 85, 42)
(210, 86, 43)
(421/2, 85, 42)
(211, 86, 43)
(423/2, 81, 40)
(212, 83, 41)
(425/2, 85, 42)
(213, 86, 43)
(427/2, 85, 42)
(214, 86, 43)
(429/2, 81, 40)
(215, 83, 41)
(431/2, 85, 42)
(216, 86, 43)
(433/2, 85, 42)
(217, 86, 43)
(435/2, 81, 40)
(218, 83, 41)
(437/2, 85, 42)
(219, 86, 43)
(439/2, 85, 42)
(220, 86, 43)
(441/2, 81, 40)
(221, 83, 41)
(443/2, 85, 42)
(222, 86, 43)
(445/2, 85, 42)
(223, 83, 41)
(447/2, 83, 41)
(224, 81, 40)
(449/2, 80, 39)
(225, 80, 39)
(451/2, 78, 38)
(226, 76, 37)
(453/2, 76, 37)
(227, 74, 36)
(455/2, 73, 35)
(228, 73, 35)
(459/2, 78, 38)
(231, 76, 37)
(465/2, 74, 36)
(234, 73, 35)
(471/2, 71, 34)
(237, 75, 36)
(477/2, 76, 37)
(240, 78, 38)
(243, 75, 36)
(489/2, 71, 34)
(246, 80, 39)
(495/2, 73, 35)
(249, 71, 34)
(250, 69, 33)
(252, 68, 32)
(253, 73, 35)
(509/2, 71, 34)
(256, 69, 33)
(258, 68, 32)
(519/2, 69, 33)
(261, 68, 32)
(525/2, 66, 31)
(264, 64, 30)
(531/2, 73, 35)
(282, 59, 27)
(565/2, 57, 26)
(283, 57, 26)
(567/2, 60, 28)
(284, 62, 29)
(569/2, 64, 30)
(285, 65, 31)
(571/2, 67, 32)
(286, 69, 33)
(573/2, 71, 34)
(287, 72, 35)
(575/2, 74, 36)
(288, 76, 37)
(306, 67, 32)
(613/2, 66, 31)
(307, 67, 32)
(615/2, 69, 33)
(308, 70, 34)
(617/2, 72, 35)
(309, 74, 36)
(619/2, 72, 35)
(310, 74, 36)
(621/2, 76, 37)
(311, 77, 38)
(623/2, 79, 39)
(312, 81, 40)
(321, 81, 40)
(643/2, 79, 39)
(322, 81, 40)
(645/2, 81, 40)
(324, 81, 40)
(327, 69, 33)
(657/2, 69, 33)
(333, 81, 40)
(667/2, 80, 39)
(334, 81, 40)
(669/2, 81, 40)
(336, 81, 40)
(338, 69, 33)
(342, 81, 40)
(345, 69, 33)
(348, 76, 37)
(354, 64, 30)
(715/2, 64, 30)
(360, 76, 37)
(362, 74, 36)
(363, 73, 35)
(366, 73, 35)
(737/2, 71, 34)
(369, 68, 32)
(370, 64, 30)
(372, 76, 37)
(375, 74, 36)
(753/2, 73, 35)
(378, 73, 35)
(761/2, 71, 34)
(381, 62, 29)
(381, 66, 31)
(384, 69, 33)
(393, 64, 30)
(394, 69, 33)
(396, 69, 33)
(795/2, 68, 32)
(399, 68, 32)
(399, 66, 31)
(801/2, 64, 30)
(402, 64, 30)
(404, 69, 33)
(811/2, 64, 30)
(408, 76, 37)
(411, 74, 36)
(412, 73, 35)
(414, 73, 35)
(416, 71, 34)
(833/2, 66, 31)
(835/2, 67, 32)
(837/2, 64, 30)
(420, 76, 37)
(421, 75, 36)
(845/2, 74, 36)
(424, 73, 35)
(426, 73, 35)
(857/2, 71, 34)
(429, 68, 32)
(430, 64, 30)
(432, 69, 33)
(435, 68, 32)
(436, 66, 31)
(438, 66, 31)
(444, 64, 30)
(452, 64, 30)
(456, 62, 29)
(927/2, 65, 31)
(465, 64, 30)
(466, 62, 29)
(468, 61, 28)
(951/2, 64, 30)
(477, 74, 36)
(478, 73, 35)
(959/2, 71, 34)
(480, 71, 34)
(963/2, 69, 33)
(483, 68, 32)
(967/2, 68, 32)
(969/2, 66, 31)
(971/2, 64, 30)
(486, 69, 33)
(975/2, 64, 30)
(977/2, 74, 36)
(490, 73, 35)
(983/2, 71, 34)
(492, 71, 34)
(987/2, 69, 33)
(495, 68, 32)
(991/2, 68, 32)
(993/2, 66, 31)
(995/2, 64, 30)
(498, 69, 33)
(999/2, 64, 30)
(501, 79, 39)
(1005/2, 78, 38)
(1007/2, 76, 37)
(504, 76, 37)
(1011/2, 74, 36)
(1013/2, 73, 35)
(507, 73, 35)
(1017/2, 71, 34)
(1019/2, 69, 33)
(510, 81, 40)
(1023/2, 78, 38)
(513, 76, 37)
(514, 73, 35)
(515, 74, 36)
(516, 76, 37)
(1035/2, 73, 35)
(519, 74, 36)
(1043/2, 71, 34)
(522, 69, 33)
(1047/2, 64, 30)
(524, 66, 31)
(1049/2, 67, 32)
(525, 69, 33)
(1051/2, 67, 32)
(2103/4, 69, 33)
(2105/4, 64, 30)
(1053/2, 69, 33)
(2107/4, 71, 34)
(528, 73, 35)
(1057/2, 71, 34)
(529, 73, 35)
(1059/2, 69, 33)
(530, 73, 35)
(1061/2, 74, 36)
(531, 76, 37)
(1063/2, 75, 36)
(532, 76, 37)
(1065/2, 73, 35)
(533, 76, 37)
(1067/2, 78, 38)
(534, 79, 39)
(1069/2, 78, 38)
(535, 76, 37)
(1071/2, 74, 36)
(536, 73, 35)
(1073/2, 76, 37)
(537, 79, 39)
(1075/2, 78, 38)
(538, 76, 37)
(1077/2, 74, 36)
(539, 73, 35)
(1079/2, 76, 37)
(540, 79, 39)
(1621/3, 78, 38)
(1622/3, 76, 37)
(541, 74, 36)
(1624/3, 73, 35)
(1625/3, 71, 34)
(542, 67, 32)
(543, 69, 33)
(1087/2, 67, 32)
(544, 66, 31)
(1089/2, 64, 30)
(545, 62, 29)
(1091/2, 61, 28)
(546, 59, 27)
(1095/2, 66, 31)
(548, 68, 32)
(1097/2, 70, 33)
(549, 71, 34)
(1099/2, 70, 33)
(550, 71, 34)
(1101/2, 66, 31)
(551, 71, 34)
(1103/2, 73, 35)
(552, 74, 36)
(1657/3, 73, 35)
(1658/3, 74, 36)
(553, 71, 34)
(1107/2, 74, 36)
(1109/2, 76, 37)
(555, 78, 38)
(1111/2, 76, 37)
(556, 78, 38)
(1113/2, 74, 36)
(557, 78, 38)
(1115/2, 80, 39)
(558, 81, 40)
(1117/2, 80, 39)
(559, 78, 38)
(1119/2, 76, 37)
(560, 75, 36)
(1121/2, 78, 38)
(561, 81, 40)
(1123/2, 80, 39)
(562, 78, 38)
(1125/2, 76, 37)
(563, 75, 36)
(1127/2, 78, 38)
(564, 81, 40)
(1129/2, 80, 39)
(565, 78, 38)
(1131/2, 76, 37)
(566, 75, 36)
(1133/2, 73, 35)
(567, 72, 34)
(1135/2, 69, 33)
(568, 68, 32)
(1137/2, 66, 31)
(569, 64, 30)
(1139/2, 63, 29)
(570, 61, 28)
(1143/2, 64, 30)
(572, 66, 31)
(1145/2, 68, 32)
(573, 69, 33)
(1147/2, 68, 32)
(574, 69, 33)
(1149/2, 71, 34)
(575, 73, 35)
(1151/2, 74, 36)
(576, 76, 37)
(1153/2, 75, 36)
(577, 76, 37)
(1155/2, 78, 38)
(578, 80, 39)
(1157/2, 81, 40)
(579, 83, 41)
(1159/2, 81, 40)
(580, 83, 41)
(1161/2, 85, 42)
(581, 86, 43)
(1163/2, 83, 41)
(582, 88, 44)
(1167/2, 64, 30)
(584, 66, 31)
(1169/2, 68, 32)
(585, 69, 33)
(1171/2, 68, 32)
(586, 69, 33)
(1173/2, 71, 34)
(587, 73, 35)
(1175/2, 74, 36)
(588, 76, 37)
(1177/2, 75, 36)
(589, 76, 37)
(1179/2, 78, 38)
(590, 80, 39)
(1181/2, 81, 40)
(591, 83, 41)
(1183/2, 81, 40)
(592, 83, 41)
(1185/2, 85, 42)
(593, 86, 43)
(1187/2, 83, 41)
(594, 88, 44)
(1191/2, 66, 31)
(596, 67, 32)
(1193/2, 70, 33)
(597, 71, 34)
(1195/2, 70, 33)
(598, 71, 34)
(1197/2, 74, 36)
(599, 73, 35)
(1199/2, 71, 34)
(600, 69, 33)
(1201/2, 71, 34)
(601, 73, 35)
(1203/2, 74, 36)
(602, 76, 37)
(1205/2, 78, 38)
(603, 79, 39)
(1207/2, 78, 38)
(604, 79, 39)
(1209/2, 81, 40)
(605, 83, 41)
(1211/2, 85, 42)
(606, 86, 43)
(1215/2, 88, 44)
(608, 90, 45)
(1217/2, 91, 46)
(609, 81, 40)
(1219/2, 91, 46)
(610, 90, 45)
(1221/2, 88, 44)
(611, 87, 43)
(1223/2, 90, 45)
(612, 81, 40)
(1225/2, 92, 46)
(613, 90, 45)
(1227/2, 88, 44)
(614, 87, 43)
(1229/2, 90, 45)
(615, 81, 40)
(1231/2, 92, 46)
(616, 90, 45)
(1233/2, 88, 44)
(617, 87, 43)
(1235/2, 90, 45)
(618, 81, 40)
(1237/2, 92, 46)
(619, 90, 45)
(1239/2, 88, 44)
(620, 86, 43)
(1241/2, 85, 42)
(621, 83, 41)
(1243/2, 81, 40)
(622, 80, 39)
(1245/2, 78, 38)
(623, 81, 40)
(1247/2, 80, 39)
(624, 78, 38)
(1249/2, 76, 37)
(625, 74, 36)
(1251/2, 73, 35)
(626, 71, 34)
(1253/2, 69, 33)
(627, 68, 32)
(1255/2, 66, 31)
(628, 64, 30)
(1257/2, 62, 29)
(629, 61, 28)
(1259/2, 59, 27)
(630, 57, 26)
(1261/2, 71, 34)
(632, 64, 30)
(636, 73, 35)
(654, 64, 30)
(1309/2, 62, 29)
(655, 64, 30)
(1311/2, 65, 31)
(656, 67, 32)
(1313/2, 69, 33)
(2627/4, 70, 34)
(2629/4, 72, 35)
(2631/4, 74, 36)
(2633/4, 76, 37)
(2635/4, 77, 38)
(2637/4, 79, 39)
(660, 81, 40)
(678, 61, 28)
(1357/2, 59, 27)
(679, 61, 28)
(1359/2, 62, 29)
(680, 64, 30)
(1361/2, 65, 31)
(681, 67, 32)
(1363/2, 69, 33)
(682, 71, 34)
(1365/2, 73, 35)
(683, 74, 36)
(1367/2, 76, 37)
(684, 77, 38)
(693, 86, 43)
(1387/2, 85, 42)
(694, 86, 43)
(1389/2, 86, 43)
(696, 74, 36)
(705, 86, 43)
(1411/2, 85, 42)
(706, 86, 43)
(708, 74, 36)
(714, 74, 36)
(1443/2, 57, 26)
(722, 61, 28)
(1445/2, 62, 29)
(723, 64, 30)
(1447/2, 62, 29)
(724, 64, 30)
(1449/2, 61, 28)
(725, 64, 30)
(726, 67, 32)
(727, 64, 30)
(1455/2, 67, 32)
(728, 70, 34)
(1457/2, 70, 34)
(729, 67, 32)
(1459/2, 69, 33)
(730, 70, 34)
(732, 73, 35)
(1465/2, 71, 34)
(733, 73, 35)
(1467/2, 69, 33)
(734, 73, 35)
(1469/2, 76, 37)
(735, 74, 36)
(1471/2, 73, 35)
(738, 79, 39)
(1477/2, 78, 38)
(739, 79, 39)
(1479/2, 76, 37)
(740, 79, 39)
(1481/2, 81, 40)
(741, 83, 41)
(1483/2, 81, 40)
(742, 83, 41)
(1485/2, 76, 37)
(743, 78, 38)
(743, 81, 40)
(1487/2, 81, 40)
(744, 83, 41)
(1489/2, 81, 40)
(745, 83, 41)
(1491/2, 81, 40)
(746, 83, 41)
(1493/2, 85, 42)
(747, 81, 40)
(1495/2, 83, 41)
(750, 88, 44)
(1503/2, 81, 40)
(756, 90, 45)
(762, 69, 33)
(762, 81, 40)
(762, 62, 29)
(763, 74, 36)
(763, 78, 38)
(1529/2, 74, 36)
(768, 69, 33)
(1539/2, 81, 40)
(771, 85, 42)
(1543/2, 83, 41)
(1545/2, 81, 40)
(774, 81, 40)
(775, 85, 42)
(1551/2, 83, 41)
(1553/2, 81, 40)
(777, 81, 40)
(1557/2, 88, 44)
(780, 85, 42)
(1563/2, 59, 27)
(782, 61, 28)
(1565/2, 63, 29)
(783, 64, 30)
(1567/2, 63, 29)
(784, 64, 30)
(1569/2, 59, 27)
(785, 64, 30)
(786, 67, 32)
(787, 64, 30)
(1575/2, 67, 32)
(788, 69, 33)
(1577/2, 71, 34)
(789, 69, 33)
(1579/2, 71, 34)
(790, 67, 32)
(1581/2, 71, 34)
(791, 73, 35)
(791, 76, 37)
(792, 73, 35)
(792, 76, 37)
(1585/2, 74, 36)
(793, 71, 34)
(1587/2, 83, 41)
(795, 84, 42)
(796, 83, 41)
(798, 83, 41)
(799, 84, 42)
(800, 83, 41)
(1603/2, 88, 44)
(804, 87, 43)
(1611/2, 71, 34)
(807, 79, 39)
(1617/2, 78, 38)
(810, 74, 36)
(811, 73, 35)
(816, 71, 34)
(817, 69, 33)
(822, 69, 33)
(1647/2, 69, 33)
(824, 79, 39)
(1651/2, 78, 38)
(1653/2, 76, 37)
(828, 76, 37)
(1659/2, 74, 36)
(1661/2, 73, 35)
(831, 73, 35)
(1665/2, 71, 34)
(834, 69, 33)
(1671/2, 62, 29)
(836, 74, 36)
(837, 70, 33)
(838, 74, 36)
(840, 74, 36)
(841, 71, 34)
(846, 74, 36)
(1695/2, 71, 34)
(849, 64, 30)
(850, 67, 32)
(852, 71, 34)
(853, 69, 33)
(854, 67, 32)
(1711/2, 64, 30)
(858, 62, 29)
(1719/2, 66, 31)
(1721/2, 69, 33)
(861, 74, 36)
(1725/2, 69, 33)
(1727/2, 74, 36)
(864, 74, 36)
(1731/2, 71, 34)
(868, 74, 36)
(870, 74, 36)
(871, 71, 34)
(872, 74, 36)
(873, 71, 34)
(874, 74, 36)
(876, 74, 36)
(1755/2, 71, 34)
(1757/2, 74, 36)
(879, 74, 36)
(1759/2, 71, 34)
(880, 74, 36)
(882, 74, 36)
(1767/2, 70, 34)
(1769/2, 74, 36)
(885, 74, 36)
(886, 70, 34)
(887, 76, 37)
(888, 70, 34)
(889, 76, 37)
(1779/2, 76, 37)
(1781/2, 70, 34)
(1783/2, 76, 37)
(894, 75, 37)
(1791/2, 70, 34)
(1793/2, 75, 37)
(897, 75, 37)
(1797/2, 70, 34)
(900, 75, 37)
(1803/2, 72, 35)
(1805/2, 75, 37)
(903, 75, 37)
(1809/2, 72, 35)
(1811/2, 77, 38)
(906, 77, 38)
(909, 75, 37)
(1821/2, 74, 36)
(912, 74, 36)
(1829/2, 72, 35)
(915, 69, 33)
(1833/2, 65, 31)
(918, 77, 38)
(1839/2, 76, 37)
(921, 75, 37)
(1845/2, 74, 36)
(924, 74, 36)
(1853/2, 72, 35)
(927, 69, 33)
(1857/2, 65, 31)
(930, 70, 34)
(939, 65, 31)
(1881/2, 70, 34)
(942, 70, 34)
(943, 69, 33)
(1889/2, 69, 33)
(1889/2, 67, 32)
(946, 65, 31)
(948, 65, 31)
(951, 62, 29)
(957, 60, 28)
(958, 58, 27)
(966, 62, 29)
(1935/2, 61, 29)
(1937/2, 61, 28)
(970, 58, 27)
(972, 63, 30)
(976, 65, 31)
(978, 77, 38)
(981, 74, 36)
(1965/2, 70, 34)
(984, 77, 38)
(987, 74, 36)
(1977/2, 69, 33)
(990, 77, 38)
(993, 74, 36)
(1989/2, 67, 32)
(996, 67, 32)
(1003, 68, 32)
(1004, 69, 33)
(2011/2, 71, 34)
(1008, 72, 35)
(1011, 74, 36)
(2025/2, 67, 32)
(1014, 76, 37)
(1015, 73, 35)
(1020, 72, 35)
(1023, 74, 36)
(1024, 67, 32)
(1026, 76, 37)
(2055/2, 73, 35)
(2061/2, 67, 32)
(1031, 69, 33)
(2063/2, 71, 34)
(1032, 72, 35)
(2065/2, 71, 34)
(1033, 72, 35)
(2067/2, 67, 32)
(1034, 72, 35)
(2069/2, 74, 36)
(1035, 76, 37)
(2073/2, 67, 32)
(1037, 72, 35)
(2075/2, 74, 36)
(1038, 76, 37)
(2077/2, 74, 36)
(1039, 76, 37)
(2079/2, 72, 35)
(1040, 76, 37)
(2081/2, 77, 38)
(1041, 79, 39)
(1044, 64, 30)
(1047, 65, 31)
(2097/2, 62, 29)
(1050, 61, 28)
(2109/2, 64, 30)
(1055, 66, 31)
(2111/2, 66, 31)
(2111/2, 67, 32)
(1056, 69, 33)
(2113/2, 68, 32)
(1057, 69, 33)
(2115/2, 64, 30)
(1058, 69, 33)
(2117/2, 71, 34)
(1059, 73, 35)
(2121/2, 69, 33)
(1061, 73, 35)
(2123/2, 74, 36)
(1062, 76, 37)
(2125/2, 74, 36)
(1063, 76, 37)
(2127/2, 73, 35)
(1064, 76, 37)
(2129/2, 77, 38)
(1065, 79, 39)
(1068, 74, 36)
(1071, 70, 34)
(1072, 67, 32)
(1074, 66, 31)
(1080, 74, 36)
(1083, 75, 37)
(2169/2, 69, 33)
(1086, 74, 36)
(1087, 67, 32)
(2177/2, 72, 35)
(2183/2, 71, 34)
(1092, 71, 34)
(2187/2, 79, 39)
(2193/2, 77, 38)
(1099, 75, 37)
(1102, 74, 36)
(2205/2, 72, 35)
(2207/2, 71, 34)
(1104, 72, 35)
(2211/2, 72, 35)
(2235/2, 69, 33)
(1118, 71, 34)
(2237/2, 73, 35)
(1119, 74, 36)
(2239/2, 73, 35)
(1120, 74, 36)
(2241/2, 76, 37)
(1121, 77, 38)
(2243/2, 79, 39)
(1122, 81, 40)
(2245/2, 79, 39)
(1123, 81, 40)
(2247/2, 69, 33)
(1125, 73, 35)
(2251/2, 71, 34)
(1126, 73, 35)
(2253/2, 76, 37)
(1128, 74, 36)
(2257/2, 73, 35)
(1129, 74, 36)
(2259/2, 77, 38)
(1131, 82, 41)
(2263/2, 81, 40)
(1132, 82, 41)
(2265/2, 79, 39)
(1134, 86, 43)
(1137, 87, 44)
(2277/2, 81, 40)
(1140, 86, 43)
(2283/2, 79, 39)
(1143, 84, 42)
(2291/2, 84, 42)
(1146, 83, 41)
(2295/2, 79, 39)
(1149, 82, 41)
(2303/2, 82, 41)
(1152, 81, 40)
(2307/2, 77, 38)
(1155, 81, 40)
(2315/2, 81, 40)
(1158, 80, 39)
(1161, 79, 39)
(1164, 78, 38)
(1167, 73, 35)
(1167, 77, 38)
(1170, 55, 25)
(1170, 63, 30)
(1170, 75, 37)
(2343/2, 58, 27)
(1172, 60, 28)
(2345/2, 62, 29)
(4691/4, 63, 30)
(4693/4, 62, 29)
(4695/4, 63, 30)
(4697/4, 58, 27)
(4699/4, 63, 30)
(1175, 65, 31)
(1176, 67, 32)
(1182, 82, 41)
(2365/2, 84, 42)
(1183, 86, 43)
(2367/2, 87, 44)
(1184, 86, 43)
(2369/2, 87, 44)
(1185, 82, 41)
(2371/2, 87, 44)
(1186, 89, 45)
(1188, 91, 46)
(2379/2, 82, 41)
(1191, 79, 39)
(2385/2, 75, 37)
(1194, 74, 36)
(2391/2, 55, 25)
(1196, 59, 27)
(2393/2, 57, 26)
(1197, 61, 28)
(2395/2, 62, 29)
(7187/6, 61, 28)
(7189/6, 62, 29)
(2397/2, 59, 27)
(1199, 62, 29)
(2399/2, 64, 30)
(1200, 65, 31)
(2415/2, 81, 40)
(1208, 83, 41)
(2417/2, 85, 42)
(1209, 86, 43)
(1210, 85, 42)
(1211, 86, 43)
(2423/2, 83, 41)
(1212, 89, 45)
(2427/2, 77, 38)
(2429/2, 76, 37)
(1216, 74, 36)
(1218, 73, 35)
(2439/2, 57, 26)
(1220, 61, 28)
(1220, 73, 35)
(2441/2, 62, 29)
(1221, 64, 30)
(2443/2, 62, 29)
(1222, 64, 30)
(2445/2, 61, 28)
(1223, 64, 30)
(2447/2, 66, 31)
(1224, 67, 32)
(2449/2, 66, 31)
(1225, 67, 32)
(2451/2, 64, 30)
(1226, 67, 32)
(2453/2, 69, 33)
(1227, 70, 34)
(2455/2, 69, 33)
(1228, 70, 34)
(2457/2, 67, 32)
(1229, 69, 33)
(2459/2, 70, 34)
(1230, 73, 35)
(2461/2, 71, 34)
(1231, 73, 35)
(2463/2, 64, 30)
(1232, 69, 33)
(2465/2, 71, 34)
(1233, 73, 35)
(2467/2, 71, 34)
(1234, 73, 35)
(2469/2, 69, 33)
(1235, 73, 35)
(2471/2, 74, 36)
(1236, 76, 37)
(2473/2, 74, 36)
(1237, 76, 37)
(2475/2, 69, 33)
(1238, 75, 36)
(2477/2, 76, 37)
(1239, 78, 38)
(2479/2, 76, 37)
(1240, 78, 38)
(2481/2, 69, 33)
(1241, 76, 37)
(2483/2, 78, 38)
(1242, 79, 39)
(2487/2, 81, 40)
(2489/2, 91, 46)
(1246, 90, 45)
(2495/2, 88, 44)
(1248, 88, 44)
(1249, 86, 43)
(2501/2, 85, 42)
(1251, 85, 42)
(1252, 83, 41)
(2507/2, 81, 40)
(1254, 81, 40)
(2511/2, 78, 38)
(2513/2, 69, 33)
(1257, 79, 39)
(2517/2, 78, 38)
(2519/2, 76, 37)
(1260, 76, 37)
(2523/2, 74, 36)
(2525/2, 73, 35)
(1263, 73, 35)
(2529/2, 71, 34)
(2531/2, 69, 33)
(1266, 69, 33)
(2535/2, 66, 31)
(1269, 62, 29)
(2539/2, 74, 36)
(2541/2, 70, 33)
(2543/2, 74, 36)
(1272, 74, 36)
(2547/2, 71, 34)
(1275, 74, 36)
(2553/2, 70, 33)
(2555/2, 74, 36)
(1278, 74, 36)
(2559/2, 71, 34)
(1281, 64, 30)
(1282, 66, 31)
(2567/2, 67, 32)
(1284, 71, 34)
(2571/2, 69, 33)
(2573/2, 67, 32)
(2575/2, 64, 30)
(1290, 62, 29)
(2583/2, 66, 31)
(2585/2, 69, 33)
(1293, 74, 36)
(2589/2, 70, 33)
(2591/2, 74, 36)
(1296, 74, 36)
(2595/2, 71, 34)
(1299, 74, 36)
(2601/2, 70, 33)
(2603/2, 74, 36)
(1302, 74, 36)
(2607/2, 71, 34)
(2609/2, 74, 36)
(1305, 74, 36)
(2613/2, 71, 34)
(2615/2, 74, 36)
(1308, 74, 36)
(2619/2, 71, 34)
(2621/2, 74, 36)
(1311, 74, 36)
(2625/2, 71, 34)
(2627/2, 74, 36)
(1314, 74, 36)
(2631/2, 70, 34)
(2633/2, 74, 36)
(1317, 74, 36)
(2637/2, 70, 34)
(2639/2, 74, 36)
(1320, 72, 35)
(2643/2, 70, 34)
(2645/2, 72, 35)
(1323, 72, 35)
(2649/2, 70, 34)
(2651/2, 72, 35)
(1326, 72, 35)
(2655/2, 69, 33)
(2657/2, 72, 35)
(1329, 72, 35)
(2661/2, 69, 33)
(2663/2, 72, 35)
(1332, 71, 34)
(2667/2, 69, 33)
(1335, 71, 34)
(2671/2, 71, 34)
(2673/2, 69, 33)
(2675/2, 71, 34)
(1338, 71, 34)
(1339, 66, 31)
(1340, 67, 32)
(1341, 71, 34)
(2683/2, 71, 34)
(2685/2, 67, 32)
(2687/2, 71, 34)
(1344, 70, 34)
(2691/2, 67, 32)
(2693/2, 70, 34)
(1347, 70, 34)
(2697/2, 67, 32)
(2699/2, 76, 37)
(1350, 76, 37)
(2703/2, 69, 33)
(2705/2, 76, 37)
(1353, 76, 37)
(2709/2, 69, 33)
(2711/2, 76, 37)
(1356, 76, 37)
(2715/2, 69, 33)
(2717/2, 76, 37)
(1359, 76, 37)
(2721/2, 69, 33)
(2723/2, 81, 40)
(1362, 81, 40)
(1364, 79, 39)
(2731/2, 78, 38)
(1368, 78, 38)
(2741/2, 76, 37)
(1371, 73, 35)
(2745/2, 69, 33)
(1374, 81, 40)
(1376, 79, 39)
(2755/2, 78, 38)
(1380, 78, 38)
(1382, 76, 37)
(2765/2, 73, 35)
(2767/2, 69, 33)
(1386, 74, 36)
(1394, 69, 33)
(2791/2, 74, 36)
(1398, 74, 36)
(2799/2, 73, 35)
(1401, 73, 35)
(1401, 71, 34)
(2805/2, 69, 33)
(1404, 69, 33)
(1407, 74, 36)
(2817/2, 69, 33)
(1410, 81, 40)
(1412, 79, 39)
(2827/2, 78, 38)
(1416, 78, 38)
(2837/2, 76, 37)
(1419, 73, 35)
(2841/2, 69, 33)
(1422, 81, 40)
(1423, 80, 39)
(2849/2, 79, 39)
(1426, 78, 38)
(1428, 78, 38)
(2861/2, 76, 37)
(1431, 73, 35)
(2865/2, 69, 33)
(1434, 74, 36)
(1437, 73, 35)
(2877/2, 71, 34)
(1446, 69, 33)
(1455, 69, 33)
(1458, 67, 32)
(2919/2, 66, 31)
(2921/2, 67, 32)
(1462, 70, 33)
(1464, 71, 34)
(2931/2, 73, 35)
(1467, 74, 36)
(2955/2, 69, 33)
(1479, 79, 39)
(2961/2, 78, 38)
(2963/2, 76, 37)
(1482, 76, 37)
(2967/2, 74, 36)
(2969/2, 73, 35)
(1485, 73, 35)
(2973/2, 71, 34)
(2975/2, 69, 33)
(1488, 74, 36)
(1489, 69, 33)
(2981/2, 79, 39)
(1492, 78, 38)
(2987/2, 76, 37)
(1494, 76, 37)
(2991/2, 74, 36)
(1497, 73, 35)
(2995/2, 73, 35)
(2997/2, 71, 34)
(2999/2, 69, 33)
(1500, 74, 36)
(1501, 74, 36)
(1502, 84, 42)
(1503, 83, 41)
(1504, 81, 40)
(1506, 81, 40)
(1507, 79, 39)
(3017/2, 78, 38)
(1509, 78, 38)
(1510, 76, 37)
(3023/2, 74, 36)
(1512, 86, 43)
(3027/2, 83, 41)
(1515, 81, 40)
(1516, 80, 39)
(1518, 81, 40)
(3039/2, 78, 38)
(3041/2, 79, 39)
(1523, 76, 37)
(1524, 74, 36)
(3051/2, 69, 33)
(9155/6, 71, 34)
(9157/6, 73, 35)
(3053/2, 74, 36)
(1527, 73, 35)
(3055/2, 74, 36)
(1528, 69, 33)
(3057/2, 74, 36)
(1529, 76, 37)
(1530, 78, 38)
(4591/3, 76, 37)
(4592/3, 78, 38)
(1531, 74, 36)
(3063/2, 78, 38)
(1532, 79, 39)
(3065/2, 81, 40)
(1533, 80, 39)
(3067/2, 81, 40)
(1534, 78, 38)
(3069/2, 81, 40)
(1535, 83, 41)
(1536, 84, 42)
(3073/2, 83, 41)
(1537, 81, 40)
(3075/2, 79, 39)
(1538, 78, 38)
(3077/2, 81, 40)
(1539, 84, 42)
(3079/2, 83, 41)
(1540, 81, 40)
(3081/2, 79, 39)
(1541, 78, 38)
(3083/2, 81, 40)
(1542, 84, 42)
(3085/2, 83, 41)
(1543, 81, 40)
(3087/2, 79, 39)
(1544, 78, 38)
(3089/2, 76, 37)
(1545, 75, 36)
(3091/2, 72, 35)
(1546, 71, 34)
(3093/2, 69, 33)
(1547, 67, 32)
(3095/2, 66, 31)
(1548, 64, 30)
(3099/2, 71, 34)
(1550, 73, 35)
(3101/2, 75, 36)
(1551, 76, 37)
(3103/2, 75, 36)
(1552, 76, 37)
(3105/2, 71, 34)
(1553, 76, 37)
(3107/2, 78, 38)
(1554, 79, 39)
(3109/2, 78, 38)
(1555, 79, 39)
(3111/2, 76, 37)
(1556, 79, 39)
(3113/2, 81, 40)
(1557, 83, 41)
(3115/2, 81, 40)
(1558, 83, 41)
(3117/2, 80, 39)
(1559, 83, 41)
(3119/2, 85, 42)
(1560, 86, 43)
(3121/2, 85, 42)
(1561, 83, 41)
(3123/2, 81, 40)
(1562, 80, 39)
(3125/2, 83, 41)
(1563, 86, 43)
(3127/2, 85, 42)
(1564, 83, 41)
(3129/2, 81, 40)
(1565, 80, 39)
(3131/2, 83, 41)
(1566, 86, 43)
(3133/2, 85, 42)
(1567, 83, 41)
(3135/2, 81, 40)
(1568, 80, 39)
(3137/2, 78, 38)
(1569, 77, 37)
(3139/2, 74, 36)
(1570, 73, 35)
(3141/2, 71, 34)
(1571, 69, 33)
(3143/2, 68, 32)
(1572, 66, 31)
(3147/2, 69, 33)
(1574, 71, 34)
(3149/2, 73, 35)
(1575, 74, 36)
(3151/2, 73, 35)
(1576, 74, 36)
(3153/2, 76, 37)
(1577, 78, 38)
(3155/2, 79, 39)
(1578, 81, 40)
(3157/2, 80, 39)
(1579, 81, 40)
(3159/2, 83, 41)
(1580, 85, 42)
(3161/2, 86, 43)
(1581, 88, 44)
(3163/2, 85, 42)
(1582, 86, 43)
(3165/2, 88, 44)
(1583, 91, 46)
(3167/2, 91, 46)
(1584, 81, 40)
(3171/2, 69, 33)
(1586, 71, 34)
(3173/2, 73, 35)
(1587, 74, 36)
(3175/2, 73, 35)
(1588, 74, 36)
(3177/2, 76, 37)
(1589, 78, 38)
(3179/2, 79, 39)
(1590, 81, 40)
(3181/2, 80, 39)
(1591, 81, 40)
(3183/2, 83, 41)
(1592, 85, 42)
(3185/2, 86, 43)
(1593, 88, 44)
(3187/2, 85, 42)
(1594, 86, 43)
(3189/2, 88, 44)
(1595, 90, 45)
(3191/2, 91, 46)
(1596, 83, 41)
(3193/2, 91, 46)
(1597, 90, 45)
(3195/2, 90, 45)
(1598, 88, 44)
(3197/2, 86, 43)
(1599, 86, 43)
(3199/2, 85, 42)
(1600, 83, 41)
(3201/2, 86, 43)
(1601, 85, 42)
(3203/2, 83, 41)
(1602, 81, 40)
(3205/2, 79, 39)
(1603, 78, 38)
(3207/2, 76, 37)
(1604, 74, 36)
(3209/2, 73, 35)
(1605, 71, 34)
(3211/2, 69, 33)
(1606, 67, 32)
(3213/2, 66, 31)
(1607, 64, 30)
(3215/2, 62, 29)
(1608, 69, 33)
(3217/2, 74, 36)
(1609, 78, 38)
(3219/2, 81, 40)
(1610, 80, 39)
(3221/2, 81, 40)
(1611, 71, 34)
(3223/2, 74, 36)
(1612, 78, 38)
(3225/2, 83, 41)
(1613, 82, 40)
(3227/2, 83, 41)
(1614, 71, 34)
(3229/2, 76, 37)
(1615, 79, 39)
(3231/2, 83, 41)
(1616, 82, 40)
(3233/2, 83, 41)
(1617, 73, 35)
(3235/2, 76, 37)
(1618, 81, 40)
(3237/2, 85, 42)
(1619, 83, 41)
(3239/2, 85, 42)
(1620, 74, 36)
(3241/2, 78, 38)
(1621, 83, 41)
(3243/2, 86, 43)
(1623, 60, 28)
(3247/2, 66, 31)
(1624, 69, 33)
(3249/2, 76, 37)
(1626, 62, 29)
(3253/2, 67, 32)
(1627, 69, 33)
(3255/2, 71, 34)
(1629, 57, 26)
(3259/2, 59, 27)
(1630, 60, 28)
(3261/2, 60, 28)
(1631, 64, 30)
(3263/2, 66, 31)
(1632, 67, 32)
(3265/2, 66, 31)
(1633, 67, 32)
(3267/2, 55, 25)
(1644, 76, 37)
(1647, 78, 38)
(3297/2, 71, 34)
(1650, 76, 37)
(3303/2, 69, 33)
(1653, 74, 36)
(3311/2, 73, 35)
(1656, 73, 35)
(3315/2, 81, 40)
(3321/2, 79, 39)
(3327/2, 78, 38)
(1664, 79, 39)
(3329/2, 81, 40)
(1665, 83, 41)
(3331/2, 81, 40)
(1666, 83, 41)
(3333/2, 85, 42)
(1667, 86, 43)
(3335/2, 88, 44)
(1668, 90, 45)
(3339/2, 81, 40)
(3343/2, 79, 39)
(3351/2, 78, 38)
(1676, 79, 39)
(3353/2, 81, 40)
(1677, 83, 41)
(3355/2, 81, 40)
(1678, 83, 41)
(3357/2, 85, 42)
(1679, 86, 43)
(3359/2, 88, 44)
(1680, 90, 45)
(3363/2, 81, 40)
(1683, 82, 41)
(3369/2, 76, 37)
(1686, 81, 40)
(1687, 74, 36)
(3377/2, 79, 39)
(3383/2, 77, 38)
(1692, 77, 38)
(1701, 78, 38)
(1704, 79, 39)
(1707, 79, 39)
(1710, 81, 40)
(1712, 80, 39)
(1716, 57, 26)
(3433/2, 59, 27)
(1717, 61, 28)
(3435/2, 62, 29)
(3439/2, 64, 30)
(1720, 66, 31)
(3441/2, 67, 32)
(3443/2, 64, 30)
(1722, 71, 34)
(3445/2, 69, 33)
(1723, 71, 34)
(3447/2, 67, 32)
(1724, 69, 33)
(3449/2, 70, 34)
(1725, 73, 35)
(3451/2, 70, 34)
(1726, 73, 35)
(3453/2, 69, 33)
(1728, 74, 36)
(3457/2, 73, 35)
(1729, 79, 39)
(3459/2, 78, 38)
(1730, 79, 39)
(3461/2, 81, 40)
(1731, 85, 42)
(1734, 86, 43)
(1737, 88, 44)
(3477/2, 81, 40)
(1746, 86, 43)
(1749, 88, 44)
(3501/2, 81, 40)
(1752, 85, 42)
(1758, 86, 43)
(1764, 81, 40)
(1767, 78, 38)
(1770, 74, 36)
(3543/2, 71, 34)
(1773, 69, 33)
(1776, 74, 36)
(3553/2, 73, 35)
(1777, 69, 33)
(3555/2, 73, 35)
(1778, 74, 36)
(3557/2, 61, 28)
(1779, 62, 29)
(1782, 78, 38)
(3565/2, 74, 36)
(1783, 78, 38)
(3567/2, 78, 38)
(3569/2, 79, 39)
(1785, 78, 38)
(3571/2, 79, 39)
(1786, 76, 37)
(1788, 85, 42)
(3577/2, 83, 41)
(1789, 81, 40)
(3579/2, 85, 42)
(1790, 86, 43)
(3581/2, 85, 42)
(3587/2, 81, 40)
(1794, 90, 45)
(3591/2, 85, 42)
(1800, 81, 40)
(3615/2, 91, 46)
(1809, 88, 44)
(3621/2, 85, 42)
(1812, 86, 43)
(3627/2, 81, 40)
(3631/2, 91, 46)
(3633/2, 90, 45)
(3635/2, 88, 44)
(1818, 88, 44)
(1819, 86, 43)
(1820, 85, 42)
(1821, 85, 42)
(3645/2, 83, 41)
(3647/2, 81, 40)
(1824, 86, 43)
(3651/2, 81, 40)
(1827, 90, 45)
(1828, 88, 44)
(1830, 88, 44)
(1831, 86, 43)
(3665/2, 85, 42)
(1833, 85, 42)
(3669/2, 83, 41)
(3671/2, 81, 40)
(1836, 86, 43)
(1839, 73, 35)
(3681/2, 74, 36)
(1842, 78, 38)
(1843, 79, 39)
(1844, 79, 39)
(1845, 81, 40)
(1848, 81, 40)
(1849, 83, 41)
(1850, 85, 42)
(1851, 86, 43)
(1852, 88, 44)
(1854, 88, 44)
(1855, 90, 45)
(1856, 91, 46)
(3713/2, 91, 46)
(3715/2, 81, 40)
(1858, 85, 42)
(1860, 86, 43)
(3721/2, 85, 42)
(1861, 86, 43)
(3723/2, 81, 40)
(1862, 90, 45)
(3725/2, 88, 44)
(1863, 81, 40)
(1866, 86, 43)
(3733/2, 85, 42)
(1867, 86, 43)
(3735/2, 78, 38)
(1868, 78, 38)
(1868, 79, 39)
(3737/2, 81, 40)
(1869, 79, 39)
(3739/2, 81, 40)
(1870, 69, 33)
(1872, 78, 38)
(3745/2, 76, 37)
(1873, 78, 38)
(3747/2, 69, 33)
(1874, 74, 36)
(3749/2, 67, 32)
(1875, 66, 31)
(3751/2, 67, 32)
(1878, 69, 33)
(3757/2, 62, 29)
(1879, 74, 36)
(3759/2, 78, 38)
(1880, 69, 33)
(3761/2, 74, 36)
(1881, 78, 38)
(3763/2, 86, 43)
(3763/2, 81, 40)
(3763/2, 73, 35)
(1884, 90, 45)
(1887, 81, 40)
(1890, 78, 38)
(3785/2, 57, 26)
(3785/2, 64, 30)
(1896, 62, 29)
(1896, 74, 36)
(10000, 62, 29)
(10000, 74, 36)
(10003, 74, 36)
(10003, 76, 37)
(20009/2, 73, 35)
(20009/2, 76, 37)
(10006, 74, 36)
(10006, 78, 38)
(20015/2, 57, 26)
(10008, 59, 27)
(20017/2, 62, 29)
(10009, 61, 28)
(20019/2, 62, 29)
(10010, 57, 26)
(20021/2, 62, 29)
(20023/2, 64, 30)
(10012, 66, 31)
(20027/2, 62, 29)
(10014, 66, 31)
(20029/2, 67, 32)
(10015, 69, 33)
(20031/2, 68, 32)
(10016, 69, 33)
(20033/2, 66, 31)
(10017, 69, 33)
(20035/2, 73, 35)
(10018, 74, 36)
(40075/4, 73, 35)
(10022, 62, 29)
(10022, 69, 33)
(10022, 78, 38)
(20045/2, 79, 39)
(20047/2, 78, 38)
(10024, 69, 33)
(10024, 78, 38)
(20051/2, 79, 39)
(20053/2, 78, 38)
(10027, 78, 38)
(20057/2, 74, 36)
(20061/2, 59, 27)
(10031, 61, 28)
(20063/2, 63, 29)
(10032, 64, 30)
(20065/2, 63, 29)
(10033, 64, 30)
(20067/2, 59, 27)
(10034, 64, 30)
(20069/2, 66, 31)
(10036, 67, 32)
(20073/2, 66, 31)
(10037, 67, 32)
(20075/2, 64, 30)
(10038, 69, 33)
(20077/2, 71, 34)
(20079/2, 67, 32)
(10040, 71, 34)
(20081/2, 73, 35)
(20081/2, 74, 36)
(10042, 76, 37)
(20085/2, 75, 36)
(10043, 76, 37)
(10045, 79, 39)
(20093/2, 81, 40)
(20095/2, 79, 39)
(10048, 81, 40)
(10049, 79, 39)
(20099/2, 79, 39)
(10054, 71, 34)
(10057, 64, 30)
(20173/2, 40, 16)
(20183/2, 41, 16)
(10102, 62, 29)
(10105, 71, 34)
(10108, 64, 30)
(10111, 64, 30)
(10114, 66, 31)
(10117, 69, 33)
(10120, 73, 35)
(10121, 74, 36)
(10126, 66, 31)
(20255/2, 73, 35)
(10129, 62, 29)
(10135, 62, 29)
(20285/2, 69, 33)
(20287/2, 71, 34)
(10144, 71, 34)
(20291/2, 67, 32)
(20293/2, 71, 34)
(10147, 71, 34)
(10148, 67, 32)
(10149, 71, 34)
(10150, 71, 34)
(20303/2, 67, 32)
(20305/2, 71, 34)
(10153, 71, 34)
(20309/2, 67, 32)
(20311/2, 74, 36)
(10156, 74, 36)
(20315/2, 71, 34)
(20317/2, 74, 36)
(10159, 74, 36)
(10160, 71, 34)
(10161, 73, 35)
(10162, 73, 35)
(20327/2, 69, 33)
(20329/2, 73, 35)
(10165, 73, 35)
(20333/2, 69, 33)
(20335/2, 76, 37)
(10168, 76, 37)
(20339/2, 73, 35)
(20341/2, 79, 39)
(10171, 79, 39)
(20345/2, 76, 37)
(20347/2, 74, 36)
(20347/2, 78, 38)
(10174, 74, 36)
(10174, 78, 38)
(10177, 74, 36)
(10177, 76, 37)
(20357/2, 73, 35)
(20357/2, 76, 37)
(10180, 74, 36)
(10180, 78, 38)
(10186, 62, 29)
(10186, 71, 34)
(10186, 74, 36)
(10188, 76, 37)
(20379/2, 69, 33)
(10192, 78, 38)
(10195, 79, 39)
(20399/2, 79, 39)
(10201, 78, 38)
(20405/2, 74, 36)
(10204, 79, 39)
(10207, 78, 38)
(10210, 76, 37)
(20423/2, 81, 40)
(10213, 80, 39)
(20429/2, 78, 38)
(10216, 76, 37)
(20435/2, 78, 38)
(10219, 71, 34)
(20441/2, 66, 31)
(10222, 64, 30)
(20453/2, 68, 32)
(10227, 69, 33)
(20455/2, 71, 34)
(10228, 69, 33)
(20459/2, 74, 36)
(20461/2, 73, 35)
(10232, 71, 34)
(10234, 69, 33)
(20471/2, 68, 32)
(10237, 66, 31)
(20477/2, 64, 30)
(10240, 63, 29)
(20483/2, 61, 28)
(20485/2, 59, 27)
(10244, 63, 29)
(20489/2, 64, 30)
(10245, 66, 31)
(10246, 59, 27)
(20495/2, 69, 33)
(10249, 68, 32)
(20501/2, 66, 31)
(10252, 64, 30)
(10253, 69, 33)
(20509/2, 67, 32)
(10256, 66, 31)
(10258, 64, 30)
(20519/2, 66, 31)
(10261, 64, 30)
(10262, 59, 27)
(10264, 59, 27)
(10276, 57, 26)
(20553/2, 54, 24)
(10277, 57, 26)
(20555/2, 57, 26)
(20555/2, 67, 32)
(20557/2, 57, 26)
(10286, 55, 25)
(10298, 65, 31)
(20597/2, 64, 30)
(10299, 65, 31)
(20599/2, 65, 31)
(20599/2, 76, 37)
(10301, 65, 31)
(10304, 60, 28)
(10304, 64, 30)
(10307, 60, 28)
(10307, 64, 30)
(10310, 60, 28)
(10310, 65, 31)
(10316, 65, 31)
(20633/2, 64, 30)
(10317, 65, 31)
(20635/2, 65, 31)
(20635/2, 76, 37)
(10319, 74, 36)
(20639/2, 76, 37)
(10322, 62, 29)
(10322, 73, 35)
(10325, 64, 30)
(10325, 66, 31)
(10328, 65, 31)
(20657/2, 64, 30)
(10329, 65, 31)
(20659/2, 65, 31)
(20659/2, 76, 37)
(10331, 64, 30)
(10333, 76, 37)
(10334, 62, 29)
(20669/2, 61, 28)
(10335, 62, 29)
(20671/2, 62, 29)
(41345/4, 62, 29)
(10340, 63, 29)
(20681/2, 61, 28)
(10341, 63, 29)
(20683/2, 63, 29)
(10342, 69, 33)
(10346, 64, 30)
(10348, 64, 30)
(10351, 74, 36)
(10352, 64, 30)
(20711/2, 64, 30)
(10358, 64, 30)
(10360, 68, 32)
(10361, 69, 33)
(10364, 66, 31)
(10367, 64, 30)
(10370, 64, 30)
(10373, 68, 32)
(20749/2, 69, 33)
(10376, 66, 31)
(10379, 64, 30)
(10382, 69, 33)
(10385, 68, 32)
(20773/2, 66, 31)
(10388, 66, 31)
(20781/2, 64, 30)
(10391, 61, 28)
(10392, 57, 26)
(10394, 62, 29)
(10400, 61, 28)
(10402, 64, 30)
(20807/2, 64, 30)
(10406, 64, 30)
(10407, 66, 31)
(10408, 66, 31)
(10409, 67, 32)
(10410, 69, 33)
(10412, 66, 31)
(10414, 64, 30)
(10418, 64, 30)
(10419, 66, 31)
(20841/2, 68, 32)
(10422, 69, 33)
(10424, 66, 31)
(10427, 64, 30)
(10430, 61, 28)
(10436, 66, 31)
(10439, 59, 27)
(10448, 59, 27)
(10451, 59, 27)
(10454, 62, 29)
(20911/2, 61, 28)
(20913/2, 62, 29)
(10458, 65, 30)
(10460, 66, 31)
(20923/2, 68, 32)
(20925/2, 69, 33)
(10464, 66, 31)
(10466, 64, 30)
(10475, 62, 29)
(20959/2, 62, 29)
(10481, 62, 29)
(20965/2, 62, 29)
(10484, 64, 30)
(20973/2, 62, 29)
(20983/2, 62, 29)
(10493, 62, 29)
(20989/2, 62, 29)
(10496, 64, 30)
(20995/2, 57, 26)
(10499, 67, 32)
(10500, 66, 31)
(21003/2, 64, 30)
(10502, 64, 30)
(10503, 62, 29)
(10504, 61, 28)
(21009/2, 61, 28)
(21011/2, 59, 27)
(21013/2, 57, 26)
(10508, 69, 33)
(21019/2, 62, 29)
(10511, 61, 28)
(10512, 61, 28)
(10514, 61, 28)
(10515, 57, 26)
(21033/2, 59, 27)
(21035/2, 54, 24)
(10520, 57, 26)
(21043/2, 57, 26)
(21045/2, 69, 33)
(10526, 57, 26)
(21057/2, 57, 26)
(10532, 58, 26)
(10533, 58, 26)
(10534, 58, 26)
(21071/2, 58, 26)
(10538, 57, 26)
(10541, 57, 26)
(10544, 59, 27)
(10547, 59, 27)
(10550, 59, 27)
(10553, 59, 27)
(10556, 60, 27)
(21115/2, 60, 27)
(10559, 60, 27)
(21121/2, 60, 27)
(10562, 61, 28)
(10563, 59, 27)
(21133/2, 59, 27)
(10568, 61, 28)
(21139/2, 76, 37)
(21145/2, 74, 36)
(10574, 73, 35)
(10577, 71, 34)
(21163/2, 76, 37)
(10583, 75, 36)
(21169/2, 74, 36)
(10586, 73, 35)
(10589, 71, 34)
(21187/2, 66, 31)
(21193/2, 68, 32)
(10598, 69, 33)
(10601, 69, 33)
(10604, 81, 40)
(21215/2, 80, 39)
(10608, 78, 38)
(21217/2, 76, 37)
(10609, 75, 36)
(21219/2, 78, 38)
(10610, 81, 40)
(21221/2, 80, 39)
(10611, 78, 38)
(21223/2, 76, 37)
(10612, 75, 36)
(21225/2, 78, 38)
(10613, 81, 40)
(21227/2, 80, 39)
(10614, 78, 38)
(21229/2, 76, 37)
(10615, 75, 36)
(21231/2, 78, 38)
(10616, 81, 40)
(10619, 73, 35)
(10622, 62, 29)
(10622, 71, 34)
(10622, 78, 38)
(10625, 64, 30)
(10625, 71, 34)
(10625, 76, 37)
(10628, 65, 31)
(21259/2, 64, 30)
(10634, 64, 30)
(10646, 62, 29)
(21293/2, 61, 28)
(10647, 62, 29)
(21295/2, 62, 29)
(42593/4, 62, 29)
(10652, 60, 28)
(10654, 59, 27)
(10658, 60, 28)
(10670, 58, 27)
(21341/2, 57, 26)
(10671, 58, 27)
(21343/2, 58, 27)
(10676, 57, 26)
(21353/2, 57, 26)
(21359/2, 69, 33)
(10682, 57, 26)
(10688, 62, 29)
(21377/2, 61, 28)
(10689, 62, 29)
(21379/2, 62, 29)
(42761/4, 62, 29)
(42761/4, 73, 35)
(10694, 62, 29)
(10700, 62, 29)
(21401/2, 61, 28)
(10701, 62, 29)
(21403/2, 62, 29)
(42809/4, 62, 29)
(10706, 62, 29)
(10712, 64, 30)
(21425/2, 62, 29)
(10713, 64, 30)
(21427/2, 64, 30)
(10718, 64, 30)
(10724, 64, 30)
(10730, 64, 30)
(10748, 74, 36)
(10748, 78, 38)
(10751, 74, 36)
(10751, 76, 37)
(21505/2, 73, 35)
(21505/2, 76, 37)
(21509/2, 57, 26)
(64529/6, 59, 27)
(64531/6, 61, 28)
(21511/2, 62, 29)
(10756, 61, 28)
(21513/2, 62, 29)
(10757, 57, 26)
(21515/2, 62, 29)
(21519/2, 64, 30)
(10760, 64, 30)
(21521/2, 62, 29)
(10761, 67, 32)
(21523/2, 69, 33)
(10762, 67, 32)
(21525/2, 69, 33)
(21531/2, 73, 35)
(10766, 74, 36)
(10768, 78, 38)
(21537/2, 79, 39)
(21539/2, 78, 38)
(10772, 78, 38)
(21547/2, 79, 39)
(21549/2, 78, 38)
(10775, 78, 38)
(21553/2, 74, 36)
(10784, 64, 30)
(10784, 83, 41)
(10787, 79, 39)
(43151/4, 76, 37)
(10790, 67, 32)
(10790, 71, 34)
(10791, 67, 32)
(10792, 79, 39)
(10793, 81, 40)
(10794, 79, 39)
(10796, 79, 39)
(21595/2, 81, 40)
(21597/2, 79, 39)
(10802, 71, 34)
(10808, 69, 33)
(32425/3, 64, 30)
(32426/3, 69, 33)
(10809, 69, 33)
(10814, 57, 26)
(21629/2, 64, 30)
(10815, 64, 30)
(10815, 74, 36)
(10820, 62, 29)
(10825, 74, 36)
(10826, 69, 33)
(21653/2, 64, 30)
(10827, 69, 33)
(21655/2, 69, 33)
(43313/4, 64, 30)
(43315/4, 57, 26)
(43317/4, 64, 30)
(43319/4, 64, 30)
(10832, 62, 29)
(21669/2, 62, 29)
(21681/2, 62, 29)
(10850, 67, 32)
(21703/2, 64, 30)
(21705/2, 61, 28)
(10856, 62, 29)
(21717/2, 62, 29)
(10862, 62, 29)
(21729/2, 62, 29)
(10872, 71, 34)
(10874, 71, 34)
(10875, 67, 32)
(10876, 71, 34)
(21753/2, 71, 34)
(10878, 67, 32)
(10879, 70, 34)
(10880, 71, 34)
(10881, 67, 32)
(10882, 71, 34)
(21765/2, 71, 34)
(10884, 67, 32)
(10885, 71, 34)
(10886, 70, 34)
(21775/2, 67, 32)
(21777/2, 70, 34)
(10889, 67, 32)
(10890, 70, 34)
(10892, 70, 34)
(21787/2, 67, 32)
(21789/2, 70, 34)
(10895, 70, 34)
(10896, 67, 32)
(10897, 70, 34)
(10898, 70, 34)
(10899, 66, 32)
(21801/2, 70, 34)
(10901, 70, 34)
(21805/2, 66, 32)
(21807/2, 70, 34)
(10904, 70, 34)
(10906, 69, 33)
(21815/2, 70, 34)
(10910, 67, 32)
(10913, 65, 31)
(21835/2, 67, 32)
(10919, 69, 33)
(21841/2, 70, 34)
(10922, 67, 32)
(10925, 65, 31)
(21853/2, 65, 31)
(10928, 70, 34)
(10931, 69, 33)
(21865/2, 67, 32)
(10934, 67, 32)
(21873/2, 65, 31)
(10937, 62, 29)
(21877/2, 59, 27)
(10940, 63, 30)
(10944, 63, 30)
(10946, 62, 29)
(10952, 60, 28)
(10953, 62, 29)
(10958, 57, 26)
(10960, 60, 28)
(10961, 57, 26)
(10964, 58, 27)
(10967, 60, 28)
(10968, 62, 29)
(10970, 57, 26)
(10972, 60, 28)
(10973, 65, 31)
(10976, 65, 31)
(21985/2, 54, 24)
(10994, 65, 31)
(10997, 62, 29)
(21997/2, 55, 25)
(11000, 55, 25)
(11006, 60, 28)
(11008, 60, 28)
(11009, 59, 27)
(11012, 60, 28)
(22027/2, 54, 24)
(11014, 57, 26)
(22029/2, 59, 27)
(11015, 60, 28)
(22031/2, 59, 27)
(11016, 60, 28)
(22033/2, 55, 25)
(11017, 60, 28)
(22035/2, 62, 29)
(11018, 64, 30)
(11020, 62, 29)
(22043/2, 65, 31)
(11024, 64, 30)
(22051/2, 55, 25)
(11026, 55, 25)
(11026, 57, 26)
(22053/2, 59, 27)
(11027, 60, 28)
(22055/2, 59, 27)
(11028, 60, 28)
(22057/2, 55, 25)
(11029, 60, 28)
(22059/2, 62, 29)
(11030, 64, 30)
(22063/2, 60, 28)
(11032, 64, 30)
(22065/2, 65, 31)
(11033, 67, 32)
(22067/2, 66, 31)
(11034, 67, 32)
(22069/2, 64, 30)
(11035, 67, 32)
(22071/2, 71, 34)
(11036, 73, 35)
(11042, 61, 28)
(11045, 62, 29)
(22093/2, 56, 25)
(11048, 57, 26)
(22099/2, 64, 30)
(11050, 66, 31)
(22101/2, 68, 32)
(11051, 69, 33)
(22103/2, 68, 32)
(11052, 69, 33)
(22105/2, 64, 30)
(11053, 69, 33)
(22107/2, 71, 34)
(11054, 73, 35)
(22111/2, 57, 26)
(11056, 61, 28)
(22113/2, 62, 29)
(11057, 64, 30)
(22115/2, 62, 29)
(11058, 64, 30)
(22117/2, 61, 28)
(11059, 64, 30)
(22119/2, 66, 31)
(11060, 67, 32)
(11066, 66, 31)
(11069, 67, 32)
(22141/2, 61, 28)
(11072, 69, 33)
(22147/2, 57, 26)
(11074, 59, 27)
(22149/2, 61, 28)
(11075, 62, 29)
(22151/2, 61, 28)
(11076, 62, 29)
(22153/2, 57, 26)
(11077, 59, 27)
(22155/2, 61, 28)
(11078, 62, 29)
(22159/2, 62, 29)
(11080, 67, 32)
(22161/2, 69, 33)
(11081, 70, 34)
(22163/2, 69, 33)
(11082, 70, 34)
(11084, 69, 33)
(22169/2, 67, 32)
(11085, 69, 33)
(22171/2, 70, 34)
(11087, 67, 32)
(22175/2, 66, 31)
(11088, 67, 32)
(22177/2, 69, 33)
(22183/2, 77, 38)
(11092, 75, 37)
(22185/2, 74, 36)
(11093, 72, 35)
(22187/2, 71, 34)
(11094, 72, 35)
(22189/2, 74, 36)
(11096, 71, 34)
(22193/2, 69, 33)
(11097, 71, 34)
(22195/2, 72, 35)
(11099, 68, 33)
(22199/2, 67, 32)
(11100, 68, 33)
(22201/2, 67, 32)
(11102, 72, 35)
(11105, 74, 36)
(22213/2, 67, 32)
(11108, 72, 35)
(22219/2, 65, 31)
(11111, 70, 34)
(22227/2, 69, 33)
(11114, 69, 33)
(22237/2, 74, 36)
(11120, 73, 35)
(22243/2, 77, 38)
(11123, 73, 35)
(11126, 69, 33)
(22261/2, 62, 29)
(11131, 66, 31)
(22263/2, 67, 32)
(11132, 69, 33)
(22265/2, 67, 32)
(11133, 69, 33)
(22267/2, 66, 31)
(11134, 67, 32)
(22269/2, 69, 33)
(11135, 70, 34)
(22271/2, 69, 33)
(11136, 70, 34)
(22273/2, 75, 37)
(11138, 74, 36)
(11140, 75, 37)
(22283/2, 69, 33)
(11144, 74, 36)
(22291/2, 67, 32)
(11147, 79, 39)
(22299/2, 79, 39)
(11150, 77, 38)
(22309/2, 69, 33)
(11155, 74, 36)
(22311/2, 76, 37)
(11156, 77, 38)
(22313/2, 76, 37)
(11157, 77, 38)
(22315/2, 69, 33)
(11158, 73, 35)
(22317/2, 74, 36)
(11159, 76, 37)
(22319/2, 74, 36)
(11160, 76, 37)
(22321/2, 73, 35)
(11161, 74, 36)
(22323/2, 76, 37)
(11162, 74, 36)
(22325/2, 73, 35)
(11163, 74, 36)
(22327/2, 69, 33)
(11164, 71, 34)
(22329/2, 73, 35)
(11165, 74, 36)
(22331/2, 73, 35)
(11166, 74, 36)
(22333/2, 65, 31)
(11167, 67, 32)
(22335/2, 69, 33)
(11168, 70, 34)
(22351/2, 70, 34)
(11176, 72, 35)
(22353/2, 74, 36)
(11177, 75, 37)
(22355/2, 74, 36)
(11178, 75, 37)
(22357/2, 70, 34)
(11179, 75, 37)
(22359/2, 77, 38)
(11180, 79, 39)
(22363/2, 69, 33)
(22365/2, 70, 34)
(11186, 71, 34)
(11187, 63, 30)
(11187, 75, 37)
(22377/2, 63, 30)
(22377/2, 75, 37)
(11190, 63, 30)
(11190, 75, 37)
(11192, 62, 29)
(11192, 74, 36)
(22399/2, 68, 32)
(11200, 71, 34)
(22401/2, 73, 35)
(11201, 74, 36)
(22403/2, 73, 35)
(11202, 74, 36)
(22405/2, 71, 34)
(11203, 74, 36)
(22407/2, 74, 36)
(22407/2, 76, 37)
(11204, 77, 38)
(11207, 74, 36)
(11210, 74, 36)
(22423/2, 62, 29)
(22423/2, 77, 38)
(11213, 62, 29)
(11213, 76, 37)
(22429/2, 62, 29)
(22429/2, 74, 36)
(11216, 73, 35)
(11222, 61, 28)
(11222, 64, 30)
(22447/2, 69, 33)
(11228, 61, 28)
(11243, 69, 33)
(22487/2, 64, 30)
(11244, 69, 33)
(22489/2, 69, 33)
(11246, 69, 33)
(22493/2, 64, 30)
(11247, 69, 33)
(22495/2, 69, 33)
(44993/4, 69, 33)
(44995/4, 64, 30)
(44997/4, 69, 33)
(44999/4, 69, 33)
(44999/4, 79, 39)
(11252, 69, 33)
(22505/2, 66, 31)
(11253, 69, 33)
(22507/2, 69, 33)
(11255, 69, 33)
(22511/2, 64, 30)
(11256, 69, 33)
(22513/2, 69, 33)
(22513/2, 79, 39)
(11258, 69, 33)
(22517/2, 64, 30)
(22519/2, 69, 33)
(11260, 69, 33)
(22521/2, 69, 33)
(11261, 64, 30)
(11262, 69, 33)
(22525/2, 69, 33)
(11264, 69, 33)
(11267, 62, 29)
(11273, 62, 29)
(22561/2, 59, 27)
(11282, 59, 27)
(22567/2, 66, 31)
(11285, 64, 30)
(11286, 61, 28)
(11288, 62, 29)
(22581/2, 66, 31)
(11294, 67, 32)
(22591/2, 69, 33)
(22591/2, 73, 35)
(11300, 67, 32)
(22611/2, 71, 34)
(11306, 71, 34)
(22615/2, 67, 32)
(22617/2, 71, 34)
(11309, 71, 34)
(22621/2, 67, 32)
(22623/2, 71, 34)
(11312, 70, 34)
(22627/2, 67, 32)
(22629/2, 70, 34)
(11315, 70, 34)
(22633/2, 67, 32)
(22635/2, 70, 34)
(11318, 70, 34)
(11319, 67, 32)
(22641/2, 70, 34)
(11321, 70, 34)
(22645/2, 67, 32)
(22647/2, 70, 34)
(11324, 69, 33)
(22651/2, 69, 33)
(11326, 69, 33)
(22655/2, 66, 31)
(22657/2, 69, 33)
(11330, 69, 33)
(22663/2, 66, 31)
(22665/2, 69, 33)
(11333, 69, 33)
(22669/2, 66, 31)
(22671/2, 69, 33)
(11336, 62, 29)
(22675/2, 59, 27)
(22677/2, 62, 29)
(11339, 62, 29)
(22681/2, 59, 27)
(22683/2, 62, 29)
(11342, 67, 32)
(11343, 64, 30)
(22689/2, 67, 32)
(11345, 67, 32)
(22693/2, 64, 30)
(22695/2, 70, 34)
(11348, 67, 32)
(11349, 69, 33)
(22699/2, 69, 33)
(11351, 67, 32)
(11352, 69, 33)
(11354, 69, 33)
(22711/2, 67, 32)
(22713/2, 69, 33)
(11357, 69, 33)
(22717/2, 67, 32)
(22719/2, 69, 33)
(11360, 69, 33)
(11360, 73, 35)
(11363, 73, 35)
(22729/2, 74, 36)
(11366, 71, 34)
(22741/2, 69, 33)
(11372, 69, 33)
(22747/2, 71, 34)
(11375, 73, 35)
(22753/2, 74, 36)
(11378, 71, 34)
(22763/2, 69, 33)
(11384, 74, 36)
(11386, 78, 38)
(11388, 73, 35)
(11390, 71, 34)
(22785/2, 69, 33)
(11393, 66, 31)
(22789/2, 62, 29)
(11396, 67, 32)
(11402, 66, 31)
(11405, 69, 33)
(11408, 69, 33)
(22819/2, 71, 34)
(11411, 73, 35)
(22825/2, 74, 36)
(11414, 71, 34)
(11417, 69, 33)
(11420, 69, 33)
(22843/2, 71, 34)
(11423, 73, 35)
(22849/2, 74, 36)
(11426, 71, 34)
(11429, 69, 33)
(22861/2, 69, 33)
(11432, 74, 36)
(22871/2, 74, 36)
(11438, 78, 38)
(11440, 76, 37)
(22883/2, 74, 36)
(11444, 74, 36)
(11447, 73, 35)
(22897/2, 69, 33)
(11450, 69, 33)
(11450, 72, 35)
(11453, 72, 35)
(22909/2, 72, 35)
(11456, 71, 35)
(11456, 71, 34)
(11457, 70, 33)
(11458, 71, 34)
(11459, 73, 35)
(11462, 74, 36)
(22927/2, 79, 39)
(11465, 78, 38)
(11466, 76, 37)
(11468, 66, 31)
(11468, 74, 36)
(11471, 76, 37)
(11472, 73, 35)
(11474, 74, 36)
(11477, 69, 33)
(22963/2, 67, 32)
(11483, 67, 32)
(11484, 67, 32)
(11486, 69, 33)
(11489, 67, 32)
(11493, 67, 32)
(11494, 67, 32)
(11495, 67, 32)
(11498, 69, 33)
(11501, 62, 29)
(11501, 74, 36)
(11504, 62, 29)
(11504, 74, 36)
(11507, 62, 29)
(11507, 74, 36)
(11510, 62, 29)
(11510, 74, 36)
(11517, 74, 36)
(11523, 69, 33)
(11526, 66, 31)
(23059/2, 57, 26)
(23063/2, 63, 29)
(23071/2, 62, 29)
(11537, 62, 29)
(23077/2, 62, 29)
(11540, 63, 29)
(23089/2, 63, 29)
(11546, 64, 30)
(23095/2, 71, 34)
(23101/2, 67, 32)
(23107/2, 65, 30)
(23119/2, 65, 30)
(11561, 65, 30)
(23125/2, 65, 30)
(11564, 65, 30)
(23137/2, 65, 30)
(11570, 66, 31)
(23143/2, 81, 40)
(23149/2, 79, 39)
(11576, 78, 38)
(11579, 76, 37)
(23167/2, 81, 40)
(11585, 80, 39)
(23173/2, 79, 39)
(11588, 78, 38)
(11590, 76, 37)
(11597, 64, 30)
(11598, 65, 30)
(11600, 66, 31)
(23203/2, 66, 31)
(11603, 67, 32)
(23209/2, 68, 32)
(11606, 69, 33)
(11609, 66, 31)
(11612, 67, 32)
(11615, 67, 32)
(11618, 66, 31)
(11630, 83, 41)
(11633, 84, 42)
(11634, 78, 38)
(11636, 83, 41)
(23275/2, 76, 37)
(11639, 81, 40)
(23283/2, 79, 39)
(11642, 79, 39)
(23287/2, 67, 32)
(11644, 69, 33)
(23289/2, 67, 32)
(11645, 66, 31)
(23293/2, 66, 31)
(11647, 67, 32)
(23295/2, 66, 31)
(11648, 64, 30)
(23299/2, 69, 33)
(23305/2, 68, 32)
(11654, 69, 33)
(23311/2, 69, 33)
(11656, 71, 34)
(23313/2, 73, 35)
(11657, 74, 36)
(23315/2, 73, 35)
(11658, 74, 36)
(23317/2, 76, 37)
(11659, 78, 38)
(23319/2, 79, 39)
(11660, 73, 35)
(23323/2, 78, 38)
(23329/2, 76, 37)
(11666, 74, 36)
(23335/2, 73, 35)
(11668, 71, 34)
(23337/2, 73, 35)
(11669, 74, 36)
(23339/2, 73, 35)
(11670, 74, 36)
(23341/2, 76, 37)
(11671, 78, 38)
(23343/2, 79, 39)
(11672, 73, 35)
(23347/2, 78, 38)
(23351/2, 76, 37)
(23357/2, 74, 36)
(11679, 73, 35)
(23359/2, 74, 36)
(11680, 73, 35)
(23361/2, 74, 36)
(11681, 62, 29)
(23365/2, 70, 34)
(11683, 72, 35)
(23367/2, 70, 34)
(11684, 69, 33)
(23371/2, 74, 36)
(11686, 76, 37)
(23373/2, 74, 36)
(11687, 73, 35)
(23377/2, 61, 28)
(11689, 59, 27)
(23379/2, 61, 28)
(11690, 62, 29)
(23383/2, 74, 36)
(23385/2, 75, 37)
(11694, 69, 33)
(11696, 74, 36)
(23401/2, 69, 33)
(11702, 74, 36)
(46815/4, 78, 38)
(46821/4, 71, 34)
(11708, 76, 37)
(11711, 77, 38)
(23425/2, 71, 34)
(11736, 73, 35)
(11736, 76, 37)
(11738, 74, 36)
(11744, 69, 33)
(11744, 81, 40)
(11747, 79, 39)
(11750, 78, 38)
(23503/2, 57, 26)
(11752, 61, 28)
(23505/2, 62, 29)
(23509/2, 64, 30)
(11755, 62, 29)
(23511/2, 64, 30)
(11756, 64, 30)
(23513/2, 62, 29)
(11757, 64, 30)
(23515/2, 68, 32)
(11758, 68, 32)
(23517/2, 64, 30)
(11759, 71, 34)
(11762, 71, 34)
(23525/2, 69, 33)
(11763, 71, 34)
(23527/2, 74, 36)
(11764, 62, 28)
(23529/2, 62, 29)
(11768, 78, 38)
(23539/2, 64, 30)
(11774, 74, 36)
(11777, 69, 33)
(11780, 69, 33)
(11780, 69, 33)
(11783, 62, 29)
(11786, 59, 27)
(23575/2, 69, 33)
(11792, 71, 34)
(23587/2, 64, 30)
(23589/2, 71, 34)
(11798, 74, 36)
(23597/2, 69, 33)
(11799, 73, 35)
(23599/2, 74, 36)
(11800, 74, 36)
(23601/2, 69, 33)
(11804, 78, 38)
(23611/2, 73, 35)
(11807, 69, 33)
(11810, 74, 36)
(23623/2, 74, 36)
(23625/2, 76, 37)
(11816, 78, 38)
(11817, 79, 39)
(23637/2, 69, 33)
(11822, 74, 36)
(23647/2, 74, 36)
(23649/2, 76, 37)
(11828, 76, 37)
(23659/2, 78, 38)
(23661/2, 79, 39)
(11831, 79, 39)
(11834, 78, 38)
(11837, 69, 33)
(23677/2, 71, 34)
(23679/2, 73, 35)
(11840, 74, 36)
(11841, 76, 37)
(23683/2, 64, 30)
(11846, 73, 35)
(23695/2, 74, 36)
(11849, 78, 38)
(11850, 79, 39)
(11852, 79, 39)
(11853, 69, 33)
(11853, 81, 40)
(11856, 79, 39)
(11858, 78, 38)
(47441/4, 78, 38)
(11864, 78, 38)
(23731/2, 66, 31)
(23731/2, 69, 33)
(11870, 66, 31)
(11870, 69, 33)
(11873, 66, 31)
(11873, 69, 33)
(11876, 62, 29)
(11876, 73, 35)
(11879, 62, 29)
(11882, 62, 29)
(11885, 76, 37)
(11888, 78, 38)
(23781/2, 57, 26)
(23781/2, 67, 32)
(11894, 57, 26)
(11894, 66, 31)
(11894, 69, 33)
(20000, 66, 31)
(20000, 69, 33)
(20003, 67, 32)
(20003, 71, 34)
(40009/2, 67, 32)
(40009/2, 69, 33)
(20006, 66, 31)
(20006, 69, 33)
(40015/2, 57, 26)
(80033/4, 61, 28)
(20009, 62, 29)
(40019/2, 61, 28)
(20010, 62, 29)
(40021/2, 57, 26)
(20011, 62, 29)
(40023/2, 64, 30)
(20012, 66, 31)
(40025/2, 64, 30)
(20013, 66, 31)
(40027/2, 62, 29)
(20014, 66, 31)
(40029/2, 67, 32)
(20015, 69, 33)
(40031/2, 66, 31)
(40031/2, 67, 32)
(20016, 69, 33)
(40033/2, 66, 31)
(20017, 69, 33)
(40035/2, 73, 35)
(20018, 74, 36)
(40039/2, 57, 26)
(80081/4, 61, 28)
(20021, 62, 29)
(40043/2, 61, 28)
(20022, 62, 29)
(40045/2, 62, 29)
(20023, 61, 28)
(40047/2, 62, 29)
(20024, 62, 29)
(40049/2, 61, 28)
(20025, 62, 29)
(40051/2, 62, 29)
(20026, 61, 28)
(40053/2, 62, 29)
(20027, 62, 29)
(40055/2, 61, 28)
(20028, 62, 29)
(40057/2, 64, 30)
(80117/4, 66, 31)
(20030, 69, 33)
(40063/2, 59, 27)
(20032, 61, 28)
(40065/2, 63, 29)
(20033, 64, 30)
(40067/2, 63, 29)
(20034, 64, 30)
(40069/2, 59, 27)
(20035, 64, 30)
(40071/2, 66, 31)
(20036, 67, 32)
(40073/2, 66, 31)
(20037, 67, 32)
(40075/2, 64, 30)
(20038, 67, 32)
(40077/2, 71, 34)
(20039, 69, 33)
(40081/2, 67, 32)
(20041, 71, 34)
(20042, 76, 37)
(40087/2, 59, 27)
(20047, 62, 29)
(20048, 64, 30)
(40099/2, 64, 30)
(40101/2, 64, 30)
(20051, 62, 29)
(40103/2, 64, 30)
(20052, 66, 31)
(40107/2, 64, 30)
(20054, 71, 34)
(20057, 67, 32)
(20060, 67, 32)
(20063, 57, 26)
(20066, 66, 31)
(20072, 57, 26)
(20073, 57, 26)
(20078, 66, 31)
(20081, 62, 29)
(20087, 62, 29)
(40187/2, 62, 29)
(20096, 61, 28)
(40195/2, 57, 26)
(20099, 55, 25)
(20102, 54, 24)
(20105, 67, 32)
(20108, 67, 32)
(20111, 67, 32)
(20114, 66, 31)
(20117, 67, 32)
(20120, 67, 32)
(20120, 59, 27)
(20121, 67, 32)
(20126, 66, 31)
(20129, 60, 28)
(20132, 59, 27)
(20138, 59, 27)
(40299/2, 67, 32)
(20150, 67, 32)
(40303/2, 64, 30)
(40305/2, 67, 32)
(20153, 67, 32)
(20154, 64, 30)
(20155, 68, 32)
(20156, 68, 32)
(40315/2, 71, 34)
(40317/2, 68, 32)
(20159, 68, 32)
(20160, 71, 34)
(20161, 67, 32)
(20162, 67, 32)
(20163, 69, 33)
(20164, 67, 32)
(40329/2, 67, 32)
(20166, 69, 33)
(20167, 67, 32)
(20168, 67, 32)
(40339/2, 69, 33)
(40341/2, 67, 32)
(20171, 67, 32)
(40345/2, 69, 33)
(40347/2, 66, 31)
(40347/2, 69, 33)
(20174, 66, 31)
(20174, 69, 33)
(20177, 67, 32)
(20177, 71, 34)
(40357/2, 67, 32)
(40357/2, 69, 33)
(20180, 66, 31)
(20180, 69, 33)
(20192, 69, 33)
(20195, 71, 34)
(40393/2, 64, 30)
(20198, 73, 35)
(20201, 74, 36)
(20204, 67, 32)
(20207, 69, 33)
(40417/2, 62, 29)
(20210, 71, 34)
(40423/2, 73, 35)
(20213, 74, 36)
(40429/2, 73, 35)
(20216, 71, 34)
(40435/2, 69, 33)
(20219, 68, 32)
(40441/2, 61, 28)
(20222, 59, 27)
(40453/2, 64, 30)
(20227, 66, 31)
(40455/2, 68, 32)
(20228, 69, 33)
(40457/2, 68, 32)
(20229, 69, 33)
(40459/2, 64, 30)
(20230, 66, 31)
(40461/2, 68, 32)
(20231, 69, 33)
(40463/2, 68, 32)
(20232, 69, 33)
(40465/2, 64, 30)
(20233, 66, 31)
(40467/2, 68, 32)
(20234, 69, 33)
(40469/2, 68, 32)
(20235, 69, 33)
(40471/2, 64, 30)
(20236, 66, 31)
(40473/2, 68, 32)
(20237, 69, 33)
(40475/2, 68, 32)
(20238, 69, 33)
(40477/2, 64, 30)
(20239, 66, 31)
(40479/2, 68, 32)
(20240, 69, 33)
(40481/2, 68, 32)
(20241, 69, 33)
(40483/2, 64, 30)
(20242, 66, 31)
(40485/2, 68, 32)
(20243, 69, 33)
(40487/2, 68, 32)
(20244, 69, 33)
(40489/2, 73, 35)
(20245, 71, 34)
(40491/2, 69, 33)
(20246, 68, 32)
(40501/2, 71, 34)
(20252, 71, 34)
(40513/2, 59, 27)
(20258, 59, 27)
(40519/2, 61, 28)
(40519/2, 62, 29)
(20261, 59, 27)
(40525/2, 57, 26)
(20264, 56, 25)
(20270, 53, 24)
(40541/2, 52, 23)
(20271, 53, 24)
(40543/2, 53, 24)
(20276, 53, 24)
(20279, 53, 24)
(20282, 54, 24)
(20285, 64, 30)
(20285, 54, 24)
(81143/4, 50, 22)
(20288, 48, 21)
(20294, 62, 29)
(40589/2, 61, 28)
(20295, 62, 29)
(40591/2, 62, 29)
(81185/4, 62, 29)
(20300, 52, 23)
(20300, 62, 29)
(20303, 62, 29)
(20306, 67, 32)
(20312, 57, 26)
(20315, 57, 26)
(40631/2, 56, 25)
(20316, 57, 26)
(40633/2, 57, 26)
(20318, 66, 31)
(20324, 57, 26)
(20327, 57, 26)
(40655/2, 56, 25)
(20328, 57, 26)
(40657/2, 57, 26)
(20330, 67, 32)
(20331, 57, 26)
(20336, 57, 26)
(40673/2, 56, 25)
(20337, 57, 26)
(40675/2, 57, 26)
(81353/4, 57, 26)
(81365/4, 67, 32)
(20342, 57, 26)
(40685/2, 56, 25)
(20343, 57, 26)
(40687/2, 57, 26)
(40687/2, 67, 32)
(20345, 57, 26)
(20348, 59, 27)
(20348, 62, 29)
(20351, 59, 27)
(20351, 62, 29)
(20354, 55, 25)
(20354, 59, 27)
(20354, 62, 29)
(20356, 55, 25)
(20356, 59, 27)
(20356, 62, 29)
(20356, 50, 22)
(20360, 61, 28)
(20362, 59, 27)
(20363, 57, 26)
(20366, 62, 29)
(20372, 61, 28)
(20375, 59, 27)
(40753/2, 57, 26)
(20378, 62, 29)
(40765/2, 62, 29)
(20384, 61, 28)
(20387, 64, 30)
(40777/2, 62, 29)
(20390, 62, 29)
(40783/2, 62, 29)
(40785/2, 61, 28)
(20393, 57, 26)
(20394, 61, 28)
(20396, 59, 27)
(20399, 57, 26)
(20400, 59, 27)
(20402, 57, 26)
(20404, 61, 28)
(20414, 52, 23)
(20426, 52, 23)
(20426, 54, 24)
(20428, 52, 23)
(40859/2, 64, 30)
(20432, 69, 33)
(40873/2, 69, 33)
(20438, 73, 35)
(20441, 71, 34)
(20442, 69, 33)
(20444, 69, 33)
(20447, 68, 32)
(40897/2, 64, 30)
(20450, 67, 32)
(40909/2, 67, 32)
(20456, 67, 32)
(20456, 66, 31)
(40915/2, 65, 30)
(20459, 66, 31)
(40921/2, 68, 32)
(20462, 69, 33)
(20463, 74, 36)
(20464, 73, 35)
(40931/2, 71, 34)
(20468, 69, 33)
(20470, 71, 34)
(20471, 68, 32)
(20474, 69, 33)
(20477, 64, 30)
(20480, 64, 30)
(40963/2, 64, 30)
(20483, 64, 30)
(20484, 64, 30)
(20486, 64, 30)
(20489, 52, 23)
(40987/2, 52, 23)
(20495, 52, 23)
(40993/2, 52, 23)
(20498, 52, 23)
(20501, 57, 26)
(20501, 69, 33)
(20504, 57, 26)
(20504, 69, 33)
(20507, 57, 26)
(20507, 69, 33)
(20510, 57, 26)
(20510, 69, 33)
(20525, 52, 23)
(20528, 52, 23)
(20531, 52, 23)
(20534, 52, 23)
(41071/2, 52, 23)
(41073/2, 52, 23)
(20538, 52, 23)
(20540, 52, 23)
(41089/2, 52, 23)
(20546, 54, 24)
(20549, 54, 24)
(20552, 54, 24)
(20555, 54, 24)
(20558, 50, 22)
(41119/2, 50, 22)
(20561, 50, 22)
(20562, 50, 22)
(20564, 50, 22)
(20567, 55, 25)
(41137/2, 59, 27)
(20570, 49, 21)
(41143/2, 69, 33)
(41149/2, 67, 32)
(20576, 66, 31)
(20579, 65, 30)
(41167/2, 61, 28)
(20585, 62, 29)
(41173/2, 65, 30)
(20588, 64, 30)
(41179/2, 69, 33)
(41185/2, 68, 32)
(20594, 69, 33)
(41191/2, 76, 37)
(20597, 75, 36)
(41197/2, 74, 36)
(20600, 73, 35)
(41203/2, 67, 32)
(20606, 66, 31)
(20608, 64, 30)
(41219/2, 69, 33)
(41221/2, 69, 33)
(41221/2, 71, 34)
(20612, 73, 35)
(41227/2, 69, 33)
(20615, 73, 35)
(41233/2, 69, 33)
(20618, 73, 35)
(20621, 66, 31)
(20621, 69, 33)
(20624, 66, 31)
(20624, 69, 33)
(20627, 62, 29)
(20630, 61, 28)
(20630, 64, 30)
(20633, 62, 29)
(20633, 65, 31)
(41269/2, 56, 25)
(20636, 57, 26)
(41275/2, 59, 27)
(20642, 58, 27)
(41285/2, 57, 26)
(20643, 58, 27)
(41287/2, 58, 27)
(82577/4, 58, 27)
(20648, 58, 27)
(20648, 69, 33)
(20650, 58, 27)
(20650, 69, 33)
(20654, 58, 27)
(20657, 58, 27)
(20660, 57, 26)
(20666, 55, 25)
(41333/2, 54, 24)
(20667, 55, 25)
(41335/2, 55, 25)
(82673/4, 55, 25)
(20672, 55, 25)
(20674, 66, 31)
(20675, 55, 25)
(20678, 55, 25)
(20681, 55, 25)
(20684, 53, 24)
(20687, 57, 26)
(41375/2, 56, 25)
(20688, 57, 26)
(41377/2, 57, 26)
(41377/2, 66, 31)
(20690, 55, 25)
(20693, 57, 26)
(20696, 58, 27)
(41395/2, 58, 27)
(41395/2, 57, 26)
(20698, 56, 25)
(41397/2, 57, 26)
(20699, 57, 26)
(20702, 57, 26)
(20702, 57, 26)
(20708, 59, 27)
(41417/2, 57, 26)
(20709, 59, 27)
(41419/2, 59, 27)
(82841/4, 59, 27)
(82841/4, 69, 33)
(20714, 59, 27)
(41429/2, 57, 26)
(20715, 59, 27)
(41431/2, 59, 27)
(82865/4, 59, 27)
(82865/4, 69, 33)
(20720, 61, 28)
(20726, 61, 28)
(20732, 61, 28)
(20750, 66, 31)
(20753, 67, 32)
(20753, 71, 34)
(41509/2, 67, 32)
(41509/2, 69, 33)
(20756, 66, 31)
(20756, 69, 33)
(41515/2, 57, 26)
(20758, 59, 27)
(41517/2, 61, 28)
(20759, 62, 29)
(41519/2, 61, 28)
(20760, 62, 29)
(41521/2, 57, 26)
(20761, 62, 29)
(41523/2, 64, 30)
(20762, 64, 30)
(41525/2, 62, 29)
(20763, 69, 33)
(41527/2, 67, 32)
(20764, 69, 33)
(41529/2, 66, 31)
(20768, 74, 36)
(41537/2, 73, 35)
(20769, 74, 36)
(41539/2, 69, 33)
(20770, 74, 36)
(41541/2, 73, 35)
(20771, 74, 36)
(41543/2, 74, 36)
(20772, 73, 35)
(41545/2, 74, 36)
(20774, 74, 36)
(20775, 74, 36)
(41551/2, 73, 35)
(20776, 74, 36)
(41553/2, 74, 36)
(20780, 69, 33)
(41563/2, 61, 28)
(20782, 64, 30)
(41565/2, 50, 22)
(20783, 52, 23)
(20786, 67, 32)
(20787, 64, 30)
(41575/2, 67, 32)
(20788, 71, 34)
(20789, 67, 32)
(41579/2, 71, 34)
(20792, 76, 37)
(41585/2, 71, 34)
(41585/2, 74, 36)
(20793, 74, 36)
(41587/2, 76, 37)
(20794, 71, 34)
(41589/2, 73, 35)
(20795, 76, 37)
(41591/2, 78, 38)
(20798, 76, 37)
(41597/2, 74, 36)
(20799, 76, 37)
(41599/2, 76, 37)
(20800, 74, 36)
(41601/2, 76, 37)
(20801, 76, 37)
(41603/2, 64, 30)
(20802, 67, 32)
(41605/2, 64, 30)
(20804, 71, 34)
(41613/2, 59, 27)
(41613/2, 67, 32)
(41613/2, 67, 32)
(20810, 67, 32)
(62431/3, 64, 30)
(62432/3, 67, 32)
(20811, 67, 32)
(20816, 64, 30)
(20816, 67, 32)
(20824, 67, 32)
(41649/2, 64, 30)
(20825, 67, 32)
(41651/2, 67, 32)
(20828, 67, 32)
(41657/2, 64, 30)
(20829, 67, 32)
(41659/2, 67, 32)
(83321/4, 67, 32)
(83323/4, 64, 30)
(83325/4, 67, 32)
(83327/4, 67, 32)
(20840, 59, 27)
(41685/2, 57, 26)
(20846, 59, 27)
(20850, 62, 29)
(20852, 61, 28)
(41707/2, 62, 29)
(41707/2, 64, 30)
(20855, 64, 30)
(20858, 54, 24)
(20860, 61, 28)
(41723/2, 50, 22)
(20864, 59, 27)
(41733/2, 61, 28)
(41735/2, 50, 22)
(20880, 67, 32)
(20882, 67, 32)
(41767/2, 67, 32)
(20884, 67, 32)
(20885, 62, 29)
(20886, 67, 32)
(20888, 67, 32)
(41779/2, 64, 30)
(41779/2, 64, 30)
(41781/2, 67, 32)
(41783/2, 64, 30)
(41785/2, 67, 32)
(20894, 67, 32)
(41791/2, 63, 30)
(41793/2, 67, 32)
(20897, 67, 32)
(41797/2, 63, 30)
(41799/2, 66, 32)
(20900, 66, 32)
(41803/2, 63, 30)
(41805/2, 66, 32)
(20903, 66, 32)
(41809/2, 63, 30)
(41811/2, 62, 29)
(20906, 62, 29)
(20909, 60, 28)
(20910, 58, 27)
(20912, 63, 30)
(20918, 62, 29)
(41839/2, 61, 29)
(20921, 60, 28)
(41845/2, 58, 27)
(20924, 63, 30)
(20930, 62, 29)
(20933, 65, 31)
(41869/2, 63, 30)
(20936, 63, 30)
(41877/2, 62, 29)
(20939, 58, 27)
(41881/2, 62, 29)
(20942, 60, 28)
(20945, 58, 27)
(41893/2, 60, 28)
(20948, 58, 27)
(41911/2, 58, 27)
(20957, 57, 26)
(20958, 58, 27)
(20960, 53, 24)
(20967, 55, 25)
(41937/2, 57, 26)
(20970, 58, 27)
(20972, 53, 24)
(20978, 58, 27)
(20984, 57, 26)
(20990, 55, 25)
(21008, 64, 30)
(21011, 69, 33)
(42025/2, 65, 31)
(21014, 64, 30)
(42031/2, 55, 25)
(21016, 57, 26)
(42033/2, 59, 27)
(21017, 60, 28)
(42035/2, 59, 27)
(21018, 60, 28)
(42037/2, 55, 25)
(21019, 60, 28)
(42039/2, 62, 29)
(21020, 64, 30)
(42043/2, 60, 28)
(42047/2, 59, 27)
(21026, 60, 28)
(42079/2, 55, 25)
(21040, 60, 28)
(42081/2, 62, 29)
(21041, 64, 30)
(42083/2, 62, 29)
(21042, 64, 30)
(42085/2, 60, 28)
(21043, 64, 30)
(42087/2, 67, 32)
(21044, 69, 33)
(21047, 57, 26)
(42097/2, 59, 27)
(21050, 57, 26)
(42127/2, 64, 30)
(21064, 67, 32)
(42129/2, 69, 33)
(21065, 70, 34)
(42131/2, 69, 33)
(21066, 70, 34)
(42133/2, 69, 33)
(21067, 71, 34)
(42135/2, 73, 35)
(21068, 74, 36)
(21071, 62, 29)
(42145/2, 58, 27)
(21074, 57, 26)
(21079, 57, 26)
(63238/3, 62, 29)
(63239/3, 64, 30)
(21080, 66, 31)
(42161/2, 64, 30)
(21081, 66, 31)
(42163/2, 62, 29)
(21082, 64, 30)
(42165/2, 66, 31)
(21083, 67, 32)
(21084, 69, 33)
(21086, 66, 31)
(42175/2, 67, 32)
(21089, 64, 30)
(42181/2, 66, 31)
(21092, 67, 32)
(42211/2, 60, 28)
(21106, 62, 29)
(42213/2, 64, 30)
(21107, 65, 31)
(42215/2, 67, 32)
(21108, 65, 31)
(42217/2, 64, 30)
(21110, 64, 30)
(42221/2, 65, 31)
(21111, 64, 30)
(42223/2, 62, 29)
(21113, 62, 29)
(42227/2, 61, 28)
(21114, 62, 29)
(42229/2, 55, 25)
(21116, 57, 26)
(21116, 69, 33)
(21119, 70, 34)
(42241/2, 64, 30)
(21122, 69, 33)
(42247/2, 62, 29)
(21125, 67, 32)
(42255/2, 67, 32)
(21128, 65, 31)
(42259/2, 62, 29)
(21131, 74, 36)
(42267/2, 74, 36)
(21134, 74, 36)
(42277/2, 60, 28)
(21139, 58, 27)
(42279/2, 60, 28)
(21140, 62, 29)
(42281/2, 60, 28)
(84563/4, 62, 29)
(84565/4, 58, 27)
(84567/4, 57, 26)
(84569/4, 58, 27)
(84571/4, 57, 26)
(84573/4, 55, 25)
(84575/4, 57, 26)
(84577/4, 57, 26)
(21146, 67, 32)
(42293/2, 66, 31)
(21147, 67, 32)
(42295/2, 55, 25)
(21149, 60, 28)
(42299/2, 59, 27)
(21150, 60, 28)
(42301/2, 55, 25)
(21152, 57, 26)
(21170, 55, 25)
(21170, 67, 32)
(21174, 58, 27)
(42349/2, 61, 28)
(21175, 62, 29)
(21176, 63, 30)
(42353/2, 62, 29)
(21177, 63, 30)
(42355/2, 58, 27)
(21178, 63, 30)
(42357/2, 65, 31)
(21179, 67, 32)
(42361/2, 71, 34)
(21182, 70, 34)
(42367/2, 67, 32)
(21185, 63, 30)
(42373/2, 58, 27)
(21188, 55, 25)
(42379/2, 67, 32)
(42379/2, 70, 34)
(42381/2, 67, 32)
(42381/2, 70, 34)
(21192, 67, 32)
(21192, 70, 34)
(21194, 65, 31)
(21194, 71, 34)
(42397/2, 56, 25)
(21199, 59, 27)
(42399/2, 61, 28)
(21200, 62, 29)
(42401/2, 61, 28)
(21201, 62, 29)
(42403/2, 59, 27)
(21202, 62, 29)
(42405/2, 64, 30)
(21203, 65, 31)
(42409/2, 62, 29)
(21206, 77, 38)
(21207, 74, 36)
(21208, 71, 34)
(42419/2, 64, 30)
(42419/2, 67, 32)
(42419/2, 67, 32)
(21212, 62, 29)
(42427/2, 65, 31)
(42427/2, 71, 34)
(21215, 65, 31)
(21215, 71, 34)
(42433/2, 65, 31)
(42433/2, 71, 34)
(21218, 64, 30)
(21218, 69, 33)
(21224, 52, 23)
(21224, 55, 25)
(21230, 52, 23)
(21230, 55, 25)
(21245, 67, 32)
(42491/2, 64, 30)
(21246, 67, 32)
(42493/2, 57, 26)
(42493/2, 59, 27)
(42493/2, 67, 32)
(21248, 67, 32)
(42497/2, 64, 30)
(21249, 67, 32)
(42499/2, 67, 32)
(21250, 67, 32)
(42501/2, 64, 30)
(21251, 67, 32)
(42503/2, 67, 32)
(21254, 66, 31)
(42509/2, 62, 29)
(21255, 66, 31)
(42511/2, 66, 31)
(85025/4, 67, 32)
(85027/4, 64, 30)
(85029/4, 67, 32)
(85031/4, 67, 32)
(21260, 67, 32)
(42521/2, 64, 30)
(21261, 67, 32)
(42523/2, 67, 32)
(21262, 67, 32)
(42525/2, 64, 30)
(21263, 67, 32)
(42527/2, 67, 32)
(21266, 66, 31)
(21269, 60, 28)
(21272, 59, 27)
(21275, 60, 28)
(21278, 59, 27)
(42565/2, 55, 25)
(21284, 54, 24)
(42569/2, 59, 27)
(21286, 59, 27)
(21287, 55, 25)
(21290, 54, 24)
(42583/2, 60, 28)
(21296, 59, 27)
(21299, 60, 28)
(21302, 59, 27)
(42625/2, 67, 32)
(21314, 67, 32)
(42631/2, 62, 29)
(42633/2, 67, 32)
(21317, 67, 32)
(42637/2, 62, 29)
(42639/2, 67, 32)
(21320, 67, 32)
(42643/2, 60, 28)
(21323, 67, 32)
(42647/2, 67, 32)
(42649/2, 60, 28)
(42651/2, 67, 32)
(21326, 65, 31)
(42655/2, 60, 28)
(42657/2, 65, 31)
(21329, 65, 31)
(42661/2, 60, 28)
(42663/2, 65, 31)
(21332, 65, 31)
(42667/2, 59, 27)
(42669/2, 65, 31)
(21335, 65, 31)
(42673/2, 59, 27)
(42675/2, 65, 31)
(21338, 64, 30)
(42679/2, 59, 27)
(42681/2, 64, 30)
(21341, 64, 30)
(42685/2, 59, 27)
(42687/2, 64, 30)
(21344, 64, 30)
(42691/2, 58, 27)
(42693/2, 64, 30)
(21347, 64, 30)
(42697/2, 58, 27)
(42699/2, 67, 32)
(21350, 67, 32)
(42703/2, 64, 30)
(42705/2, 67, 32)
(21353, 67, 32)
(42709/2, 64, 30)
(42711/2, 67, 32)
(21356, 67, 32)
(42715/2, 64, 30)
(42717/2, 67, 32)
(21359, 67, 32)
(42721/2, 64, 30)
(42723/2, 66, 31)
(21362, 69, 33)
(21362, 66, 31)
(21362, 66, 31)
(21365, 64, 30)
(42733/2, 62, 29)
(21368, 67, 32)
(21372, 67, 32)
(21374, 69, 33)
(21374, 66, 31)
(21377, 64, 30)
(42757/2, 62, 29)
(21380, 67, 32)
(21384, 67, 32)
(21386, 66, 31)
(21389, 69, 33)
(42781/2, 67, 32)
(21392, 67, 32)
(42789/2, 66, 31)
(21395, 62, 29)
(42793/2, 66, 31)
(21398, 64, 30)
(21401, 62, 29)
(42805/2, 64, 30)
(21404, 62, 29)
(21407, 66, 31)
(21410, 62, 29)
(21410, 66, 31)
(21413, 64, 30)
(21414, 62, 29)
(21416, 68, 32)
(21420, 67, 32)
(21422, 66, 31)
(21423, 66, 31)
(42849/2, 64, 30)
(21426, 62, 29)
(21428, 68, 32)
(42863/2, 67, 32)
(21434, 66, 31)
(42877/2, 59, 27)
(21440, 59, 27)
(21443, 64, 30)
(21446, 64, 30)
(21454, 66, 31)
(21458, 67, 32)
(42931/2, 70, 34)
(42933/2, 69, 33)
(21468, 67, 32)
(21470, 66, 31)
(21472, 67, 32)
(21473, 64, 30)
(21476, 69, 33)
(21479, 67, 32)
(21483, 57, 26)
(42969/2, 57, 26)
(42971/2, 57, 26)
(21488, 57, 26)
(21490, 57, 26)
(42991/2, 57, 26)
(21497, 57, 26)
(21498, 57, 26)
(21500, 57, 26)
(21501, 62, 29)
(43005/2, 72, 35)
(21504, 71, 34)
(43011/2, 69, 33)
(21506, 69, 33)
(43015/2, 67, 32)
(43017/2, 66, 31)
(21509, 66, 31)
(43021/2, 64, 30)
(43023/2, 62, 29)
(21512, 62, 29)
(43027/2, 67, 32)
(21515, 66, 31)
(43033/2, 65, 30)
(21518, 66, 31)
(43039/2, 62, 29)
(21521, 64, 30)
(43045/2, 61, 28)
(21524, 69, 33)
(21525, 66, 31)
(21528, 62, 29)
(43063/2, 54, 24)
(43067/2, 57, 26)
(43075/2, 54, 24)
(43075/2, 57, 26)
(21539, 54, 24)
(21539, 57, 26)
(43081/2, 54, 24)
(43081/2, 57, 26)
(21542, 54, 24)
(21542, 57, 26)
(43093/2, 57, 26)
(21548, 55, 25)
(43099/2, 67, 32)
(43105/2, 64, 30)
(43111/2, 55, 25)
(43117/2, 59, 27)
(43123/2, 56, 25)
(43123/2, 59, 27)
(21563, 56, 25)
(21563, 59, 27)
(43129/2, 56, 25)
(43129/2, 59, 27)
(21566, 56, 25)
(21566, 59, 27)
(43141/2, 59, 27)
(21572, 61, 28)
(43147/2, 62, 29)
(43147/2, 66, 31)
(43153/2, 64, 30)
(21578, 62, 29)
(21581, 61, 28)
(43171/2, 69, 33)
(21587, 71, 34)
(43177/2, 73, 35)
(21590, 69, 33)
(43183/2, 74, 36)
(43187/2, 73, 35)
(21596, 74, 36)
(43197/2, 59, 27)
(21600, 59, 27)
(21602, 62, 29)
(43207/2, 61, 28)
(43209/2, 62, 29)
(21606, 62, 29)
(21608, 66, 31)
(21611, 62, 29)
(21614, 64, 30)
(21617, 64, 30)
(21620, 62, 29)
(21620, 66, 31)
(21620, 74, 36)
(21622, 76, 37)
(43247/2, 69, 33)
(21626, 74, 36)
(21627, 67, 32)
(21628, 72, 35)
(43261/2, 71, 34)
(21632, 71, 34)
(43267/2, 67, 32)
(43269/2, 66, 31)
(21636, 69, 33)
(43277/2, 71, 34)
(21639, 71, 34)
(43279/2, 67, 32)
(21640, 69, 33)
(43281/2, 67, 32)
(21641, 66, 31)
(43285/2, 66, 31)
(21643, 67, 32)
(43287/2, 66, 31)
(21644, 64, 30)
(43303/2, 61, 28)
(21652, 62, 29)
(43305/2, 61, 28)
(21653, 59, 27)
(43309/2, 59, 27)
(21655, 61, 28)
(43311/2, 59, 27)
(21656, 57, 26)
(21659, 59, 27)
(43321/2, 52, 23)
(21662, 57, 26)
(43327/2, 50, 22)
(43329/2, 55, 25)
(43335/2, 54, 24)
(21668, 54, 24)
(43339/2, 57, 26)
(21671, 59, 27)
(43345/2, 52, 23)
(21674, 57, 26)
(43351/2, 50, 22)
(43353/2, 55, 25)
(43359/2, 54, 24)
(21680, 54, 24)
(43369/2, 67, 32)
(21686, 66, 31)
(21687, 65, 31)
(21688, 64, 30)
(43379/2, 69, 33)
(21692, 62, 29)
(21695, 60, 28)
(43391/2, 62, 29)
(21696, 60, 28)
(43393/2, 60, 28)
(21697, 60, 28)
(43395/2, 60, 28)
(21698, 59, 27)
(21701, 61, 28)
(43403/2, 62, 29)
(21702, 61, 28)
(43405/2, 61, 28)
(21703, 61, 28)
(43407/2, 61, 28)
(21704, 58, 27)
(21707, 62, 29)
(43415/2, 58, 27)
(43415/2, 61, 28)
(43415/2, 62, 29)
(21708, 62, 29)
(43417/2, 62, 29)
(21710, 64, 30)
(21713, 64, 30)
(43427/2, 62, 29)
(21716, 61, 28)
(21734, 62, 29)
(21734, 69, 33)
(21737, 67, 32)
(21737, 71, 34)
(43477/2, 67, 32)
(43477/2, 69, 33)
(21740, 66, 31)
(21740, 69, 33)
(43483/2, 57, 26)
(21742, 59, 27)
(43485/2, 61, 28)
(21743, 50, 22)
(21743, 61, 28)
(43487/2, 57, 26)
(21744, 62, 29)
(21746, 66, 31)
(21749, 71, 34)
(21752, 74, 36)
(65260/3, 57, 26)
(65261/3, 61, 28)
(21754, 64, 30)
(43509/2, 57, 26)
(21758, 64, 30)
(43517/2, 62, 29)
(21759, 66, 31)
(21759, 67, 32)
(21759, 69, 33)
(43519/2, 66, 31)
(21760, 67, 32)
(43521/2, 64, 30)
(21761, 69, 33)
(21763, 71, 34)
(21764, 73, 35)
(43529/2, 71, 34)
(21765, 73, 35)
(43531/2, 69, 33)
(21766, 71, 34)
(43533/2, 74, 36)
(21767, 73, 35)
(43535/2, 74, 36)
(21768, 69, 33)
(43537/2, 74, 36)
(21769, 76, 37)
(21770, 78, 38)
(43543/2, 62, 29)
(21773, 62, 29)
(43549/2, 61, 28)
(21776, 69, 33)
(21779, 67, 32)
(21782, 66, 31)
(21785, 64, 30)
(21785, 64, 30)
(21788, 64, 30)
(21791, 62, 29)
(21794, 64, 30)
(43591/2, 61, 28)
(21797, 57, 26)
(43595/2, 59, 27)
(21798, 61, 28)
(21800, 62, 29)
(43601/2, 61, 28)
(21801, 62, 29)
(43603/2, 57, 26)
(21802, 61, 28)
(43605/2, 64, 30)
(21803, 57, 26)
(43613/2, 67, 32)
(43613/2, 71, 34)
(21808, 67, 32)
(21808, 69, 33)
(43619/2, 67, 32)
(43619/2, 69, 33)
(21812, 76, 37)
(21812, 79, 39)
(21815, 78, 38)
(21815, 79, 39)
(87263/4, 78, 38)
(87267/4, 78, 38)
(87267/4, 79, 39)
(21818, 78, 38)
(21818, 79, 39)
(21819, 78, 38)
(21820, 78, 38)
(21820, 79, 39)
(21821, 78, 38)
(21821, 79, 39)
(43645/2, 78, 38)
(43647/2, 78, 38)
(43647/2, 79, 39)
(21824, 79, 39)
(21827, 78, 38)
(21827, 79, 39)
(87311/4, 78, 38)
(87315/4, 78, 38)
(87315/4, 79, 39)
(21830, 78, 38)
(21830, 79, 39)
(43663/2, 78, 38)
(43665/2, 78, 38)
(21833, 78, 38)
(21833, 79, 39)
(43669/2, 78, 38)
(43671/2, 78, 38)
(43671/2, 79, 39)
(21836, 76, 37)
(21836, 79, 39)
(21839, 78, 38)
(21839, 79, 39)
(21842, 79, 39)
(21842, 78, 38)
(21843, 76, 37)
(21844, 74, 36)
(43689/2, 79, 39)
(21845, 73, 35)
(21846, 71, 34)
(21848, 71, 34)
(21849, 69, 33)
(21851, 67, 32)
(43703/2, 67, 32)
(21853, 67, 32)
(21854, 66, 31)
(43711/2, 64, 30)
(43713/2, 62, 29)
(43717/2, 62, 29)
(21860, 54, 24)
(21860, 57, 26)
(21863, 66, 31)
(21863, 69, 33)
(21866, 66, 31)
(21866, 69, 33)
(21869, 57, 26)
(21869, 62, 29)
(21872, 57, 26)
(21872, 62, 29)
(21875, 57, 26)
(21875, 62, 29)
(21878, 67, 32)
(21884, 54, 24)
(21884, 57, 26)
(43773/2, 67, 32)
(21892, 64, 30)
(21896, 66, 31)
(30000, 62, 29)
(30003, 55, 25)
(60009/2, 57, 26)
(30006, 62, 29)
(60015/2, 45, 19)
(30008, 47, 20)
(60017/2, 49, 21)
(30009, 50, 22)
(60019/2, 49, 21)
(30010, 50, 22)
(60021/2, 45, 19)
(30011, 50, 22)
(60023/2, 52, 23)
(30012, 54, 24)
(60025/2, 52, 23)
(30013, 54, 24)
(60027/2, 50, 22)
(120057/4, 54, 24)
(30015, 57, 26)
(60031/2, 56, 25)
(30016, 57, 26)
(60033/2, 54, 24)
(30017, 57, 26)
(60035/2, 61, 28)
(30018, 62, 29)
(60037/2, 61, 28)
(30019, 62, 29)
(60039/2, 57, 26)
(30020, 59, 27)
(60041/2, 61, 28)
(30021, 61, 28)
(60043/2, 62, 29)
(30022, 62, 29)
(60045/2, 61, 28)
(30023, 62, 29)
(30024, 62, 29)
(60049/2, 61, 28)
(30026, 62, 29)
(60053/2, 61, 28)
(30027, 62, 29)
(30028, 59, 27)
(30030, 57, 26)
(60063/2, 47, 20)
(30032, 49, 21)
(60065/2, 51, 22)
(30033, 52, 23)
(60067/2, 51, 22)
(30034, 52, 23)
(60069/2, 47, 20)
(30035, 52, 23)
(60071/2, 54, 24)
(30036, 55, 25)
(60073/2, 54, 24)
(30037, 55, 25)
(60075/2, 52, 23)
(30038, 55, 25)
(60077/2, 57, 26)
(30039, 59, 27)
(60079/2, 57, 26)
(30040, 59, 27)
(60081/2, 55, 25)
(30041, 59, 27)
(60083/2, 63, 29)
(30042, 64, 30)
(60085/2, 63, 29)
(30043, 64, 30)
(30044, 59, 27)
(60089/2, 61, 28)
(30045, 64, 30)
(60091/2, 63, 29)
(30046, 64, 30)
(60093/2, 64, 30)
(30047, 63, 29)
(60095/2, 64, 30)
(30048, 64, 30)
(60097/2, 63, 29)
(30049, 64, 30)
(60099/2, 64, 30)
(30050, 63, 29)
(60101/2, 64, 30)
(30051, 64, 30)
(60105/2, 60, 28)
(30054, 59, 27)
(30060, 49, 21)
(30063, 45, 19)
(30066, 50, 22)
(30072, 49, 21)
(30080, 54, 24)
(30086, 54, 24)
(30090, 55, 25)
(30098, 45, 19)
(30102, 50, 22)
(30108, 46, 19)
(60219/2, 47, 20)
(30111, 52, 23)
(60225/2, 49, 21)
(30114, 50, 22)
(30117, 45, 19)
(30120, 46, 19)
(60243/2, 47, 20)
(30123, 52, 23)
(60249/2, 49, 21)
(30126, 50, 22)
(60255/2, 45, 19)
(30129, 42, 17)
(30132, 43, 18)
(60269/2, 52, 23)
(30138, 43, 18)
(60279/2, 49, 21)
(60279/2, 52, 23)
(60311/2, 64, 30)
(30156, 64, 30)
(60315/2, 68, 32)
(60317/2, 64, 30)
(30159, 64, 30)
(30160, 68, 32)
(30161, 57, 26)
(30162, 57, 26)
(60327/2, 61, 28)
(60329/2, 57, 26)
(30165, 57, 26)
(60333/2, 61, 28)
(60335/2, 57, 26)
(30168, 57, 26)
(60339/2, 61, 28)
(60341/2, 57, 26)
(30171, 57, 26)
(30172, 61, 28)
(30173, 62, 29)
(30174, 62, 29)
(30177, 55, 25)
(60357/2, 57, 26)
(30180, 62, 29)
(60363/2, 45, 19)
(30182, 47, 20)
(60365/2, 49, 21)
(30183, 50, 22)
(60367/2, 49, 21)
(30184, 50, 22)
(60369/2, 45, 19)
(30185, 50, 22)
(60371/2, 52, 23)
(30186, 54, 24)
(60373/2, 52, 23)
(30187, 54, 24)
(60375/2, 50, 22)
(30188, 52, 23)
(60377/2, 54, 24)
(30189, 55, 25)
(60379/2, 54, 24)
(30190, 55, 25)
(60381/2, 57, 26)
(30191, 59, 27)
(60383/2, 61, 28)
(30192, 62, 29)
(60387/2, 49, 21)
(30204, 64, 30)
(30207, 66, 31)
(60417/2, 59, 27)
(30210, 68, 32)
(60423/2, 69, 33)
(30213, 71, 34)
(60429/2, 69, 33)
(30216, 68, 32)
(60435/2, 66, 31)
(30219, 64, 30)
(60441/2, 57, 26)
(30222, 56, 25)
(30225, 59, 27)
(60453/2, 52, 23)
(30228, 57, 26)
(30229, 52, 23)
(60489/2, 47, 20)
(30245, 49, 21)
(60491/2, 51, 22)
(30246, 52, 23)
(60493/2, 51, 22)
(30247, 52, 23)
(60495/2, 47, 20)
(30248, 49, 21)
(60497/2, 51, 22)
(30249, 52, 23)
(60499/2, 51, 22)
(30250, 52, 23)
(60501/2, 47, 20)
(30251, 49, 21)
(60503/2, 51, 22)
(30252, 52, 23)
(60505/2, 51, 22)
(30253, 52, 23)
(60507/2, 47, 20)
(30254, 49, 21)
(60509/2, 51, 22)
(30255, 52, 23)
(60511/2, 51, 22)
(30256, 52, 23)
(60513/2, 47, 20)
(30257, 49, 21)
(60515/2, 51, 22)
(30258, 52, 23)
(60517/2, 51, 22)
(30259, 52, 23)
(60519/2, 47, 20)
(30260, 49, 21)
(60521/2, 51, 22)
(30261, 52, 23)
(60523/2, 51, 22)
(30262, 52, 23)
(60525/2, 47, 20)
(30263, 49, 21)
(60527/2, 51, 22)
(30264, 52, 23)
(60529/2, 51, 22)
(30265, 52, 23)
(60531/2, 52, 23)
(121065/4, 52, 23)
(30270, 52, 23)
(30270, 43, 18)
(30271, 52, 23)
(30271, 43, 18)
(30276, 50, 22)
(30278, 50, 22)
(30282, 50, 22)
(30285, 43, 18)
(30288, 60, 28)
(60577/2, 59, 27)
(30289, 60, 28)
(60579/2, 60, 28)
(30290, 60, 28)
(60589/2, 61, 28)
(30300, 59, 27)
(30306, 58, 27)
(60615/2, 49, 21)
(30309, 48, 21)
(30312, 53, 24)
(60625/2, 52, 23)
(30313, 53, 24)
(60627/2, 53, 24)
(30314, 43, 18)
(30318, 50, 22)
(30324, 53, 24)
(60649/2, 52, 23)
(30325, 53, 24)
(60651/2, 53, 24)
(121305/4, 52, 23)
(30330, 50, 22)
(30333, 49, 21)
(30336, 59, 27)
(30336, 53, 24)
(60673/2, 52, 23)
(30337, 53, 24)
(60675/2, 53, 24)
(121353/4, 45, 19)
(121353/4, 53, 24)
(30342, 54, 24)
(60685/2, 52, 23)
(30343, 54, 24)
(60687/2, 54, 24)
(121377/4, 54, 24)
(121377/4, 45, 19)
(30348, 56, 25)
(60697/2, 54, 24)
(30349, 56, 25)
(60699/2, 56, 25)
(121401/4, 56, 25)
(121401/4, 47, 20)
(30354, 56, 25)
(60709/2, 54, 24)
(30355, 56, 25)
(60711/2, 47, 20)
(60711/2, 56, 25)
(30357, 52, 23)
(30357, 56, 25)
(30357, 47, 20)
(30360, 57, 26)
(30384, 57, 26)
(30386, 49, 21)
(30387, 50, 22)
(30390, 52, 23)
(30394, 52, 23)
(30396, 40, 16)
(30398, 42, 17)
(60799/2, 44, 18)
(30402, 45, 19)
(60813/2, 61, 28)
(30408, 61, 28)
(30410, 59, 27)
(60823/2, 57, 26)
(30414, 63, 29)
(30417, 63, 29)
(30418, 63, 29)
(30420, 61, 28)
(30421, 61, 28)
(30422, 59, 27)
(60847/2, 57, 26)
(30426, 62, 29)
(60855/2, 52, 23)
(30432, 54, 24)
(30434, 52, 23)
(30435, 51, 22)
(30438, 51, 22)
(30444, 52, 23)
(30450, 45, 19)
(30450, 52, 23)
(30453, 45, 19)
(30456, 50, 22)
(60927/2, 47, 20)
(60929/2, 49, 21)
(30466, 50, 22)
(30468, 52, 23)
(30471, 50, 22)
(30474, 49, 21)
(30477, 47, 20)
(30477, 50, 22)
(30480, 47, 20)
(60963/2, 47, 20)
(60965/2, 47, 20)
(60967/2, 47, 20)
(30486, 49, 21)
(30489, 47, 20)
(60987/2, 47, 20)
(30495, 47, 20)
(60993/2, 47, 20)
(30498, 49, 21)
(30501, 49, 21)
(61005/2, 50, 22)
(61007/2, 52, 23)
(30504, 52, 23)
(61011/2, 54, 24)
(61013/2, 55, 25)
(30507, 55, 25)
(61017/2, 49, 21)
(30510, 49, 21)
(61023/2, 50, 22)
(61025/2, 52, 23)
(30514, 54, 24)
(30516, 52, 23)
(30519, 40, 16)
(30522, 49, 21)
(30525, 49, 21)
(30528, 49, 21)
(30531, 49, 21)
(30534, 49, 21)
(61071/2, 49, 21)
(30537, 49, 21)
(61077/2, 49, 21)
(30540, 49, 21)
(61089/2, 49, 21)
(30546, 50, 22)
(30549, 50, 22)
(30552, 50, 22)
(30555, 50, 22)
(30558, 51, 22)
(61119/2, 51, 22)
(30561, 51, 22)
(61125/2, 51, 22)
(30564, 51, 22)
(61137/2, 51, 22)
(30570, 52, 23)
(61155/2, 64, 30)
(61159/2, 62, 29)
(30582, 61, 28)
(30585, 59, 27)
(61179/2, 64, 30)
(61181/2, 63, 29)
(30592, 62, 29)
(30594, 61, 28)
(30597, 59, 27)
(61197/2, 53, 23)
(30600, 54, 24)
(30603, 52, 23)
(30606, 50, 22)
(61215/2, 62, 29)
(30609, 61, 28)
(61221/2, 66, 31)
(30612, 64, 30)
(61227/2, 66, 31)
(30615, 64, 30)
(61233/2, 66, 31)
(30618, 64, 30)
(30621, 66, 31)
(30624, 50, 22)
(30627, 52, 23)
(30630, 57, 26)
(30633, 50, 22)
(30634, 52, 23)
(30636, 45, 19)
(61275/2, 52, 23)
(30638, 54, 24)
(61277/2, 56, 25)
(30639, 57, 26)
(61279/2, 56, 25)
(30640, 57, 26)
(61281/2, 57, 26)
(30642, 57, 26)
(30642, 49, 21)
(30643, 57, 26)
(30648, 55, 25)
(30651, 55, 25)
(30654, 48, 21)
(30657, 37, 14)
(30660, 41, 17)
(61323/2, 48, 21)
(30662, 50, 22)
(61325/2, 52, 23)
(30663, 53, 24)
(61327/2, 52, 23)
(30664, 53, 24)
(61329/2, 53, 24)
(30666, 53, 24)
(30668, 45, 19)
(30668, 53, 24)
(30672, 42, 17)
(30678, 57, 26)
(30681, 45, 19)
(61365/2, 45, 19)
(30683, 47, 20)
(61367/2, 49, 21)
(30684, 50, 22)
(61369/2, 49, 21)
(30685, 50, 22)
(61371/2, 50, 22)
(30687, 48, 21)
(30690, 46, 20)
(30693, 45, 19)
(30696, 43, 18)
(61393/2, 42, 17)
(30697, 43, 18)
(61395/2, 43, 18)
(30698, 45, 19)
(30702, 47, 20)
(30708, 43, 18)
(61421/2, 43, 18)
(30711, 43, 18)
(30714, 44, 18)
(61429/2, 42, 17)
(30715, 44, 18)
(61431/2, 44, 18)
(122865/4, 44, 18)
(30732, 45, 19)
(30750, 59, 27)
(30753, 57, 26)
(30756, 62, 29)
(61515/2, 47, 20)
(30758, 50, 22)
(61517/2, 49, 21)
(30759, 50, 22)
(61519/2, 50, 22)
(30760, 52, 23)
(30762, 54, 24)
(61525/2, 50, 22)
(30763, 54, 24)
(61527/2, 57, 26)
(30764, 52, 23)
(30764, 55, 25)
(61529/2, 54, 24)
(30768, 62, 29)
(61537/2, 61, 28)
(30769, 62, 29)
(61539/2, 57, 26)
(30770, 59, 27)
(61541/2, 62, 29)
(30771, 61, 28)
(61543/2, 62, 29)
(30772, 62, 29)
(61545/2, 61, 28)
(30773, 62, 29)
(30774, 62, 29)
(61549/2, 61, 28)
(30775, 62, 29)
(61551/2, 62, 29)
(30776, 61, 28)
(61553/2, 62, 29)
(30777, 64, 30)
(61557/2, 59, 27)
(30780, 57, 26)
(61563/2, 47, 20)
(30782, 49, 21)
(61565/2, 49, 21)
(61567/2, 50, 22)
(30784, 52, 23)
(61569/2, 50, 22)
(30785, 52, 23)
(61571/2, 47, 20)
(30786, 55, 25)
(61573/2, 52, 23)
(30787, 59, 27)
(61575/2, 57, 26)
(30788, 59, 27)
(61577/2, 62, 29)
(30792, 64, 30)
(61587/2, 59, 27)
(30794, 64, 30)
(123177/4, 64, 30)
(30798, 64, 30)
(61597/2, 61, 28)
(61597/2, 62, 29)
(30799, 64, 30)
(61599/2, 64, 30)
(30800, 62, 29)
(61601/2, 64, 30)
(30801, 64, 30)
(61605/2, 60, 28)
(30804, 59, 27)
(30807, 52, 23)
(61617/2, 50, 22)
(30810, 49, 21)
(61623/2, 52, 23)
(30816, 61, 28)
(30822, 62, 29)
(30825, 52, 23)
(61653/2, 50, 22)
(30828, 52, 23)
(61659/2, 57, 26)
(61661/2, 61, 28)
(30834, 62, 29)
(61673/2, 54, 24)
(30842, 54, 24)
(30844, 57, 26)
(30858, 50, 22)
(30864, 43, 18)
(30865, 38, 15)
(61733/2, 42, 17)
(30870, 43, 18)
(30892, 60, 28)
(30894, 60, 28)
(30895, 63, 30)
(30896, 60, 28)
(61793/2, 60, 28)
(30898, 63, 30)
(30899, 60, 28)
(30900, 60, 28)
(61803/2, 63, 30)
(30903, 60, 28)
(61807/2, 60, 28)
(61809/2, 63, 30)
(61811/2, 53, 24)
(30906, 53, 24)
(30918, 53, 24)
(30924, 54, 24)
(30929, 54, 24)
(30930, 55, 25)
(30933, 50, 22)
(30934, 51, 23)
(30936, 53, 24)
(30942, 41, 17)
(30945, 43, 18)
(61893/2, 45, 19)
(30948, 46, 20)
(61903/2, 53, 24)
(30954, 47, 20)
(30954, 42, 18)
(30954, 63, 30)
(30955, 62, 29)
(30960, 62, 29)
(30963, 60, 28)
(61927/2, 57, 26)
(61929/2, 53, 24)
(30966, 65, 31)
(61935/2, 64, 30)
(61937/2, 63, 30)
(61939/2, 62, 29)
(30972, 62, 29)
(61949/2, 60, 28)
(30975, 57, 26)
(61953/2, 53, 24)
(30978, 50, 22)
(30984, 48, 21)
(30990, 47, 20)
(31008, 45, 19)
(31011, 41, 17)
(62025/2, 43, 18)
(31014, 36, 14)
(62043/2, 45, 19)
(31023, 41, 17)
(62049/2, 43, 18)
(31026, 36, 14)
(62091/2, 57, 26)
(31047, 50, 22)
(62097/2, 53, 24)
(31050, 45, 19)
(62139/2, 38, 15)
(31071, 43, 18)
(62145/2, 46, 20)
(31074, 50, 22)
(31092, 55, 25)
(31095, 56, 26)
(62193/2, 50, 22)
(31098, 55, 25)
(62199/2, 48, 21)
(31101, 53, 24)
(62207/2, 53, 24)
(31104, 52, 23)
(62211/2, 60, 28)
(62213/2, 59, 27)
(31108, 58, 27)
(31110, 57, 26)
(62223/2, 58, 27)
(31113, 55, 25)
(62229/2, 62, 29)
(31116, 61, 28)
(31122, 57, 26)
(31125, 58, 27)
(62253/2, 52, 23)
(31128, 57, 26)
(62259/2, 50, 22)
(62261/2, 55, 25)
(62267/2, 55, 25)
(31134, 54, 24)
(62269/2, 52, 23)
(31135, 54, 24)
(62271/2, 50, 22)
(31136, 52, 23)
(62273/2, 54, 24)
(31137, 55, 25)
(62275/2, 54, 24)
(31138, 55, 25)
(62277/2, 57, 26)
(31139, 55, 25)
(62279/2, 57, 26)
(31140, 54, 24)
(62283/2, 55, 25)
(31142, 54, 24)
(62285/2, 55, 25)
(31143, 55, 25)
(62289/2, 54, 24)
(31145, 52, 23)
(62291/2, 54, 24)
(31146, 55, 25)
(62295/2, 43, 18)
(31148, 45, 19)
(62297/2, 43, 18)
(31149, 52, 23)
(62301/2, 48, 21)
(31151, 50, 22)
(62303/2, 48, 21)
(31152, 53, 24)
(62305/2, 55, 25)
(31153, 53, 24)
(62307/2, 52, 23)
(31154, 53, 24)
(62309/2, 52, 23)
(31155, 50, 22)
(62311/2, 52, 23)
(31156, 50, 22)
(62313/2, 48, 21)
(31157, 50, 22)
(62315/2, 48, 21)
(31158, 47, 20)
(31161, 49, 21)
(62325/2, 45, 19)
(31164, 50, 22)
(31170, 43, 18)
(62343/2, 49, 21)
(62361/2, 46, 20)
(31181, 48, 21)
(62363/2, 50, 22)
(31182, 51, 23)
(62365/2, 50, 22)
(31183, 51, 23)
(62367/2, 46, 20)
(31184, 51, 23)
(62369/2, 53, 24)
(31185, 55, 25)
(62371/2, 53, 24)
(31186, 55, 25)
(62373/2, 51, 23)
(31187, 55, 25)
(62375/2, 56, 26)
(31188, 58, 27)
(62379/2, 43, 18)
(62381/2, 43, 18)
(62383/2, 43, 18)
(31194, 44, 18)
(62409/2, 44, 18)
(31205, 47, 20)
(31206, 50, 22)
(62413/2, 49, 21)
(31207, 50, 22)
(62415/2, 50, 22)
(31208, 52, 23)
(62417/2, 40, 16)
(124835/4, 40, 16)
(31212, 44, 18)
(62427/2, 56, 25)
(31215, 56, 25)
(62433/2, 56, 25)
(31218, 57, 26)
(31224, 45, 19)
(31230, 45, 19)
(31245, 45, 19)
(31248, 49, 21)
(62499/2, 52, 23)
(31251, 57, 26)
(62505/2, 61, 28)
(31254, 62, 29)
(31257, 45, 19)
(31260, 49, 21)
(62523/2, 52, 23)
(31263, 57, 26)
(62529/2, 61, 28)
(31266, 62, 29)
(31269, 54, 24)
(31272, 55, 25)
(31275, 54, 24)
(31281, 49, 21)
(31281, 52, 23)
(31283, 40, 16)
(31284, 38, 15)
(62571/2, 47, 20)
(62573/2, 40, 16)
(62575/2, 45, 19)
(31290, 38, 15)
(31293, 50, 22)
(31296, 55, 25)
(31299, 50, 22)
(31302, 55, 25)
(31320, 40, 16)
(31322, 43, 18)
(31323, 37, 14)
(31326, 45, 19)
(31332, 50, 22)
(31335, 53, 24)
(62673/2, 47, 20)
(31338, 56, 25)
(31344, 62, 29)
(31350, 61, 28)
(62703/2, 64, 30)
(62705/2, 61, 28)
(31353, 61, 28)
(62709/2, 64, 30)
(62711/2, 61, 28)
(31356, 61, 28)
(31357, 64, 30)
(62717/2, 61, 28)
(31359, 61, 28)
(31360, 64, 30)
(62723/2, 64, 30)
(31362, 62, 29)
(31386, 62, 29)
(31389, 54, 24)
(62781/2, 55, 25)
(31392, 57, 26)
(31398, 45, 19)
(31401, 47, 20)
(62805/2, 49, 21)
(31404, 50, 22)
(31416, 45, 19)
(31428, 45, 19)
(62865/2, 57, 26)
(31434, 59, 27)
(31437, 57, 26)
(31438, 56, 25)
(31440, 56, 25)
(31446, 57, 26)
(31454, 50, 22)
(31458, 55, 25)
(31465, 52, 23)
(62933/2, 54, 24)
(31468, 55, 25)
(31470, 57, 26)
(31474, 55, 25)
(31476, 54, 24)
(31479, 52, 23)
(62967/2, 52, 23)
(31485, 52, 23)
(62973/2, 52, 23)
(31488, 54, 24)
(31491, 52, 23)
(62991/2, 52, 23)
(31497, 52, 23)
(62997/2, 52, 23)
(31500, 54, 24)
(31502, 54, 24)
(63007/2, 55, 25)
(63009/2, 57, 26)
(31506, 57, 26)
(31507, 59, 27)
(31508, 60, 28)
(63017/2, 60, 28)
(63019/2, 54, 24)
(31513, 55, 25)
(63029/2, 57, 26)
(31516, 59, 27)
(31518, 57, 26)
(31521, 45, 19)
(31524, 54, 24)
(63053/2, 42, 17)
(31530, 42, 17)
(63065/2, 42, 17)
(31536, 42, 17)
(63075/2, 42, 17)
(31539, 42, 17)
(63081/2, 42, 17)
(31542, 42, 17)
(63093/2, 42, 17)
(31548, 43, 18)
(31551, 43, 18)
(31554, 43, 18)
(31557, 43, 18)
(31560, 44, 18)
(63123/2, 44, 18)
(31563, 44, 18)
(63129/2, 44, 18)
(31566, 44, 18)
(63141/2, 56, 25)
(31572, 57, 26)
(31579, 57, 26)
(31581, 55, 25)
(31584, 54, 24)
(31587, 52, 23)
(31590, 45, 19)
(63183/2, 44, 18)
(63185/2, 43, 18)
(31599, 43, 18)
(63201/2, 44, 18)
(31602, 45, 19)
(63207/2, 46, 19)
(31605, 47, 20)
(31606, 47, 20)
(31608, 45, 19)
(31611, 57, 26)
(31614, 57, 26)
(31617, 57, 26)
(31620, 59, 27)
(31623, 60, 28)
(31626, 52, 23)
(31626, 59, 27)
(31629, 38, 15)
(63261/2, 50, 22)
(31632, 43, 18)
(63267/2, 55, 25)
(31634, 54, 24)
(63269/2, 55, 25)
(31635, 57, 26)
(63271/2, 55, 25)
(31636, 57, 26)
(63273/2, 60, 28)
(31637, 59, 27)
(63275/2, 57, 26)
(31638, 64, 30)
(31641, 66, 31)
(63285/2, 59, 27)
(31644, 64, 30)
(31645, 58, 26)
(63293/2, 62, 29)
(63299/2, 61, 28)
(31650, 61, 28)
(31656, 45, 19)
(31659, 47, 20)
(31660, 40, 16)
(31662, 45, 19)
(63327/2, 37, 14)
(31665, 43, 18)
(63335/2, 42, 17)
(31668, 40, 16)
(63339/2, 45, 19)
(31671, 47, 20)
(31672, 40, 16)
(31674, 45, 19)
(63351/2, 38, 15)
(31677, 43, 18)
(63359/2, 42, 17)
(31680, 42, 17)
(31683, 43, 18)
(31686, 45, 19)
(31689, 45, 19)
(31692, 46, 20)
(63385/2, 45, 19)
(31693, 46, 20)
(63387/2, 46, 20)
(31694, 46, 20)
(63389/2, 46, 20)
(31695, 45, 19)
(31698, 46, 20)
(63397/2, 46, 20)
(31699, 46, 20)
(63399/2, 46, 20)
(31700, 46, 20)
(63401/2, 54, 24)
(31704, 46, 20)
(126819/4, 46, 20)
(63411/2, 46, 20)
(31706, 46, 20)
(63413/2, 46, 20)
(31707, 47, 20)
(31710, 49, 21)
(63421/2, 47, 20)
(31711, 49, 21)
(63423/2, 49, 21)
(63425/2, 47, 20)
(31716, 57, 26)
(31719, 58, 27)
(63441/2, 52, 23)
(31722, 52, 23)
(31728, 54, 23)
(31734, 42, 17)
(31737, 43, 18)
(31740, 38, 15)
(63483/2, 47, 20)
(31742, 49, 21)
(63485/2, 50, 22)
(31743, 49, 21)
(63487/2, 50, 22)
(31744, 50, 22)
(31744, 61, 28)
(31746, 54, 24)
(31748, 57, 26)
(31752, 50, 22)
(95260/3, 49, 21)
(95261/3, 50, 22)
(31754, 50, 22)
(31754, 61, 28)
(31758, 54, 24)
(31759, 50, 22)
(63519/2, 54, 24)
(31760, 59, 27)
(31764, 61, 28)
(63529/2, 59, 27)
(31765, 61, 28)
(63531/2, 57, 26)
(31766, 61, 28)
(63533/2, 62, 29)
(31767, 61, 28)
(63535/2, 62, 29)
(31768, 57, 26)
(63537/2, 62, 29)
(63539/2, 66, 31)
(31771, 57, 26)
(63545/2, 57, 26)
(63551/2, 66, 31)
(63557/2, 61, 28)
(63563/2, 62, 29)
(63569/2, 59, 27)
(63575/2, 57, 26)
(63581/2, 54, 24)
(63587/2, 50, 22)
(31795, 57, 26)
(63599/2, 54, 24)
(63605/2, 49, 21)
(63611/2, 50, 22)
(63613/2, 43, 18)
(63615/2, 45, 19)
(63623/2, 38, 15)
(31814, 45, 19)
(63635/2, 57, 26)
(63637/2, 61, 28)
(63647/2, 62, 29)
(63653/2, 45, 19)
(63659/2, 52, 23)
(31831, 57, 26)
(63665/2, 61, 28)
(63671/2, 62, 29)
(31837, 57, 26)
(127351/4, 67, 32)
(127355/4, 66, 31)
(127359/4, 64, 30)
(63683/2, 64, 30)
(63685/2, 62, 29)
(63687/2, 61, 28)
(63689/2, 59, 27)
(63691/2, 57, 26)
(63695/2, 57, 26)
(63697/2, 54, 24)
(63699/2, 55, 25)
(63701/2, 55, 25)
(31851, 54, 24)
(31852, 52, 23)
(63707/2, 52, 23)
(31855, 50, 22)
(31856, 49, 21)
(63713/2, 49, 21)
(31861, 50, 22)
(63731/2, 38, 15)
(63737/2, 50, 22)
(63743/2, 38, 15)
(63749/2, 50, 22)
(63755/2, 49, 21)
(63757/2, 49, 21)
(63771/2, 61, 28)
(63779/2, 62, 29)
(63791/2, 38, 15)
