(0, 78, 38)
(3/2, 76, 37)
(2, 76, 37)
(5/2, 76, 37)
(3, 76, 37)
(4, 74, 36)
(11/2, 73, 35)
(23/4, 74, 36)
(6, 76, 37)
(25/4, 74, 36)
(13/2, 73, 35)
(27/4, 71, 34)
(7, 70, 33)
(8, 78, 38)
(19/2, 76, 37)
(10, 76, 37)
(21/2, 76, 37)
(11, 76, 37)
(23/2, 74, 36)
(12, 74, 36)
(53/4, 73, 35)
(27/2, 76, 37)
(55/4, 73, 35)
(14, 71, 34)
(57/4, 74, 36)
(29/2, 73, 35)
(59/4, 66, 31)
(15, 71, 34)
(16, 66, 31)
(18, 68, 32)
(37/2, 68, 32)
(19, 71, 34)
(20, 66, 31)
(43/2, 66, 31)
(22, 68, 32)
(45/2, 68, 32)
(23, 70, 33)
(24, 78, 38)
(51/2, 76, 37)
(26, 76, 37)
(79/3, 76, 37)
(80/3, 76, 37)
(27, 74, 36)
(28, 74, 36)
(117/4, 73, 35)
(59/2, 76, 37)
(119/4, 73, 35)
(30, 71, 34)
(121/4, 74, 36)
(61/2, 73, 35)
(123/4, 66, 31)
(31, 71, 34)
(32, 66, 31)
(67/2, 66, 31)
(34, 68, 32)
(69/2, 68, 32)
(36, 66, 31)
(75/2, 66, 31)
(38, 68, 32)
(40, 78, 38)
(83/2, 76, 37)
(42, 76, 37)
(85/2, 76, 37)
(43, 74, 36)
(44, 74, 36)
(181/4, 73, 35)
(91/2, 76, 37)
(183/4, 73, 35)
(46, 71, 34)
(185/4, 74, 36)
(93/2, 73, 35)
(187/4, 66, 31)
(47, 71, 34)
(191/4, 74, 36)
(48, 73, 35)
(193/4, 70, 33)
(97/2, 66, 31)
(195/4, 73, 35)
(197/4, 67, 32)
(197/4, 74, 36)
(50, 76, 37)
(201/4, 73, 35)
(101/2, 69, 33)
(203/4, 76, 37)
(51, 78, 38)
(103/2, 78, 38)
(52, 79, 39)
(209/4, 78, 38)
(105/2, 79, 39)
(211/4, 78, 38)
(53, 79, 39)
(213/4, 78, 38)
(107/2, 79, 39)
(215/4, 78, 38)
(54, 76, 37)
(217/4, 73, 35)
(109/2, 71, 34)
(219/4, 70, 33)
(55, 71, 34)
(223/4, 74, 36)
(56, 73, 35)
(225/4, 70, 33)
(113/2, 66, 31)
(227/4, 73, 35)
(57, 74, 36)
(231/4, 74, 36)
(58, 76, 37)
(233/4, 73, 35)
(117/2, 69, 33)
(235/4, 76, 37)
(59, 78, 38)
(119/2, 71, 34)
(119/2, 78, 38)
(60, 79, 39)
(241/4, 78, 38)
(121/2, 79, 39)
(243/4, 78, 38)
(61, 79, 39)
(245/4, 78, 38)
(123/2, 79, 39)
(247/4, 78, 38)
(62, 76, 37)
(249/4, 73, 35)
(125/2, 74, 36)
(251/4, 69, 33)
(251/4, 71, 34)
(127/2, 69, 33)
(64, 79, 39)
(257/4, 78, 38)
(129/2, 79, 39)
(259/4, 78, 38)
(65, 79, 39)
(261/4, 78, 38)
(131/2, 79, 39)
(263/4, 78, 38)
(66, 76, 37)
(265/4, 73, 35)
(133/2, 74, 36)
(267/4, 71, 34)
(67, 69, 33)
(68, 76, 37)
(273/4, 73, 35)
(137/2, 74, 36)
(275/4, 71, 34)
(69, 69, 33)
(279/4, 73, 35)
(70, 76, 37)
(281/4, 73, 35)
(141/2, 74, 36)
(567/8, 69, 33)
(573/8, 69, 33)
(72, 74, 36)
(291/4, 73, 35)
(73, 71, 34)
(147/2, 69, 33)
(74, 68, 32)
(149/2, 69, 33)
(75, 68, 32)
(151/2, 69, 33)
(76, 74, 36)
(307/4, 73, 35)
(77, 73, 35)
(309/4, 71, 34)
(155/2, 71, 34)
(311/4, 69, 33)
(78, 68, 32)
(157/2, 69, 33)
(79, 68, 32)
(159/2, 69, 33)
(80, 74, 36)
(323/4, 73, 35)
(81, 71, 34)
(163/2, 69, 33)
(82, 79, 39)
(331/4, 78, 38)
(83, 76, 37)
(167/2, 75, 36)
(84, 76, 37)
(339/4, 75, 36)
(85, 76, 37)
(341/4, 75, 36)
(86, 76, 37)
(349/4, 74, 36)
(175/2, 73, 35)
(351/4, 71, 34)
(88, 69, 33)
(353/4, 74, 36)
(177/2, 66, 31)
(355/4, 71, 34)
(89, 69, 33)
(357/4, 67, 32)
(179/2, 64, 30)
(359/4, 66, 31)
(90, 62, 29)
(361/4, 74, 36)
(181/2, 71, 34)
(363/4, 69, 33)
(91, 68, 32)
(183/2, 69, 33)
(369/4, 74, 36)
(185/2, 71, 34)
(371/4, 69, 33)
(93, 68, 32)
(187/2, 69, 33)
(377/4, 74, 36)
(189/2, 71, 34)
(379/4, 69, 33)
(95, 68, 32)
(191/2, 69, 33)
(96, 66, 31)
(193/2, 67, 32)
(97, 64, 30)
(195/2, 66, 31)
(98, 62, 29)
(393/4, 86, 43)
(197/2, 83, 41)
(395/4, 81, 40)
(99, 79, 39)
(199/2, 81, 40)
(401/4, 86, 43)
(201/2, 83, 41)
(403/4, 81, 40)
(101, 80, 39)
(203/2, 81, 40)
(409/4, 85, 42)
(205/2, 79, 39)
(411/4, 78, 38)
(413/4, 79, 39)
(104, 77, 37)
(417/4, 78, 38)
(105, 75, 36)
(211/2, 76, 37)
(425/4, 83, 41)
(213/2, 79, 39)
(427/4, 78, 38)
(107, 75, 36)
(215/2, 76, 37)
(433/4, 83, 41)
(869/8, 78, 38)
(871/8, 78, 38)
(875/8, 76, 37)
(441/4, 66, 31)
(221/2, 71, 34)
(443/4, 73, 35)
(111, 71, 34)
(445/4, 69, 33)
(223/2, 79, 39)
(112, 78, 38)
(449/4, 82, 40)
(225/2, 83, 41)
(451/4, 78, 38)
(113, 77, 37)
(453/4, 80, 39)
(227/2, 83, 41)
(455/4, 86, 43)
(114, 85, 42)
(457/4, 83, 41)
(229/2, 82, 40)
(459/4, 83, 41)
(115, 85, 42)
(461/4, 83, 41)
(231/2, 82, 40)
(463/4, 91, 46)
(116, 90, 45)
(465/4, 89, 44)
(233/2, 90, 45)
(467/4, 82, 40)
(117, 83, 41)
(469/4, 82, 40)
(235/2, 83, 41)
(471/4, 77, 37)
(118, 78, 38)
(473/4, 76, 37)
(237/2, 75, 36)
(475/4, 81, 40)
(119, 80, 39)
(477/4, 74, 36)
(239/2, 73, 35)
(479/4, 79, 39)
(120, 73, 35)
(481/4, 79, 39)
(241/2, 78, 38)
(483/4, 76, 37)
(121, 67, 32)
(121, 78, 38)
(485/4, 69, 33)
(243/2, 71, 34)
(487/4, 76, 37)
(122, 70, 33)
(489/4, 76, 37)
(245/2, 74, 36)
(491/4, 73, 35)
(123, 74, 36)
(247/2, 74, 36)
(124, 74, 36)
(995/8, 67, 32)
(997/8, 74, 36)
(997/8, 74, 36)
(1001/8, 64, 30)
(1005/8, 80, 39)
(126, 66, 31)
(126, 67, 32)
(126, 69, 33)
(505/4, 74, 36)
(253/2, 64, 30)
(127, 78, 38)
(509/4, 83, 41)
(255/2, 86, 43)
(513/4, 67, 32)
(257/2, 70, 33)
(515/4, 73, 35)
(129, 76, 37)
(517/4, 79, 39)
(259/2, 82, 40)
(519/4, 85, 42)
(521/4, 67, 32)
(261/2, 70, 33)
(523/4, 73, 35)
(131, 76, 37)
(525/4, 79, 39)
(263/2, 82, 40)
(527/4, 85, 42)
(529/4, 66, 31)
(265/2, 68, 32)
(531/4, 69, 33)
(133, 70, 33)
(533/4, 71, 34)
(267/2, 70, 33)
(267/2, 71, 34)
(535/4, 73, 35)
(134, 74, 36)
(805/6, 75, 36)
(403/3, 76, 37)
(269/2, 78, 38)
(279/2, 76, 37)
(140, 76, 37)
(281/2, 76, 37)
(141, 76, 37)
(283/2, 74, 36)
(142, 74, 36)
(144, 76, 37)
(577/4, 74, 36)
(289/2, 73, 35)
(579/4, 71, 34)
(145, 70, 33)
(146, 78, 38)
(295/2, 76, 37)
(148, 76, 37)
(297/2, 76, 37)
(149, 76, 37)
(299/2, 74, 36)
(150, 74, 36)
(605/4, 73, 35)
(303/2, 76, 37)
(607/4, 73, 35)
(152, 71, 34)
(609/4, 74, 36)
(305/2, 73, 35)
(611/4, 66, 31)
(153, 71, 34)
(154, 66, 31)
(311/2, 66, 31)
(157, 67, 32)
(315/2, 67, 32)
(158, 71, 34)
(319/2, 71, 34)
(160, 73, 35)
(321/2, 73, 35)
(161, 75, 36)
(323/2, 79, 39)
(162, 78, 38)
(649/4, 75, 36)
(325/2, 71, 34)
(651/4, 78, 38)
(163, 79, 39)
(655/4, 79, 39)
(164, 78, 38)
(657/4, 75, 36)
(329/2, 71, 34)
(659/4, 78, 38)
(165, 79, 39)
(663/4, 78, 38)
(166, 76, 37)
(665/4, 73, 35)
(333/2, 69, 33)
(667/4, 76, 37)
(167, 78, 38)
(669/4, 74, 36)
(335/2, 69, 33)
(671/4, 76, 37)
(168, 74, 36)
(673/4, 71, 34)
(337/2, 66, 31)
(675/4, 73, 35)
(169, 71, 34)
(677/4, 68, 32)
(339/2, 64, 30)
(679/4, 69, 33)
(170, 66, 31)
(170, 67, 32)
(683/4, 69, 33)
(171, 67, 32)
(687/4, 69, 33)
(172, 68, 32)
(689/4, 71, 34)
(345/2, 74, 36)
(691/4, 69, 33)
(173, 68, 32)
(174, 62, 29)
(174, 64, 30)
(699/4, 66, 31)
(175, 64, 30)
(703/4, 66, 31)
(176, 65, 30)
(705/4, 68, 32)
(353/2, 71, 34)
(707/4, 66, 31)
(177, 65, 30)
(711/4, 71, 34)
(711/4, 78, 38)
(178, 70, 33)
(715/4, 71, 34)
(179, 70, 33)
(719/4, 71, 34)
(180, 70, 33)
(721/4, 73, 35)
(361/2, 76, 37)
(723/4, 71, 34)
(181, 70, 33)
(727/4, 74, 36)
(182, 73, 35)
(729/4, 76, 37)
(365/2, 79, 39)
(731/4, 74, 36)
(183, 73, 35)
(184, 82, 40)
(737/4, 85, 42)
(369/2, 88, 44)
(739/4, 86, 43)
(185, 85, 42)
(741/4, 88, 44)
(371/2, 91, 46)
(743/4, 83, 41)
(186, 82, 40)
(375/2, 70, 33)
(188, 71, 34)
(755/4, 69, 33)
(755/4, 78, 38)
(189, 67, 32)
(379/2, 66, 31)
(192, 71, 34)
(771/4, 69, 33)
(193, 67, 32)
(773/4, 67, 32)
(387/2, 66, 31)
(194, 65, 30)
(389/2, 66, 31)
(195, 65, 30)
(391/2, 66, 31)
(196, 71, 34)
(787/4, 69, 33)
(197, 67, 32)
(395/2, 66, 31)
(198, 79, 39)
(795/4, 78, 38)
(199, 76, 37)
(399/2, 75, 36)
(200, 76, 37)
(801/4, 73, 35)
(801/4, 74, 36)
(803/4, 67, 32)
(805/4, 76, 37)
(807/4, 76, 37)
(203, 74, 36)
(813/4, 73, 35)
(407/2, 71, 34)
(815/4, 78, 38)
(204, 74, 36)
(817/4, 73, 35)
(409/2, 71, 34)
(819/4, 67, 32)
(819/4, 69, 33)
(205, 73, 35)
(821/4, 78, 38)
(411/2, 82, 40)
(823/4, 83, 41)
(206, 81, 40)
(825/4, 79, 39)
(413/2, 78, 38)
(827/4, 77, 37)
(829/4, 78, 38)
(208, 81, 40)
(833/4, 79, 39)
(417/2, 78, 38)
(835/4, 77, 37)
(837/4, 78, 38)
(210, 81, 40)
(841/4, 79, 39)
(421/2, 78, 38)
(843/4, 77, 37)
(845/4, 78, 38)
(847/4, 75, 36)
(849/4, 76, 37)
(851/4, 73, 35)
(853/4, 74, 36)
(855/4, 71, 34)
(214, 83, 41)
(857/4, 79, 39)
(429/2, 78, 38)
(859/4, 74, 36)
(859/4, 76, 37)
(861/4, 78, 38)
(216, 83, 41)
(865/4, 79, 39)
(433/2, 78, 38)
(867/4, 77, 37)
(869/4, 78, 38)
(218, 83, 41)
(873/4, 79, 39)
(437/2, 78, 38)
(875/4, 76, 37)
(219, 79, 39)
(877/4, 78, 38)
(439/2, 76, 37)
(879/4, 74, 36)
(220, 76, 37)
(441/2, 78, 38)
(883/4, 79, 39)
(221, 78, 38)
(1769/8, 76, 37)
(885/4, 74, 36)
(443/2, 73, 35)
(887/4, 78, 38)
(891/4, 77, 37)
(893/4, 76, 37)
(895/4, 75, 36)
(899/4, 73, 35)
(451/2, 67, 32)
(451/2, 76, 37)
(1805/8, 75, 36)
(903/4, 71, 34)
(915/4, 67, 32)
(915/4, 69, 33)
(919/4, 71, 34)
(230, 73, 35)
(921/4, 74, 36)
(461/2, 76, 37)
(923/4, 78, 38)
(231, 76, 37)
(925/4, 75, 36)
(463/2, 84, 42)
(927/4, 83, 41)
(232, 87, 43)
(929/4, 88, 44)
(465/2, 83, 41)
(931/4, 82, 40)
(233, 85, 42)
(933/4, 88, 44)
(467/2, 91, 46)
(935/4, 90, 45)
(234, 86, 43)
(937/4, 85, 42)
(469/2, 83, 41)
(939/4, 82, 40)
(235, 83, 41)
(941/4, 85, 42)
(471/2, 82, 40)
(943/4, 78, 38)
(236, 82, 40)
(945/4, 83, 41)
(473/2, 78, 38)
(947/4, 76, 37)
(237, 79, 39)
(949/4, 78, 38)
(475/2, 76, 37)
(951/4, 73, 35)
(951/4, 74, 36)
(238, 71, 34)
(953/4, 76, 37)
(477/2, 78, 38)
(955/4, 79, 39)
(239, 71, 34)
(957/4, 76, 37)
(479/2, 78, 38)
(959/4, 79, 39)
(240, 73, 35)
(961/4, 74, 36)
(481/2, 73, 35)
(963/4, 74, 36)
(965/4, 74, 36)
(967/4, 74, 36)
(242, 65, 30)
(969/4, 68, 32)
(485/2, 71, 34)
(971/4, 74, 36)
(243, 78, 38)
(973/4, 76, 37)
(1704/7, 80, 39)
(1705/7, 83, 41)
(975/4, 86, 43)
(979/4, 65, 30)
(246, 66, 31)
(985/4, 68, 32)
(493/2, 70, 33)
(987/4, 71, 34)
(247, 74, 36)
(989/4, 78, 38)
(495/2, 73, 35)
(991/4, 74, 36)
(248, 78, 38)
(993/4, 83, 41)
(497/2, 79, 39)
(995/4, 78, 38)
(249, 83, 41)
(997/4, 86, 43)
(499/2, 85, 42)
(999/4, 83, 41)
(250, 86, 43)
(1001/4, 90, 45)
(251, 89, 44)
(1005/4, 91, 46)
(503/2, 90, 45)
(1007/4, 88, 44)
(252, 87, 43)
(1009/4, 90, 45)
(505/2, 88, 44)
(1011/4, 86, 43)
(253, 85, 42)
(1013/4, 88, 44)
(507/2, 86, 43)
(1015/4, 85, 42)
(254, 83, 41)
(1017/4, 86, 43)
(509/2, 82, 40)
(1019/4, 85, 42)
(255, 83, 41)
(1021/4, 81, 40)
(511/2, 79, 39)
(1023/4, 78, 38)
(256, 77, 37)
(1025/4, 83, 41)
(513/2, 77, 37)
(1027/4, 78, 38)
(257, 74, 36)
(1029/4, 73, 35)
(515/2, 71, 34)
(1031/4, 73, 35)
(1047/4, 73, 35)
(1063/4, 73, 35)
(1095/4, 73, 35)
(1103/4, 71, 34)
(1103/4, 73, 35)
(276, 74, 36)
(1105/4, 76, 37)
(553/2, 78, 38)
(1107/4, 79, 39)
(277, 76, 37)
(1109/4, 76, 37)
(555/2, 73, 35)
(1111/4, 73, 35)
(1119/4, 71, 34)
(1119/4, 73, 35)
(280, 71, 34)
(281, 71, 34)
(281, 69, 33)
(1125/4, 73, 35)
(1125/4, 71, 34)
(563/2, 69, 33)
(1127/4, 76, 37)
(282, 73, 35)
(1129/4, 73, 35)
(565/2, 67, 32)
(565/2, 69, 33)
(1131/4, 76, 37)
(283, 73, 35)
(1133/4, 73, 35)
(567/2, 69, 33)
(1135/4, 79, 39)
(1141/4, 78, 38)
(1143/4, 78, 38)
(1149/4, 76, 37)
(1151/4, 76, 37)
(1153/4, 76, 37)
(1155/4, 76, 37)
(1157/4, 74, 36)
(579/2, 73, 35)
(1159/4, 78, 38)
(1165/4, 76, 37)
(1167/4, 76, 37)
(1169/4, 76, 37)
(1171/4, 76, 37)
(1173/4, 74, 36)
(587/2, 73, 35)
(1175/4, 78, 38)
(295, 76, 37)
(1181/4, 74, 36)
(1183/4, 78, 38)
(297, 76, 37)
(1189/4, 74, 36)
(595/2, 73, 35)
(1191/4, 78, 38)
(298, 76, 37)
(1193/4, 74, 36)
(597/2, 73, 35)
(1195/4, 78, 38)
(299, 76, 37)
(1197/4, 74, 36)
(599/2, 73, 35)
(1199/4, 78, 38)
(300, 76, 37)
(1201/4, 74, 36)
(601/2, 73, 35)
(1203/4, 78, 38)
(301, 76, 37)
(1205/4, 74, 36)
(603/2, 73, 35)
(1207/4, 71, 34)
(302, 73, 35)
(1209/4, 74, 36)
(605/2, 78, 38)
(1211/4, 83, 41)
(303, 85, 42)
(1213/4, 85, 42)
(1215/4, 83, 41)
(304, 78, 38)
(1217/4, 74, 36)
(609/2, 73, 35)
(2437/8, 71, 34)
(2439/8, 66, 31)
(2441/8, 62, 29)
(2443/8, 61, 28)
(1223/4, 59, 27)
(40001/4, 66, 31)
(20001/2, 71, 34)
(40003/4, 69, 33)
(10001, 67, 32)
(40005/4, 71, 34)
(20003/2, 73, 35)
(40007/4, 74, 36)
(10002, 76, 37)
(40009/4, 73, 35)
(100023/10, 69, 33)
(90023/9, 67, 32)
(50014/5, 66, 31)
(100031/10, 69, 33)
(90032/9, 74, 36)
(10004, 71, 34)
(40017/4, 69, 33)
(20009/2, 67, 32)
(40019/4, 66, 31)
(10005, 64, 30)
(40021/4, 67, 32)
(20011/2, 70, 33)
(40023/4, 71, 34)
(10006, 73, 35)
(40025/4, 71, 34)
(20013/2, 70, 33)
(40027/4, 67, 32)
(10007, 66, 31)
(40029/4, 67, 32)
(20015/2, 66, 31)
(40031/4, 64, 30)
(10008, 62, 29)
(40033/4, 66, 31)
(20017/2, 71, 34)
(40035/4, 69, 33)
(10009, 67, 32)
(80077/8, 74, 36)
(10010, 76, 37)
(40041/4, 73, 35)
(20021/2, 69, 33)
(40043/4, 67, 32)
(10011, 66, 31)
(40045/4, 69, 33)
(20023/2, 74, 36)
(40047/4, 73, 35)
(10012, 71, 34)
(40049/4, 69, 33)
(20025/2, 67, 32)
(40051/4, 66, 31)
(10013, 64, 30)
(40053/4, 66, 31)
(20027/2, 67, 32)
(40055/4, 64, 30)
(10014, 62, 29)
(40057/4, 66, 31)
(20029/2, 64, 30)
(40059/4, 65, 30)
(10015, 63, 29)
(40061/4, 62, 29)
(20031/2, 61, 28)
(40063/4, 59, 27)
(10016, 61, 28)
(40065/4, 64, 30)
(20033/2, 66, 31)
(40067/4, 64, 30)
(10017, 62, 29)
(40069/4, 56, 26)
(10018, 59, 27)
(40073/4, 61, 28)
(20037/2, 62, 29)
(40075/4, 59, 27)
(10019, 61, 28)
(40077/4, 62, 29)
(40079/4, 61, 28)
(10020, 64, 30)
(40081/4, 66, 31)
(20041/2, 64, 30)
(40083/4, 62, 29)
(10021, 61, 28)
(40085/4, 59, 27)
(20043/2, 58, 26)
(40087/4, 59, 27)
(10022, 61, 28)
(40089/4, 62, 29)
(20045/2, 59, 27)
(40091/4, 62, 29)
(10023, 64, 30)
(40093/4, 67, 32)
(10024, 66, 31)
(40097/4, 71, 34)
(20049/2, 69, 33)
(40099/4, 67, 32)
(10025, 71, 34)
(40101/4, 76, 37)
(20051/2, 74, 36)
(40103/4, 73, 35)
(10026, 71, 34)
(40105/4, 69, 33)
(20053/2, 67, 32)
(40107/4, 66, 31)
(10027, 69, 33)
(40109/4, 74, 36)
(20055/2, 73, 35)
(40111/4, 71, 34)
(10028, 69, 33)
(40113/4, 67, 32)
(20057/2, 66, 31)
(40115/4, 64, 30)
(10029, 66, 31)
(40117/4, 67, 32)
(20059/2, 64, 30)
(40119/4, 62, 29)
(10030, 66, 31)
(40121/4, 65, 30)
(20061/2, 63, 30)
(40123/4, 63, 29)
(10031, 63, 30)
(40125/4, 63, 29)
(20063/2, 61, 28)
(40127/4, 61, 28)
(10032, 64, 30)
(40129/4, 66, 31)
(20065/2, 64, 30)
(40131/4, 62, 29)
(10033, 61, 28)
(40133/4, 59, 27)
(20067/2, 58, 26)
(40135/4, 59, 27)
(10034, 61, 28)
(40137/4, 62, 29)
(20069/2, 59, 27)
(40139/4, 61, 28)
(10035, 62, 29)
(40141/4, 64, 30)
(20071/2, 67, 32)
(40143/4, 61, 28)
(10036, 64, 30)
(40145/4, 64, 30)
(20073/2, 62, 29)
(40147/4, 61, 28)
(10037, 59, 27)
(40149/4, 58, 26)
(40151/4, 59, 27)
(10038, 61, 28)
(40153/4, 62, 29)
(20077/2, 59, 27)
(40155/4, 61, 28)
(10039, 62, 29)
(40157/4, 64, 30)
(20079/2, 67, 32)
(10040, 66, 31)
(40161/4, 71, 34)
(20081/2, 69, 33)
(40163/4, 67, 32)
(10041, 71, 34)
(40165/4, 76, 37)
(20083/2, 74, 36)
(40167/4, 73, 35)
(10042, 71, 34)
(40169/4, 69, 33)
(20085/2, 67, 32)
(40171/4, 66, 31)
(10043, 69, 33)
(40173/4, 74, 36)
(20087/2, 73, 35)
(40175/4, 71, 34)
(10044, 69, 33)
(40177/4, 67, 32)
(20089/2, 66, 31)
(40179/4, 64, 30)
(10045, 66, 31)
(40181/4, 67, 32)
(20091/2, 64, 30)
(40183/4, 62, 29)
(10046, 66, 31)
(40189/4, 64, 30)
(20095/2, 64, 30)
(40191/4, 64, 30)
(10048, 61, 28)
(40193/4, 66, 31)
(20097/2, 64, 30)
(40195/4, 62, 29)
(20099/2, 66, 31)
(40199/4, 67, 32)
(10050, 64, 30)
(40201/4, 69, 33)
(20101/2, 67, 32)
(40203/4, 66, 31)
(20103/2, 69, 33)
(40207/4, 70, 34)
(10052, 69, 33)
(40209/4, 70, 34)
(20105/2, 69, 33)
(40211/4, 70, 34)
(40215/4, 67, 32)
(10054, 67, 32)
(40217/4, 66, 31)
(20109/2, 64, 30)
(40219/4, 62, 29)
(20111/2, 66, 31)
(40223/4, 64, 30)
(10056, 61, 28)
(40225/4, 66, 31)
(20113/2, 64, 30)
(40227/4, 62, 29)
(20115/2, 66, 31)
(40231/4, 67, 32)
(10058, 64, 30)
(40233/4, 69, 33)
(20117/2, 67, 32)
(40235/4, 66, 31)
(20119/2, 69, 33)
(40239/4, 71, 34)
(10060, 69, 33)
(40241/4, 71, 34)
(20121/2, 69, 33)
(40243/4, 71, 34)
(10061, 69, 33)
(40245/4, 71, 34)
(20123/2, 69, 33)
(40247/4, 68, 32)
(40251/4, 64, 30)
(40255/4, 70, 34)
(10064, 69, 33)
(40257/4, 70, 34)
(20129/2, 70, 34)
(40259/4, 70, 34)
(10065, 69, 33)
(40263/4, 68, 32)
(40267/4, 64, 30)
(40271/4, 68, 32)
(40275/4, 64, 30)
(40279/4, 68, 32)
(40287/4, 69, 33)
(10072, 71, 34)
(40289/4, 67, 32)
(20145/2, 69, 33)
(40291/4, 66, 31)
(10073, 67, 32)
(40293/4, 64, 30)
(20147/2, 66, 31)
(40295/4, 62, 29)
(10074, 65, 31)
(40297/4, 64, 30)
(20149/2, 65, 31)
(40299/4, 62, 29)
(10075, 65, 31)
(40301/4, 64, 30)
(20151/2, 69, 33)
(40303/4, 69, 33)
(10076, 71, 34)
(40305/4, 67, 32)
(20153/2, 69, 33)
(40307/4, 66, 31)
(10077, 67, 32)
(40311/4, 62, 29)
(10078, 64, 31)
(40313/4, 64, 30)
(20157/2, 64, 31)
(40315/4, 62, 29)
(100789/10, 64, 31)
(100791/10, 64, 30)
(10086, 57, 26)
(40345/4, 59, 27)
(20173/2, 61, 28)
(40347/4, 62, 29)
(40355/4, 61, 28)
(40359/4, 62, 29)
(10091, 65, 31)
(40365/4, 64, 30)
(20183/2, 61, 28)
(40367/4, 62, 29)
(40369/4, 62, 29)
(10093, 65, 31)
(40373/4, 64, 30)
(20187/2, 61, 28)
(40375/4, 62, 29)
(40377/4, 62, 29)
(10095, 65, 31)
(40381/4, 64, 30)
(20191/2, 61, 28)
(40383/4, 63, 30)
(40385/4, 62, 29)
(40391/4, 62, 29)
(10098, 74, 36)
(40393/4, 71, 34)
(20197/2, 69, 33)
(40395/4, 67, 32)
(40397/4, 69, 33)
(10100, 74, 36)
(40401/4, 71, 34)
(20201/2, 69, 33)
(40403/4, 68, 32)
(40405/4, 69, 33)
(40457/4, 78, 38)
(40459/4, 77, 37)
(40461/4, 76, 37)
(40463/4, 74, 36)
(40465/4, 74, 36)
(40467/4, 73, 35)
(20235/2, 64, 30)
(20235/2, 71, 34)
(40471/4, 70, 33)
(40473/4, 69, 33)
(40475/4, 68, 32)
(40477/4, 67, 32)
(40479/4, 73, 35)
(40481/4, 74, 36)
(40485/4, 73, 35)
(10122, 73, 35)
(40489/4, 71, 34)
(20245/2, 70, 33)
(40491/4, 71, 34)
(40493/4, 71, 34)
(40495/4, 62, 29)
(40495/4, 71, 34)
(40503/4, 62, 29)
(40503/4, 71, 34)
(40511/4, 70, 33)
(40519/4, 70, 33)
(40527/4, 61, 28)
(40527/4, 64, 30)
(40541/4, 74, 36)
(40541/4, 76, 37)
(70948/7, 76, 37)
(70949/7, 75, 36)
(40543/4, 74, 36)
(10136, 73, 35)
(40545/4, 72, 35)
(20273/2, 71, 34)
(40547/4, 70, 33)
(10137, 66, 31)
(40549/4, 65, 30)
(20275/2, 64, 30)
(40551/4, 62, 29)
(10138, 66, 31)
(40553/4, 71, 34)
(20277/2, 69, 33)
(40555/4, 67, 32)
(10139, 71, 34)
(40557/4, 73, 35)
(20279/2, 74, 36)
(40559/4, 76, 37)
(10140, 73, 35)
(40561/4, 69, 33)
(20281/2, 67, 32)
(40563/4, 66, 31)
(10141, 69, 33)
(40565/4, 74, 36)
(20283/2, 73, 35)
(40567/4, 71, 34)
(10142, 69, 33)
(40569/4, 67, 32)
(20285/2, 66, 31)
(40571/4, 64, 30)
(10143, 73, 34)
(40575/4, 73, 35)
(10144, 71, 34)
(40577/4, 70, 33)
(20289/2, 67, 32)
(40579/4, 66, 31)
(10145, 64, 30)
(40581/4, 62, 29)
(20291/2, 61, 28)
(40583/4, 59, 27)
(10146, 66, 31)
(40585/4, 71, 34)
(20293/2, 69, 33)
(40587/4, 67, 32)
(10147, 71, 34)
(40589/4, 76, 37)
(20295/2, 74, 36)
(40591/4, 73, 35)
(10148, 71, 34)
(40593/4, 69, 33)
(20297/2, 67, 32)
(40595/4, 66, 31)
(10149, 67, 32)
(40597/4, 69, 33)
(20299/2, 69, 33)
(40599/4, 71, 34)
(10150, 69, 33)
(40601/4, 67, 32)
(20301/2, 66, 31)
(40603/4, 64, 30)
(10151, 66, 31)
(40605/4, 67, 32)
(20303/2, 64, 30)
(40607/4, 62, 29)
(10152, 66, 31)
(40609/4, 65, 30)
(20305/2, 64, 30)
(40611/4, 64, 30)
(40611/4, 62, 29)
(10153, 62, 29)
(40613/4, 61, 28)
(20307/2, 59, 27)
(40615/4, 61, 28)
(10154, 64, 30)
(40617/4, 66, 31)
(20309/2, 64, 30)
(40619/4, 62, 29)
(10155, 61, 28)
(40621/4, 59, 27)
(20311/2, 58, 26)
(20311/2, 67, 32)
(40623/4, 59, 27)
(10156, 61, 28)
(40625/4, 62, 29)
(20313/2, 74, 36)
(20315/2, 61, 28)
(40631/4, 66, 31)
(10158, 69, 33)
(10158, 78, 38)
(40633/4, 66, 31)
(20317/2, 64, 30)
(40635/4, 66, 31)
(40639/4, 67, 32)
(10160, 66, 31)
(40641/4, 67, 32)
(20321/2, 64, 30)
(40643/4, 66, 31)
(10161, 67, 32)
(40645/4, 66, 31)
(20323/2, 64, 30)
(40647/4, 63, 29)
(10162, 66, 31)
(40649/4, 71, 34)
(20325/2, 63, 29)
(40651/4, 64, 30)
(10163, 67, 32)
(40653/4, 71, 34)
(20327/2, 64, 30)
(40655/4, 63, 29)
(10164, 66, 31)
(40657/4, 71, 34)
(20329/2, 63, 29)
(40659/4, 64, 30)
(10165, 67, 32)
(40661/4, 71, 34)
(20331/2, 67, 32)
(40663/4, 69, 33)
(20333/2, 69, 33)
(40667/4, 69, 33)
(20335/2, 66, 31)
(40671/4, 66, 31)
(20337/2, 66, 31)
(10169, 59, 27)
(40679/4, 59, 27)
(20341/2, 59, 27)
(40683/4, 59, 27)
(20343/2, 59, 27)
(20343/2, 67, 32)
(40687/4, 59, 27)
(20345/2, 61, 28)
(10173, 59, 27)
(40693/4, 62, 29)
(20347/2, 66, 31)
(40695/4, 59, 27)
(20349/2, 61, 28)
(40699/4, 59, 27)
(20351/2, 61, 28)
(40703/4, 59, 27)
(20353/2, 62, 29)
(40707/4, 61, 28)
(10177, 65, 30)
(40709/4, 68, 32)
(20355/2, 61, 28)
(40711/4, 61, 28)
(20357/2, 61, 28)
(20357/2, 64, 30)
(40715/4, 61, 28)
(40715/4, 64, 30)
(20359/2, 61, 28)
(20359/2, 64, 30)
(40719/4, 61, 28)
(40719/4, 64, 30)
(20361/2, 62, 29)
(40723/4, 61, 28)
(10181, 64, 30)
(40725/4, 67, 32)
(20363/2, 59, 27)
(40727/4, 58, 26)
(20365/2, 66, 31)
(40731/4, 64, 30)
(10183, 67, 32)
(40733/4, 73, 35)
(20367/2, 66, 31)
(40735/4, 64, 30)
(20369/2, 66, 31)
(40739/4, 67, 32)
(20371/2, 67, 32)
(40743/4, 67, 32)
(10188, 67, 32)
(40753/4, 64, 30)
(20377/2, 66, 31)
(40755/4, 62, 29)
(10189, 64, 30)
(40757/4, 61, 28)
(20379/2, 62, 29)
(40759/4, 59, 27)
(10190, 61, 28)
(40761/4, 58, 26)
(20381/2, 61, 28)
(40763/4, 59, 27)
(10191, 61, 28)
(40765/4, 58, 26)
(20383/2, 61, 28)
(20383/2, 67, 32)
(40767/4, 66, 31)
(10192, 67, 32)
(40769/4, 64, 30)
(20385/2, 66, 31)
(40771/4, 62, 29)
(10193, 64, 30)
(40773/4, 61, 28)
(20387/2, 62, 29)
(40775/4, 59, 27)
(10194, 61, 28)
(40777/4, 58, 26)
(20389/2, 61, 28)
(40779/4, 59, 27)
(10195, 61, 28)
(40781/4, 58, 26)
(20391/2, 61, 28)
(40791/4, 67, 32)
(20397/2, 66, 31)
(40795/4, 64, 30)
(40797/4, 63, 29)
(40799/4, 64, 30)
(40801/4, 63, 29)
(40803/4, 64, 30)
(40805/4, 63, 29)
(40807/4, 64, 30)
(40813/4, 65, 30)
(40815/4, 66, 31)
(40819/4, 66, 31)
(40823/4, 66, 31)
(10207, 74, 36)
(40829/4, 73, 35)
(20415/2, 76, 37)
(40831/4, 74, 36)
(40833/4, 74, 36)
(10209, 74, 36)
(40837/4, 73, 35)
(20419/2, 76, 37)
(40839/4, 74, 36)
(40841/4, 74, 36)
(40845/4, 73, 35)
(40847/4, 72, 35)
(40849/4, 71, 34)
(40851/4, 71, 34)
(40853/4, 67, 32)
(40853/4, 71, 34)
(40853/4, 69, 33)
(40855/4, 71, 34)
(10214, 71, 34)
(40857/4, 67, 32)
(20429/2, 66, 31)
(40859/4, 65, 30)
(40861/4, 66, 31)
(10216, 71, 34)
(40865/4, 67, 32)
(20433/2, 66, 31)
(40867/4, 65, 30)
(40869/4, 66, 31)
(10218, 71, 34)
(40873/4, 67, 32)
(20437/2, 66, 31)
(40875/4, 64, 30)
(10219, 67, 32)
(40877/4, 66, 31)
(20439/2, 64, 30)
(40879/4, 62, 29)
(10220, 61, 28)
(40881/4, 62, 29)
(20441/2, 64, 30)
(40883/4, 62, 29)
(10221, 67, 32)
(40885/4, 66, 31)
(20443/2, 66, 31)
(40887/4, 66, 31)
(10222, 66, 31)
(40889/4, 66, 31)
(20445/2, 71, 34)
(40891/4, 71, 34)
(10223, 68, 32)
(40893/4, 73, 35)
(20447/2, 73, 35)
(40895/4, 73, 35)
(10224, 71, 34)
(10225, 70, 33)
(40903/4, 71, 34)
(10226, 61, 28)
(40905/4, 62, 29)
(20453/2, 64, 30)
(40907/4, 66, 31)
(10227, 64, 30)
(40909/4, 63, 29)
(20455/2, 72, 35)
(40911/4, 71, 34)
(10228, 73, 35)
(10228, 76, 37)
(10228, 74, 36)
(40913/4, 76, 37)
(20457/2, 71, 34)
(40915/4, 70, 33)
(10229, 73, 35)
(40917/4, 76, 37)
(20459/2, 79, 39)
(40919/4, 78, 38)
(40921/4, 71, 34)
(40923/4, 70, 33)
(40925/4, 69, 33)
(40927/4, 68, 32)
(40929/4, 67, 32)
(40931/4, 66, 31)
(20467/2, 64, 30)
(40935/4, 62, 29)
(10234, 66, 31)
(40937/4, 71, 34)
(40941/4, 70, 33)
(40943/4, 71, 34)
(40945/4, 73, 35)
(20473/2, 74, 36)
(40947/4, 76, 37)
(40949/4, 73, 35)
(40951/4, 71, 34)
(40953/4, 71, 34)
(40955/4, 64, 30)
(40957/4, 74, 36)
(40959/4, 73, 35)
(40961/4, 66, 31)
(40963/4, 71, 34)
(40965/4, 71, 34)
(40967/4, 62, 29)
(40967/4, 71, 34)
(40979/4, 62, 29)
(40983/4, 62, 29)
(41039/4, 67, 32)
(41039/4, 71, 34)
(41039/4, 69, 33)
(10260, 71, 34)
(41041/4, 69, 33)
(20521/2, 71, 34)
(41043/4, 69, 33)
(10261, 68, 32)
(41045/4, 66, 31)
(20523/2, 68, 32)
(41047/4, 71, 34)
(41047/4, 69, 33)
(10262, 71, 34)
(41049/4, 69, 33)
(20525/2, 71, 34)
(41051/4, 69, 33)
(10263, 68, 32)
(41053/4, 66, 31)
(20527/2, 68, 32)
(41055/4, 70, 33)
(10264, 71, 34)
(41057/4, 70, 33)
(20529/2, 71, 34)
(41059/4, 73, 35)
(10265, 74, 36)
(41061/4, 76, 37)
(20531/2, 78, 38)
(41063/4, 79, 39)
(41071/4, 71, 34)
(10270, 71, 34)
(41081/4, 71, 34)
(20541/2, 71, 34)
(41083/4, 71, 34)
(10271, 71, 34)
(41085/4, 71, 34)
(20543/2, 71, 34)
(41087/4, 68, 32)
(41087/4, 71, 34)
(41103/4, 70, 33)
(41119/4, 70, 33)
(10286, 66, 31)
(41145/4, 71, 34)
(20573/2, 69, 33)
(41147/4, 67, 32)
(10287, 71, 34)
(41149/4, 76, 37)
(20575/2, 74, 36)
(41151/4, 73, 35)
(10288, 71, 34)
(41153/4, 70, 33)
(20577/2, 67, 32)
(41155/4, 66, 31)
(10289, 67, 32)
(41157/4, 66, 31)
(20579/2, 64, 30)
(41159/4, 62, 29)
(10290, 66, 31)
(41161/4, 71, 34)
(20581/2, 69, 33)
(20583/2, 73, 35)
(41167/4, 71, 34)
(10292, 70, 33)
(41169/4, 67, 32)
(20585/2, 66, 31)
(41171/4, 67, 32)
(10293, 66, 31)
(41173/4, 64, 30)
(20587/2, 62, 29)
(41175/4, 66, 31)
(10294, 71, 34)
(41177/4, 69, 33)
(20589/2, 67, 32)
(41179/4, 67, 32)
(10295, 66, 31)
(41181/4, 64, 30)
(20591/2, 62, 29)
(41183/4, 66, 31)
(10296, 71, 34)
(41185/4, 69, 33)
(20593/2, 67, 32)
(41187/4, 67, 32)
(10297, 66, 31)
(41189/4, 64, 30)
(20595/2, 62, 29)
(41191/4, 67, 32)
(10298, 66, 31)
(41193/4, 64, 30)
(20597/2, 62, 29)
(41195/4, 67, 32)
(10299, 66, 31)
(41197/4, 64, 30)
(20599/2, 62, 29)
(41199/4, 67, 32)
(10300, 66, 31)
(41201/4, 64, 30)
(20601/2, 62, 29)
(41203/4, 67, 32)
(10301, 66, 31)
(41205/4, 64, 30)
(20611/2, 62, 29)
(20613/2, 66, 31)
(20615/2, 71, 34)
(20000, 62, 29)
(40003/2, 59, 27)
(20002, 57, 26)
(20003, 57, 26)
(20004, 59, 27)
(20005, 55, 25)
(20006, 52, 23)
(80029/4, 64, 30)
(40015/2, 62, 29)
(80031/4, 61, 28)
(20008, 59, 27)
(20009, 59, 27)
(20010, 67, 32)
(20011, 57, 26)
(40023/2, 58, 26)
(20012, 59, 27)
(20013, 67, 32)
(20014, 66, 31)
(40029/2, 66, 31)
(20015, 66, 31)
(20016, 54, 24)
(20020, 54, 24)
(20024, 59, 27)
(40051/2, 67, 32)
(20026, 67, 32)
(40053/2, 61, 28)
(20028, 59, 27)
(20029, 67, 32)
(20030, 66, 31)
(80123/4, 66, 31)
(20031, 66, 31)
(20032, 54, 24)
(20034, 53, 23)
(20035, 54, 24)
(20036, 66, 31)
(20038, 65, 30)
(20039, 66, 31)
(20040, 59, 27)
(40083/2, 67, 32)
(20042, 67, 32)
(20044, 59, 27)
(20045, 55, 25)
(20046, 54, 24)
(80189/4, 54, 24)
(40095/2, 59, 27)
(80191/4, 54, 24)
(80193/4, 54, 24)
(40097/2, 58, 26)
(80195/4, 54, 24)
(80197/4, 54, 24)
(40099/2, 59, 27)
(80199/4, 54, 24)
(80201/4, 57, 26)
(40101/2, 61, 28)
(80203/4, 57, 26)
(80205/4, 57, 26)
(40103/2, 62, 29)
(80207/4, 66, 31)
(20052, 64, 30)
(80209/4, 66, 31)
(40105/2, 64, 30)
(80211/4, 66, 31)
(20053, 64, 30)
(80213/4, 66, 31)
(40107/2, 66, 31)
(20054, 61, 28)
(80217/4, 64, 30)
(40109/2, 62, 29)
(80219/4, 61, 28)
(20055, 59, 27)
(80221/4, 66, 31)
(40111/2, 65, 30)
(80223/4, 66, 31)
(80225/4, 66, 31)
(40113/2, 61, 28)
(80227/4, 66, 31)
(80229/4, 66, 31)
(40115/2, 65, 30)
(80231/4, 66, 31)
(80233/4, 69, 33)
(140409/7, 64, 30)
(140410/7, 69, 33)
(80237/4, 69, 33)
(40119/2, 66, 31)
(80239/4, 69, 33)
(20060, 64, 30)
(80241/4, 66, 31)
(40121/2, 64, 30)
(80243/4, 66, 31)
(20061, 64, 30)
(80245/4, 66, 31)
(40123/2, 64, 30)
(80247/4, 66, 31)
(20062, 62, 29)
(80251/4, 68, 32)
(20063, 69, 33)
(80253/4, 66, 31)
(40127/2, 68, 32)
(80255/4, 64, 30)
(20064, 64, 30)
(80257/4, 66, 31)
(40129/2, 64, 30)
(80259/4, 66, 31)
(20065, 64, 30)
(80261/4, 66, 31)
(40131/2, 66, 31)
(20066, 62, 29)
(80267/4, 68, 32)
(20067, 69, 33)
(80269/4, 66, 31)
(40135/2, 67, 32)
(80271/4, 64, 30)
(20068, 62, 29)
(20069, 67, 32)
(80277/4, 69, 33)
(40139/2, 66, 31)
(80279/4, 67, 32)
(20070, 62, 29)
(80283/4, 68, 32)
(20071, 69, 33)
(80285/4, 66, 31)
(40143/2, 67, 32)
(80287/4, 64, 30)
(20072, 66, 31)
(80289/4, 67, 32)
(40145/2, 64, 30)
(80291/4, 66, 31)
(20073, 62, 29)
(80293/4, 64, 30)
(40147/2, 61, 28)
(80295/4, 62, 29)
(20074, 59, 27)
(80297/4, 62, 29)
(40149/2, 61, 28)
(80299/4, 62, 29)
(20075, 59, 27)
(80301/4, 62, 29)
(40151/2, 61, 28)
(80303/4, 67, 32)
(20076, 66, 31)
(80305/4, 67, 32)
(40153/2, 64, 30)
(80307/4, 66, 31)
(20077, 62, 29)
(80309/4, 64, 30)
(40155/2, 61, 28)
(80311/4, 62, 29)
(20078, 59, 27)
(80313/4, 62, 29)
(40157/2, 61, 28)
(80315/4, 62, 29)
(20079, 59, 27)
(80317/4, 62, 29)
(40159/2, 61, 28)
(80319/4, 64, 30)
(20080, 57, 26)
(80321/4, 59, 27)
(40161/2, 55, 25)
(80323/4, 57, 26)
(20081, 54, 24)
(80325/4, 55, 25)
(40163/2, 52, 23)
(80327/4, 64, 30)
(20082, 62, 29)
(80329/4, 64, 30)
(40165/2, 61, 28)
(80331/4, 62, 29)
(20083, 59, 27)
(80333/4, 60, 28)
(40167/2, 57, 26)
(80335/4, 60, 28)
(20084, 59, 27)
(80337/4, 60, 28)
(40169/2, 57, 26)
(80339/4, 60, 28)
(20085, 60, 28)
(80341/4, 57, 26)
(40171/2, 60, 28)
(20086, 59, 27)
(40175/2, 53, 23)
(20088, 54, 24)
(20089, 55, 25)
(20090, 54, 24)
(80365/4, 62, 29)
(40183/2, 64, 30)
(80367/4, 67, 32)
(20092, 66, 31)
(40185/2, 66, 31)
(80373/4, 62, 29)
(40187/2, 64, 30)
(80375/4, 67, 32)
(20094, 66, 31)
(40189/2, 66, 31)
(80381/4, 62, 29)
(40191/2, 64, 30)
(80383/4, 57, 26)
(20096, 57, 26)
(80385/4, 62, 29)
(80387/4, 55, 25)
(20098, 54, 24)
(80395/4, 62, 29)
(20099, 59, 27)
(20100, 54, 24)
(160807/8, 59, 27)
(160809/8, 56, 25)
(160811/8, 52, 23)
(160813/8, 55, 25)
(20102, 54, 24)
(80413/4, 63, 30)
(80417/4, 62, 29)
(40209/2, 61, 28)
(80419/4, 57, 26)
(80421/4, 60, 28)
(40211/2, 59, 27)
(80423/4, 55, 25)
(20106, 59, 27)
(20108, 54, 24)
(40221/2, 66, 31)
(20111, 65, 30)
(40223/2, 64, 30)
(20112, 63, 29)
(40225/2, 62, 29)
(20113, 61, 28)
(80455/4, 59, 27)
(20114, 58, 26)
(40229/2, 61, 28)
(20115, 66, 31)
(40233/2, 66, 31)
(20117, 65, 30)
(40235/2, 74, 36)
(20118, 73, 35)
(40237/2, 66, 31)
(20119, 65, 31)
(40239/2, 64, 30)
(20120, 73, 35)
(40241/2, 69, 33)
(20121, 68, 32)
(20122, 66, 31)
(80491/4, 67, 32)
(160983/8, 66, 31)
(20123, 65, 30)
(40247/2, 66, 31)
(20124, 68, 32)
(20126, 59, 27)
(20126, 62, 29)
(20128, 61, 28)
(20128, 64, 30)
(20130, 61, 28)
(20130, 64, 30)
(20132, 54, 24)
(80541/4, 76, 37)
(40271/2, 76, 37)
(80543/4, 75, 36)
(20136, 74, 36)
(80545/4, 73, 35)
(40273/2, 72, 35)
(80547/4, 71, 34)
(20137, 70, 33)
(80549/4, 66, 31)
(40275/2, 65, 30)
(80551/4, 64, 30)
(20138, 62, 29)
(40277/2, 59, 27)
(40279/2, 67, 32)
(20140, 67, 32)
(40281/2, 57, 26)
(20141, 57, 26)
(20142, 59, 27)
(80571/4, 57, 26)
(20143, 55, 25)
(40287/2, 55, 25)
(20144, 67, 32)
(80581/4, 67, 32)
(40291/2, 66, 31)
(80583/4, 64, 30)
(20146, 62, 29)
(40295/2, 61, 28)
(80591/4, 59, 27)
(20148, 57, 26)
(40297/2, 69, 33)
(40299/2, 66, 31)
(40301/2, 59, 27)
(40303/2, 67, 32)
(20152, 66, 31)
(80611/4, 66, 31)
(20153, 66, 31)
(20154, 52, 23)
(20158, 53, 23)
(20159, 54, 24)
(20160, 59, 27)
(20162, 58, 26)
(20163, 59, 27)
(80657/4, 71, 34)
(40329/2, 69, 33)
(80659/4, 71, 34)
(80661/4, 71, 34)
(80665/4, 69, 33)
(40333/2, 71, 34)
(80667/4, 69, 33)
(80669/4, 71, 34)
(40335/2, 67, 32)
(80671/4, 71, 34)
(20168, 67, 32)
(80675/4, 67, 32)
(20169, 66, 31)
(80679/4, 69, 33)
(20170, 62, 29)
(20172, 62, 29)
(20173, 62, 29)
(80695/4, 62, 29)
(20174, 62, 29)
(80703/4, 57, 26)
(20176, 56, 25)
(80707/4, 57, 26)
(20177, 56, 25)
(80711/4, 57, 26)
(20178, 56, 25)
(80719/4, 61, 28)
(80719/4, 64, 30)
(20180, 61, 28)
(20180, 64, 30)
(40361/2, 54, 24)
(40361/2, 61, 28)
(40361/2, 64, 30)
(80723/4, 61, 28)
(80723/4, 64, 30)
(40363/2, 61, 28)
(40363/2, 64, 30)
(20182, 61, 28)
(20182, 64, 30)
(80743/4, 62, 29)
(20186, 61, 28)
(80745/4, 64, 30)
(40373/2, 67, 32)
(80747/4, 58, 26)
(20187, 61, 28)
(80749/4, 64, 30)
(40375/2, 64, 30)
(20188, 64, 30)
(80761/4, 64, 30)
(161525/8, 62, 29)
(161527/8, 59, 27)
(161529/8, 59, 27)
(161529/8, 61, 28)
(161531/8, 57, 26)
(161533/8, 59, 27)
(20192, 56, 25)
(40385/2, 54, 24)
(80773/4, 56, 25)
(40387/2, 54, 24)
(20194, 62, 29)
(80777/4, 64, 30)
(40389/2, 61, 28)
(80779/4, 62, 29)
(20195, 59, 27)
(80781/4, 61, 28)
(40391/2, 58, 26)
(80783/4, 59, 27)
(20196, 56, 25)
(40393/2, 54, 24)
(20197, 56, 25)
(40395/2, 54, 24)
(20198, 66, 31)
(80793/4, 67, 32)
(40397/2, 64, 30)
(80795/4, 66, 31)
(20199, 62, 29)
(80797/4, 64, 30)
(40399/2, 61, 28)
(80799/4, 64, 30)
(20200, 62, 29)
(80801/4, 64, 30)
(40401/2, 61, 28)
(80803/4, 62, 29)
(20201, 59, 27)
(80805/4, 60, 28)
(40403/2, 57, 26)
(80807/4, 60, 28)
(20202, 59, 27)
(80809/4, 60, 28)
(40405/2, 57, 26)
(80811/4, 60, 28)
(20203, 60, 28)
(80813/4, 57, 26)
(40407/2, 60, 28)
(20204, 59, 27)
(80817/4, 58, 26)
(40409/2, 59, 27)
(80819/4, 59, 27)
(20205, 61, 28)
(80821/4, 62, 29)
(20207, 64, 30)
(20208, 62, 29)
(80837/4, 71, 34)
(40419/2, 70, 33)
(80839/4, 66, 31)
(20210, 71, 34)
(40421/2, 59, 27)
(80845/4, 71, 34)
(40423/2, 70, 33)
(80847/4, 66, 31)
(20212, 71, 34)
(40425/2, 59, 27)
(80853/4, 71, 34)
(40427/2, 70, 33)
(80855/4, 66, 31)
(20214, 69, 33)
(80857/4, 66, 31)
(40429/2, 69, 33)
(80859/4, 64, 30)
(20215, 67, 32)
(80861/4, 64, 30)
(40431/2, 66, 31)
(80863/4, 64, 30)
(20216, 62, 29)
(80869/4, 59, 27)
(40435/2, 64, 30)
(20218, 62, 29)
(40437/2, 62, 29)
(20219, 59, 27)
(80877/4, 55, 25)
(80877/4, 59, 27)
(20220, 62, 29)
(40441/2, 62, 29)
(80885/4, 62, 29)
(40443/2, 61, 28)
(80887/4, 59, 27)
(20222, 57, 26)
(80889/4, 55, 25)
(40445/2, 54, 24)
(80891/4, 58, 26)
(20223, 59, 27)
(80893/4, 59, 27)
(40447/2, 59, 27)
(80895/4, 58, 26)
(20224, 59, 27)
(80897/4, 66, 31)
(40449/2, 71, 34)
(80899/4, 69, 33)
(20225, 68, 32)
(80901/4, 68, 32)
(40451/2, 68, 32)
(80903/4, 67, 32)
(20226, 66, 31)
(80905/4, 54, 24)
(40453/2, 59, 27)
(80907/4, 62, 29)
(20227, 67, 32)
(40455/2, 66, 31)
(80911/4, 64, 30)
(20228, 62, 29)
(40457/2, 59, 27)
(20229, 58, 26)
(40459/2, 57, 26)
(20230, 56, 25)
(40461/2, 55, 25)
(20231, 54, 24)
(80927/4, 52, 23)
(20232, 50, 22)
(40465/2, 54, 24)
(20233, 59, 27)
(20235, 61, 28)
(20236, 59, 27)
(20236, 61, 28)
(20236, 62, 29)
(20237, 61, 28)
(40475/2, 67, 32)
(20238, 66, 31)
(40477/2, 71, 34)
(20239, 70, 33)
(40479/2, 69, 33)
(20240, 69, 33)
(40481/2, 67, 32)
(80963/4, 66, 31)
(20241, 64, 30)
(40483/2, 67, 32)
(20242, 61, 28)
(40485/2, 66, 31)
(20243, 65, 30)
(40487/2, 66, 31)
(20244, 68, 32)
(20247, 59, 27)
(20247, 62, 29)
(20248, 59, 27)
(20248, 62, 29)
(20262, 66, 31)
(81049/4, 65, 30)
(40525/2, 66, 31)
(81051/4, 65, 30)
(20263, 66, 31)
(81053/4, 61, 28)
(40527/2, 58, 26)
(81055/4, 61, 28)
(20264, 66, 31)
(81057/4, 62, 29)
(81057/4, 66, 31)
(40529/2, 64, 30)
(81059/4, 66, 31)
(20265, 64, 30)
(81061/4, 66, 31)
(40531/2, 61, 28)
(81063/4, 58, 26)
(20266, 66, 31)
(81065/4, 68, 32)
(40533/2, 66, 31)
(81067/4, 68, 32)
(20267, 70, 33)
(81069/4, 71, 34)
(40535/2, 73, 35)
(81071/4, 70, 33)
(20268, 71, 34)
(81077/4, 66, 31)
(40539/2, 64, 30)
(81079/4, 66, 31)
(20270, 67, 32)
(81081/4, 66, 31)
(40541/2, 67, 32)
(81083/4, 66, 31)
(20271, 67, 32)
(81085/4, 66, 31)
(40543/2, 66, 31)
(20272, 67, 32)
(81089/4, 66, 31)
(40545/2, 64, 30)
(81091/4, 66, 31)
(20273, 67, 32)
(81093/4, 66, 31)
(40547/2, 64, 30)
(81095/4, 67, 32)
(20274, 66, 31)
(40549/2, 49, 21)
(20276, 64, 30)
(20278, 62, 29)
(20278, 64, 30)
(20280, 64, 30)
(20282, 62, 29)
(20282, 64, 30)
(20290, 57, 26)
(20294, 58, 26)
(20296, 59, 27)
(20297, 58, 26)
(20298, 59, 27)
(20299, 58, 26)
(20300, 59, 27)
(60901/3, 58, 26)
(60904/3, 59, 27)
(60905/3, 58, 26)
(20302, 59, 27)
(60907/3, 58, 26)
(60908/3, 59, 27)
(60911/3, 58, 26)
(20308, 59, 27)
(20309, 62, 29)
(20310, 62, 29)
(30000, 47, 20)
(30001, 52, 23)
(30002, 49, 21)
(30003, 50, 22)
(30004, 50, 22)
(30005, 52, 23)
(30006, 40, 16)
(30007, 42, 17)
(60015/2, 54, 24)
(30008, 47, 20)
(30009, 52, 23)
(30010, 49, 21)
(30011, 50, 22)
(30012, 50, 22)
(30013, 52, 23)
(30014, 54, 24)
(60029/2, 47, 20)
(30016, 46, 19)
(60035/2, 47, 20)
(30018, 50, 22)
(30019, 42, 17)
(30020, 46, 19)
(30021, 47, 20)
(30022, 50, 22)
(30023, 54, 24)
(60047/2, 52, 23)
(30024, 50, 22)
(30025, 52, 23)
(30026, 45, 19)
(30027, 50, 22)
(30028, 50, 22)
(30029, 52, 23)
(60059/2, 52, 23)
(30032, 46, 19)
(60065/2, 42, 17)
(30033, 47, 20)
(30034, 50, 22)
(60069/2, 47, 20)
(30035, 54, 24)
(30036, 46, 19)
(30038, 50, 22)
(60077/2, 47, 20)
(30039, 54, 24)
(60079/2, 52, 23)
(30040, 51, 22)
(30041, 52, 23)
(30042, 45, 19)
(30043, 50, 22)
(30044, 50, 22)
(30045, 52, 23)
(60091/2, 52, 23)
(30046, 54, 24)
(120187/4, 42, 17)
(120187/4, 47, 20)
(30047, 50, 22)
(120189/4, 54, 24)
(60095/2, 47, 20)
(30048, 46, 19)
(120195/4, 46, 19)
(30049, 47, 20)
(120197/4, 50, 22)
(60099/2, 54, 24)
(120199/4, 47, 20)
(120201/4, 50, 22)
(60101/2, 54, 24)
(120203/4, 57, 26)
(30051, 62, 29)
(30052, 61, 28)
(120209/4, 62, 29)
(60105/2, 61, 28)
(120211/4, 62, 29)
(30053, 61, 28)
(120213/4, 62, 29)
(60107/2, 61, 28)
(120215/4, 62, 29)
(30054, 52, 23)
(60109/2, 54, 24)
(120219/4, 42, 17)
(30055, 47, 20)
(120221/4, 50, 22)
(60111/2, 54, 24)
(120223/4, 47, 20)
(30056, 46, 19)
(120227/4, 46, 19)
(30057, 47, 20)
(120229/4, 50, 22)
(60115/2, 54, 24)
(120231/4, 47, 20)
(30058, 49, 21)
(120235/4, 49, 21)
(120235/4, 50, 22)
(30059, 54, 24)
(120237/4, 57, 26)
(60119/2, 62, 29)
(30060, 61, 28)
(120241/4, 62, 29)
(60121/2, 61, 28)
(120243/4, 62, 29)
(30061, 61, 28)
(120245/4, 62, 29)
(60123/2, 61, 28)
(120247/4, 62, 29)
(30062, 59, 27)
(30063, 61, 28)
(30064, 61, 28)
(120257/4, 62, 29)
(60129/2, 61, 28)
(120259/4, 62, 29)
(30065, 61, 28)
(120261/4, 62, 29)
(60131/2, 61, 28)
(120263/4, 62, 29)
(30066, 59, 27)
(30067, 61, 28)
(30068, 59, 27)
(30069, 61, 28)
(30070, 59, 27)
(30072, 45, 19)
(30075, 45, 19)
(30076, 45, 19)
(30079, 45, 19)
(120319/4, 43, 18)
(120319/4, 55, 25)
(30080, 54, 24)
(120321/4, 55, 25)
(60161/2, 52, 23)
(120323/4, 54, 24)
(30081, 50, 22)
(120325/4, 52, 23)
(60163/2, 49, 21)
(120327/4, 61, 28)
(30082, 59, 27)
(120331/4, 57, 26)
(30083, 55, 25)
(60167/2, 54, 24)
(30084, 55, 25)
(120337/4, 54, 24)
(120339/4, 55, 25)
(30085, 54, 24)
(30086, 55, 25)
(60175/2, 44, 18)
(30088, 45, 19)
(30089, 45, 19)
(30090, 50, 22)
(120365/4, 47, 20)
(60183/2, 45, 19)
(30092, 50, 22)
(60185/2, 38, 15)
(120373/4, 47, 20)
(60187/2, 49, 21)
(120375/4, 45, 19)
(30094, 50, 22)
(60189/2, 38, 15)
(120381/4, 47, 20)
(60191/2, 49, 21)
(120383/4, 45, 19)
(30096, 48, 21)
(120385/4, 45, 19)
(60193/2, 47, 20)
(120387/4, 43, 18)
(240781/8, 45, 19)
(120395/4, 50, 22)
(30099, 45, 19)
(30100, 50, 22)
(60201/2, 38, 15)
(120405/4, 50, 22)
(60203/2, 45, 19)
(30102, 50, 22)
(60205/2, 38, 15)
(120413/4, 59, 27)
(60207/2, 55, 25)
(120417/4, 59, 27)
(60209/2, 58, 26)
(120419/4, 54, 24)
(120421/4, 57, 26)
(60211/2, 56, 25)
(120423/4, 52, 23)
(30106, 55, 25)
(30108, 55, 25)
(30110, 42, 17)
(60237/2, 60, 28)
(30119, 59, 27)
(60239/2, 58, 27)
(30120, 57, 26)
(60241/2, 62, 29)
(30121, 56, 25)
(60243/2, 61, 28)
(30122, 54, 24)
(60245/2, 59, 27)
(30123, 55, 25)
(60247/2, 54, 24)
(30124, 52, 23)
(30126, 53, 23)
(30128, 54, 24)
(30130, 54, 24)
(30132, 42, 17)
(120541/4, 64, 30)
(60271/2, 64, 30)
(120543/4, 63, 29)
(30136, 62, 29)
(120545/4, 61, 28)
(60273/2, 60, 28)
(120547/4, 59, 27)
(30137, 58, 26)
(120549/4, 54, 24)
(60275/2, 53, 23)
(120551/4, 52, 23)
(30138, 50, 22)
(30139, 52, 23)
(30140, 49, 21)
(30142, 50, 22)
(30143, 52, 23)
(30144, 49, 21)
(30145, 54, 24)
(120585/4, 47, 20)
(60293/2, 49, 21)
(120587/4, 50, 22)
(30147, 52, 23)
(120589/4, 54, 24)
(60295/2, 55, 25)
(120591/4, 56, 25)
(30148, 57, 26)
(120593/4, 59, 27)
(60297/2, 61, 28)
(120595/4, 57, 26)
(30149, 62, 29)
(120597/4, 64, 30)
(60299/2, 66, 31)
(120599/4, 61, 28)
(30150, 62, 29)
(60301/2, 50, 22)
(30151, 52, 23)
(30152, 54, 24)
(60305/2, 42, 17)
(30153, 47, 20)
(30154, 46, 19)
(30155, 47, 20)
(30156, 50, 22)
(30157, 42, 17)
(30158, 47, 20)
(60317/2, 52, 23)
(30160, 52, 23)
(60321/2, 40, 16)
(30161, 47, 20)
(60331/2, 62, 29)
(30166, 61, 28)
(120665/4, 64, 30)
(60333/2, 69, 33)
(120667/4, 61, 28)
(30167, 62, 29)
(120671/4, 61, 28)
(30168, 59, 27)
(120673/4, 62, 29)
(60337/2, 66, 31)
(120675/4, 57, 26)
(30169, 56, 25)
(120677/4, 59, 27)
(60339/2, 62, 29)
(120679/4, 54, 24)
(30170, 52, 23)
(30171, 52, 23)
(120687/4, 54, 24)
(30172, 52, 23)
(120695/4, 49, 21)
(30174, 49, 21)
(120699/4, 49, 21)
(120701/4, 49, 21)
(30176, 49, 21)
(120711/4, 43, 18)
(30178, 42, 17)
(120715/4, 43, 18)
(30179, 42, 17)
(120719/4, 43, 18)
(30180, 42, 17)
(60371/2, 50, 22)
(30186, 49, 21)
(120745/4, 52, 23)
(60373/2, 55, 25)
(120747/4, 47, 20)
(30187, 46, 19)
(120749/4, 49, 21)
(60375/2, 52, 23)
(120751/4, 43, 18)
(30192, 42, 17)
(60387/2, 42, 17)
(30194, 49, 21)
(60389/2, 42, 17)
(30195, 49, 21)
(60391/2, 42, 17)
(30196, 50, 22)
(120787/4, 49, 21)
(30197, 47, 20)
(60395/2, 46, 19)
(30198, 59, 27)
(120795/4, 57, 26)
(30199, 55, 25)
(60399/2, 54, 24)
(30200, 55, 25)
(60401/2, 54, 24)
(30201, 55, 25)
(60403/2, 54, 24)
(30202, 55, 25)
(60407/2, 54, 24)
(60407/2, 55, 25)
(30204, 54, 24)
(30205, 42, 17)
(30206, 47, 20)
(60427/2, 54, 24)
(30214, 59, 27)
(60429/2, 47, 20)
(120861/4, 49, 21)
(60431/2, 54, 24)
(120863/4, 54, 24)
(30216, 59, 27)
(60433/2, 47, 20)
(120869/4, 49, 21)
(60435/2, 54, 24)
(120871/4, 54, 24)
(30218, 59, 27)
(60437/2, 47, 20)
(120877/4, 52, 23)
(60439/2, 57, 26)
(120879/4, 55, 25)
(30220, 54, 24)
(120881/4, 52, 23)
(60441/2, 50, 22)
(120883/4, 49, 21)
(30221, 50, 22)
(120885/4, 52, 23)
(60443/2, 54, 24)
(120887/4, 52, 23)
(30222, 51, 22)
(60445/2, 50, 22)
(30223, 49, 21)
(30224, 54, 24)
(30225, 42, 17)
(30226, 47, 20)
(30230, 47, 20)
(60469/2, 66, 31)
(30235, 65, 30)
(60471/2, 64, 30)
(30236, 62, 29)
(60473/2, 67, 32)
(30237, 61, 28)
(60475/2, 66, 31)
(30238, 59, 27)
(60477/2, 64, 30)
(120955/4, 62, 29)
(30239, 61, 28)
(60479/2, 59, 27)
(30240, 58, 26)
(60481/2, 59, 27)
(30241, 55, 25)
(60483/2, 54, 24)
(30242, 50, 22)
(30242, 54, 24)
(30242, 52, 23)
(30246, 42, 17)
(30266, 52, 23)
(121065/4, 51, 22)
(60533/2, 52, 23)
(121067/4, 52, 23)
(30267, 47, 20)
(121069/4, 43, 18)
(60535/2, 47, 20)
(30268, 52, 23)
(121073/4, 51, 22)
(60537/2, 51, 22)
(121075/4, 52, 23)
(30269, 47, 20)
(121077/4, 43, 18)
(60539/2, 47, 20)
(30270, 47, 20)
(121081/4, 43, 18)
(60541/2, 47, 20)
(121083/4, 52, 23)
(30271, 54, 24)
(121085/4, 55, 25)
(60543/2, 52, 23)
(30272, 61, 28)
(30276, 54, 24)
(121105/4, 53, 23)
(60553/2, 54, 24)
(121107/4, 53, 23)
(30277, 54, 24)
(121109/4, 53, 23)
(60555/2, 54, 24)
(121111/4, 54, 24)
(30278, 42, 17)
(121121/4, 53, 23)
(60561/2, 54, 24)
(121123/4, 53, 23)
(30281, 54, 24)
(121125/4, 53, 23)
(60563/2, 54, 24)
(121127/4, 54, 24)
(30282, 42, 17)
(30288, 47, 20)
(30294, 47, 20)
(60593/2, 47, 20)
(30298, 47, 20)
(30299, 47, 20)
(30300, 47, 20)
(60601/2, 47, 20)
(30301, 47, 20)
(60603/2, 47, 20)
(30302, 47, 20)
(60605/2, 47, 20)
(30303, 47, 20)
(60607/2, 42, 17)
(30304, 47, 20)
(30309, 47, 20)
(30310, 47, 20)
