(0, 86, 43)
(3, 88, 44)
(9/2, 81, 40)
(6, 90, 45)
(15/2, 57, 26)
(8, 59, 27)
(17/2, 61, 28)
(9, 62, 29)
(19/2, 61, 28)
(10, 62, 29)
(21/2, 57, 26)
(11, 62, 29)
(23/2, 64, 30)
(12, 66, 31)
(25/2, 64, 30)
(13, 66, 31)
(27/2, 62, 29)
(14, 66, 31)
(29/2, 67, 32)
(15, 69, 33)
(31/2, 68, 32)
(16, 69, 33)
(33/2, 66, 31)
(17, 69, 33)
(35/2, 73, 35)
(18, 74, 36)
(37/2, 73, 35)
(19, 74, 36)
(21, 62, 29)
(21, 69, 33)
(21, 81, 40)
(45/2, 85, 42)
(45/2, 83, 41)
(47/2, 81, 40)
(24, 81, 40)
(51/2, 85, 42)
(51/2, 83, 41)
(53/2, 81, 40)
(27, 81, 40)
(57/2, 86, 43)
(30, 85, 42)
(63/2, 59, 27)
(32, 61, 28)
(65/2, 63, 29)
(33, 64, 30)
(67/2, 63, 29)
(34, 64, 30)
(69/2, 59, 27)
(35, 64, 30)
(71/2, 66, 31)
(36, 67, 32)
(73/2, 66, 31)
(37, 67, 32)
(75/2, 64, 30)
(38, 67, 32)
(77/2, 69, 33)
(39, 71, 34)
(79/2, 69, 33)
(40, 71, 34)
(81/2, 67, 32)
(41, 71, 34)
(83/2, 75, 36)
(42, 76, 37)
(85/2, 75, 36)
(43, 76, 37)
(45, 83, 41)
(93/2, 86, 43)
(93/2, 84, 42)
(95/2, 83, 41)
(48, 83, 41)
(99/2, 86, 43)
(99/2, 84, 42)
(101/2, 83, 41)
(51, 83, 41)
(105/2, 88, 44)
(54, 87, 43)
(111/2, 71, 34)
(57, 79, 39)
(117/2, 78, 38)
(119/2, 76, 37)
(60, 76, 37)
(123/2, 74, 36)
(125/2, 73, 35)
(63, 73, 35)
(129/2, 71, 34)
(131/2, 69, 33)
(66, 69, 33)
(135/2, 66, 31)
(137/2, 69, 33)
(69, 79, 39)
(141/2, 78, 38)
(143/2, 76, 37)
(72, 76, 37)
(147/2, 74, 36)
(149/2, 73, 35)
(75, 73, 35)
(153/2, 71, 34)
(155/2, 69, 33)
(78, 69, 33)
(159/2, 66, 31)
(161/2, 62, 29)
(81, 74, 36)
(165/2, 70, 33)
(167/2, 74, 36)
(84, 74, 36)
(171/2, 71, 34)
(87, 74, 36)
(177/2, 70, 33)
(179/2, 74, 36)
(90, 74, 36)
(183/2, 71, 34)
(93, 64, 30)
(189/2, 66, 31)
(191/2, 67, 32)
(96, 71, 34)
(195/2, 69, 33)
(99, 67, 32)
(201/2, 64, 30)
(102, 62, 29)
(207/2, 69, 33)
(105, 79, 39)
(213/2, 78, 38)
(215/2, 76, 37)
(108, 76, 37)
(219/2, 74, 36)
(221/2, 73, 35)
(111, 73, 35)
(225/2, 71, 34)
(227/2, 69, 33)
(114, 69, 33)
(231/2, 66, 31)
(233/2, 69, 33)
(117, 79, 39)
(237/2, 78, 38)
(239/2, 76, 37)
(120, 76, 37)
(243/2, 74, 36)
(245/2, 73, 35)
(123, 73, 35)
(249/2, 71, 34)
(251/2, 69, 33)
(126, 69, 33)
(255/2, 66, 31)
(257/2, 62, 29)
(129, 74, 36)
(261/2, 70, 33)
(263/2, 74, 36)
(132, 74, 36)
(267/2, 71, 34)
(135, 74, 36)
(273/2, 70, 33)
(275/2, 74, 36)
(138, 74, 36)
(279/2, 71, 34)
(281/2, 74, 36)
(141, 74, 36)
(285/2, 71, 34)
(287/2, 74, 36)
(144, 74, 36)
(291/2, 71, 34)
(293/2, 74, 36)
(147, 74, 36)
(297/2, 71, 34)
(299/2, 76, 37)
(150, 76, 37)
(303/2, 71, 34)
(305/2, 76, 37)
(153, 76, 37)
(309/2, 71, 34)
(311/2, 76, 37)
(156, 76, 37)
(315/2, 74, 36)
(317/2, 76, 37)
(159, 76, 37)
(321/2, 74, 36)
(323/2, 76, 37)
(162, 76, 37)
(327/2, 73, 35)
(329/2, 81, 40)
(165, 81, 40)
(333/2, 76, 37)
(335/2, 85, 42)
(168, 85, 42)
(339/2, 81, 40)
(341/2, 88, 44)
(171, 88, 44)
(345/2, 81, 40)
(347/2, 86, 43)
(174, 86, 43)
(177, 88, 44)
(357/2, 81, 40)
(180, 90, 45)
(363/2, 57, 26)
(182, 59, 27)
(365/2, 61, 28)
(183, 62, 29)
(367/2, 61, 28)
(184, 62, 29)
(369/2, 57, 26)
(185, 62, 29)
(371/2, 64, 30)
(186, 66, 31)
(373/2, 64, 30)
(187, 66, 31)
(375/2, 62, 29)
(188, 64, 30)
(377/2, 66, 31)
(189, 67, 32)
(379/2, 66, 31)
(190, 67, 32)
(381/2, 69, 33)
(191, 71, 34)
(383/2, 73, 35)
(192, 74, 36)
(385/2, 73, 35)
(193, 74, 36)
(387/2, 69, 33)
(194, 71, 34)
(389/2, 73, 35)
(195, 74, 36)
(391/2, 73, 35)
(196, 74, 36)
(393/2, 76, 37)
(197, 78, 38)
(395/2, 79, 39)
(198, 81, 40)
(397/2, 79, 39)
(199, 81, 40)
(399/2, 76, 37)
(200, 79, 39)
(401/2, 81, 40)
(201, 83, 41)
(403/2, 81, 40)
(202, 83, 41)
(405/2, 78, 38)
(203, 81, 40)
(407/2, 83, 41)
(204, 85, 42)
(409/2, 83, 41)
(205, 85, 42)
(411/2, 81, 40)
(206, 83, 41)
(413/2, 85, 42)
(207, 86, 43)
(415/2, 85, 42)
(208, 86, 43)
(417/2, 81, 40)
(209, 83, 41)
(419/2, 85, 42)
(210, 86, 43)
(421/2, 85, 42)
(211, 86, 43)
(423/2, 81, 40)
(212, 83, 41)
(425/2, 85, 42)
(213, 86, 43)
(427/2, 85, 42)
(214, 86, 43)
(429/2, 81, 40)
(215, 83, 41)
(431/2, 85, 42)
(216, 86, 43)
(433/2, 85, 42)
(217, 86, 43)
(435/2, 81, 40)
(218, 83, 41)
(437/2, 85, 42)
(219, 86, 43)
(439/2, 85, 42)
(220, 86, 43)
(441/2, 81, 40)
(221, 83, 41)
(443/2, 85, 42)
(222, 86, 43)
(445/2, 85, 42)
(223, 83, 41)
(447/2, 83, 41)
(224, 81, 40)
(449/2, 80, 39)
(225, 80, 39)
(451/2, 78, 38)
(226, 76, 37)
(453/2, 76, 37)
(227, 74, 36)
(455/2, 73, 35)
(228, 73, 35)
(459/2, 78, 38)
(231, 76, 37)
(465/2, 74, 36)
(234, 73, 35)
(471/2, 71, 34)
(237, 75, 36)
(477/2, 76, 37)
(240, 78, 38)
(243, 75, 36)
(489/2, 71, 34)
(246, 80, 39)
(495/2, 73, 35)
(249, 71, 34)
(501/2, 69, 33)
(252, 68, 32)
(507/2, 73, 35)
(255, 71, 34)
(513/2, 69, 33)
(258, 68, 32)
(519/2, 69, 33)
(261, 68, 32)
(525/2, 66, 31)
(264, 64, 30)
(282, 59, 27)
(565/2, 57, 26)
(283, 59, 27)
(567/2, 60, 28)
(284, 62, 29)
(569/2, 64, 30)
(285, 65, 31)
(571/2, 67, 32)
(286, 69, 33)
(573/2, 71, 34)
(287, 72, 35)
(575/2, 74, 36)
(288, 76, 37)
(306, 67, 32)
(613/2, 66, 31)
(307, 67, 32)
(615/2, 69, 33)
(308, 70, 34)
(617/2, 72, 35)
(309, 74, 36)
(619/2, 72, 35)
(310, 74, 36)
(621/2, 76, 37)
(311, 77, 38)
(623/2, 79, 39)
(312, 81, 40)
(321, 81, 40)
(643/2, 80, 39)
(322, 81, 40)
(645/2, 81, 40)
(324, 81, 40)
(327, 69, 33)
(333, 81, 40)
(667/2, 80, 39)
(334, 81, 40)
(669/2, 81, 40)
(336, 81, 40)
(339, 69, 33)
(342, 81, 40)
(345, 69, 33)
(348, 76, 37)
(354, 64, 30)
(717/2, 64, 30)
(360, 76, 37)
(363, 74, 36)
(729/2, 73, 35)
(366, 73, 35)
(735/2, 73, 35)
(737/2, 71, 34)
(369, 68, 32)
(741/2, 64, 30)
(372, 76, 37)
(375, 74, 36)
(753/2, 73, 35)
(378, 73, 35)
(761/2, 71, 34)
(381, 68, 32)
(765/2, 64, 30)
(384, 69, 33)
(393, 64, 30)
(789/2, 69, 33)
(396, 69, 33)
(795/2, 68, 32)
(399, 68, 32)
(399, 66, 31)
(801/2, 64, 30)
(402, 64, 30)
(405, 69, 33)
(813/2, 64, 30)
(408, 76, 37)
(411, 74, 36)
(825/2, 73, 35)
(414, 73, 35)
(831/2, 73, 35)
(833/2, 71, 34)
(417, 68, 32)
(837/2, 64, 30)
(420, 76, 37)
(843/2, 75, 36)
(423, 74, 36)
(849/2, 73, 35)
(426, 73, 35)
(857/2, 71, 34)
(429, 68, 32)
(861/2, 64, 30)
(432, 69, 33)
(435, 68, 32)
(873/2, 66, 31)
(438, 66, 31)
(444, 64, 30)
(453, 64, 30)
(456, 62, 29)
(927/2, 65, 31)
(465, 64, 30)
(933/2, 62, 29)
(468, 61, 28)
(471, 59, 27)
(951/2, 64, 30)
(477, 74, 36)
(478, 73, 35)
(959/2, 71, 34)
(480, 71, 34)
(963/2, 69, 33)
(965/2, 68, 32)
(483, 68, 32)
(969/2, 66, 31)
(971/2, 64, 30)
(486, 69, 33)
(975/2, 64, 30)
(977/2, 74, 36)
(490, 73, 35)
(983/2, 71, 34)
(492, 71, 34)
(987/2, 69, 33)
(495, 68, 32)
(991/2, 68, 32)
(993/2, 66, 31)
(995/2, 64, 30)
(498, 69, 33)
(999/2, 64, 30)
(501, 79, 39)
(1005/2, 78, 38)
(1007/2, 76, 37)
(504, 76, 37)
(1011/2, 74, 36)
(1013/2, 73, 35)
(507, 73, 35)
(1017/2, 71, 34)
(1019/2, 69, 33)
(510, 81, 40)
(1023/2, 78, 38)
(513, 76, 37)
(1029/2, 75, 36)
(516, 76, 37)
(1035/2, 73, 35)
(519, 74, 36)
(1043/2, 71, 34)
(522, 69, 33)
(1047/2, 64, 30)
(524, 66, 31)
(1049/2, 68, 32)
(525, 69, 33)
(1051/2, 68, 32)
(526, 69, 33)
(1053/2, 64, 30)
(527, 69, 33)
(1055/2, 71, 34)
(528, 73, 35)
(1057/2, 71, 34)
(529, 73, 35)
(1059/2, 69, 33)
(530, 73, 35)
(1061/2, 74, 36)
(531, 76, 37)
(1063/2, 75, 36)
(532, 76, 37)
(1065/2, 73, 35)
(533, 76, 37)
(1067/2, 78, 38)
(534, 79, 39)
(1069/2, 78, 38)
(535, 76, 37)
(1071/2, 74, 36)
(536, 73, 35)
(1073/2, 76, 37)
(537, 79, 39)
(1075/2, 78, 38)
(538, 76, 37)
(1077/2, 74, 36)
(539, 73, 35)
(1079/2, 76, 37)
(540, 79, 39)
(1081/2, 78, 38)
(541, 76, 37)
(1083/2, 74, 36)
(542, 73, 35)
(1085/2, 71, 34)
(543, 70, 33)
(1087/2, 67, 32)
(544, 66, 31)
(1089/2, 64, 30)
(545, 62, 29)
(1091/2, 61, 28)
(546, 59, 27)
(1095/2, 66, 31)
(548, 68, 32)
(1097/2, 70, 33)
(549, 71, 34)
(1099/2, 70, 33)
(550, 71, 34)
(1101/2, 66, 31)
(551, 71, 34)
(1103/2, 73, 35)
(552, 74, 36)
(1105/2, 73, 35)
(553, 74, 36)
(1107/2, 71, 34)
(554, 74, 36)
(1109/2, 76, 37)
(555, 78, 38)
(1111/2, 76, 37)
(556, 78, 38)
(1113/2, 74, 36)
(557, 78, 38)
(1115/2, 80, 39)
(558, 81, 40)
(1117/2, 80, 39)
(559, 78, 38)
(1119/2, 76, 37)
(560, 75, 36)
(1121/2, 78, 38)
(561, 81, 40)
(1123/2, 80, 39)
(562, 78, 38)
(1125/2, 76, 37)
(563, 75, 36)
(1127/2, 78, 38)
(564, 81, 40)
(1129/2, 80, 39)
(565, 78, 38)
(1131/2, 76, 37)
(566, 75, 36)
(1133/2, 73, 35)
(567, 72, 34)
(1135/2, 69, 33)
(568, 68, 32)
(1137/2, 66, 31)
(569, 64, 30)
(1139/2, 63, 29)
(570, 61, 28)
(1143/2, 64, 30)
(572, 66, 31)
(1145/2, 68, 32)
(573, 69, 33)
(1147/2, 68, 32)
(574, 69, 33)
(1149/2, 71, 34)
(575, 73, 35)
(1151/2, 74, 36)
(576, 76, 37)
(1153/2, 75, 36)
(577, 76, 37)
(1155/2, 78, 38)
(578, 80, 39)
(1157/2, 81, 40)
(579, 83, 41)
(1159/2, 81, 40)
(580, 83, 41)
(1161/2, 85, 42)
(581, 86, 43)
(1163/2, 83, 41)
(582, 88, 44)
(1167/2, 64, 30)
(584, 66, 31)
(1169/2, 68, 32)
(585, 69, 33)
(1171/2, 68, 32)
(586, 69, 33)
(1173/2, 71, 34)
(587, 73, 35)
(1175/2, 74, 36)
(588, 76, 37)
(1177/2, 75, 36)
(589, 76, 37)
(1179/2, 78, 38)
(590, 80, 39)
(1181/2, 81, 40)
(591, 83, 41)
(1183/2, 81, 40)
(592, 83, 41)
(1185/2, 85, 42)
(593, 86, 43)
(1187/2, 83, 41)
(594, 88, 44)
(1191/2, 66, 31)
(596, 67, 32)
(1193/2, 70, 33)
(597, 71, 34)
(1195/2, 70, 33)
(598, 71, 34)
(1197/2, 74, 36)
(599, 73, 35)
(1199/2, 71, 34)
(600, 69, 33)
(1201/2, 71, 34)
(601, 73, 35)
(1203/2, 74, 36)
(602, 76, 37)
(1205/2, 78, 38)
(603, 79, 39)
(1207/2, 78, 38)
(604, 79, 39)
(1209/2, 81, 40)
(605, 83, 41)
(1211/2, 85, 42)
(606, 86, 43)
(1215/2, 88, 44)
(608, 90, 45)
(1217/2, 92, 46)
(609, 93, 47)
(1219/2, 92, 46)
(610, 90, 45)
(1221/2, 88, 44)
(611, 87, 43)
(1223/2, 90, 45)
(612, 93, 47)
(1225/2, 92, 46)
(613, 90, 45)
(1227/2, 88, 44)
(614, 87, 43)
(1229/2, 90, 45)
(615, 93, 47)
(1231/2, 92, 46)
(616, 90, 45)
(1233/2, 88, 44)
(617, 87, 43)
(1235/2, 90, 45)
(618, 93, 47)
(1237/2, 92, 46)
(619, 90, 45)
(1239/2, 88, 44)
(620, 86, 43)
(1241/2, 85, 42)
(621, 83, 41)
(1243/2, 81, 40)
(622, 80, 39)
(1245/2, 78, 38)
(623, 81, 40)
(1247/2, 80, 39)
(624, 78, 38)
(1249/2, 76, 37)
(625, 74, 36)
(1251/2, 73, 35)
(626, 71, 34)
(1253/2, 69, 33)
(627, 68, 32)
(1255/2, 66, 31)
(628, 64, 30)
(1257/2, 62, 29)
(629, 61, 28)
(1259/2, 59, 27)
(630, 57, 26)
(630, 64, 30)
(630, 69, 33)
(633, 71, 34)
(1269/2, 64, 30)
(636, 73, 35)
(654, 64, 30)
(1309/2, 62, 29)
(655, 64, 30)
(1311/2, 65, 31)
(656, 67, 32)
(1313/2, 69, 33)
(657, 70, 34)
(1315/2, 72, 35)
(658, 74, 36)
(1317/2, 76, 37)
(659, 77, 38)
(1319/2, 79, 39)
(660, 81, 40)
(678, 61, 28)
(1357/2, 59, 27)
(679, 61, 28)
(1359/2, 62, 29)
(680, 64, 30)
(1361/2, 65, 31)
(681, 67, 32)
(1363/2, 69, 33)
(682, 71, 34)
(1365/2, 73, 35)
(683, 74, 36)
(1367/2, 76, 37)
(684, 77, 38)
(693, 86, 43)
(1387/2, 85, 42)
(694, 86, 43)
(1389/2, 86, 43)
(696, 86, 43)
(699, 74, 36)
(705, 86, 43)
(1411/2, 85, 42)
(706, 86, 43)
(1413/2, 86, 43)
(708, 86, 43)
(711, 74, 36)
(714, 86, 43)
(717, 74, 36)
(1443/2, 57, 26)
(722, 61, 28)
(1445/2, 62, 29)
(723, 64, 30)
(1447/2, 62, 29)
(724, 64, 30)
(1449/2, 61, 28)
(725, 64, 30)
(1451/2, 66, 31)
(726, 67, 32)
(1453/2, 66, 31)
(727, 67, 32)
(1455/2, 64, 30)
(728, 67, 32)
(1457/2, 69, 33)
(729, 70, 34)
(1459/2, 69, 33)
(730, 70, 34)
(1461/2, 67, 32)
(731, 69, 33)
(1463/2, 70, 34)
(732, 73, 35)
(1465/2, 71, 34)
(733, 73, 35)
(1467/2, 69, 33)
(734, 73, 35)
(1469/2, 74, 36)
(735, 76, 37)
(1471/2, 74, 36)
(736, 76, 37)
(1473/2, 73, 35)
(737, 76, 37)
(1475/2, 78, 38)
(738, 79, 39)
(1477/2, 78, 38)
(739, 79, 39)
(1479/2, 76, 37)
(740, 79, 39)
(1481/2, 81, 40)
(741, 82, 41)
(1483/2, 81, 40)
(742, 82, 41)
(1485/2, 76, 37)
(743, 80, 39)
(1487/2, 81, 40)
(744, 83, 41)
(1489/2, 81, 40)
(745, 83, 41)
(1491/2, 76, 37)
(746, 81, 40)
(1493/2, 83, 41)
(747, 85, 42)
(1495/2, 83, 41)
(748, 85, 42)
(1497/2, 81, 40)
(749, 83, 41)
(1499/2, 85, 42)
(750, 86, 43)
(753, 88, 44)
(1509/2, 81, 40)
(756, 90, 45)
(762, 62, 29)
(762, 69, 33)
(762, 81, 40)
(765, 74, 36)
(765, 78, 38)
(1533/2, 69, 33)
(1533/2, 74, 36)
(768, 66, 31)
(768, 69, 33)
(1539/2, 66, 31)
(771, 81, 40)
(1545/2, 85, 42)
(1545/2, 83, 41)
(1547/2, 81, 40)
(774, 81, 40)
(1551/2, 85, 42)
(1551/2, 83, 41)
(1553/2, 81, 40)
(777, 81, 40)
(1557/2, 88, 44)
(780, 85, 42)
(1563/2, 59, 27)
(782, 61, 28)
(1565/2, 63, 29)
(783, 64, 30)
(1567/2, 63, 29)
(784, 64, 30)
(1569/2, 59, 27)
(785, 64, 30)
(1571/2, 66, 31)
(786, 67, 32)
(1573/2, 66, 31)
(787, 67, 32)
(1575/2, 64, 30)
(788, 66, 31)
(1577/2, 67, 32)
(789, 71, 34)
(1579/2, 69, 33)
(790, 71, 34)
(1581/2, 67, 32)
(791, 71, 34)
(1583/2, 75, 36)
(792, 76, 37)
(1585/2, 75, 36)
(793, 76, 37)
(1587/2, 71, 34)
(794, 76, 37)
(1589/2, 79, 39)
(795, 83, 41)
(1593/2, 86, 43)
(1593/2, 84, 42)
(1595/2, 83, 41)
(798, 83, 41)
(1599/2, 86, 43)
(1599/2, 84, 42)
(1601/2, 83, 41)
(801, 83, 41)
(1605/2, 88, 44)
(804, 87, 43)
(1611/2, 71, 34)
(807, 79, 39)
(1617/2, 78, 38)
(1619/2, 76, 37)
(810, 76, 37)
(1623/2, 74, 36)
(1625/2, 73, 35)
(813, 73, 35)
(1629/2, 71, 34)
(1631/2, 69, 33)
(816, 69, 33)
(1635/2, 66, 31)
(1637/2, 69, 33)
(819, 79, 39)
(1641/2, 78, 38)
(1643/2, 76, 37)
(822, 76, 37)
(1647/2, 74, 36)
(1649/2, 73, 35)
(825, 73, 35)
(1653/2, 71, 34)
(1655/2, 69, 33)
(828, 69, 33)
(1659/2, 66, 31)
(1661/2, 62, 29)
(831, 74, 36)
(1665/2, 70, 33)
(1667/2, 74, 36)
(834, 74, 36)
(1671/2, 71, 34)
(837, 74, 36)
(1677/2, 70, 33)
(1679/2, 74, 36)
(840, 74, 36)
(1683/2, 71, 34)
(843, 64, 30)
(1689/2, 66, 31)
(1691/2, 67, 32)
(846, 71, 34)
(1695/2, 69, 33)
(849, 67, 32)
(1701/2, 64, 30)
(852, 62, 29)
(1707/2, 66, 31)
(1709/2, 69, 33)
(855, 74, 36)
(1713/2, 70, 33)
(1715/2, 74, 36)
(858, 74, 36)
(1719/2, 71, 34)
(861, 74, 36)
(1725/2, 70, 33)
(1727/2, 74, 36)
(864, 74, 36)
(1731/2, 71, 34)
(1733/2, 74, 36)
(867, 74, 36)
(1737/2, 71, 34)
(1739/2, 74, 36)
(870, 74, 36)
(1743/2, 71, 34)
(1745/2, 74, 36)
(873, 74, 36)
(1749/2, 71, 34)
(1751/2, 74, 36)
(876, 74, 36)
(1755/2, 70, 34)
(1757/2, 74, 36)
(879, 74, 36)
(1761/2, 70, 34)
(1763/2, 75, 37)
(882, 75, 37)
(1767/2, 70, 34)
(1769/2, 75, 37)
(885, 75, 37)
(1773/2, 70, 34)
(1775/2, 75, 37)
(888, 75, 37)
(1779/2, 70, 34)
(1781/2, 75, 37)
(891, 75, 37)
(1785/2, 70, 34)
(1787/2, 75, 37)
(894, 75, 37)
(1791/2, 72, 35)
(1793/2, 75, 37)
(897, 75, 37)
(1797/2, 72, 35)
(1799/2, 77, 38)
(900, 77, 38)
(903, 75, 37)
(1809/2, 74, 36)
(906, 74, 36)
(1817/2, 72, 35)
(909, 69, 33)
(1821/2, 65, 31)
(912, 77, 38)
(1827/2, 76, 37)
(915, 75, 37)
(1833/2, 74, 36)
(918, 74, 36)
(1841/2, 72, 35)
(921, 69, 33)
(1845/2, 65, 31)
(924, 70, 34)
(933, 65, 31)
(1869/2, 70, 34)
(936, 70, 34)
(1875/2, 69, 33)
(939, 69, 33)
(939, 67, 32)
(1881/2, 65, 31)
(942, 65, 31)
(945, 62, 29)
(951, 60, 28)
(1905/2, 58, 27)
(954, 63, 30)
(960, 62, 29)
(1923/2, 61, 29)
(963, 60, 28)
(1929/2, 58, 27)
(966, 63, 30)
(1941/2, 65, 31)
(972, 77, 38)
(975, 74, 36)
(1953/2, 70, 34)
(978, 77, 38)
(981, 74, 36)
(1965/2, 69, 33)
(984, 77, 38)
(987, 74, 36)
(1977/2, 67, 32)
(990, 67, 32)
(1995/2, 68, 32)
(999, 69, 33)
(2001/2, 71, 34)
(1002, 72, 35)
(1005, 74, 36)
(2013/2, 67, 32)
(1008, 76, 37)
(1014, 72, 35)
(1017, 74, 36)
(1018, 67, 32)
(1020, 76, 37)
(2049/2, 67, 32)
(1025, 69, 33)
(2051/2, 71, 34)
(1026, 72, 35)
(2053/2, 71, 34)
(1027, 72, 35)
(2055/2, 67, 32)
(1028, 72, 35)
(2057/2, 74, 36)
(1029, 76, 37)
(2061/2, 67, 32)
(1031, 72, 35)
(2063/2, 74, 36)
(1032, 76, 37)
(2065/2, 74, 36)
(1033, 76, 37)
(2067/2, 72, 35)
(1034, 76, 37)
(2069/2, 77, 38)
(1035, 79, 39)
(1038, 64, 30)
(1041, 65, 31)
(2085/2, 62, 29)
(1044, 61, 28)
(2097/2, 64, 30)
(1049, 66, 31)
(2099/2, 68, 32)
(1050, 69, 33)
(2101/2, 68, 32)
(1051, 69, 33)
(2103/2, 64, 30)
(1052, 69, 33)
(2105/2, 71, 34)
(1053, 73, 35)
(2109/2, 69, 33)
(1055, 73, 35)
(2111/2, 74, 36)
(1056, 76, 37)
(2113/2, 74, 36)
(1057, 76, 37)
(2115/2, 73, 35)
(1058, 76, 37)
(2117/2, 77, 38)
(1059, 79, 39)
(1062, 74, 36)
(1065, 70, 34)
(2133/2, 67, 32)
(1068, 66, 31)
(1074, 74, 36)
(1077, 75, 37)
(2157/2, 69, 33)
(1080, 74, 36)
(1081, 67, 32)
(2165/2, 72, 35)
(2171/2, 71, 34)
(1086, 71, 34)
(2175/2, 79, 39)
(2181/2, 77, 38)
(1093, 75, 37)
(1096, 74, 36)
(2193/2, 72, 35)
(2195/2, 71, 34)
(1098, 72, 35)
(2223/2, 69, 33)
(1112, 71, 34)
(2225/2, 73, 35)
(1113, 74, 36)
(2227/2, 73, 35)
(1114, 74, 36)
(2229/2, 76, 37)
(1115, 77, 38)
(2231/2, 79, 39)
(1116, 81, 40)
(2233/2, 79, 39)
(1117, 81, 40)
(2235/2, 69, 33)
(1119, 73, 35)
(2239/2, 71, 34)
(1120, 73, 35)
(2241/2, 76, 37)
(1122, 74, 36)
(2245/2, 73, 35)
(1123, 74, 36)
(2247/2, 77, 38)
(1125, 82, 41)
(2251/2, 81, 40)
(1126, 82, 41)
(2253/2, 79, 39)
(1128, 86, 43)
(1131, 87, 44)
(2265/2, 81, 40)
(1134, 86, 43)
(2271/2, 79, 39)
(1137, 84, 42)
(2279/2, 84, 42)
(1140, 83, 41)
(2283/2, 79, 39)
(1143, 82, 41)
(2291/2, 82, 41)
(1146, 81, 40)
(2295/2, 77, 38)
(1149, 81, 40)
(2303/2, 81, 40)
(1152, 80, 39)
(1155, 79, 39)
(1158, 78, 38)
(1161, 77, 38)
(1164, 55, 25)
(1164, 63, 30)
(1164, 75, 37)
(2331/2, 58, 27)
(1166, 60, 28)
(2333/2, 62, 29)
(1167, 63, 30)
(2335/2, 62, 29)
(1168, 63, 30)
(2337/2, 58, 27)
(1169, 63, 30)
(2339/2, 65, 31)
(1170, 67, 32)
(2355/2, 82, 41)
(1178, 84, 42)
(2357/2, 86, 43)
(1179, 87, 44)
(2359/2, 86, 43)
(1180, 87, 44)
(2361/2, 82, 41)
(1181, 87, 44)
(2363/2, 89, 45)
(1182, 91, 46)
(2367/2, 82, 41)
(1185, 79, 39)
(2373/2, 75, 37)
(1188, 74, 36)
(2379/2, 56, 25)
(1190, 59, 27)
(2381/2, 61, 28)
(1191, 62, 29)
(2383/2, 61, 28)
(1192, 62, 29)
(2385/2, 59, 27)
(1193, 62, 29)
(2387/2, 64, 30)
(1194, 65, 31)
(2403/2, 80, 39)
(1202, 83, 41)
(2405/2, 85, 42)
(1203, 86, 43)
(2407/2, 85, 42)
(1204, 86, 43)
(2409/2, 83, 41)
(1205, 86, 43)
(2411/2, 88, 44)
(1206, 89, 45)
(2415/2, 77, 38)
(1209, 76, 37)
(2421/2, 74, 36)
(1212, 73, 35)
(2427/2, 57, 26)
(1214, 61, 28)
(2429/2, 62, 29)
(1215, 64, 30)
(2431/2, 62, 29)
(1216, 64, 30)
(2433/2, 61, 28)
(1217, 64, 30)
(2435/2, 66, 31)
(1218, 67, 32)
(2437/2, 66, 31)
(1219, 67, 32)
(2439/2, 64, 30)
(1220, 67, 32)
(2441/2, 69, 33)
(1221, 70, 34)
(2443/2, 69, 33)
(1222, 70, 34)
(2445/2, 67, 32)
(1223, 69, 33)
(2447/2, 70, 34)
(1224, 73, 35)
(2449/2, 71, 34)
(1225, 73, 35)
(2451/2, 64, 30)
(1226, 69, 33)
(2453/2, 71, 34)
(1227, 73, 35)
(2455/2, 71, 34)
(1228, 73, 35)
(2457/2, 69, 33)
(1229, 73, 35)
(2459/2, 74, 36)
(1230, 76, 37)
(2461/2, 74, 36)
(1231, 76, 37)
(2463/2, 69, 33)
(1232, 75, 36)
(2465/2, 76, 37)
(1233, 78, 38)
(2467/2, 76, 37)
(1234, 78, 38)
(2469/2, 69, 33)
(1235, 76, 37)
(2471/2, 78, 38)
(1236, 79, 39)
(2475/2, 81, 40)
(2477/2, 91, 46)
(1240, 90, 45)
(2483/2, 88, 44)
(1242, 88, 44)
(1243, 86, 43)
(2489/2, 85, 42)
(1245, 85, 42)
(1246, 83, 41)
(2495/2, 81, 40)
(1248, 81, 40)
(2499/2, 78, 38)
(2501/2, 69, 33)
(1251, 79, 39)
(2505/2, 78, 38)
(2507/2, 76, 37)
(1254, 76, 37)
(2511/2, 74, 36)
(2513/2, 73, 35)
(1257, 73, 35)
(2517/2, 71, 34)
(2519/2, 69, 33)
(1260, 69, 33)
(2523/2, 66, 31)
(1263, 62, 29)
(2527/2, 74, 36)
(2529/2, 70, 33)
(2531/2, 74, 36)
(1266, 74, 36)
(2535/2, 71, 34)
(1269, 74, 36)
(2541/2, 70, 33)
(2543/2, 74, 36)
(1272, 74, 36)
(2547/2, 71, 34)
(1275, 64, 30)
(1276, 66, 31)
(2555/2, 67, 32)
(1278, 71, 34)
(2559/2, 69, 33)
(1281, 67, 32)
(2565/2, 64, 30)
(1284, 62, 29)
(2571/2, 66, 31)
(2573/2, 69, 33)
(1287, 74, 36)
(2577/2, 70, 33)
(2579/2, 74, 36)
(1290, 74, 36)
(2583/2, 71, 34)
(1293, 74, 36)
(2589/2, 70, 33)
(2591/2, 74, 36)
(1296, 74, 36)
(2595/2, 71, 34)
(2597/2, 74, 36)
(1299, 74, 36)
(2601/2, 71, 34)
(2603/2, 74, 36)
(1302, 74, 36)
(2607/2, 71, 34)
(2609/2, 74, 36)
(1305, 74, 36)
(2613/2, 71, 34)
(2615/2, 74, 36)
(1308, 74, 36)
(2619/2, 70, 34)
(2621/2, 74, 36)
(1311, 74, 36)
(2625/2, 70, 34)
(2627/2, 74, 36)
(1314, 72, 35)
(2631/2, 70, 34)
(2633/2, 72, 35)
(1317, 72, 35)
(2637/2, 70, 34)
(2639/2, 72, 35)
(1320, 72, 35)
(2643/2, 69, 33)
(2645/2, 72, 35)
(1323, 72, 35)
(2649/2, 69, 33)
(2651/2, 72, 35)
(1326, 71, 34)
(2655/2, 69, 33)
(2657/2, 71, 34)
(1329, 71, 34)
(2661/2, 69, 33)
(2663/2, 71, 34)
(1332, 71, 34)
(2667/2, 68, 32)
(2669/2, 71, 34)
(1335, 71, 34)
(2673/2, 68, 32)
(2675/2, 71, 34)
(1338, 70, 34)
(2679/2, 67, 32)
(2681/2, 70, 34)
(1341, 70, 34)
(2685/2, 67, 32)
(2687/2, 76, 37)
(1344, 76, 37)
(2691/2, 69, 33)
(2693/2, 76, 37)
(1347, 76, 37)
(2697/2, 69, 33)
(2699/2, 76, 37)
(1350, 76, 37)
(2703/2, 69, 33)
(2705/2, 76, 37)
(1353, 76, 37)
(2709/2, 69, 33)
(2711/2, 81, 40)
(1356, 81, 40)
(1359, 79, 39)
(2721/2, 78, 38)
(1362, 78, 38)
(2729/2, 76, 37)
(1365, 73, 35)
(2733/2, 69, 33)
(1368, 81, 40)
(1371, 79, 39)
(2745/2, 78, 38)
(1374, 78, 38)
(2753/2, 76, 37)
(1377, 73, 35)
(2757/2, 69, 33)
(1380, 74, 36)
(1389, 69, 33)
(2781/2, 74, 36)
(1392, 74, 36)
(2787/2, 73, 35)
(1395, 73, 35)
(1395, 71, 34)
(2793/2, 69, 33)
(1398, 69, 33)
(1401, 74, 36)
(2805/2, 69, 33)
(1404, 81, 40)
(1407, 79, 39)
(2817/2, 78, 38)
(1410, 78, 38)
(2825/2, 76, 37)
(1413, 73, 35)
(2829/2, 69, 33)
(1416, 81, 40)
(2835/2, 80, 39)
(1419, 79, 39)
(2841/2, 78, 38)
(1422, 78, 38)
(2849/2, 76, 37)
(1425, 73, 35)
(2853/2, 69, 33)
(1428, 74, 36)
(1431, 73, 35)
(2865/2, 71, 34)
(1434, 71, 34)
(1440, 69, 33)
(1449, 69, 33)
(1452, 67, 32)
(2907/2, 66, 31)
(1455, 67, 32)
(2913/2, 70, 33)
(1458, 71, 34)
(2919/2, 73, 35)
(1461, 74, 36)
(2943/2, 69, 33)
(1473, 79, 39)
(2949/2, 78, 38)
(2951/2, 76, 37)
(1476, 76, 37)
(2955/2, 74, 36)
(2957/2, 73, 35)
(1479, 73, 35)
(2961/2, 71, 34)
(2963/2, 69, 33)
(1482, 74, 36)
(1483, 69, 33)
(2969/2, 79, 39)
(1486, 78, 38)
(2975/2, 76, 37)
(1488, 76, 37)
(2979/2, 74, 36)
(1491, 73, 35)
(2983/2, 73, 35)
(2985/2, 71, 34)
(2987/2, 69, 33)
(1494, 74, 36)
(2991/2, 74, 36)
(1497, 84, 42)
(2997/2, 83, 41)
(2999/2, 81, 40)
(1500, 81, 40)
(3003/2, 79, 39)
(3005/2, 78, 38)
(1503, 78, 38)
(3009/2, 76, 37)
(3011/2, 74, 36)
(1506, 86, 43)
(3015/2, 83, 41)
(1509, 81, 40)
(3021/2, 80, 39)
(1512, 81, 40)
(3027/2, 78, 38)
(1515, 79, 39)
(3035/2, 76, 37)
(1518, 74, 36)
(3039/2, 69, 33)
(1520, 71, 34)
(3041/2, 73, 35)
(1521, 74, 36)
(3043/2, 73, 35)
(1522, 74, 36)
(3045/2, 69, 33)
(1523, 74, 36)
(3047/2, 76, 37)
(1524, 78, 38)
(3049/2, 76, 37)
(1525, 78, 38)
(3051/2, 74, 36)
(1526, 78, 38)
(3053/2, 79, 39)
(1527, 81, 40)
(3055/2, 80, 39)
(1528, 81, 40)
(3057/2, 78, 38)
(1529, 81, 40)
(3059/2, 83, 41)
(1530, 84, 42)
(3061/2, 83, 41)
(1531, 81, 40)
(3063/2, 79, 39)
(1532, 78, 38)
(3065/2, 81, 40)
(1533, 84, 42)
(3067/2, 83, 41)
(1534, 81, 40)
(3069/2, 79, 39)
(1535, 78, 38)
(3071/2, 81, 40)
(1536, 84, 42)
(3073/2, 83, 41)
(1537, 81, 40)
(3075/2, 79, 39)
(1538, 78, 38)
(3077/2, 76, 37)
(1539, 75, 36)
(3079/2, 72, 35)
(1540, 71, 34)
(3081/2, 69, 33)
(1541, 67, 32)
(3083/2, 66, 31)
(1542, 64, 30)
(3087/2, 71, 34)
(1544, 73, 35)
(3089/2, 75, 36)
(1545, 76, 37)
(3091/2, 75, 36)
(1546, 76, 37)
(3093/2, 71, 34)
(1547, 76, 37)
(3095/2, 78, 38)
(1548, 79, 39)
(3097/2, 78, 38)
(1549, 79, 39)
(3099/2, 76, 37)
(1550, 79, 39)
(3101/2, 81, 40)
(1551, 83, 41)
(3103/2, 81, 40)
(1552, 83, 41)
(3105/2, 80, 39)
(1553, 83, 41)
(3107/2, 85, 42)
(1554, 86, 43)
(3109/2, 85, 42)
(1555, 83, 41)
(3111/2, 81, 40)
(1556, 80, 39)
(3113/2, 83, 41)
(1557, 86, 43)
(3115/2, 85, 42)
(1558, 83, 41)
(3117/2, 81, 40)
(1559, 80, 39)
(3119/2, 83, 41)
(1560, 86, 43)
(3121/2, 85, 42)
(1561, 83, 41)
(3123/2, 81, 40)
(1562, 80, 39)
(3125/2, 78, 38)
(1563, 77, 37)
(3127/2, 74, 36)
(1564, 73, 35)
(3129/2, 71, 34)
(1565, 69, 33)
(3131/2, 68, 32)
(1566, 66, 31)
(3135/2, 69, 33)
(1568, 71, 34)
(3137/2, 73, 35)
(1569, 74, 36)
(3139/2, 73, 35)
(1570, 74, 36)
(3141/2, 76, 37)
(1571, 78, 38)
(3143/2, 79, 39)
(1572, 81, 40)
(3145/2, 80, 39)
(1573, 81, 40)
(3147/2, 83, 41)
(1574, 85, 42)
(3149/2, 86, 43)
(1575, 88, 44)
(3151/2, 85, 42)
(1576, 86, 43)
(3153/2, 88, 44)
(1577, 90, 45)
(3155/2, 91, 46)
(1578, 93, 47)
(3159/2, 69, 33)
(1580, 71, 34)
(3161/2, 73, 35)
(1581, 74, 36)
(3163/2, 73, 35)
(1582, 74, 36)
(3165/2, 76, 37)
(1583, 78, 38)
(3167/2, 79, 39)
(1584, 81, 40)
(3169/2, 80, 39)
(1585, 81, 40)
(3171/2, 83, 41)
(1586, 85, 42)
(3173/2, 86, 43)
(1587, 88, 44)
(3175/2, 85, 42)
(1588, 86, 43)
(3177/2, 88, 44)
(1589, 90, 45)
(3179/2, 91, 46)
(1590, 93, 47)
(3181/2, 91, 46)
(1591, 90, 45)
(3183/2, 90, 45)
(1592, 88, 44)
(3185/2, 86, 43)
(1593, 86, 43)
(3187/2, 85, 42)
(1594, 83, 41)
(3189/2, 86, 43)
(1595, 85, 42)
(3191/2, 83, 41)
(1596, 81, 40)
(3193/2, 79, 39)
(1597, 78, 38)
(3195/2, 76, 37)
(1598, 74, 36)
(3197/2, 73, 35)
(1599, 71, 34)
(3199/2, 69, 33)
(1600, 67, 32)
(3201/2, 66, 31)
(1601, 64, 30)
(3203/2, 62, 29)
(1602, 69, 33)
(3205/2, 74, 36)
(1603, 78, 38)
(3207/2, 81, 40)
(1604, 80, 39)
(3209/2, 81, 40)
(1605, 71, 34)
(3211/2, 74, 36)
(1606, 78, 38)
(3213/2, 83, 41)
(1607, 82, 40)
(3215/2, 83, 41)
(1608, 71, 34)
(3217/2, 76, 37)
(1609, 79, 39)
(3219/2, 83, 41)
(1610, 82, 40)
(3221/2, 83, 41)
(1611, 73, 35)
(3223/2, 76, 37)
(1612, 81, 40)
(3225/2, 85, 42)
(1613, 83, 41)
(3227/2, 85, 42)
(1614, 74, 36)
(3229/2, 78, 38)
(1615, 83, 41)
(3231/2, 86, 43)
(1617, 60, 28)
(3235/2, 66, 31)
(1618, 69, 33)
(3237/2, 76, 37)
(1620, 62, 29)
(3241/2, 67, 32)
(1621, 69, 33)
(3243/2, 71, 34)
(1623, 57, 26)
(3247/2, 59, 27)
(1624, 60, 28)
(3249/2, 60, 28)
(1625, 64, 30)
(3251/2, 66, 31)
(1626, 67, 32)
(3253/2, 66, 31)
(1627, 67, 32)
(3255/2, 55, 25)
(1638, 76, 37)
(1641, 78, 38)
(3285/2, 71, 34)
(1644, 76, 37)
(3291/2, 69, 33)
(1647, 74, 36)
(3299/2, 73, 35)
(1650, 73, 35)
(3303/2, 81, 40)
(3309/2, 79, 39)
(3315/2, 78, 38)
(1658, 79, 39)
(3317/2, 81, 40)
(1659, 83, 41)
(3319/2, 81, 40)
(1660, 83, 41)
(3321/2, 85, 42)
(1661, 86, 43)
(3323/2, 88, 44)
(1662, 90, 45)
(3327/2, 81, 40)
(3333/2, 79, 39)
(3339/2, 78, 38)
(1670, 79, 39)
(3341/2, 81, 40)
(1671, 83, 41)
(3343/2, 81, 40)
(1672, 83, 41)
(3345/2, 85, 42)
(1673, 86, 43)
(3347/2, 88, 44)
(1674, 90, 45)
(3351/2, 81, 40)
(1677, 82, 41)
(3357/2, 76, 37)
(1680, 81, 40)
(1681, 74, 36)
(3365/2, 79, 39)
(3371/2, 77, 38)
(1686, 77, 38)
(1695, 78, 38)
(1698, 79, 39)
(1701, 80, 39)
(1704, 81, 40)
(1707, 80, 39)
(1710, 57, 26)
(3421/2, 59, 27)
(1711, 61, 28)
(3423/2, 62, 29)
(1712, 64, 30)
(3425/2, 66, 31)
(1713, 67, 32)
(3427/2, 66, 31)
(1714, 67, 32)
(3429/2, 64, 30)
(1715, 67, 32)
(3431/2, 69, 33)
(1716, 70, 34)
(3433/2, 69, 33)
(1717, 70, 34)
(3435/2, 67, 32)
(1718, 69, 33)
(3437/2, 71, 34)
(1719, 73, 35)
(3439/2, 71, 34)
(1720, 73, 35)
(3441/2, 69, 33)
(1721, 73, 35)
(3443/2, 74, 36)
(1722, 76, 37)
(3445/2, 74, 36)
(1723, 76, 37)
(3447/2, 69, 33)
(1724, 73, 35)
(3449/2, 76, 37)
(1725, 79, 39)
(3451/2, 78, 38)
(1726, 79, 39)
(3453/2, 81, 40)
(1727, 83, 41)
(3455/2, 85, 42)
(1728, 86, 43)
(1731, 88, 44)
(3465/2, 81, 40)
(1734, 90, 45)
(1740, 86, 43)
(1743, 88, 44)
(3489/2, 81, 40)
(1746, 90, 45)
(1749, 85, 42)
(1752, 86, 43)
(1755, 83, 41)
(1758, 81, 40)
(1761, 78, 38)
(1764, 74, 36)
(3531/2, 71, 34)
(1767, 69, 33)
(3537/2, 69, 33)
(1769, 71, 34)
(3539/2, 73, 35)
(1770, 74, 36)
(3541/2, 73, 35)
(1771, 74, 36)
(3543/2, 69, 33)
(1772, 73, 35)
(3545/2, 74, 36)
(1773, 76, 37)
(3547/2, 74, 36)
(1774, 76, 37)
(3549/2, 69, 33)
(1775, 74, 36)
(3551/2, 76, 37)
(1776, 78, 38)
(3553/2, 76, 37)
(1777, 78, 38)
(3555/2, 74, 36)
(1778, 76, 37)
(3557/2, 78, 38)
(1779, 80, 39)
(3559/2, 78, 38)
(1780, 80, 39)
(3561/2, 76, 37)
(1781, 81, 40)
(3563/2, 83, 41)
(1782, 85, 42)
(3565/2, 83, 41)
(1783, 85, 42)
(3567/2, 81, 40)
(1784, 83, 41)
(3569/2, 85, 42)
(1785, 86, 43)
(3571/2, 85, 42)
(1786, 86, 43)
(3573/2, 81, 40)
(1787, 86, 43)
(3575/2, 88, 44)
(1788, 90, 45)
(3579/2, 91, 46)
(1791, 88, 44)
(3585/2, 85, 42)
(1794, 93, 47)
(3603/2, 91, 46)
(1803, 88, 44)
(3609/2, 85, 42)
(1806, 86, 43)
(3615/2, 81, 40)
(1809, 91, 46)
(3621/2, 90, 45)
(3623/2, 88, 44)
(1812, 88, 44)
(3627/2, 86, 43)
(3629/2, 85, 42)
(1815, 85, 42)
(3633/2, 83, 41)
(3635/2, 81, 40)
(1818, 86, 43)
(3639/2, 81, 40)
(1821, 91, 46)
(3645/2, 90, 45)
(3647/2, 88, 44)
(1824, 88, 44)
(3651/2, 86, 43)
(3653/2, 85, 42)
(1827, 85, 42)
(3657/2, 83, 41)
(3659/2, 81, 40)
(1830, 86, 43)
(1833, 73, 35)
(3669/2, 74, 36)
(3671/2, 76, 37)
(1836, 76, 37)
(3675/2, 78, 38)
(3677/2, 79, 39)
(1839, 79, 39)
(3681/2, 80, 39)
(3683/2, 81, 40)
(1842, 81, 40)
(3687/2, 83, 41)
(3689/2, 85, 42)
(1845, 85, 42)
(3693/2, 86, 43)
(3695/2, 88, 44)
(1848, 88, 44)
(3699/2, 90, 45)
(3701/2, 91, 46)
(1851, 91, 46)
(3705/2, 81, 40)
(1853, 83, 41)
(3707/2, 85, 42)
(1854, 86, 43)
(3709/2, 85, 42)
(1855, 86, 43)
(3711/2, 81, 40)
(1856, 86, 43)
(3713/2, 88, 44)
(1857, 90, 45)
(3715/2, 88, 44)
(1858, 90, 45)
(3717/2, 81, 40)
(1859, 83, 41)
(3719/2, 85, 42)
(1860, 86, 43)
(3721/2, 85, 42)
(1861, 86, 43)
(3723/2, 78, 38)
(1862, 79, 39)
(3725/2, 80, 39)
(1863, 81, 40)
(3727/2, 80, 39)
(1864, 81, 40)
(3729/2, 69, 33)
(1865, 74, 36)
(3731/2, 76, 37)
(1866, 78, 38)
(3733/2, 76, 37)
(1867, 78, 38)
(3735/2, 69, 33)
(1868, 71, 34)
(3737/2, 73, 35)
(1869, 74, 36)
(3739/2, 73, 35)
(1870, 74, 36)
(3741/2, 66, 31)
(1871, 67, 32)
(3743/2, 68, 32)
(1872, 69, 33)
(3745/2, 66, 31)
(1873, 62, 29)
(3747/2, 66, 31)
(1874, 69, 33)
(3749/2, 74, 36)
(1875, 78, 38)
(3751/2, 69, 33)
(1876, 74, 36)
(3753/2, 78, 38)
(1877, 81, 40)
(3755/2, 86, 43)
(1878, 90, 45)
(1881, 69, 33)
(1881, 81, 40)
(1884, 69, 33)
(1884, 78, 38)
(1887, 57, 26)
(1887, 64, 30)
(1887, 73, 35)
(1890, 62, 29)
(1890, 74, 36)
(10000, 62, 29)
(10000, 74, 36)
(10003, 74, 36)
(10003, 76, 37)
(20009/2, 73, 35)
(20009/2, 76, 37)
(10006, 74, 36)
(10006, 78, 38)
(20015/2, 57, 26)
(10008, 59, 27)
(20017/2, 61, 28)
(10009, 62, 29)
(20019/2, 61, 28)
(10010, 62, 29)
(20021/2, 57, 26)
(10011, 62, 29)
(20023/2, 64, 30)
(10012, 66, 31)
(20025/2, 64, 30)
(10013, 66, 31)
(20027/2, 62, 29)
(10014, 66, 31)
(20029/2, 67, 32)
(10015, 69, 33)
(20031/2, 68, 32)
(10016, 69, 33)
(20033/2, 66, 31)
(10017, 69, 33)
(20035/2, 73, 35)
(10018, 74, 36)
(20037/2, 73, 35)
(10019, 74, 36)
(10021, 62, 29)
(10021, 69, 33)
(10021, 78, 38)
(20045/2, 79, 39)
(20047/2, 78, 38)
(10024, 69, 33)
(10024, 78, 38)
(20051/2, 79, 39)
(20053/2, 78, 38)
(10027, 78, 38)
(20057/2, 74, 36)
(10030, 73, 35)
(10030, 76, 37)
(20063/2, 59, 27)
(10032, 61, 28)
(20065/2, 63, 29)
(10033, 64, 30)
(20067/2, 63, 29)
(10034, 64, 30)
(20069/2, 59, 27)
(10035, 64, 30)
(20071/2, 66, 31)
(10036, 67, 32)
(20073/2, 66, 31)
(10037, 67, 32)
(20075/2, 64, 30)
(10038, 67, 32)
(20077/2, 69, 33)
(10039, 71, 34)
(20079/2, 69, 33)
(10040, 71, 34)
(20081/2, 67, 32)
(10041, 71, 34)
(20083/2, 75, 36)
(10042, 76, 37)
(20085/2, 75, 36)
(10043, 76, 37)
(10045, 83, 41)
(20093/2, 81, 40)
(20095/2, 79, 39)
(10048, 79, 39)
(20099/2, 81, 40)
(20101/2, 79, 39)
(10051, 79, 39)
(20105/2, 70, 33)
(10054, 71, 34)
(10057, 64, 30)
(10060, 64, 30)
(10063, 64, 30)
(10066, 66, 31)
(10069, 64, 30)
(10072, 64, 30)
(10075, 64, 30)
(10078, 66, 31)
(10081, 70, 33)
(10084, 71, 34)
(10087, 70, 33)
(10090, 71, 34)
(10096, 67, 32)
(20195/2, 66, 31)
(10099, 64, 30)
(20201/2, 61, 28)
(10102, 62, 29)
(10105, 61, 28)
(10108, 64, 30)
(10111, 64, 30)
(10114, 66, 31)
(10117, 61, 28)
(10120, 64, 30)
(10123, 64, 30)
(10126, 66, 31)
(10129, 62, 29)
(10135, 62, 29)
(20287/2, 71, 34)
(10144, 71, 34)
(20291/2, 67, 32)
(20293/2, 71, 34)
(10147, 71, 34)
(20297/2, 67, 32)
(20299/2, 71, 34)
(10150, 71, 34)
(20303/2, 67, 32)
(20305/2, 71, 34)
(10153, 71, 34)
(20309/2, 67, 32)
(20311/2, 74, 36)
(10156, 74, 36)
(20315/2, 71, 34)
(20317/2, 74, 36)
(10159, 74, 36)
(20321/2, 71, 34)
(20323/2, 73, 35)
(10162, 73, 35)
(20327/2, 69, 33)
(20329/2, 73, 35)
(10165, 73, 35)
(20333/2, 69, 33)
(20335/2, 76, 37)
(10168, 76, 37)
(20339/2, 73, 35)
(20341/2, 79, 39)
(10171, 79, 39)
(20345/2, 76, 37)
(20347/2, 74, 36)
(20347/2, 78, 38)
(10174, 74, 36)
(10174, 78, 38)
(10177, 74, 36)
(10177, 76, 37)
(20357/2, 73, 35)
(20357/2, 76, 37)
(10180, 74, 36)
(10180, 78, 38)
(10186, 62, 29)
(10186, 74, 36)
(10189, 76, 37)
(20381/2, 69, 33)
(10192, 78, 38)
(10195, 79, 39)
(20399/2, 79, 39)
(10201, 78, 38)
(20405/2, 74, 36)
(10204, 79, 39)
(10207, 78, 38)
(10210, 76, 37)
(20423/2, 81, 40)
(10213, 80, 39)
(20429/2, 78, 38)
(10216, 76, 37)
(20435/2, 78, 38)
(10219, 71, 34)
(20441/2, 66, 31)
(10222, 64, 30)
(20453/2, 68, 32)
(10227, 69, 33)
(20455/2, 71, 34)
(10228, 69, 33)
(20459/2, 74, 36)
(10231, 73, 35)
(20465/2, 71, 34)
(10234, 69, 33)
(20471/2, 68, 32)
(10237, 66, 31)
(20477/2, 64, 30)
(10240, 63, 29)
(20483/2, 61, 28)
(10243, 59, 27)
(20489/2, 63, 29)
(10245, 64, 30)
(20491/2, 66, 31)
(10246, 59, 27)
(20495/2, 69, 33)
(10249, 68, 32)
(20501/2, 66, 31)
(10252, 64, 30)
(20507/2, 69, 33)
(10255, 68, 32)
(20513/2, 66, 31)
(10258, 64, 30)
(20519/2, 66, 31)
(10261, 64, 30)
(20525/2, 59, 27)
(10264, 59, 27)
(10276, 57, 26)
(20553/2, 56, 25)
(10277, 57, 26)
(20555/2, 57, 26)
(10279, 57, 26)
(10282, 55, 25)
(10285, 55, 25)
(10288, 55, 25)
(10300, 65, 31)
(20601/2, 64, 30)
(10301, 65, 31)
(20603/2, 65, 31)
(10303, 65, 31)
(10306, 60, 28)
(10306, 64, 30)
(10309, 60, 28)
(10309, 64, 30)
(10312, 60, 28)
(10312, 65, 31)
(10318, 65, 31)
(20637/2, 64, 30)
(10319, 65, 31)
(20639/2, 65, 31)
(10321, 64, 30)
(10324, 62, 29)
(10327, 64, 30)
(10330, 65, 31)
(20661/2, 64, 30)
(10331, 65, 31)
(20663/2, 65, 31)
(10333, 64, 30)
(10336, 62, 29)
(20673/2, 61, 28)
(10337, 62, 29)
(20675/2, 62, 29)
(10339, 62, 29)
(10342, 63, 29)
(20685/2, 61, 28)
(10343, 63, 29)
(20687/2, 63, 29)
(10345, 63, 29)
(10348, 64, 30)
(10351, 64, 30)
(10354, 64, 30)
(20717/2, 64, 30)
(10360, 64, 30)
(10363, 68, 32)
(20729/2, 69, 33)
(10366, 66, 31)
(20741/2, 64, 30)
(10372, 64, 30)
(10375, 68, 32)
(20753/2, 69, 33)
(10378, 66, 31)
(20765/2, 64, 30)
(10384, 69, 33)
(10387, 68, 32)
(20777/2, 66, 31)
(10390, 66, 31)
(20785/2, 64, 30)
(10393, 61, 28)
(20789/2, 57, 26)
(10396, 62, 29)
(10402, 61, 28)
(10405, 64, 30)
(20813/2, 64, 30)
(10408, 64, 30)
(20819/2, 66, 31)
(10411, 68, 32)
(20825/2, 69, 33)
(10414, 66, 31)
(10417, 64, 30)
(10420, 64, 30)
(20843/2, 66, 31)
(10423, 68, 32)
(20849/2, 69, 33)
(10426, 66, 31)
(10429, 64, 30)
(10432, 61, 28)
(10438, 66, 31)
(10441, 59, 27)
(10444, 59, 27)
(10453, 61, 28)
(10456, 62, 29)
(20915/2, 61, 28)
(10459, 62, 29)
(20921/2, 65, 30)
(10462, 66, 31)
(20927/2, 68, 32)
(10465, 69, 33)
(20933/2, 66, 31)
(10468, 64, 30)
(10477, 62, 29)
(20963/2, 62, 29)
(10483, 62, 29)
(20969/2, 62, 29)
(10486, 64, 30)
(20977/2, 62, 29)
(20987/2, 62, 29)
(10495, 62, 29)
(20993/2, 62, 29)
(10498, 64, 30)
(20999/2, 57, 26)
(10501, 67, 32)
(10502, 66, 31)
(21007/2, 64, 30)
(10504, 64, 30)
(21011/2, 62, 29)
(21013/2, 61, 28)
(10507, 61, 28)
(21017/2, 59, 27)
(21019/2, 57, 26)
(10510, 69, 33)
(21023/2, 62, 29)
(10513, 61, 28)
(21029/2, 60, 27)
(10516, 61, 28)
(21035/2, 57, 26)
(10519, 59, 27)
(21041/2, 56, 25)
(10522, 57, 26)
(10525, 57, 26)
(10528, 57, 26)
(21061/2, 57, 26)
(10534, 58, 26)
(21071/2, 58, 26)
(10537, 58, 26)
(21077/2, 58, 26)
(10540, 57, 26)
(21089/2, 57, 26)
(10546, 59, 27)
(10549, 59, 27)
(10552, 59, 27)
(10555, 59, 27)
(10558, 60, 27)
(21119/2, 60, 27)
(10561, 60, 27)
(21125/2, 60, 27)
(10564, 60, 27)
(21137/2, 60, 27)
(10570, 61, 28)
(21143/2, 76, 37)
(21149/2, 74, 36)
(10576, 73, 35)
(10579, 71, 34)
(21167/2, 76, 37)
(10585, 75, 36)
(21173/2, 74, 36)
(10588, 73, 35)
(10591, 71, 34)
(21191/2, 66, 31)
(21197/2, 68, 32)
(10600, 69, 33)
(10603, 69, 33)
(10606, 81, 40)
(21219/2, 80, 39)
(10610, 78, 38)
(21221/2, 76, 37)
(10611, 75, 36)
(21223/2, 78, 38)
(10612, 81, 40)
(21225/2, 80, 39)
(10613, 78, 38)
(21227/2, 76, 37)
(10614, 75, 36)
(21229/2, 78, 38)
(10615, 81, 40)
(21231/2, 80, 39)
(10616, 78, 38)
(21233/2, 76, 37)
(10617, 75, 36)
(21235/2, 78, 38)
(10618, 81, 40)
(10621, 73, 35)
(10624, 62, 29)
(10624, 71, 34)
(10624, 78, 38)
(10627, 64, 30)
(10627, 71, 34)
(10627, 76, 37)
(10630, 61, 28)
(10630, 64, 30)
(10633, 65, 31)
(21269/2, 64, 30)
(10636, 64, 30)
(10648, 62, 29)
(21297/2, 61, 28)
(10649, 62, 29)
(21299/2, 62, 29)
(10651, 62, 29)
(10654, 60, 28)
(10657, 60, 28)
(10660, 60, 28)
(10672, 58, 27)
(21345/2, 57, 26)
(10673, 58, 27)
(21347/2, 58, 27)
(10675, 58, 27)
(10678, 57, 26)
(10681, 57, 26)
(10684, 57, 26)
(10690, 62, 29)
(21381/2, 61, 28)
(10691, 62, 29)
(21383/2, 62, 29)
(10693, 62, 29)
(10696, 62, 29)
(10702, 62, 29)
(21405/2, 61, 28)
(10703, 62, 29)
(21407/2, 62, 29)
(10705, 62, 29)
(10708, 62, 29)
(10714, 64, 30)
(21429/2, 62, 29)
(10715, 64, 30)
(21431/2, 64, 30)
(10717, 64, 30)
(10720, 64, 30)
(10726, 64, 30)
(10732, 64, 30)
(10750, 74, 36)
(10750, 78, 38)
(10753, 74, 36)
(10753, 76, 37)
(21509/2, 73, 35)
(21509/2, 76, 37)
(10756, 74, 36)
(21515/2, 57, 26)
(10758, 59, 27)
(21517/2, 61, 28)
(10759, 62, 29)
(21519/2, 61, 28)
(10760, 62, 29)
(21521/2, 57, 26)
(10761, 62, 29)
(21523/2, 64, 30)
(10762, 66, 31)
(21525/2, 64, 30)
(10763, 66, 31)
(21527/2, 62, 29)
(10764, 66, 31)
(21529/2, 67, 32)
(10765, 69, 33)
(21531/2, 68, 32)
(10766, 69, 33)
(21533/2, 66, 31)
(10767, 69, 33)
(21535/2, 73, 35)
(10768, 74, 36)
(21537/2, 73, 35)
(10769, 74, 36)
(10771, 78, 38)
(21545/2, 79, 39)
(21547/2, 78, 38)
(10774, 78, 38)
(21551/2, 79, 39)
(21553/2, 78, 38)
(10777, 78, 38)
(21557/2, 74, 36)
(10780, 69, 33)
(10786, 64, 30)
(10786, 71, 34)
(10786, 83, 41)
(10789, 71, 34)
(10789, 79, 39)
(21581/2, 71, 34)
(21581/2, 76, 37)
(10792, 67, 32)
(10792, 71, 34)
(21587/2, 67, 32)
(10795, 79, 39)
(21593/2, 81, 40)
(21595/2, 79, 39)
(10798, 79, 39)
(21599/2, 81, 40)
(21601/2, 79, 39)
(10801, 79, 39)
(21605/2, 76, 37)
(10804, 71, 34)
(10807, 64, 30)
(10810, 69, 33)
(21621/2, 64, 30)
(10811, 69, 33)
(21623/2, 69, 33)
(10813, 64, 30)
(21627/2, 57, 26)
(10814, 64, 30)
(21629/2, 64, 30)
(10816, 66, 31)
(21633/2, 62, 29)
(10817, 66, 31)
(21635/2, 66, 31)
(10819, 64, 30)
(10822, 69, 33)
(21645/2, 64, 30)
(10823, 69, 33)
(21647/2, 69, 33)
(10825, 64, 30)
(21651/2, 57, 26)
(10826, 64, 30)
(21653/2, 64, 30)
(10828, 62, 29)
(10831, 62, 29)
(10837, 62, 29)
(10846, 67, 32)
(21695/2, 66, 31)
(10849, 64, 30)
(21701/2, 61, 28)
(10852, 62, 29)
(10855, 62, 29)
(10861, 62, 29)
(21739/2, 71, 34)
(10870, 71, 34)
(21743/2, 67, 32)
(21745/2, 71, 34)
(10873, 71, 34)
(21749/2, 67, 32)
(21751/2, 70, 34)
(10876, 70, 34)
(21755/2, 67, 32)
(21757/2, 70, 34)
(10879, 70, 34)
(21761/2, 67, 32)
(21763/2, 70, 34)
(10882, 70, 34)
(21767/2, 67, 32)
(21769/2, 70, 34)
(10885, 70, 34)
(21773/2, 67, 32)
(21775/2, 70, 34)
(10888, 70, 34)
(21779/2, 67, 32)
(21781/2, 70, 34)
(10891, 70, 34)
(21785/2, 67, 32)
(21787/2, 70, 34)
(10894, 70, 34)
(10895, 66, 32)
(21793/2, 70, 34)
(10897, 70, 34)
(21797/2, 66, 32)
(21799/2, 70, 34)
(10900, 70, 34)
(10903, 69, 33)
(21809/2, 70, 34)
(10906, 67, 32)
(10909, 65, 31)
(21827/2, 67, 32)
(10915, 69, 33)
(21833/2, 70, 34)
(10918, 67, 32)
(10921, 65, 31)
(21845/2, 65, 31)
(10924, 70, 34)
(10927, 69, 33)
(21857/2, 67, 32)
(10930, 67, 32)
(21865/2, 65, 31)
(10933, 62, 29)
(21869/2, 58, 27)
(10936, 63, 30)
(21881/2, 63, 30)
(10942, 62, 29)
(10945, 58, 27)
(10948, 58, 27)
(10951, 60, 28)
(21905/2, 62, 29)
(10954, 57, 26)
(10957, 60, 28)
(21917/2, 57, 26)
(10960, 58, 27)
(10963, 60, 28)
(21929/2, 62, 29)
(10966, 57, 26)
(10969, 60, 28)
(21941/2, 65, 31)
(10972, 65, 31)
(21977/2, 55, 25)
(10990, 65, 31)
(10993, 62, 29)
(21989/2, 55, 25)
(10996, 55, 25)
(11002, 60, 28)
(11005, 60, 28)
(22013/2, 59, 27)
(11008, 60, 28)
(22019/2, 55, 25)
(11010, 57, 26)
(22021/2, 59, 27)
(11011, 60, 28)
(22023/2, 59, 27)
(11012, 60, 28)
(22025/2, 55, 25)
(11013, 60, 28)
(22027/2, 62, 29)
(11014, 64, 30)
(11017, 62, 29)
(22037/2, 65, 31)
(11020, 64, 30)
(22043/2, 55, 25)
(11022, 57, 26)
(22045/2, 59, 27)
(11023, 60, 28)
(22047/2, 59, 27)
(11024, 60, 28)
(22049/2, 55, 25)
(11025, 60, 28)
(22051/2, 62, 29)
(11026, 64, 30)
(22055/2, 60, 28)
(11028, 64, 30)
(22057/2, 65, 31)
(11029, 67, 32)
(22059/2, 66, 31)
(11030, 67, 32)
(22061/2, 64, 30)
(11031, 67, 32)
(22063/2, 71, 34)
(11032, 72, 35)
(11038, 61, 28)
(11041, 62, 29)
(22085/2, 56, 25)
(11044, 57, 26)
(22091/2, 64, 30)
(11046, 66, 31)
(22093/2, 68, 32)
(11047, 69, 33)
(22095/2, 68, 32)
(11048, 69, 33)
(22097/2, 64, 30)
(11049, 69, 33)
(22099/2, 71, 34)
(11050, 73, 35)
(22103/2, 57, 26)
(11052, 61, 28)
(22105/2, 62, 29)
(11053, 64, 30)
(22107/2, 62, 29)
(11054, 64, 30)
(22109/2, 61, 28)
(11055, 64, 30)
(22111/2, 66, 31)
(11056, 67, 32)
(11062, 66, 31)
(11065, 67, 32)
(22133/2, 61, 28)
(11068, 69, 33)
(22139/2, 57, 26)
(11070, 59, 27)
(22141/2, 61, 28)
(11071, 62, 29)
(22143/2, 61, 28)
(11072, 62, 29)
(22145/2, 57, 26)
(11073, 59, 27)
(22147/2, 61, 28)
(11074, 62, 29)
(22151/2, 62, 29)
(11076, 67, 32)
(22153/2, 69, 33)
(11077, 70, 34)
(22155/2, 69, 33)
(11078, 70, 34)
(22157/2, 72, 35)
(11080, 69, 33)
(22161/2, 67, 32)
(11081, 69, 33)
(22163/2, 70, 34)
(11083, 67, 32)
(22167/2, 66, 31)
(11084, 67, 32)
(22169/2, 69, 33)
(22175/2, 77, 38)
(11088, 75, 37)
(22177/2, 74, 36)
(11089, 72, 35)
(22179/2, 71, 34)
(11090, 72, 35)
(22181/2, 74, 36)
(11092, 71, 34)
(22185/2, 69, 33)
(11093, 71, 34)
(22187/2, 72, 35)
(11095, 68, 33)
(22191/2, 67, 32)
(11096, 68, 33)
(22193/2, 67, 32)
(11098, 72, 35)
(11101, 74, 36)
(22205/2, 67, 32)
(11104, 72, 35)
(22211/2, 65, 31)
(11107, 70, 34)
(22219/2, 69, 33)
(11110, 69, 33)
(22229/2, 74, 36)
(11116, 73, 35)
(22235/2, 77, 38)
(11119, 76, 37)
(22241/2, 73, 35)
(11122, 69, 33)
(22253/2, 62, 29)
(11127, 66, 31)
(22255/2, 67, 32)
(11128, 69, 33)
(22257/2, 67, 32)
(11129, 69, 33)
(22259/2, 66, 31)
(11130, 67, 32)
(22261/2, 69, 33)
(11131, 70, 34)
(22263/2, 69, 33)
(11132, 70, 34)
(22265/2, 75, 37)
(11134, 74, 36)
(11137, 75, 37)
(22277/2, 69, 33)
(11140, 74, 36)
(22283/2, 67, 32)
(11143, 79, 39)
(22291/2, 79, 39)
(11146, 77, 38)
(22301/2, 69, 33)
(11151, 74, 36)
(22303/2, 76, 37)
(11152, 77, 38)
(22305/2, 76, 37)
(11153, 77, 38)
(22307/2, 69, 33)
(11154, 73, 35)
(22309/2, 74, 36)
(11155, 76, 37)
(22311/2, 74, 36)
(11156, 76, 37)
(22313/2, 73, 35)
(11157, 74, 36)
(22315/2, 76, 37)
(11158, 74, 36)
(22317/2, 73, 35)
(11159, 74, 36)
(22319/2, 69, 33)
(11160, 71, 34)
(22321/2, 73, 35)
(11161, 74, 36)
(22323/2, 73, 35)
(11162, 74, 36)
(22325/2, 65, 31)
(11163, 67, 32)
(22327/2, 69, 33)
(11164, 70, 34)
(22343/2, 70, 34)
(11172, 72, 35)
(22345/2, 74, 36)
(11173, 75, 37)
(22347/2, 74, 36)
(11174, 75, 37)
(22349/2, 70, 34)
(11175, 75, 37)
(22351/2, 77, 38)
(11176, 79, 39)
(22357/2, 70, 34)
(22367/2, 63, 30)
(22367/2, 75, 37)
(11185, 63, 30)
(11185, 75, 37)
(22373/2, 63, 30)
(22373/2, 75, 37)
(11188, 62, 29)
(11188, 74, 36)
(22391/2, 68, 32)
(11196, 71, 34)
(22393/2, 73, 35)
(11197, 74, 36)
(22395/2, 73, 35)
(11198, 74, 36)
(22397/2, 71, 34)
(11199, 74, 36)
(22399/2, 76, 37)
(11200, 77, 38)
(11203, 74, 36)
(22415/2, 62, 29)
(22415/2, 77, 38)
(11209, 62, 29)
(11209, 76, 37)
(22421/2, 62, 29)
(22421/2, 74, 36)
(11212, 73, 35)
(11218, 61, 28)
(11218, 64, 30)
(11224, 61, 28)
(11239, 69, 33)
(22479/2, 64, 30)
(11240, 69, 33)
(22481/2, 69, 33)
(11242, 69, 33)
(22485/2, 64, 30)
(11243, 69, 33)
(22487/2, 69, 33)
(11245, 69, 33)
(22491/2, 64, 30)
(11246, 69, 33)
(22493/2, 69, 33)
(11248, 69, 33)
(22497/2, 64, 30)
(11249, 69, 33)
(22499/2, 69, 33)
(11251, 69, 33)
(22503/2, 64, 30)
(11252, 69, 33)
(22505/2, 69, 33)
(11254, 69, 33)
(22509/2, 64, 30)
(11255, 69, 33)
(22511/2, 69, 33)
(11257, 69, 33)
(22515/2, 64, 30)
(11258, 69, 33)
(22517/2, 69, 33)
(11260, 69, 33)
(11263, 62, 29)
(11269, 62, 29)
(22553/2, 59, 27)
(11278, 59, 27)
(22559/2, 66, 31)
(11281, 64, 30)
(22565/2, 61, 28)
(11284, 62, 29)
(22573/2, 66, 31)
(11290, 67, 32)
(11293, 66, 31)
(11296, 67, 32)
(22603/2, 71, 34)
(11302, 71, 34)
(22607/2, 67, 32)
(22609/2, 71, 34)
(11305, 71, 34)
(22613/2, 67, 32)
(22615/2, 71, 34)
(11308, 70, 34)
(22619/2, 67, 32)
(22621/2, 70, 34)
(11311, 70, 34)
(22625/2, 67, 32)
(22627/2, 70, 34)
(11314, 70, 34)
(11315, 67, 32)
(22633/2, 70, 34)
(11317, 70, 34)
(22637/2, 67, 32)
(22639/2, 70, 34)
(11320, 69, 33)
(22643/2, 66, 31)
(22645/2, 69, 33)
(11323, 69, 33)
(22649/2, 66, 31)
(22651/2, 69, 33)
(11326, 69, 33)
(22655/2, 66, 31)
(22657/2, 69, 33)
(11329, 69, 33)
(22661/2, 66, 31)
(22663/2, 69, 33)
(11332, 62, 29)
(22667/2, 59, 27)
(22669/2, 62, 29)
(11335, 62, 29)
(22673/2, 59, 27)
(22675/2, 62, 29)
(11338, 67, 32)
(11339, 64, 30)
(22681/2, 67, 32)
(11341, 67, 32)
(22685/2, 64, 30)
(22687/2, 70, 34)
(11344, 69, 33)
(22691/2, 67, 32)
(22693/2, 69, 33)
(11347, 69, 33)
(22697/2, 67, 32)
(22699/2, 69, 33)
(11350, 69, 33)
(22703/2, 67, 32)
(22705/2, 69, 33)
(11353, 69, 33)
(22709/2, 67, 32)
(22711/2, 69, 33)
(11356, 69, 33)
(11359, 73, 35)
(22721/2, 74, 36)
(11362, 71, 34)
(22733/2, 69, 33)
(11368, 69, 33)
(22739/2, 71, 34)
(11371, 73, 35)
(22745/2, 74, 36)
(11374, 71, 34)
(22757/2, 69, 33)
(11380, 74, 36)
(11383, 73, 35)
(22769/2, 71, 34)
(11386, 71, 34)
(22777/2, 69, 33)
(11389, 66, 31)
(22781/2, 62, 29)
(11392, 67, 32)
(11398, 66, 31)
(11401, 69, 33)
(11404, 69, 33)
(22811/2, 71, 34)
(11407, 73, 35)
(22817/2, 74, 36)
(11410, 71, 34)
(11413, 69, 33)
(11416, 69, 33)
(22835/2, 71, 34)
(11419, 73, 35)
(22841/2, 74, 36)
(11422, 71, 34)
(11425, 69, 33)
(22853/2, 69, 33)
(11428, 74, 36)
(11431, 74, 36)
(22865/2, 74, 36)
(11434, 78, 38)
(11437, 76, 37)
(22877/2, 74, 36)
(11440, 74, 36)
(11443, 73, 35)
(22889/2, 69, 33)
(11446, 72, 35)
(11449, 72, 35)
(22901/2, 72, 35)
(11452, 71, 35)
(11452, 71, 34)
(22907/2, 70, 33)
(11455, 71, 34)
(22913/2, 73, 35)
(11458, 74, 36)
(22919/2, 79, 39)
(11461, 78, 38)
(22925/2, 76, 37)
(11464, 74, 36)
(11467, 76, 37)
(22937/2, 73, 35)
(11470, 74, 36)
(11473, 69, 33)
(22955/2, 67, 32)
(11479, 67, 32)
(22961/2, 67, 32)
(11482, 69, 33)
(11485, 67, 32)
(22979/2, 67, 32)
(11491, 67, 32)
(22985/2, 67, 32)
(11494, 69, 33)
(11497, 62, 29)
(11497, 74, 36)
(11500, 62, 29)
(11500, 74, 36)
(11503, 62, 29)
(11503, 74, 36)
(11506, 62, 29)
(11506, 74, 36)
(23039/2, 69, 33)
(23045/2, 66, 31)
(23051/2, 57, 26)
(23057/2, 63, 29)
(23063/2, 63, 29)
(11533, 63, 29)
(23069/2, 63, 29)
(11536, 63, 29)
(23081/2, 63, 29)
(11542, 64, 30)
(23087/2, 71, 34)
(23093/2, 67, 32)
(23099/2, 64, 30)
(23105/2, 65, 30)
(23111/2, 65, 30)
(11557, 65, 30)
(23117/2, 65, 30)
(11560, 65, 30)
(23129/2, 65, 30)
(11566, 66, 31)
(23135/2, 81, 40)
(23141/2, 79, 39)
(11572, 78, 38)
(11575, 76, 37)
(23159/2, 81, 40)
(11581, 80, 39)
(23165/2, 79, 39)
(11584, 78, 38)
(11587, 76, 37)
(23183/2, 62, 29)
(11593, 64, 30)
(23189/2, 65, 30)
(11596, 66, 31)
(23195/2, 66, 31)
(11599, 67, 32)
(23201/2, 68, 32)
(11602, 69, 33)
(11605, 66, 31)
(11608, 67, 32)
(11611, 67, 32)
(11614, 66, 31)
(11626, 83, 41)
(11629, 84, 42)
(23261/2, 78, 38)
(11632, 83, 41)
(23267/2, 76, 37)
(11635, 81, 40)
(23275/2, 79, 39)
(11638, 79, 39)
(23279/2, 67, 32)
(11640, 69, 33)
(23281/2, 67, 32)
(11641, 66, 31)
(23285/2, 66, 31)
(11643, 67, 32)
(23287/2, 66, 31)
(11644, 64, 30)
(23291/2, 69, 33)
(23297/2, 68, 32)
(11650, 69, 33)
(23303/2, 69, 33)
(11652, 71, 34)
(23305/2, 73, 35)
(11653, 74, 36)
(23307/2, 73, 35)
(11654, 74, 36)
(23309/2, 76, 37)
(11655, 78, 38)
(23311/2, 79, 39)
(11656, 73, 35)
(23315/2, 78, 38)
(23321/2, 76, 37)
(11662, 74, 36)
(23327/2, 73, 35)
(11664, 71, 34)
(23329/2, 73, 35)
(11665, 74, 36)
(23331/2, 73, 35)
(11666, 74, 36)
(23333/2, 76, 37)
(11667, 78, 38)
(23335/2, 79, 39)
(11668, 73, 35)
(23339/2, 78, 38)
(23345/2, 76, 37)
(23349/2, 74, 36)
(11675, 73, 35)
(23351/2, 74, 36)
(11676, 73, 35)
(23353/2, 74, 36)
(11677, 62, 29)
(23357/2, 70, 34)
(11679, 72, 35)
(23359/2, 70, 34)
(11680, 69, 33)
(23363/2, 74, 36)
(11682, 76, 37)
(23365/2, 74, 36)
(11683, 73, 35)
(23369/2, 61, 28)
(11685, 59, 27)
(23371/2, 61, 28)
(11686, 62, 29)
(23375/2, 74, 36)
(11689, 75, 37)
(23381/2, 69, 33)
(11692, 74, 36)
(11695, 75, 37)
(23393/2, 69, 33)
(11698, 74, 36)
(23399/2, 76, 37)
(11701, 77, 38)
(23405/2, 71, 34)
(11704, 76, 37)
(11707, 77, 38)
(23417/2, 71, 34)
(11710, 76, 37)
(11728, 62, 29)
(11728, 74, 36)
(11728, 78, 38)
(11731, 74, 36)
(11731, 76, 37)
(23465/2, 73, 35)
(23465/2, 76, 37)
(11734, 74, 36)
(11740, 69, 33)
(11740, 81, 40)
(11743, 76, 37)
(23489/2, 79, 39)
(11746, 78, 38)
(23495/2, 57, 26)
(11748, 61, 28)
(23497/2, 62, 29)
(11749, 64, 30)
(23499/2, 62, 29)
(11750, 64, 30)
(23501/2, 57, 26)
(11751, 62, 29)
(23503/2, 64, 30)
(11752, 66, 31)
(23505/2, 64, 30)
(11753, 66, 31)
(23507/2, 62, 29)
(11754, 64, 30)
(23509/2, 66, 31)
(11755, 68, 32)
(23511/2, 66, 31)
(11756, 68, 32)
(23513/2, 64, 30)
(11757, 69, 33)
(23515/2, 71, 34)
(11758, 73, 35)
(23517/2, 71, 34)
(11759, 73, 35)
(23519/2, 69, 33)
(11760, 71, 34)
(23521/2, 73, 35)
(11761, 74, 36)
(23523/2, 73, 35)
(11762, 74, 36)
(23525/2, 69, 33)
(11763, 74, 36)
(23527/2, 76, 37)
(11764, 78, 38)
(23531/2, 64, 30)
(11767, 66, 31)
(23537/2, 64, 30)
(11770, 74, 36)
(11773, 69, 33)
(11776, 69, 33)
(11779, 62, 29)
(11782, 61, 28)
(11785, 69, 33)
(11788, 66, 31)
(23579/2, 71, 34)
(11791, 64, 30)
(23585/2, 69, 33)
(11793, 71, 34)
(23587/2, 73, 35)
(11794, 74, 36)
(23589/2, 73, 35)
(11795, 74, 36)
(23591/2, 69, 33)
(11796, 73, 35)
(23593/2, 74, 36)
(11797, 76, 37)
(23595/2, 74, 36)
(11798, 76, 37)
(23597/2, 69, 33)
(11799, 74, 36)
(23599/2, 76, 37)
(11800, 78, 38)
(23603/2, 76, 37)
(11803, 73, 35)
(23609/2, 69, 33)
(11806, 74, 36)
(23615/2, 69, 33)
(11809, 73, 35)
(23621/2, 74, 36)
(23623/2, 76, 37)
(11812, 76, 37)
(23627/2, 78, 38)
(23629/2, 79, 39)
(11815, 79, 39)
(23633/2, 69, 33)
(11818, 74, 36)
(23639/2, 69, 33)
(11821, 73, 35)
(23645/2, 74, 36)
(23647/2, 76, 37)
(11824, 76, 37)
(23651/2, 78, 38)
(23653/2, 79, 39)
(11827, 79, 39)
(23657/2, 69, 33)
(11830, 78, 38)
(11833, 69, 33)
(23669/2, 71, 34)
(23671/2, 73, 35)
(11836, 73, 35)
(23675/2, 74, 36)
(23677/2, 76, 37)
(11839, 76, 37)
(23681/2, 64, 30)
(11842, 73, 35)
(23687/2, 74, 36)
(23689/2, 76, 37)
(11845, 76, 37)
(23693/2, 78, 38)
(23695/2, 79, 39)
(11848, 79, 39)
(23699/2, 69, 33)
(23699/2, 81, 40)
(23705/2, 69, 33)
(23705/2, 79, 39)
(11854, 69, 33)
(11854, 78, 38)
(11857, 69, 33)
(11857, 78, 38)
(11860, 69, 33)
(11860, 78, 38)
(11863, 66, 31)
(11863, 69, 33)
(11866, 66, 31)
(11866, 69, 33)
(11869, 66, 31)
(11869, 69, 33)
(11872, 62, 29)
(11875, 62, 29)
(11878, 62, 29)
(11881, 69, 33)
(11881, 76, 37)
(11884, 69, 33)
(11884, 78, 38)
(11887, 57, 26)
(11887, 67, 32)
(11887, 69, 33)
(11890, 57, 26)
(11890, 66, 31)
(11890, 69, 33)
(20000, 66, 31)
(20000, 69, 33)
(20003, 67, 32)
(20003, 71, 34)
(40009/2, 67, 32)
(40009/2, 69, 33)
(20006, 66, 31)
(20006, 69, 33)
(40015/2, 57, 26)
(20008, 59, 27)
(40017/2, 61, 28)
(20009, 62, 29)
(40019/2, 61, 28)
(20010, 62, 29)
(40021/2, 57, 26)
(20011, 62, 29)
(40023/2, 64, 30)
(20012, 66, 31)
(40025/2, 64, 30)
(20013, 66, 31)
(40027/2, 62, 29)
(20014, 66, 31)
(40029/2, 67, 32)
(20015, 69, 33)
(40031/2, 68, 32)
(20016, 69, 33)
(40033/2, 66, 31)
(20017, 69, 33)
(40035/2, 73, 35)
(20018, 74, 36)
(40039/2, 57, 26)
(20020, 59, 27)
(40041/2, 61, 28)
(20021, 62, 29)
(40043/2, 61, 28)
(20022, 62, 29)
(40045/2, 62, 29)
(20023, 61, 28)
(40047/2, 62, 29)
(20024, 62, 29)
(40049/2, 61, 28)
(20025, 62, 29)
(40051/2, 62, 29)
(20026, 61, 28)
(40053/2, 62, 29)
(20027, 62, 29)
(40055/2, 61, 28)
(20028, 62, 29)
(40057/2, 64, 30)
(20029, 66, 31)
(40059/2, 64, 30)
(20030, 69, 33)
(40063/2, 59, 27)
(20032, 61, 28)
(40065/2, 63, 29)
(20033, 64, 30)
(40067/2, 63, 29)
(20034, 64, 30)
(40069/2, 59, 27)
(20035, 64, 30)
(40071/2, 66, 31)
(20036, 67, 32)
(40073/2, 66, 31)
(20037, 67, 32)
(40075/2, 64, 30)
(20038, 67, 32)
(40077/2, 69, 33)
(20039, 71, 34)
(40079/2, 69, 33)
(20040, 71, 34)
(40081/2, 67, 32)
(20041, 71, 34)
(40083/2, 75, 36)
(20042, 76, 37)
(40087/2, 59, 27)
(20044, 61, 28)
(40089/2, 63, 29)
(20045, 64, 30)
(40091/2, 63, 29)
(20046, 64, 30)
(40093/2, 64, 30)
(20047, 63, 29)
(40095/2, 64, 30)
(20048, 64, 30)
(40097/2, 63, 29)
(20049, 64, 30)
(40099/2, 64, 30)
(20050, 63, 29)
(40101/2, 64, 30)
(20051, 64, 30)
(40103/2, 63, 29)
(20052, 64, 30)
(40105/2, 66, 31)
(20053, 67, 32)
(40107/2, 64, 30)
(20054, 71, 34)
(20057, 67, 32)
(20060, 67, 32)
(20063, 67, 32)
(20066, 66, 31)
(20069, 67, 32)
(20072, 67, 32)
(20075, 67, 32)
(20078, 66, 31)
(20081, 62, 29)
(20087, 62, 29)
(20090, 62, 29)
(40189/2, 62, 29)
(20096, 61, 28)
(40195/2, 62, 29)
(20099, 57, 26)
(40201/2, 55, 25)
(20102, 54, 24)
(20105, 67, 32)
(20108, 67, 32)
(20111, 67, 32)
(20114, 66, 31)
(20117, 67, 32)
(20120, 67, 32)
(20123, 67, 32)
(20126, 66, 31)
(20129, 60, 28)
(20132, 59, 27)
(20135, 60, 28)
(20138, 59, 27)
(40299/2, 67, 32)
(20150, 67, 32)
(40303/2, 64, 30)
(40305/2, 67, 32)
(20153, 67, 32)
(20154, 64, 30)
(20155, 68, 32)
(20156, 68, 32)
(40315/2, 71, 34)
(40317/2, 68, 32)
(20159, 68, 32)
(40321/2, 71, 34)
(40323/2, 67, 32)
(20162, 67, 32)
(40327/2, 69, 33)
(40329/2, 67, 32)
(20165, 67, 32)
(40333/2, 69, 33)
(40335/2, 67, 32)
(20168, 67, 32)
(40339/2, 69, 33)
(40341/2, 67, 32)
(20171, 67, 32)
(40345/2, 69, 33)
(40347/2, 66, 31)
(40347/2, 69, 33)
(20174, 66, 31)
(20174, 69, 33)
(20177, 67, 32)
(20177, 71, 34)
(40357/2, 67, 32)
(40357/2, 69, 33)
(20180, 66, 31)
(20180, 69, 33)
(20192, 69, 33)
(20195, 71, 34)
(40393/2, 64, 30)
(20198, 73, 35)
(20201, 74, 36)
(20204, 67, 32)
(20207, 69, 33)
(40417/2, 62, 29)
(20210, 71, 34)
(40423/2, 73, 35)
(20213, 74, 36)
(40429/2, 73, 35)
(20216, 71, 34)
(40435/2, 69, 33)
(20219, 68, 32)
(40441/2, 61, 28)
(20222, 59, 27)
(40453/2, 64, 30)
(20227, 66, 31)
(40455/2, 68, 32)
(20228, 69, 33)
(40457/2, 68, 32)
(20229, 69, 33)
(40459/2, 64, 30)
(20230, 66, 31)
(40461/2, 68, 32)
(20231, 69, 33)
(40463/2, 68, 32)
(20232, 69, 33)
(40465/2, 64, 30)
(20233, 66, 31)
(40467/2, 68, 32)
(20234, 69, 33)
(40469/2, 68, 32)
(20235, 69, 33)
(40471/2, 64, 30)
(20236, 66, 31)
(40473/2, 68, 32)
(20237, 69, 33)
(40475/2, 68, 32)
(20238, 69, 33)
(40477/2, 64, 30)
(20239, 66, 31)
(40479/2, 68, 32)
(20240, 69, 33)
(40481/2, 68, 32)
(20241, 69, 33)
(40483/2, 64, 30)
(20242, 66, 31)
(40485/2, 68, 32)
(20243, 69, 33)
(40487/2, 68, 32)
(20244, 69, 33)
(40489/2, 73, 35)
(20245, 71, 34)
(40491/2, 69, 33)
(20246, 68, 32)
(40501/2, 71, 34)
(20252, 71, 34)
(40513/2, 59, 27)
(20258, 59, 27)
(40519/2, 63, 29)
(20261, 59, 27)
(40525/2, 57, 26)
(20264, 56, 25)
(20270, 53, 24)
(40541/2, 52, 23)
(20271, 53, 24)
(40543/2, 53, 24)
(20273, 53, 24)
(20276, 53, 24)
(20279, 53, 24)
(20282, 53, 24)
(20285, 53, 24)
(40573/2, 50, 22)
(20288, 48, 21)
(20294, 62, 29)
(40589/2, 61, 28)
(20295, 62, 29)
(40591/2, 62, 29)
(20297, 62, 29)
(20300, 62, 29)
(20303, 62, 29)
(20306, 67, 32)
(20309, 58, 27)
(20312, 57, 26)
(20315, 57, 26)
(40631/2, 56, 25)
(20316, 57, 26)
(40633/2, 57, 26)
(20318, 57, 26)
(20321, 57, 26)
(20324, 57, 26)
(20327, 57, 26)
(40655/2, 56, 25)
(20328, 57, 26)
(40657/2, 57, 26)
(20330, 57, 26)
(20333, 57, 26)
(20336, 57, 26)
(40673/2, 56, 25)
(20337, 57, 26)
(40675/2, 57, 26)
(20339, 57, 26)
(20342, 57, 26)
(40685/2, 56, 25)
(20343, 57, 26)
(40687/2, 57, 26)
(20345, 57, 26)
(20348, 59, 27)
(20348, 62, 29)
(20351, 59, 27)
(20351, 62, 29)
(20354, 59, 27)
(20354, 62, 29)
(20357, 59, 27)
(20357, 62, 29)
(20360, 61, 28)
(20363, 59, 27)
(40729/2, 57, 26)
(20366, 62, 29)
(20372, 61, 28)
(20375, 59, 27)
(40753/2, 57, 26)
(20378, 62, 29)
(40765/2, 62, 29)
(20384, 61, 28)
(20387, 64, 30)
(40777/2, 62, 29)
(20390, 62, 29)
(40783/2, 62, 29)
(40785/2, 61, 28)
(20393, 57, 26)
(40789/2, 61, 28)
(20396, 59, 27)
(20399, 57, 26)
(40801/2, 59, 27)
(20402, 57, 26)
(20405, 61, 28)
(20414, 52, 23)
(20426, 52, 23)
(40861/2, 64, 30)
(20432, 69, 33)
(40873/2, 69, 33)
(20438, 73, 35)
(20441, 71, 34)
(40885/2, 69, 33)
(20444, 69, 33)
(20447, 68, 32)
(40897/2, 64, 30)
(20450, 67, 32)
(40909/2, 67, 32)
(20456, 67, 32)
(20456, 66, 31)
(40915/2, 65, 30)
(20459, 66, 31)
(40921/2, 68, 32)
(20462, 69, 33)
(40927/2, 74, 36)
(20465, 73, 35)
(40933/2, 71, 34)
(20468, 69, 33)
(20471, 71, 34)
(40945/2, 68, 32)
(20474, 69, 33)
(20477, 64, 30)
(40963/2, 64, 30)
(20483, 64, 30)
(40969/2, 64, 30)
(20486, 64, 30)
(20489, 52, 23)
(40987/2, 52, 23)
(20495, 52, 23)
(40993/2, 52, 23)
(20498, 52, 23)
(20501, 57, 26)
(20501, 69, 33)
(20504, 57, 26)
(20504, 69, 33)
(20507, 57, 26)
(20507, 69, 33)
(20510, 57, 26)
(20510, 69, 33)
(20525, 52, 23)
(20528, 52, 23)
(20531, 52, 23)
(20534, 52, 23)
(41071/2, 52, 23)
(20537, 52, 23)
(41077/2, 52, 23)
(20540, 52, 23)
(41089/2, 52, 23)
(20546, 54, 24)
(20549, 54, 24)
(20552, 54, 24)
(20555, 54, 24)
(20558, 50, 22)
(41119/2, 50, 22)
(20561, 50, 22)
(41125/2, 50, 22)
(20564, 50, 22)
(41137/2, 50, 22)
(20570, 49, 21)
(41143/2, 69, 33)
(41149/2, 67, 32)
(20576, 66, 31)
(20579, 65, 30)
(41167/2, 61, 28)
(20585, 62, 29)
(41173/2, 65, 30)
(20588, 64, 30)
(41179/2, 69, 33)
(41185/2, 68, 32)
(20594, 69, 33)
(41191/2, 76, 37)
(20597, 75, 36)
(41197/2, 74, 36)
(20600, 73, 35)
(41209/2, 67, 32)
(20606, 66, 31)
(20609, 64, 30)
(41221/2, 70, 33)
(41221/2, 71, 34)
(20612, 73, 35)
(41227/2, 70, 33)
(41227/2, 71, 34)
(20615, 73, 35)
(41233/2, 70, 33)
(41233/2, 71, 34)
(20618, 73, 35)
(20621, 66, 31)
(20621, 69, 33)
(20624, 66, 31)
(20624, 69, 33)
(20627, 62, 29)
(20630, 61, 28)
(20630, 64, 30)
(20633, 62, 29)
(20633, 65, 31)
(41269/2, 56, 25)
(20636, 57, 26)
(20642, 58, 27)
(41285/2, 57, 26)
(20643, 58, 27)
(41287/2, 58, 27)
(20645, 58, 27)
(20648, 58, 27)
(20651, 58, 27)
(20654, 58, 27)
(20657, 58, 27)
(20660, 57, 26)
(20666, 55, 25)
(41333/2, 54, 24)
(20667, 55, 25)
(41335/2, 55, 25)
(20669, 55, 25)
(20672, 55, 25)
(20675, 55, 25)
(20678, 55, 25)
(20681, 55, 25)
(20684, 53, 24)
(20687, 57, 26)
(41375/2, 56, 25)
(20688, 57, 26)
(41377/2, 57, 26)
(20690, 55, 25)
(20693, 57, 26)
(20696, 58, 27)
(20699, 57, 26)
(41399/2, 56, 25)
(20700, 57, 26)
(41401/2, 57, 26)
(20702, 55, 25)
(20705, 57, 26)
(20708, 58, 27)
(41417/2, 57, 26)
(20709, 58, 27)
(41419/2, 58, 27)
(20711, 58, 27)
(20714, 59, 27)
(41429/2, 57, 26)
(20715, 59, 27)
(41431/2, 59, 27)
(20717, 59, 27)
(20720, 61, 28)
(20726, 61, 28)
(20732, 61, 28)
(20750, 66, 31)
(20750, 71, 34)
(20753, 67, 32)
(20753, 71, 34)
(41509/2, 67, 32)
(41509/2, 69, 33)
(20756, 66, 31)
(20756, 69, 33)
(41515/2, 57, 26)
(20758, 59, 27)
(41517/2, 61, 28)
(20759, 62, 29)
(41519/2, 61, 28)
(20760, 62, 29)
(41521/2, 57, 26)
(20761, 62, 29)
(41523/2, 64, 30)
(20762, 66, 31)
(41525/2, 64, 30)
(20763, 66, 31)
(41527/2, 62, 29)
(20764, 66, 31)
(41529/2, 67, 32)
(20765, 69, 33)
(41531/2, 68, 32)
(20766, 69, 33)
(41533/2, 66, 31)
(20767, 69, 33)
(41535/2, 73, 35)
(20768, 74, 36)
(41537/2, 73, 35)
(20769, 74, 36)
(41539/2, 69, 33)
(20770, 71, 34)
(41541/2, 73, 35)
(20771, 74, 36)
(41543/2, 73, 35)
(20772, 74, 36)
(41545/2, 74, 36)
(20773, 73, 35)
(41547/2, 74, 36)
(20774, 74, 36)
(41549/2, 73, 35)
(20775, 74, 36)
(41551/2, 74, 36)
(20776, 73, 35)
(41553/2, 74, 36)
(20777, 74, 36)
(41555/2, 62, 29)
(20778, 64, 30)
(41557/2, 66, 31)
(20779, 64, 30)
(41559/2, 62, 29)
(20780, 69, 33)
(41563/2, 59, 27)
(20782, 61, 28)
(41565/2, 63, 29)
(20783, 64, 30)
(41567/2, 63, 29)
(20784, 64, 30)
(41569/2, 59, 27)
(20785, 64, 30)
(41571/2, 66, 31)
(20786, 67, 32)
(41573/2, 66, 31)
(20787, 67, 32)
(41575/2, 64, 30)
(20788, 67, 32)
(41577/2, 69, 33)
(20789, 71, 34)
(41579/2, 69, 33)
(20790, 71, 34)
(41581/2, 67, 32)
(20791, 71, 34)
(41583/2, 75, 36)
(20792, 76, 37)
(41585/2, 75, 36)
(20793, 76, 37)
(41587/2, 71, 34)
(20794, 73, 35)
(41589/2, 75, 36)
(20795, 76, 37)
(41591/2, 75, 36)
(20796, 76, 37)
(41593/2, 76, 37)
(20797, 75, 36)
(41595/2, 76, 37)
(20798, 76, 37)
(41597/2, 75, 36)
(20799, 76, 37)
(41599/2, 76, 37)
(20800, 75, 36)
(41601/2, 76, 37)
(20801, 76, 37)
(41603/2, 64, 30)
(20802, 66, 31)
(41605/2, 67, 32)
(20803, 66, 31)
(41607/2, 64, 30)
(20804, 71, 34)
(20807, 67, 32)
(20810, 67, 32)
(41621/2, 62, 29)
(20811, 67, 32)
(41623/2, 67, 32)
(20813, 67, 32)
(41627/2, 62, 29)
(20814, 67, 32)
(41629/2, 67, 32)
(20816, 66, 31)
(20819, 67, 32)
(41639/2, 64, 30)
(20820, 67, 32)
(41641/2, 67, 32)
(20822, 67, 32)
(41645/2, 64, 30)
(20823, 67, 32)
(41647/2, 67, 32)
(20825, 67, 32)
(41651/2, 64, 30)
(20826, 67, 32)
(41653/2, 67, 32)
(20828, 66, 31)
(20831, 58, 26)
(20834, 59, 27)
(20837, 58, 26)
(20840, 59, 27)
(41689/2, 62, 29)
(20846, 61, 28)
(41695/2, 63, 29)
(20849, 64, 30)
(41701/2, 55, 25)
(20852, 54, 24)
(20855, 60, 28)
(41713/2, 50, 22)
(20858, 59, 27)
(20861, 60, 28)
(41725/2, 50, 22)
(20864, 59, 27)
(41751/2, 67, 32)
(20876, 67, 32)
(41755/2, 62, 29)
(41757/2, 67, 32)
(20879, 67, 32)
(41761/2, 62, 29)
(41763/2, 67, 32)
(20882, 67, 32)
(41767/2, 63, 30)
(41769/2, 67, 32)
(20885, 67, 32)
(41773/2, 63, 30)
(41775/2, 67, 32)
(20888, 67, 32)
(41779/2, 63, 30)
(41781/2, 67, 32)
(20891, 67, 32)
(41785/2, 63, 30)
(41787/2, 66, 32)
(20894, 66, 32)
(41791/2, 63, 30)
(41793/2, 66, 32)
(20897, 66, 32)
(41797/2, 63, 30)
(41799/2, 62, 29)
(20900, 62, 29)
(20903, 60, 28)
(41809/2, 58, 27)
(20906, 63, 30)
(20912, 62, 29)
(41827/2, 61, 29)
(20915, 60, 28)
(41833/2, 58, 27)
(20918, 63, 30)
(20924, 62, 29)
(20927, 65, 31)
(41857/2, 63, 30)
(20930, 63, 30)
(41865/2, 62, 29)
(20933, 58, 27)
(41869/2, 62, 29)
(20936, 60, 28)
(20939, 58, 27)
(41881/2, 60, 28)
(20942, 58, 27)
(41899/2, 58, 27)
(20951, 57, 26)
(41905/2, 58, 27)
(20954, 53, 24)
(41923/2, 55, 25)
(20963, 57, 26)
(41929/2, 58, 27)
(20966, 53, 24)
(20972, 58, 27)
(20978, 57, 26)
(20984, 55, 25)
(21002, 64, 30)
(21005, 69, 33)
(42013/2, 65, 31)
(21008, 64, 30)
(42019/2, 55, 25)
(21010, 57, 26)
(42021/2, 59, 27)
(21011, 60, 28)
(42023/2, 59, 27)
(21012, 60, 28)
(42025/2, 55, 25)
(21013, 60, 28)
(42027/2, 62, 29)
(21014, 64, 30)
(42031/2, 60, 28)
(42037/2, 59, 27)
(21020, 60, 28)
(42067/2, 55, 25)
(21034, 60, 28)
(42069/2, 62, 29)
(21035, 64, 30)
(42071/2, 62, 29)
(21036, 64, 30)
(42073/2, 60, 28)
(21037, 64, 30)
(42075/2, 67, 32)
(21038, 69, 33)
(21041, 57, 26)
(42085/2, 59, 27)
(21044, 57, 26)
(42115/2, 64, 30)
(21058, 67, 32)
(42117/2, 69, 33)
(21059, 70, 34)
(42119/2, 69, 33)
(21060, 70, 34)
(42121/2, 69, 33)
(21061, 71, 34)
(42123/2, 73, 35)
(21062, 74, 36)
(21065, 62, 29)
(42133/2, 58, 27)
(21068, 57, 26)
(42145/2, 57, 26)
(21073, 62, 29)
(42147/2, 64, 30)
(21074, 66, 31)
(42149/2, 64, 30)
(21075, 66, 31)
(42151/2, 62, 29)
(21076, 64, 30)
(42153/2, 66, 31)
(21077, 67, 32)
(42157/2, 69, 33)
(21080, 66, 31)
(42163/2, 67, 32)
(21083, 64, 30)
(42169/2, 66, 31)
(21086, 67, 32)
(42199/2, 60, 28)
(21100, 62, 29)
(42201/2, 64, 30)
(21101, 65, 31)
(42203/2, 67, 32)
(21102, 65, 31)
(42205/2, 64, 30)
(21104, 64, 30)
(42209/2, 65, 31)
(21105, 64, 30)
(42211/2, 62, 29)
(21107, 62, 29)
(42215/2, 61, 28)
(21108, 62, 29)
(42217/2, 55, 25)
(21110, 57, 26)
(21110, 69, 33)
(21113, 70, 34)
(42229/2, 64, 30)
(21116, 69, 33)
(42235/2, 62, 29)
(21119, 67, 32)
(42243/2, 67, 32)
(21122, 65, 31)
(42247/2, 62, 29)
(21125, 74, 36)
(42255/2, 74, 36)
(21128, 74, 36)
(42265/2, 60, 28)
(21133, 58, 27)
(42267/2, 60, 28)
(21134, 62, 29)
(42269/2, 60, 28)
(21135, 62, 29)
(42271/2, 58, 27)
(21136, 57, 26)
(42273/2, 58, 27)
(21137, 57, 26)
(42275/2, 55, 25)
(21138, 57, 26)
(42277/2, 57, 26)
(21140, 67, 32)
(42281/2, 66, 31)
(21141, 67, 32)
(42283/2, 55, 25)
(21143, 60, 28)
(42287/2, 59, 27)
(21144, 60, 28)
(42289/2, 55, 25)
(21146, 57, 26)
(21164, 55, 25)
(21164, 67, 32)
(42337/2, 58, 27)
(21169, 60, 28)
(42339/2, 62, 29)
(21170, 63, 30)
(42341/2, 62, 29)
(21171, 63, 30)
(42343/2, 58, 27)
(21172, 64, 30)
(42345/2, 66, 31)
(21173, 67, 32)
(42349/2, 70, 34)
(21176, 70, 34)
(42355/2, 67, 32)
(21179, 63, 30)
(42361/2, 58, 27)
(21182, 55, 25)
(42367/2, 67, 32)
(42367/2, 70, 34)
(21185, 67, 32)
(21185, 70, 34)
(42373/2, 67, 32)
(42373/2, 70, 34)
(21188, 65, 31)
(21188, 71, 34)
(42385/2, 56, 25)
(21193, 59, 27)
(42387/2, 61, 28)
(21194, 62, 29)
(42389/2, 61, 28)
(21195, 62, 29)
(42391/2, 59, 27)
(21196, 62, 29)
(42393/2, 64, 30)
(21197, 65, 31)
(42397/2, 62, 29)
(21200, 77, 38)
(42403/2, 74, 36)
(21203, 71, 34)
(42409/2, 68, 32)
(21206, 62, 29)
(42415/2, 65, 31)
(42415/2, 71, 34)
(21209, 65, 31)
(21209, 71, 34)
(42421/2, 65, 31)
(42421/2, 71, 34)
(21212, 64, 30)
(21212, 69, 33)
(21218, 52, 23)
(21218, 55, 25)
(21224, 52, 23)
(21224, 55, 25)
(21239, 67, 32)
(42479/2, 64, 30)
(21240, 67, 32)
(42481/2, 67, 32)
(21242, 67, 32)
(42485/2, 64, 30)
(21243, 67, 32)
(42487/2, 67, 32)
(21245, 67, 32)
(42491/2, 64, 30)
(21246, 67, 32)
(42493/2, 67, 32)
(21248, 66, 31)
(42497/2, 62, 29)
(21249, 66, 31)
(42499/2, 66, 31)
(21251, 67, 32)
(42503/2, 64, 30)
(21252, 67, 32)
(42505/2, 67, 32)
(21254, 67, 32)
(42509/2, 64, 30)
(21255, 67, 32)
(42511/2, 67, 32)
(21257, 67, 32)
(42515/2, 64, 30)
(21258, 67, 32)
(42517/2, 67, 32)
(21260, 66, 31)
(21263, 60, 28)
(21266, 59, 27)
(21269, 60, 28)
(21272, 59, 27)
(42553/2, 55, 25)
(21278, 54, 24)
(42559/2, 59, 27)
(21281, 59, 27)
(42565/2, 55, 25)
(21284, 54, 24)
(21287, 60, 28)
(21290, 59, 27)
(21293, 60, 28)
(21296, 59, 27)
(42615/2, 67, 32)
(21308, 67, 32)
(42619/2, 62, 29)
(42621/2, 67, 32)
(21311, 67, 32)
(42625/2, 62, 29)
(42627/2, 67, 32)
(21314, 67, 32)
(42631/2, 60, 28)
(21317, 67, 32)
(42635/2, 67, 32)
(42637/2, 60, 28)
(42639/2, 67, 32)
(21320, 65, 31)
(42643/2, 60, 28)
(42645/2, 65, 31)
(21323, 65, 31)
(42649/2, 60, 28)
(42651/2, 65, 31)
(21326, 65, 31)
(42655/2, 59, 27)
(42657/2, 65, 31)
(21329, 65, 31)
(42661/2, 59, 27)
(42663/2, 65, 31)
(21332, 64, 30)
(42667/2, 59, 27)
(42669/2, 64, 30)
(21335, 64, 30)
(42673/2, 59, 27)
(42675/2, 64, 30)
(21338, 64, 30)
(42679/2, 58, 27)
(42681/2, 64, 30)
(21341, 64, 30)
(42685/2, 58, 27)
(42687/2, 67, 32)
(21344, 67, 32)
(42691/2, 64, 30)
(42693/2, 67, 32)
(21347, 67, 32)
(42697/2, 64, 30)
(42699/2, 67, 32)
(21350, 67, 32)
(42703/2, 64, 30)
(42705/2, 67, 32)
(21353, 67, 32)
(42709/2, 64, 30)
(42711/2, 66, 31)
(21356, 69, 33)
(21356, 66, 31)
(21359, 64, 30)
(42721/2, 62, 29)
(21362, 67, 32)
(42733/2, 67, 32)
(21368, 69, 33)
(21368, 66, 31)
(21371, 64, 30)
(42745/2, 62, 29)
(21374, 67, 32)
(42757/2, 67, 32)
(21380, 66, 31)
(21383, 69, 33)
(42769/2, 67, 32)
(21386, 67, 32)
(42777/2, 66, 31)
(21389, 62, 29)
(42781/2, 66, 31)
(21392, 64, 30)
(21395, 62, 29)
(42793/2, 64, 30)
(21398, 62, 29)
(21401, 66, 31)
(21404, 66, 31)
(21407, 64, 30)
(42817/2, 62, 29)
(21410, 68, 32)
(21413, 67, 32)
(42829/2, 67, 32)
(21416, 66, 31)
(42835/2, 66, 31)
(21419, 64, 30)
(42841/2, 62, 29)
(21422, 68, 32)
(21425, 67, 32)
(42853/2, 67, 32)
(21428, 66, 31)
(42865/2, 59, 27)
(21434, 59, 27)
(21437, 64, 30)
(21440, 64, 30)
(21449, 66, 31)
(21452, 67, 32)
(42919/2, 70, 34)
(21461, 69, 33)
(42925/2, 67, 32)
(21464, 66, 31)
(21467, 67, 32)
(42937/2, 64, 30)
(21470, 69, 33)
(21473, 67, 32)
(42955/2, 57, 26)
(21479, 57, 26)
(42961/2, 57, 26)
(21482, 57, 26)
(21485, 57, 26)
(42979/2, 57, 26)
(21491, 57, 26)
(42985/2, 57, 26)
(21494, 57, 26)
(42991/2, 62, 29)
(21497, 72, 35)
(21498, 71, 34)
(42999/2, 69, 33)
(21500, 69, 33)
(43003/2, 67, 32)
(43005/2, 66, 31)
(21503, 66, 31)
(43009/2, 64, 30)
(43011/2, 62, 29)
(21506, 62, 29)
(43015/2, 67, 32)
(21509, 66, 31)
(43021/2, 65, 30)
(21512, 66, 31)
(43027/2, 62, 29)
(21515, 64, 30)
(43033/2, 61, 28)
(21518, 69, 33)
(43039/2, 66, 31)
(43045/2, 62, 29)
(43051/2, 54, 24)
(43057/2, 57, 26)
(43063/2, 54, 24)
(43063/2, 57, 26)
(21533, 54, 24)
(21533, 57, 26)
(43069/2, 54, 24)
(43069/2, 57, 26)
(21536, 54, 24)
(21536, 57, 26)
(43081/2, 57, 26)
(21542, 55, 25)
(43087/2, 67, 32)
(43093/2, 64, 30)
(43099/2, 55, 25)
(43105/2, 59, 27)
(43111/2, 56, 25)
(43111/2, 59, 27)
(21557, 56, 25)
(21557, 59, 27)
(43117/2, 56, 25)
(43117/2, 59, 27)
(21560, 56, 25)
(21560, 59, 27)
(43129/2, 59, 27)
(21566, 61, 28)
(43135/2, 66, 31)
(43141/2, 64, 30)
(21572, 62, 29)
(21575, 61, 28)
(43159/2, 69, 33)
(21581, 71, 34)
(43165/2, 73, 35)
(21584, 69, 33)
(43171/2, 74, 36)
(43177/2, 73, 35)
(21590, 74, 36)
(43183/2, 57, 26)
(21593, 59, 27)
(43189/2, 59, 27)
(21596, 62, 29)
(43195/2, 61, 28)
(21599, 62, 29)
(43201/2, 62, 29)
(21602, 66, 31)
(21605, 62, 29)
(21608, 64, 30)
(21611, 64, 30)
(21614, 62, 29)
(21614, 74, 36)
(21617, 76, 37)
(43237/2, 69, 33)
(21620, 74, 36)
(43243/2, 67, 32)
(21623, 72, 35)
(43251/2, 71, 34)
(21626, 71, 34)
(43255/2, 67, 32)
(21629, 66, 31)
(43261/2, 69, 33)
(43265/2, 71, 34)
(21633, 69, 33)
(43267/2, 67, 32)
(21634, 69, 33)
(43269/2, 67, 32)
(21635, 66, 31)
(43273/2, 66, 31)
(21637, 67, 32)
(43275/2, 66, 31)
(21638, 64, 30)
(43291/2, 61, 28)
(21646, 62, 29)
(43293/2, 61, 28)
(21647, 59, 27)
(43297/2, 59, 27)
(21649, 61, 28)
(43299/2, 59, 27)
(21650, 57, 26)
(21653, 59, 27)
(43309/2, 52, 23)
(21656, 57, 26)
(43315/2, 50, 22)
(21659, 55, 25)
(43323/2, 54, 24)
(21662, 54, 24)
(43327/2, 57, 26)
(21665, 59, 27)
(43333/2, 52, 23)
(21668, 57, 26)
(43339/2, 50, 22)
(21671, 55, 25)
(43347/2, 54, 24)
(21674, 54, 24)
(43357/2, 67, 32)
(21680, 66, 31)
(43363/2, 65, 31)
(21683, 64, 30)
(43369/2, 69, 33)
(21686, 62, 29)
(21689, 60, 28)
(43379/2, 62, 29)
(21690, 60, 28)
(43381/2, 60, 28)
(21691, 60, 28)
(43383/2, 60, 28)
(21692, 58, 27)
(21695, 60, 28)
(43391/2, 62, 29)
(21696, 60, 28)
(43393/2, 60, 28)
(21697, 60, 28)
(43395/2, 60, 28)
(21698, 58, 27)
(21701, 62, 29)
(43403/2, 61, 28)
(21702, 62, 29)
(43405/2, 62, 29)
(21703, 62, 29)
(43407/2, 62, 29)
(21704, 64, 30)
(21707, 62, 29)
(43415/2, 64, 30)
(21708, 62, 29)
(43417/2, 62, 29)
(21709, 62, 29)
(43419/2, 62, 29)
(21710, 61, 28)
(21728, 62, 29)
(21728, 69, 33)
(21731, 67, 32)
(21731, 71, 34)
(43465/2, 67, 32)
(43465/2, 69, 33)
(21734, 66, 31)
(21734, 69, 33)
(43471/2, 57, 26)
(21736, 59, 27)
(43473/2, 61, 28)
(21737, 62, 29)
(43475/2, 61, 28)
(21738, 62, 29)
(43477/2, 57, 26)
(21739, 62, 29)
(43479/2, 64, 30)
(21740, 66, 31)
(21743, 71, 34)
(43489/2, 73, 35)
(21746, 74, 36)
(43495/2, 57, 26)
(21748, 61, 28)
(43497/2, 62, 29)
(21749, 64, 30)
(43499/2, 62, 29)
(21750, 64, 30)
(43501/2, 57, 26)
(21751, 62, 29)
(43503/2, 64, 30)
(21752, 66, 31)
(43505/2, 64, 30)
(21753, 66, 31)
(43507/2, 62, 29)
(21754, 64, 30)
(43509/2, 66, 31)
(21755, 68, 32)
(43511/2, 66, 31)
(21756, 68, 32)
(43513/2, 64, 30)
(21757, 69, 33)
(43515/2, 71, 34)
(21758, 73, 35)
(43517/2, 71, 34)
(21759, 73, 35)
(43519/2, 69, 33)
(21760, 71, 34)
(43521/2, 73, 35)
(21761, 74, 36)
(43523/2, 73, 35)
(21762, 74, 36)
(43525/2, 69, 33)
(21763, 74, 36)
(43527/2, 76, 37)
(21764, 78, 38)
(43531/2, 62, 29)
(21767, 62, 29)
(43537/2, 61, 28)
(21770, 69, 33)
(21773, 67, 32)
(21776, 66, 31)
(21779, 64, 30)
(21782, 64, 30)
(21785, 62, 29)
(21788, 62, 29)
(43579/2, 64, 30)
(21791, 61, 28)
(43585/2, 57, 26)
(21793, 59, 27)
(43587/2, 61, 28)
(21794, 62, 29)
(43589/2, 61, 28)
(21795, 62, 29)
(43591/2, 57, 26)
(21796, 61, 28)
(43593/2, 62, 29)
(21797, 64, 30)
(43595/2, 62, 29)
(21798, 64, 30)
(43597/2, 57, 26)
(21799, 62, 29)
(43599/2, 64, 30)
(21800, 66, 31)
(43603/2, 67, 32)
(43603/2, 71, 34)
(21803, 67, 32)
(21803, 69, 33)
(43609/2, 67, 32)
(43609/2, 69, 33)
(21806, 66, 31)
(21806, 69, 33)
(21809, 67, 32)
(21809, 69, 33)
(43623/2, 67, 32)
(43623/2, 69, 33)
(21812, 67, 32)
(21812, 69, 33)
(43629/2, 67, 32)
(43629/2, 69, 33)
(21815, 67, 32)
(21815, 69, 33)
(43635/2, 67, 32)
(43635/2, 69, 33)
(21818, 66, 31)
(21818, 69, 33)
(21821, 67, 32)
(21821, 69, 33)
(43647/2, 67, 32)
(43647/2, 69, 33)
(21824, 67, 32)
(21824, 69, 33)
(43653/2, 67, 32)
(43653/2, 69, 33)
(21827, 67, 32)
(21827, 69, 33)
(43659/2, 67, 32)
(43659/2, 69, 33)
(21830, 66, 31)
(21830, 69, 33)
(21833, 67, 32)
(21833, 69, 33)
(21836, 69, 33)
(21836, 67, 32)
(43675/2, 66, 31)
(43677/2, 64, 30)
(21839, 64, 30)
(21839, 69, 33)
(43681/2, 62, 29)
(43683/2, 61, 28)
(21842, 61, 28)
(43687/2, 59, 27)
(43689/2, 57, 26)
(21845, 57, 26)
(43693/2, 57, 26)
(43695/2, 55, 25)
(21848, 55, 25)
(43699/2, 54, 24)
(43701/2, 52, 23)
(21851, 52, 23)
(43705/2, 57, 26)
(21854, 54, 24)
(21854, 57, 26)
(21857, 66, 31)
(21857, 69, 33)
(21860, 66, 31)
(21860, 69, 33)
(21863, 57, 26)
(21863, 62, 29)
(21866, 57, 26)
(21866, 62, 29)
(21869, 57, 26)
(21869, 62, 29)
(21872, 54, 24)
(21872, 57, 26)
(21875, 54, 24)
(21875, 57, 26)
(21878, 54, 24)
(21878, 57, 26)
(21881, 67, 32)
(21884, 66, 31)
(21887, 57, 26)
(21887, 64, 30)
(21890, 57, 26)
(21890, 66, 31)
(30000, 62, 29)
(30003, 55, 25)
(60009/2, 57, 26)
(30006, 62, 29)
(60015/2, 45, 19)
(30008, 47, 20)
(60017/2, 49, 21)
(30009, 50, 22)
(60019/2, 49, 21)
(30010, 50, 22)
(60021/2, 45, 19)
(30011, 50, 22)
(60023/2, 52, 23)
(30012, 54, 24)
(60025/2, 52, 23)
(30013, 54, 24)
(60027/2, 50, 22)
(30014, 54, 24)
(60029/2, 55, 25)
(30015, 57, 26)
(60031/2, 56, 25)
(30016, 57, 26)
(60033/2, 54, 24)
(30017, 57, 26)
(60035/2, 61, 28)
(30018, 62, 29)
(60037/2, 61, 28)
(30019, 62, 29)
(60039/2, 57, 26)
(30020, 59, 27)
(60041/2, 61, 28)
(30021, 62, 29)
(60043/2, 61, 28)
(30022, 62, 29)
(60045/2, 62, 29)
(30023, 61, 28)
(60047/2, 62, 29)
(30024, 62, 29)
(60049/2, 61, 28)
(30025, 62, 29)
(60051/2, 62, 29)
(30026, 61, 28)
(60053/2, 62, 29)
(30027, 62, 29)
(60057/2, 59, 27)
(30030, 57, 26)
(60063/2, 47, 20)
(30032, 49, 21)
(60065/2, 51, 22)
(30033, 52, 23)
(60067/2, 51, 22)
(30034, 52, 23)
(60069/2, 47, 20)
(30035, 52, 23)
(60071/2, 54, 24)
(30036, 55, 25)
(60073/2, 54, 24)
(30037, 55, 25)
(60075/2, 52, 23)
(30038, 55, 25)
(60077/2, 57, 26)
(30039, 59, 27)
(60079/2, 57, 26)
(30040, 59, 27)
(60081/2, 55, 25)
(30041, 59, 27)
(60083/2, 63, 29)
(30042, 64, 30)
(60085/2, 63, 29)
(30043, 64, 30)
(60087/2, 59, 27)
(30044, 61, 28)
(60089/2, 63, 29)
(30045, 64, 30)
(60091/2, 63, 29)
(30046, 64, 30)
(60093/2, 64, 30)
(30047, 63, 29)
(60095/2, 64, 30)
(30048, 64, 30)
(60097/2, 63, 29)
(30049, 64, 30)
(60099/2, 64, 30)
(30050, 63, 29)
(60101/2, 64, 30)
(30051, 64, 30)
(60105/2, 60, 28)
(30054, 59, 27)
(60115/2, 49, 21)
(30060, 49, 21)
(30063, 45, 19)
(30066, 50, 22)
(30069, 52, 23)
(30072, 49, 21)
(30075, 45, 19)
(30078, 50, 22)
(30081, 54, 24)
(30084, 55, 25)
(30087, 54, 24)
(30090, 55, 25)
(30099, 45, 19)
(30102, 50, 22)
(30105, 45, 19)
(30108, 46, 19)
(60219/2, 47, 20)
(30111, 52, 23)
(60225/2, 49, 21)
(30114, 50, 22)
(30117, 45, 19)
(30120, 46, 19)
(60243/2, 47, 20)
(30123, 52, 23)
(60249/2, 49, 21)
(30126, 50, 22)
(60255/2, 45, 19)
(30129, 42, 17)
(30132, 43, 18)
(30135, 42, 17)
(30138, 43, 18)
(60311/2, 64, 30)
(30156, 64, 30)
(60315/2, 68, 32)
(60317/2, 64, 30)
(30159, 64, 30)
(60321/2, 68, 32)
(60323/2, 57, 26)
(30162, 57, 26)
(60327/2, 61, 28)
(60329/2, 57, 26)
(30165, 57, 26)
(60333/2, 61, 28)
(60335/2, 57, 26)
(30168, 57, 26)
(60339/2, 61, 28)
(60341/2, 57, 26)
(30171, 57, 26)
(60345/2, 61, 28)
(60347/2, 62, 29)
(30174, 62, 29)
(30177, 55, 25)
(60357/2, 57, 26)
(30180, 62, 29)
(60363/2, 45, 19)
(30182, 47, 20)
(60365/2, 49, 21)
(30183, 50, 22)
(60367/2, 49, 21)
(30184, 50, 22)
(60369/2, 45, 19)
(30185, 50, 22)
(60371/2, 52, 23)
(30186, 54, 24)
(60373/2, 52, 23)
(30187, 54, 24)
(60375/2, 50, 22)
(30188, 52, 23)
(60377/2, 54, 24)
(30189, 55, 25)
(60379/2, 54, 24)
(30190, 55, 25)
(60381/2, 57, 26)
(30191, 59, 27)
(60383/2, 61, 28)
(30192, 62, 29)
(30204, 64, 30)
(30207, 66, 31)
(60417/2, 59, 27)
(30210, 68, 32)
(60423/2, 69, 33)
(30213, 71, 34)
(60429/2, 69, 33)
(30216, 68, 32)
(60435/2, 66, 31)
(30219, 64, 30)
(60441/2, 57, 26)
(30222, 56, 25)
(30225, 59, 27)
(60453/2, 52, 23)
(30228, 57, 26)
(60489/2, 47, 20)
(30245, 49, 21)
(60491/2, 51, 22)
(30246, 52, 23)
(60493/2, 51, 22)
(30247, 52, 23)
(60495/2, 47, 20)
(30248, 49, 21)
(60497/2, 51, 22)
(30249, 52, 23)
(60499/2, 51, 22)
(30250, 52, 23)
(60501/2, 47, 20)
(30251, 49, 21)
(60503/2, 51, 22)
(30252, 52, 23)
(60505/2, 51, 22)
(30253, 52, 23)
(60507/2, 47, 20)
(30254, 49, 21)
(60509/2, 51, 22)
(30255, 52, 23)
(60511/2, 51, 22)
(30256, 52, 23)
(60513/2, 47, 20)
(30257, 49, 21)
(60515/2, 51, 22)
(30258, 52, 23)
(60517/2, 51, 22)
(30259, 52, 23)
(60519/2, 47, 20)
(30260, 49, 21)
(60521/2, 51, 22)
(30261, 52, 23)
(60523/2, 51, 22)
(30262, 52, 23)
(60525/2, 47, 20)
(30263, 49, 21)
(60527/2, 51, 22)
(30264, 52, 23)
(60529/2, 51, 22)
(30265, 52, 23)
(60531/2, 52, 23)
(30267, 52, 23)
(30270, 52, 23)
(30273, 52, 23)
(30276, 50, 22)
(30279, 50, 22)
(30282, 50, 22)
(30285, 43, 18)
(30288, 60, 28)
(60577/2, 59, 27)
(30289, 60, 28)
(60579/2, 60, 28)
(30291, 60, 28)
(30294, 60, 28)
(30297, 60, 28)
(30300, 59, 27)
(30303, 59, 27)
(30306, 58, 27)
(30309, 48, 21)
(30312, 53, 24)
(60625/2, 52, 23)
(30313, 53, 24)
(60627/2, 53, 24)
(30315, 52, 23)
(30318, 50, 22)
(30321, 48, 21)
(30324, 53, 24)
(60649/2, 52, 23)
(30325, 53, 24)
(60651/2, 53, 24)
(30327, 52, 23)
(30330, 50, 22)
(30333, 48, 21)
(30336, 53, 24)
(60673/2, 52, 23)
(30337, 53, 24)
(60675/2, 53, 24)
(30339, 53, 24)
(30342, 54, 24)
(60685/2, 52, 23)
(30343, 54, 24)
(60687/2, 54, 24)
(30345, 54, 24)
(30348, 56, 25)
(60697/2, 54, 24)
(30349, 56, 25)
(60699/2, 56, 25)
(30351, 56, 25)
(30354, 56, 25)
(60709/2, 54, 24)
(30355, 56, 25)
(60711/2, 56, 25)
(30357, 56, 25)
(30360, 57, 26)
(30384, 57, 26)
(30387, 49, 21)
(60777/2, 50, 22)
(30390, 52, 23)
(60789/2, 52, 23)
(30396, 40, 16)
(30399, 42, 17)
(60801/2, 44, 18)
(30402, 45, 19)
(60813/2, 61, 28)
(30408, 61, 28)
(30411, 59, 27)
(60825/2, 57, 26)
(30414, 63, 29)
(30417, 62, 29)
(60837/2, 62, 29)
(30420, 61, 28)
(60843/2, 61, 28)
(30423, 59, 27)
(60849/2, 57, 26)
(30426, 63, 29)
(30429, 62, 29)
(60861/2, 52, 23)
(30432, 54, 24)
(30435, 52, 23)
(60873/2, 51, 22)
(30438, 51, 22)
(30444, 52, 23)
(30450, 52, 23)
(30453, 45, 19)
(30456, 50, 22)
(60927/2, 47, 20)
(30465, 49, 21)
(60933/2, 50, 22)
(30468, 52, 23)
(30471, 50, 22)
(30474, 49, 21)
(30477, 47, 20)
(30480, 47, 20)
(60963/2, 47, 20)
(30483, 47, 20)
(60969/2, 47, 20)
(30486, 49, 21)
(30489, 47, 20)
(60987/2, 47, 20)
(30495, 47, 20)
(60993/2, 47, 20)
(30498, 49, 21)
(30501, 49, 21)
(61005/2, 50, 22)
(61007/2, 52, 23)
(30504, 52, 23)
(61011/2, 54, 24)
(61013/2, 55, 25)
(30507, 55, 25)
(61017/2, 49, 21)
(30510, 49, 21)
(61023/2, 50, 22)
(30513, 52, 23)
(61029/2, 54, 24)
(30516, 52, 23)
(30519, 40, 16)
(30522, 49, 21)
(30525, 49, 21)
(30528, 49, 21)
(30531, 49, 21)
(30534, 49, 21)
(61071/2, 49, 21)
(30537, 49, 21)
(61077/2, 49, 21)
(30540, 49, 21)
(61089/2, 49, 21)
(30546, 50, 22)
(30549, 50, 22)
(30552, 50, 22)
(30555, 50, 22)
(30558, 51, 22)
(61119/2, 51, 22)
(30561, 51, 22)
(61125/2, 51, 22)
(30564, 51, 22)
(61137/2, 51, 22)
(30570, 52, 23)
(61155/2, 64, 30)
(61161/2, 62, 29)
(30582, 61, 28)
(30585, 59, 27)
(61179/2, 64, 30)
(61181/2, 63, 29)
(30592, 62, 29)
(30594, 61, 28)
(30597, 59, 27)
(61197/2, 53, 23)
(30600, 54, 24)
(30603, 52, 23)
(30606, 50, 22)
(61215/2, 62, 29)
(30609, 61, 28)
(61221/2, 66, 31)
(30612, 64, 30)
(61227/2, 66, 31)
(30615, 64, 30)
(61233/2, 66, 31)
(30618, 64, 30)
(30621, 66, 31)
(30624, 50, 22)
(30627, 52, 23)
(30630, 57, 26)
(30633, 50, 22)
(61269/2, 52, 23)
(30636, 45, 19)
(61275/2, 52, 23)
(30638, 54, 24)
(61277/2, 56, 25)
(30639, 57, 26)
(61279/2, 56, 25)
(30640, 57, 26)
(61281/2, 57, 26)
(30642, 57, 26)
(30645, 57, 26)
(30648, 55, 25)
(30651, 55, 25)
(30654, 48, 21)
(30657, 36, 14)
(30660, 41, 17)
(61323/2, 48, 21)
(30662, 50, 22)
(61325/2, 52, 23)
(30663, 53, 24)
(61327/2, 52, 23)
(30664, 53, 24)
(61329/2, 53, 24)
(30666, 53, 24)
(30669, 53, 24)
(30672, 52, 23)
(30675, 52, 23)
(30678, 57, 26)
(30681, 45, 19)
(61365/2, 45, 19)
(30683, 47, 20)
(61367/2, 49, 21)
(30684, 50, 22)
(61369/2, 49, 21)
(30685, 50, 22)
(61371/2, 50, 22)
(30687, 48, 21)
(30690, 46, 20)
(30693, 45, 19)
(30696, 43, 18)
(61393/2, 42, 17)
(30697, 43, 18)
(61395/2, 43, 18)
(30699, 45, 19)
(30702, 46, 20)
(30705, 45, 19)
(30708, 43, 18)
(61417/2, 42, 17)
(30709, 43, 18)
(61419/2, 43, 18)
(30711, 43, 18)
(30714, 44, 18)
(61429/2, 42, 17)
(30715, 44, 18)
(61431/2, 44, 18)
(30717, 44, 18)
(30720, 45, 19)
(30726, 45, 19)
(30732, 45, 19)
(30750, 59, 27)
(30753, 55, 25)
(61509/2, 57, 26)
(30756, 62, 29)
(61515/2, 45, 19)
(30758, 47, 20)
(61517/2, 49, 21)
(30759, 50, 22)
(61519/2, 49, 21)
(30760, 50, 22)
(61521/2, 45, 19)
(30761, 50, 22)
(61523/2, 52, 23)
(30762, 54, 24)
(61525/2, 52, 23)
(30763, 54, 24)
(61527/2, 50, 22)
(30764, 54, 24)
(61529/2, 55, 25)
(30765, 57, 26)
(61531/2, 56, 25)
(30766, 57, 26)
(61533/2, 54, 24)
(30767, 57, 26)
(61535/2, 61, 28)
(30768, 62, 29)
(61537/2, 61, 28)
(30769, 62, 29)
(61539/2, 57, 26)
(30770, 59, 27)
(61541/2, 61, 28)
(30771, 62, 29)
(61543/2, 61, 28)
(30772, 62, 29)
(61545/2, 62, 29)
(30773, 61, 28)
(61547/2, 62, 29)
(30774, 62, 29)
(61549/2, 61, 28)
(30775, 62, 29)
(61551/2, 62, 29)
(30776, 61, 28)
(61553/2, 62, 29)
(30777, 62, 29)
(61557/2, 59, 27)
(30780, 57, 26)
(61563/2, 47, 20)
(30782, 49, 21)
(61565/2, 51, 22)
(30783, 52, 23)
(61567/2, 51, 22)
(30784, 52, 23)
(61569/2, 47, 20)
(30785, 52, 23)
(61571/2, 54, 24)
(30786, 55, 25)
(61573/2, 54, 24)
(30787, 55, 25)
(61575/2, 52, 23)
(30788, 55, 25)
(61577/2, 57, 26)
(30789, 59, 27)
(61579/2, 57, 26)
(30790, 59, 27)
(61581/2, 55, 25)
(30791, 59, 27)
(61583/2, 63, 29)
(30792, 64, 30)
(61585/2, 63, 29)
(30793, 64, 30)
(61587/2, 59, 27)
(30794, 61, 28)
(61589/2, 63, 29)
(30795, 64, 30)
(61591/2, 63, 29)
(30796, 64, 30)
(61593/2, 64, 30)
(30797, 63, 29)
(61595/2, 64, 30)
(30798, 64, 30)
(61597/2, 63, 29)
(30799, 64, 30)
(61599/2, 64, 30)
(30800, 63, 29)
(61601/2, 64, 30)
(30801, 64, 30)
(61605/2, 60, 28)
(30804, 59, 27)
(30807, 52, 23)
(61617/2, 50, 22)
(30810, 49, 21)
(61623/2, 52, 23)
(30813, 57, 26)
(61629/2, 61, 28)
(30816, 62, 29)
(30819, 52, 23)
(61641/2, 50, 22)
(30822, 49, 21)
(61647/2, 52, 23)
(30825, 57, 26)
(61653/2, 61, 28)
(30828, 62, 29)
(30831, 54, 24)
(30834, 55, 25)
(30837, 54, 24)
(30840, 55, 25)
(61701/2, 45, 19)
(30852, 50, 22)
(61707/2, 45, 19)
(30855, 42, 17)
(30858, 43, 18)
(61719/2, 38, 15)
(30861, 42, 17)
(30864, 43, 18)
(61775/2, 60, 28)
(30888, 60, 28)
(61779/2, 63, 30)
(61781/2, 60, 28)
(30891, 60, 28)
(61785/2, 63, 30)
(61787/2, 60, 28)
(30894, 60, 28)
(61791/2, 63, 30)
(61793/2, 60, 28)
(30897, 60, 28)
(61797/2, 63, 30)
(61799/2, 53, 24)
(30900, 53, 24)
(30912, 53, 24)
(61845/2, 53, 24)
(30924, 55, 25)
(30927, 50, 22)
(61857/2, 51, 23)
(30930, 53, 24)
(30936, 41, 17)
(30939, 43, 18)
(61881/2, 45, 19)
(30942, 46, 20)
(61893/2, 53, 24)
(30948, 65, 31)
(30951, 63, 30)
(61905/2, 62, 29)
(30954, 62, 29)
(61913/2, 60, 28)
(30957, 57, 26)
(61917/2, 53, 24)
(30960, 65, 31)
(61923/2, 64, 30)
(30963, 63, 30)
(61929/2, 62, 29)
(30966, 62, 29)
(61937/2, 60, 28)
(30969, 57, 26)
(61941/2, 53, 24)
(30972, 50, 22)
(30978, 48, 21)
(30984, 47, 20)
(31002, 45, 19)
(31005, 41, 17)
(62013/2, 43, 18)
(31008, 36, 14)
(62031/2, 45, 19)
(31017, 41, 17)
(62037/2, 43, 18)
(31020, 36, 14)
(62079/2, 57, 26)
(31041, 50, 22)
(62085/2, 53, 24)
(31044, 45, 19)
(62127/2, 38, 15)
(31065, 43, 18)
(62133/2, 46, 20)
(31068, 50, 22)
(31086, 55, 25)
(31089, 56, 26)
(62181/2, 50, 22)
(31092, 55, 25)
(62187/2, 48, 21)
(31095, 53, 24)
(62195/2, 53, 24)
(31098, 52, 23)
(62199/2, 60, 28)
(62201/2, 59, 27)
(31102, 58, 27)
(31104, 57, 26)
(62211/2, 58, 27)
(31107, 55, 25)
(62217/2, 62, 29)
(31110, 61, 28)
(31116, 57, 26)
(31119, 58, 27)
(62241/2, 52, 23)
(31122, 57, 26)
(62247/2, 50, 22)
(31125, 55, 25)
(62253/2, 55, 25)
(62255/2, 55, 25)
(31128, 54, 24)
(62257/2, 52, 23)
(31129, 54, 24)
(62259/2, 50, 22)
(31130, 52, 23)
(62261/2, 54, 24)
(31131, 55, 25)
(62263/2, 54, 24)
(31132, 55, 25)
(62265/2, 57, 26)
(31133, 55, 25)
(62267/2, 57, 26)
(31134, 54, 24)
(62271/2, 55, 25)
(31136, 54, 24)
(62273/2, 55, 25)
(31137, 55, 25)
(62277/2, 54, 24)
(31139, 52, 23)
(62279/2, 54, 24)
(31140, 55, 25)
(62283/2, 43, 18)
(31142, 45, 19)
(62285/2, 43, 18)
(31143, 52, 23)
(62289/2, 48, 21)
(31145, 50, 22)
(62291/2, 48, 21)
(31146, 53, 24)
(62293/2, 55, 25)
(31147, 53, 24)
(62295/2, 52, 23)
(31148, 53, 24)
(62297/2, 52, 23)
(31149, 50, 22)
(62299/2, 52, 23)
(31150, 50, 22)
(62301/2, 48, 21)
(31151, 50, 22)
(62303/2, 48, 21)
(31152, 47, 20)
(31155, 49, 21)
(62313/2, 45, 19)
(31158, 50, 22)
(31161, 38, 15)
(31164, 43, 18)
(62349/2, 46, 20)
(31175, 48, 21)
(62351/2, 50, 22)
(31176, 51, 23)
(62353/2, 50, 22)
(31177, 51, 23)
(62355/2, 46, 20)
(31178, 51, 23)
(62357/2, 53, 24)
(31179, 55, 25)
(62359/2, 53, 24)
(31180, 55, 25)
(62361/2, 51, 23)
(31181, 55, 25)
(62363/2, 56, 26)
(31182, 58, 27)
(62367/2, 43, 18)
(31185, 43, 18)
(62373/2, 43, 18)
(31188, 44, 18)
(62397/2, 44, 18)
(31199, 47, 20)
(62399/2, 49, 21)
(31200, 50, 22)
(62401/2, 49, 21)
(31201, 50, 22)
(62403/2, 47, 20)
(31202, 50, 22)
(62405/2, 52, 23)
(31203, 53, 24)
(62407/2, 52, 23)
(31204, 53, 24)
(62409/2, 50, 22)
(31205, 47, 20)
(62411/2, 45, 19)
(31206, 44, 18)
(62415/2, 56, 25)
(31209, 56, 25)
(62421/2, 56, 25)
(31212, 57, 26)
(31218, 45, 19)
(31224, 45, 19)
(31239, 45, 19)
(31242, 49, 21)
(62487/2, 52, 23)
(31245, 57, 26)
(62493/2, 61, 28)
(31248, 62, 29)
(31251, 45, 19)
(31254, 49, 21)
(62511/2, 52, 23)
(31257, 57, 26)
(62517/2, 61, 28)
(31260, 62, 29)
(31263, 54, 24)
(31266, 55, 25)
(31269, 54, 24)
(31272, 55, 25)
(62553/2, 40, 16)
(31278, 39, 15)
(62559/2, 47, 20)
(31281, 40, 16)
(62565/2, 45, 19)
(31284, 38, 15)
(31287, 50, 22)
(31290, 55, 25)
(31293, 50, 22)
(31296, 55, 25)
(31314, 40, 16)
(31317, 43, 18)
(62637/2, 36, 14)
(31320, 45, 19)
(31326, 50, 22)
(31329, 53, 24)
(62661/2, 47, 20)
(31332, 56, 25)
(31338, 62, 29)
(31344, 61, 28)
(62691/2, 64, 30)
(62693/2, 61, 28)
(31347, 61, 28)
(62697/2, 64, 30)
(62699/2, 61, 28)
(31350, 61, 28)
(31351, 64, 30)
(62705/2, 61, 28)
(31353, 61, 28)
(31354, 64, 30)
(62711/2, 62, 29)
(31356, 62, 29)
(31368, 62, 29)
(31374, 62, 29)
(31380, 62, 29)
(31383, 54, 24)
(62769/2, 55, 25)
(31386, 57, 26)
(31392, 45, 19)
(31395, 47, 20)
(62793/2, 49, 21)
(31398, 50, 22)
(31410, 45, 19)
(31422, 45, 19)
(62853/2, 57, 26)
(31428, 59, 27)
(31431, 57, 26)
(62865/2, 56, 25)
(31434, 56, 25)
(31440, 57, 26)
(31449, 50, 22)
(31452, 55, 25)
(62919/2, 52, 23)
(31461, 54, 24)
(62925/2, 55, 25)
(31464, 57, 26)
(62937/2, 55, 25)
(31470, 54, 24)
(31473, 52, 23)
(62955/2, 52, 23)
(31479, 52, 23)
(62961/2, 52, 23)
(31482, 54, 24)
(31485, 52, 23)
(62979/2, 52, 23)
(31491, 52, 23)
(62985/2, 52, 23)
(31494, 54, 24)
(31497, 54, 24)
(62997/2, 55, 25)
(62999/2, 57, 26)
(31500, 57, 26)
(63003/2, 59, 27)
(63005/2, 60, 28)
(31503, 60, 28)
(63009/2, 54, 24)
(31506, 54, 24)
(63015/2, 55, 25)
(31509, 57, 26)
(63021/2, 59, 27)
(31512, 57, 26)
(31515, 45, 19)
(31518, 54, 24)
(31521, 42, 17)
(31524, 42, 17)
(31527, 42, 17)
(31530, 42, 17)
(63063/2, 42, 17)
(31533, 42, 17)
(63069/2, 42, 17)
(31536, 42, 17)
(63081/2, 42, 17)
(31542, 43, 18)
(31545, 43, 18)
(31548, 43, 18)
(31551, 43, 18)
(31554, 44, 18)
(63111/2, 44, 18)
(31557, 44, 18)
(63117/2, 44, 18)
(31560, 44, 18)
(63129/2, 56, 25)
(31566, 57, 26)
(63147/2, 57, 26)
(63153/2, 55, 25)
(31578, 54, 24)
(31581, 52, 23)
(63171/2, 45, 19)
(31587, 44, 18)
(63177/2, 43, 18)
(31590, 42, 17)
(31593, 43, 18)
(63189/2, 44, 18)
(31596, 45, 19)
(63195/2, 46, 19)
(31599, 47, 20)
(63201/2, 47, 20)
(31602, 45, 19)
(31605, 57, 26)
(31608, 57, 26)
(31611, 57, 26)
(31614, 59, 27)
(31617, 60, 28)
(31620, 59, 27)
(31623, 38, 15)
(63249/2, 50, 22)
(31626, 43, 18)
(63255/2, 55, 25)
(31628, 54, 24)
(63257/2, 55, 25)
(31629, 57, 26)
(63259/2, 55, 25)
(31630, 57, 26)
(63261/2, 60, 28)
(31631, 59, 27)
(63263/2, 57, 26)
(31632, 64, 30)
(31635, 66, 31)
(63273/2, 59, 27)
(31638, 64, 30)
(31639, 58, 26)
(63281/2, 62, 29)
(63287/2, 61, 28)
(31644, 61, 28)
(31650, 45, 19)
(31653, 47, 20)
(31654, 40, 16)
(31656, 45, 19)
(63315/2, 38, 15)
(31659, 43, 18)
(63323/2, 42, 17)
(31662, 42, 17)
(63327/2, 45, 19)
(31665, 47, 20)
(63333/2, 40, 16)
(31668, 45, 19)
(63339/2, 38, 15)
(31671, 43, 18)
(63347/2, 42, 17)
(31674, 42, 17)
(31677, 43, 18)
(31680, 45, 19)
(31683, 45, 19)
(31686, 46, 20)
(63373/2, 45, 19)
(31687, 46, 20)
(63375/2, 46, 20)
(31688, 46, 20)
(63377/2, 46, 20)
(31689, 45, 19)
(31692, 46, 20)
(63385/2, 45, 19)
(31693, 46, 20)
(63387/2, 46, 20)
(31694, 46, 20)
(63389/2, 46, 20)
(31695, 45, 19)
(31698, 46, 20)
(63397/2, 45, 19)
(31699, 46, 20)
(63399/2, 46, 20)
(31700, 46, 20)
(63401/2, 46, 20)
(31701, 47, 20)
(31704, 49, 21)
(63409/2, 47, 20)
(31705, 49, 21)
(63411/2, 49, 21)
(31706, 49, 21)
(63413/2, 49, 21)
(31707, 47, 20)
(31710, 57, 26)
(31713, 58, 27)
(63429/2, 52, 23)
(31716, 55, 25)
(63435/2, 49, 21)
(31719, 52, 23)
(63441/2, 45, 19)
(31722, 42, 17)
(31722, 43, 18)
(31722, 45, 19)
(31722, 43, 18)
(31728, 42, 17)
(31731, 43, 18)
(63465/2, 45, 19)
(31734, 38, 15)
(63471/2, 45, 19)
(31736, 47, 20)
(63473/2, 49, 21)
(31737, 50, 22)
(63475/2, 49, 21)
(31738, 50, 22)
(63477/2, 45, 19)
(31739, 50, 22)
(63479/2, 52, 23)
(31740, 54, 24)
(31743, 55, 25)
(63489/2, 57, 26)
(31746, 50, 22)
(63495/2, 45, 19)
(31748, 49, 21)
(63497/2, 50, 22)
(31749, 52, 23)
(63499/2, 50, 22)
(31750, 52, 23)
(63501/2, 45, 19)
(31751, 50, 22)
(63503/2, 52, 23)
(31752, 54, 24)
(63505/2, 52, 23)
(31753, 54, 24)
(63507/2, 50, 22)
(31754, 52, 23)
(63509/2, 54, 24)
(31755, 56, 25)
(63511/2, 54, 24)
(31756, 56, 25)
(63513/2, 52, 23)
(31757, 57, 26)
(63515/2, 59, 27)
(31758, 61, 28)
(63517/2, 59, 27)
(31759, 61, 28)
(63519/2, 57, 26)
(31760, 59, 27)
(63521/2, 61, 28)
(31761, 62, 29)
(63523/2, 61, 28)
(31762, 62, 29)
(63525/2, 57, 26)
(31763, 62, 29)
(63527/2, 64, 30)
(31764, 66, 31)
(63531/2, 56, 25)
(31767, 57, 26)
(63537/2, 57, 26)
(31770, 66, 31)
(31773, 61, 28)
(31776, 62, 29)
(31779, 59, 27)
(31782, 57, 26)
(31785, 54, 24)
(31788, 50, 22)
(63579/2, 55, 25)
(31791, 57, 26)
(63585/2, 55, 25)
(31794, 54, 24)
(31797, 49, 21)
(31800, 50, 22)
(63603/2, 43, 18)
(31803, 45, 19)
(63609/2, 45, 19)
(31806, 38, 15)
(31809, 45, 19)
(31812, 49, 21)
(63627/2, 52, 23)
(31815, 57, 26)
(63633/2, 61, 28)
(31818, 62, 29)
(31821, 45, 19)
(31824, 49, 21)
(63651/2, 52, 23)
(31827, 57, 26)
(63657/2, 61, 28)
(31830, 62, 29)
(63663/2, 57, 26)
(31833, 67, 32)
(63669/2, 66, 31)
(63671/2, 64, 30)
(31836, 64, 30)
(63675/2, 62, 29)
(63677/2, 61, 28)
(31839, 61, 28)
(63681/2, 59, 27)
(63683/2, 57, 26)
(31842, 57, 26)
(63687/2, 56, 25)
(63689/2, 55, 25)
(31845, 55, 25)
(63693/2, 54, 24)
(63695/2, 52, 23)
(31848, 52, 23)
(63699/2, 50, 22)
(63701/2, 49, 21)
(31851, 49, 21)
(63705/2, 45, 19)
(31854, 38, 15)
(31857, 50, 22)
(31860, 38, 15)
(31863, 50, 22)
(31866, 38, 15)
(31869, 50, 22)
(31872, 38, 15)
(31875, 38, 15)
(31878, 38, 15)
(31881, 61, 28)
(31884, 62, 29)
(31887, 45, 19)
(31890, 38, 15)
