(0, 69, 33)
(1, 74, 36)
(3, 78, 38)
(4, 81, 40)
(6, 79, 39)
(7, 78, 38)
(8, 79, 39)
(9, 76, 37)
(10, 74, 36)
(15, 73, 35)
(16, 74, 36)
(21, 73, 35)
(22, 74, 36)
(24, 64, 30)
(25, 69, 33)
(27, 73, 35)
(28, 76, 37)
(30, 74, 36)
(31, 73, 35)
(32, 74, 36)
(33, 71, 34)
(34, 69, 33)
(39, 68, 32)
(40, 69, 33)
(45, 68, 32)
(46, 69, 33)
(48, 57, 26)
(49, 61, 28)
(51, 64, 30)
(52, 64, 30)
(54, 62, 29)
(55, 61, 28)
(56, 64, 30)
(57, 67, 32)
(58, 67, 32)
(60, 66, 31)
(61, 64, 30)
(62, 67, 32)
(63, 71, 34)
(64, 71, 34)
(66, 69, 33)
(67, 68, 32)
(68, 69, 33)
(69, 67, 32)
(70, 66, 31)
(72, 62, 29)
(73, 66, 31)
(75, 69, 33)
(76, 73, 35)
(78, 69, 33)
(79, 66, 31)
(80, 68, 32)
(81, 69, 33)
(82, 73, 35)
(84, 69, 33)
(85, 66, 31)
(86, 68, 32)
(87, 69, 33)
(88, 74, 36)
(90, 73, 35)
(91, 73, 35)
(91, 71, 34)
(92, 69, 33)
(93, 68, 32)
(94, 73, 35)
(96, 69, 33)
(97, 66, 31)
(98, 68, 32)
(99, 69, 33)
(100, 74, 36)
(102, 73, 35)
(103, 73, 35)
(103, 71, 34)
(104, 69, 33)
(105, 68, 32)
(106, 68, 32)
(109, 67, 32)
(114, 69, 33)
(115, 74, 36)
(117, 78, 38)
(118, 81, 40)
(120, 79, 39)
(121, 78, 38)
(122, 79, 39)
(123, 76, 37)
(124, 74, 36)
(127, 74, 36)
(129, 73, 35)
(130, 74, 36)
(135, 73, 35)
(136, 74, 36)
(137, 76, 37)
(138, 74, 36)
(139, 73, 35)
(140, 74, 36)
(141, 71, 34)
(142, 69, 33)
(144, 67, 32)
(145, 66, 31)
(146, 67, 32)
(147, 64, 30)
(148, 69, 33)
(149, 76, 37)
(150, 74, 36)
(151, 73, 35)
(152, 74, 36)
(153, 71, 34)
(154, 69, 33)
(155, 71, 34)
(156, 67, 32)
(157, 66, 31)
(158, 67, 32)
(159, 64, 30)
(160, 62, 29)
(168, 74, 36)
(169, 78, 38)
(171, 81, 40)
(172, 86, 43)
(176, 85, 42)
(177, 83, 41)
(178, 81, 40)
(179, 80, 39)
(180, 79, 39)
(181, 78, 38)
(182, 76, 37)
(183, 78, 38)
(184, 76, 37)
(187, 74, 36)
(190, 74, 36)
(383/2, 73, 35)
(192, 74, 36)
(385/2, 76, 37)
(193, 78, 38)
(387/2, 74, 36)
(194, 71, 34)
(389/2, 74, 36)
(195, 73, 35)
(391/2, 70, 33)
(196, 71, 34)
(393/2, 66, 31)
(197, 71, 34)
(395/2, 74, 36)
(198, 73, 35)
(397/2, 70, 33)
(199, 71, 34)
(399/2, 74, 36)
(200, 73, 35)
(401/2, 70, 33)
(201, 71, 34)
(403/2, 73, 35)
(202, 74, 36)
(405/2, 76, 37)
(203, 78, 38)
(407/2, 80, 39)
(204, 81, 40)
(409/2, 83, 41)
(205, 85, 42)
(411/2, 81, 40)
(206, 78, 38)
(413/2, 81, 40)
(207, 80, 39)
(415/2, 77, 37)
(208, 78, 38)
(417/2, 73, 35)
(209, 78, 38)
(419/2, 81, 40)
(210, 80, 39)
(421/2, 77, 37)
(211, 78, 38)
(423/2, 81, 40)
(212, 80, 39)
(425/2, 77, 37)
(213, 78, 38)
(427/2, 80, 39)
(214, 81, 40)
(429/2, 83, 41)
(215, 85, 42)
(431/2, 87, 43)
(216, 88, 44)
(433/2, 90, 45)
(217, 92, 46)
(435/2, 88, 44)
(218, 85, 42)
(437/2, 88, 44)
(219, 87, 43)
(439/2, 84, 41)
(220, 85, 42)
(441/2, 80, 39)
(221, 85, 42)
(443/2, 88, 44)
(222, 87, 43)
(445/2, 84, 41)
(223, 85, 42)
(447/2, 87, 43)
(224, 88, 44)
(449/2, 87, 43)
(225, 85, 42)
(451/2, 81, 40)
(226, 80, 39)
(453/2, 84, 41)
(227, 85, 42)
(455/2, 81, 40)
(228, 80, 39)
(457/2, 78, 38)
(229, 76, 37)
(459/2, 78, 38)
(230, 80, 39)
(461/2, 78, 38)
(231, 76, 37)
(463/2, 75, 36)
(232, 73, 35)
(465/2, 74, 36)
(233, 76, 37)
(467/2, 74, 36)
(234, 73, 35)
(469/2, 71, 34)
(235, 71, 34)
(238, 70, 33)
(479/2, 73, 35)
(240, 74, 36)
(481/2, 76, 37)
(241, 70, 33)
(244, 71, 34)
(248, 71, 34)
(249, 76, 37)
(250, 75, 36)
(252, 76, 37)
(505/2, 78, 38)
(253, 76, 37)
(255, 74, 36)
(256, 73, 35)
(257, 73, 35)
(258, 73, 35)
(259, 76, 37)
(260, 74, 36)
(262, 74, 36)
(263, 74, 36)
(264, 74, 36)
(265, 77, 37)
(533/2, 80, 39)
(267, 81, 40)
(535/2, 83, 41)
(268, 85, 42)
(537/2, 81, 40)
(269, 78, 38)
(539/2, 81, 40)
(270, 80, 39)
(541/2, 77, 37)
(271, 78, 38)
(545/2, 80, 39)
(273, 81, 40)
(547/2, 83, 41)
(274, 85, 42)
(549/2, 81, 40)
(275, 78, 38)
(551/2, 81, 40)
(276, 80, 39)
(553/2, 77, 37)
(277, 78, 38)
(557/2, 80, 39)
(279, 81, 40)
(559/2, 83, 41)
(280, 85, 42)
(561/2, 81, 40)
(281, 80, 39)
(563/2, 78, 38)
(282, 81, 40)
(565/2, 78, 38)
(283, 76, 37)
(567/2, 75, 36)
(284, 78, 38)
(569/2, 75, 36)
(285, 73, 35)
(571/2, 72, 34)
(286, 73, 35)
(573/2, 78, 38)
(287, 81, 40)
(575/2, 80, 39)
(288, 78, 38)
(577/2, 77, 37)
(289, 78, 38)
(290, 78, 38)
(291, 78, 38)
(292, 78, 38)
(591/2, 77, 37)
(296, 78, 38)
(593/2, 78, 38)
(297, 78, 38)
(595/2, 78, 38)
(298, 78, 38)
(603/2, 77, 37)
(302, 78, 38)
(605/2, 78, 38)
(303, 78, 38)
(607/2, 78, 38)
(304, 78, 38)
(615/2, 77, 37)
(308, 78, 38)
(617/2, 77, 37)
(309, 78, 38)
(619/2, 77, 37)
(310, 78, 38)
(621/2, 77, 37)
(311, 78, 38)
(623/2, 77, 37)
(312, 78, 38)
(625/2, 77, 37)
(313, 78, 38)
(627/2, 79, 39)
(314, 78, 38)
(629/2, 79, 39)
(315, 78, 38)
(631/2, 79, 39)
(316, 78, 38)
(633/2, 75, 36)
(317, 76, 37)
(635/2, 75, 36)
(318, 76, 37)
(637/2, 75, 36)
(319, 76, 37)
(639/2, 74, 36)
(320, 73, 35)
(641/2, 74, 36)
(321, 73, 35)
(643/2, 74, 36)
(322, 73, 35)
(645/2, 71, 34)
(323, 70, 33)
(647/2, 71, 34)
(324, 70, 33)
(649/2, 71, 34)
(325, 70, 33)
(651/2, 67, 32)
(326, 66, 31)
(653/2, 67, 32)
(327, 66, 31)
(655/2, 67, 32)
(328, 66, 31)
(683/2, 73, 35)
(342, 74, 36)
(685/2, 76, 37)
(343, 78, 38)
(687/2, 74, 36)
(344, 71, 34)
(689/2, 74, 36)
(345, 73, 35)
(691/2, 70, 33)
(346, 71, 34)
(693/2, 66, 31)
(347, 71, 34)
(695/2, 74, 36)
(348, 73, 35)
(697/2, 70, 33)
(349, 71, 34)
(699/2, 74, 36)
(350, 73, 35)
(701/2, 70, 33)
(351, 71, 34)
(703/2, 73, 35)
(352, 74, 36)
(705/2, 75, 36)
(353, 76, 37)
(707/2, 78, 38)
(354, 79, 39)
(709/2, 81, 40)
(355, 83, 41)
(711/2, 79, 39)
(356, 76, 37)
(713/2, 79, 39)
(357, 78, 38)
(715/2, 75, 36)
(358, 76, 37)
(717/2, 71, 34)
(359, 76, 37)
(719/2, 79, 39)
(360, 78, 38)
(721/2, 75, 36)
(361, 76, 37)
(723/2, 79, 39)
(362, 78, 38)
(725/2, 75, 36)
(363, 76, 37)
(727/2, 78, 38)
(364, 79, 39)
(729/2, 81, 40)
(365, 83, 41)
(731/2, 87, 43)
(366, 88, 44)
(733/2, 90, 45)
(367, 91, 46)
(735/2, 88, 44)
(368, 84, 42)
(737/2, 88, 44)
(369, 86, 43)
(739/2, 83, 41)
(370, 84, 42)
(741/2, 79, 39)
(371, 84, 42)
(743/2, 88, 44)
(372, 86, 43)
(745/2, 84, 42)
(373, 83, 41)
(747/2, 84, 42)
(374, 83, 41)
(749/2, 81, 40)
(375, 79, 39)
(751/2, 78, 38)
(376, 81, 40)
(753/2, 79, 39)
(377, 77, 38)
(755/2, 76, 37)
(378, 74, 36)
(757/2, 72, 35)
(379, 71, 34)
(759/2, 78, 38)
(380, 76, 37)
(761/2, 74, 36)
(381, 73, 35)
(763/2, 71, 34)
(382, 70, 33)
(765/2, 79, 39)
(383, 78, 38)
(767/2, 76, 37)
(384, 74, 36)
(769/2, 73, 35)
(385, 71, 34)
(386, 71, 34)
(387, 71, 34)
(388, 71, 34)
(783/2, 70, 33)
(392, 71, 34)
(785/2, 71, 34)
(393, 71, 34)
(787/2, 71, 34)
(394, 71, 34)
(795/2, 70, 33)
(398, 71, 34)
(797/2, 70, 33)
(399, 71, 34)
(799/2, 70, 33)
(400, 71, 34)
(801/2, 70, 33)
(401, 71, 34)
(803/2, 70, 33)
(402, 71, 34)
(805/2, 70, 33)
(403, 71, 34)
(809/2, 79, 39)
(405, 78, 38)
(811/2, 76, 37)
(406, 78, 38)
(813/2, 74, 36)
(407, 71, 34)
(815/2, 79, 39)
(408, 78, 38)
(817/2, 76, 37)
(409, 83, 41)
(429, 69, 33)
(430, 74, 36)
(432, 78, 38)
(433, 81, 40)
(435, 79, 39)
(436, 78, 38)
(437, 79, 39)
(438, 76, 37)
(439, 74, 36)
(444, 73, 35)
(445, 74, 36)
(450, 73, 35)
(451, 74, 36)
(453, 64, 30)
(454, 69, 33)
(456, 73, 35)
(457, 76, 37)
(459, 74, 36)
(460, 73, 35)
(461, 74, 36)
(462, 71, 34)
(463, 69, 33)
(468, 68, 32)
(469, 69, 33)
(474, 68, 32)
(475, 69, 33)
(478, 57, 26)
(479, 61, 28)
(481, 64, 30)
(482, 64, 30)
(484, 62, 29)
(485, 61, 28)
(486, 64, 30)
(487, 67, 32)
(488, 67, 32)
(490, 66, 31)
(491, 64, 30)
(492, 67, 32)
(493, 71, 34)
(494, 71, 34)
(496, 69, 33)
(497, 68, 32)
(498, 69, 33)
(499, 67, 32)
(500, 66, 31)
(502, 62, 29)
(503, 66, 31)
(505, 69, 33)
(506, 73, 35)
(508, 69, 33)
(509, 66, 31)
(510, 68, 32)
(511, 69, 33)
(512, 73, 35)
(514, 69, 33)
(515, 66, 31)
(516, 68, 32)
(517, 69, 33)
(518, 74, 36)
(520, 73, 35)
(521, 73, 35)
(521, 71, 34)
(522, 69, 33)
(523, 68, 32)
(524, 73, 35)
(526, 69, 33)
(527, 66, 31)
(528, 68, 32)
(529, 69, 33)
(530, 74, 36)
(532, 73, 35)
(533, 73, 35)
(533, 71, 34)
(534, 69, 33)
(535, 68, 32)
(536, 68, 32)
(542, 67, 32)
(544, 69, 33)
(545, 74, 36)
(547, 78, 38)
(548, 81, 40)
(550, 79, 39)
(551, 78, 38)
(552, 79, 39)
(553, 76, 37)
(554, 74, 36)
(559, 73, 35)
(560, 74, 36)
(565, 73, 35)
(566, 74, 36)
(567, 76, 37)
(568, 74, 36)
(569, 73, 35)
(570, 74, 36)
(571, 71, 34)
(572, 69, 33)
(574, 67, 32)
(575, 66, 31)
(576, 67, 32)
(577, 64, 30)
(578, 69, 33)
(579, 76, 37)
(580, 74, 36)
(581, 73, 35)
(582, 74, 36)
(583, 71, 34)
(584, 69, 33)
(585, 71, 34)
(586, 67, 32)
(587, 66, 31)
(588, 67, 32)
(589, 64, 30)
(590, 62, 29)
(598, 74, 36)
(599, 78, 38)
(601, 81, 40)
(602, 86, 43)
(606, 85, 42)
(607, 83, 41)
(608, 81, 40)
(609, 80, 39)
(610, 79, 39)
(611, 78, 38)
(612, 76, 37)
(613, 78, 38)
(614, 76, 37)
(617, 74, 36)
(1237/2, 69, 33)
(619, 70, 34)
(1239/2, 72, 35)
(620, 74, 36)
(1241/2, 70, 34)
(621, 67, 32)
(1243/2, 70, 34)
(622, 69, 33)
(1245/2, 66, 31)
(623, 67, 32)
(1247/2, 62, 29)
(624, 67, 32)
(1249/2, 70, 34)
(625, 69, 33)
(1251/2, 66, 31)
(626, 67, 32)
(1253/2, 70, 34)
(627, 69, 33)
(1255/2, 66, 31)
(628, 67, 32)
(1257/2, 69, 33)
(629, 70, 34)
(1259/2, 73, 35)
(630, 74, 36)
(1261/2, 76, 37)
(631, 78, 38)
(1263/2, 79, 39)
(632, 81, 40)
(1265/2, 78, 38)
(633, 74, 36)
(1267/2, 78, 38)
(634, 76, 37)
(1269/2, 73, 35)
(635, 74, 36)
(1271/2, 69, 33)
(636, 74, 36)
(1273/2, 78, 38)
(637, 76, 37)
(1275/2, 73, 35)
(638, 74, 36)
(1277/2, 78, 38)
(639, 76, 37)
(1279/2, 73, 35)
(640, 74, 36)
(1281/2, 76, 37)
(641, 78, 38)
(1283/2, 79, 39)
(642, 81, 40)
(1285/2, 82, 41)
(643, 84, 42)
(1287/2, 74, 36)
(644, 86, 43)
(1289/2, 82, 41)
(645, 79, 39)
(1291/2, 82, 41)
(646, 81, 40)
(1293/2, 78, 38)
(647, 79, 39)
(1295/2, 74, 36)
(648, 79, 39)
(1297/2, 82, 41)
(649, 81, 40)
(1299/2, 78, 38)
(650, 79, 39)
(1301/2, 82, 41)
(651, 81, 40)
(1303/2, 78, 38)
(652, 79, 39)
(1305/2, 81, 40)
(653, 82, 41)
(1307/2, 85, 42)
(654, 86, 43)
(1309/2, 88, 44)
(655, 90, 45)
(1311/2, 91, 46)
(656, 93, 47)
(1313/2, 90, 45)
(657, 93, 47)
(1315/2, 90, 45)
(658, 86, 43)
(1317/2, 88, 44)
(659, 86, 43)
(1319/2, 90, 45)
(660, 86, 43)
(1321/2, 81, 40)
(661, 86, 43)
(1323/2, 81, 40)
(662, 78, 38)
(1325/2, 81, 40)
(663, 78, 38)
(1327/2, 81, 40)
(664, 78, 38)
(1329/2, 74, 36)
(665, 78, 38)
(1331/2, 74, 36)
(666, 69, 33)
(1333/2, 74, 36)
(667, 66, 31)
(1335/2, 69, 33)
(668, 62, 29)
(677, 66, 31)
(680, 62, 29)
(10000, 67, 32)
(10001, 66, 31)
(10003, 69, 33)
(10004, 72, 35)
(10006, 71, 34)
(10007, 69, 33)
(10008, 71, 34)
(10009, 67, 32)
(10010, 66, 31)
(10011, 69, 33)
(10012, 67, 32)
(10013, 66, 31)
(10014, 67, 32)
(10015, 64, 30)
(10016, 62, 29)
(10017, 69, 33)
(10018, 67, 32)
(10019, 66, 31)
(10020, 67, 32)
(10021, 64, 30)
(10022, 62, 29)
(10025, 61, 28)
(10027, 64, 30)
(10028, 67, 32)
(10030, 65, 31)
(10031, 64, 30)
(10032, 65, 31)
(10033, 62, 29)
(10034, 61, 28)
(10035, 67, 32)
(10036, 65, 31)
(10037, 64, 30)
(10038, 65, 31)
(10039, 62, 29)
(10040, 61, 28)
(10041, 64, 30)
(10042, 62, 29)
(10043, 61, 28)
(10044, 62, 29)
(10045, 59, 27)
(10046, 57, 26)
(10049, 57, 26)
(10067, 57, 26)
(10069, 64, 30)
(10070, 62, 29)
(10073, 62, 29)
(10075, 66, 31)
(10076, 69, 33)
(10078, 66, 31)
(10079, 62, 29)
(10080, 65, 30)
(10081, 66, 31)
(10082, 69, 33)
(10084, 66, 31)
(10085, 62, 29)
(10086, 65, 30)
(10087, 66, 31)
(10088, 71, 34)
(10090, 69, 33)
(10091, 68, 32)
(10092, 66, 31)
(10093, 65, 30)
(10094, 69, 33)
(10096, 66, 31)
(10097, 66, 31)
(10098, 65, 30)
(10099, 66, 31)
(10100, 71, 34)
(10102, 69, 33)
(10103, 68, 32)
(10104, 66, 31)
(10105, 65, 30)
(10106, 65, 30)
(10109, 65, 30)
(10112, 64, 30)
(10115, 62, 29)
(10117, 74, 36)
(10118, 74, 36)
(10123, 73, 35)
(10124, 74, 36)
(10125, 73, 35)
(10126, 71, 34)
(10127, 69, 33)
(10128, 71, 34)
(10129, 67, 32)
(10130, 66, 31)
(10131, 69, 33)
(10132, 67, 32)
(10133, 66, 31)
(10134, 67, 32)
(10135, 64, 30)
(10136, 62, 29)
(10138, 66, 31)
(10139, 64, 30)
(10143, 66, 31)
(10144, 64, 30)
(10145, 62, 29)
(10146, 64, 30)
(10147, 61, 28)
(10148, 62, 29)
(10150, 69, 33)
(10151, 69, 33)
(10153, 68, 32)
(10154, 69, 33)
(10155, 66, 31)
(10156, 64, 30)
(10157, 62, 29)
(10158, 64, 30)
(10159, 61, 28)
(10160, 62, 29)
(10168, 69, 33)
(10169, 74, 36)
(10171, 78, 38)
(10172, 81, 40)
(10176, 79, 39)
(10177, 78, 38)
(10178, 76, 37)
(10179, 74, 36)
(10180, 73, 35)
(10181, 74, 36)
(10184, 73, 35)
(10187, 74, 36)
(10190, 74, 36)
(10193, 62, 29)
(10205, 61, 28)
(10217, 61, 28)
(10217, 64, 30)
(10236, 64, 30)
(10237, 64, 30)
(10238, 64, 30)
(10241, 64, 30)
(20485/2, 64, 30)
(10243, 66, 31)
(20487/2, 67, 32)
(10244, 69, 33)
(20489/2, 66, 31)
(10245, 63, 29)
(20491/2, 69, 33)
(10246, 67, 32)
(20493/2, 66, 31)
(10247, 67, 32)
(20495/2, 64, 30)
(10248, 67, 32)
(20497/2, 71, 34)
(10249, 69, 33)
(20499/2, 67, 32)
(10250, 72, 35)
(20501/2, 69, 33)
(10251, 66, 31)
(20503/2, 72, 35)
(10252, 71, 34)
(20505/2, 69, 33)
(10253, 71, 34)
(20507/2, 67, 32)
(10254, 71, 34)
(20533/2, 71, 34)
(10267, 69, 33)
(20535/2, 74, 36)
(10268, 73, 35)
(20539/2, 73, 35)
(10270, 74, 36)
(20541/2, 73, 35)
(10271, 78, 38)
(20543/2, 74, 36)
(10272, 71, 34)
(20545/2, 78, 38)
(10273, 76, 37)
(20547/2, 74, 36)
(10274, 73, 35)
(20551/2, 73, 35)
(10276, 74, 36)
(20553/2, 73, 35)
(10277, 78, 38)
(20555/2, 74, 36)
(10278, 71, 34)
(20557/2, 78, 38)
(10279, 76, 37)
(20559/2, 74, 36)
(10280, 73, 35)
(10282, 69, 33)
(10284, 69, 33)
(10287, 66, 31)
(10288, 71, 34)
(10289, 69, 33)
(20579/2, 73, 35)
(10290, 78, 38)
(20581/2, 73, 35)
(10291, 71, 34)
(20583/2, 69, 33)
(10292, 71, 34)
(20587/2, 71, 34)
(10294, 73, 35)
(20589/2, 74, 36)
(10295, 73, 35)
(20591/2, 69, 33)
(10296, 66, 31)
(20593/2, 73, 35)
(10297, 71, 34)
(20595/2, 69, 33)
(10298, 71, 34)
(20599/2, 71, 34)
(10300, 73, 35)
(20601/2, 74, 36)
(10301, 73, 35)
(20603/2, 69, 33)
(10302, 66, 31)
(20605/2, 74, 36)
(10303, 73, 35)
(20607/2, 71, 34)
(10304, 70, 33)
(20609/2, 73, 35)
(10305, 76, 37)
(20611/2, 70, 33)
(10306, 71, 34)
(20613/2, 73, 35)
(10307, 74, 36)
(10308, 73, 35)
(10309, 71, 34)
(10310, 70, 33)
(10311, 76, 37)
(10312, 74, 36)
(10313, 73, 35)
(10315, 74, 36)
(10316, 73, 35)
(10318, 72, 35)
(10319, 71, 34)
(10321, 71, 34)
(10322, 70, 33)
(10324, 65, 30)
(10325, 66, 31)
(20657/2, 65, 30)
(10329, 66, 31)
(20659/2, 65, 30)
(10330, 66, 31)
(20661/2, 65, 30)
(10331, 66, 31)
(10343, 59, 27)
(10343, 62, 29)
(10355, 59, 27)
(10355, 64, 30)
(10367, 60, 28)
(10367, 64, 30)
(10379, 62, 29)
(10382, 64, 30)
(20767/2, 64, 30)
(10384, 66, 31)
(20769/2, 67, 32)
(10385, 66, 31)
(20771/2, 62, 29)
(10386, 59, 27)
(20773/2, 66, 31)
(10387, 64, 30)
(20775/2, 62, 29)
(10388, 64, 30)
(20779/2, 64, 30)
(10390, 66, 31)
(20781/2, 67, 32)
(10391, 66, 31)
(20783/2, 62, 29)
(10392, 59, 27)
(20785/2, 66, 31)
(10393, 64, 30)
(20787/2, 62, 29)
(10394, 64, 30)
(20791/2, 64, 30)
(10396, 66, 31)
(20793/2, 67, 32)
(10397, 66, 31)
(20797/2, 64, 30)
(10399, 66, 31)
(20799/2, 67, 32)
(10400, 66, 31)
(20801/2, 64, 30)
(10401, 62, 29)
(20803/2, 64, 30)
(10402, 66, 31)
(20805/2, 67, 32)
(10403, 66, 31)
(20807/2, 67, 32)
(10404, 66, 31)
(20809/2, 67, 32)
(10405, 66, 31)
(20811/2, 67, 32)
(10406, 66, 31)
(20815/2, 67, 32)
(10408, 66, 31)
(20817/2, 67, 32)
(10409, 66, 31)
(20819/2, 65, 30)
(10410, 66, 31)
(20821/2, 65, 30)
(10411, 66, 31)
(20823/2, 65, 30)
(10412, 66, 31)
(20825/2, 65, 30)
(10413, 66, 31)
(20827/2, 65, 30)
(10414, 66, 31)
(20829/2, 65, 30)
(10415, 66, 31)
(20831/2, 65, 30)
(10416, 66, 31)
(20833/2, 65, 30)
(10417, 66, 31)
(20835/2, 65, 30)
(10418, 66, 31)
(20843/2, 58, 26)
(10422, 59, 27)
(20845/2, 58, 26)
(10423, 59, 27)
(20847/2, 58, 26)
(10424, 59, 27)
(10429, 67, 32)
(10430, 66, 31)
(10432, 69, 33)
(10433, 72, 35)
(10435, 71, 34)
(10436, 69, 33)
(10437, 71, 34)
(10438, 67, 32)
(10439, 66, 31)
(10440, 69, 33)
(10441, 67, 32)
(10442, 66, 31)
(10443, 67, 32)
(10444, 64, 30)
(10445, 62, 29)
(10446, 69, 33)
(10447, 67, 32)
(10448, 66, 31)
(10449, 67, 32)
(10450, 64, 30)
(10451, 62, 29)
(10454, 61, 28)
(10456, 64, 30)
(10457, 67, 32)
(10459, 65, 31)
(10460, 64, 30)
(10461, 65, 31)
(10462, 62, 29)
(10463, 61, 28)
(10464, 67, 32)
(10465, 65, 31)
(10466, 64, 30)
(10467, 65, 31)
(10468, 62, 29)
(10469, 61, 28)
(10470, 64, 30)
(10471, 62, 29)
(10472, 61, 28)
(10473, 62, 29)
(10474, 59, 27)
(10475, 57, 26)
(10479, 57, 26)
(10497, 57, 26)
(10499, 64, 30)
(10500, 62, 29)
(10503, 62, 29)
(10505, 66, 31)
(10506, 69, 33)
(10508, 66, 31)
(10509, 62, 29)
(10510, 65, 30)
(10511, 66, 31)
(10512, 69, 33)
(10514, 66, 31)
(10515, 62, 29)
(10516, 65, 30)
(10517, 66, 31)
(10518, 71, 34)
(10520, 69, 33)
(10521, 68, 32)
(10522, 66, 31)
(10523, 65, 30)
(10524, 69, 33)
(10526, 66, 31)
(10527, 66, 31)
(10528, 65, 30)
(10529, 66, 31)
(10530, 71, 34)
(10532, 69, 33)
(10533, 68, 32)
(10534, 66, 31)
(10535, 65, 30)
(10536, 65, 30)
(10542, 64, 30)
(10545, 62, 29)
(10547, 74, 36)
(10548, 74, 36)
(10553, 73, 35)
(10554, 74, 36)
(10555, 73, 35)
(10556, 71, 34)
(10557, 69, 33)
(10558, 71, 34)
(10559, 67, 32)
(10560, 66, 31)
(10561, 69, 33)
(10562, 67, 32)
(10563, 66, 31)
(10564, 67, 32)
(10565, 64, 30)
(10566, 62, 29)
(10568, 66, 31)
(10569, 64, 30)
(10573, 66, 31)
(10574, 64, 30)
(10575, 62, 29)
(10576, 64, 30)
(10577, 61, 28)
(10578, 62, 29)
(10580, 69, 33)
(10581, 69, 33)
(10583, 68, 32)
(10584, 69, 33)
(10585, 66, 31)
(10586, 64, 30)
(10587, 62, 29)
(10588, 64, 30)
(10589, 61, 28)
(10590, 62, 29)
(10598, 69, 33)
(10599, 74, 36)
(10601, 78, 38)
(10602, 81, 40)
(10606, 79, 39)
(10607, 78, 38)
(10608, 76, 37)
(10609, 74, 36)
(10610, 73, 35)
(10611, 74, 36)
(10614, 73, 35)
(10617, 74, 36)
(10620, 55, 25)
(10620, 62, 29)
(10632, 57, 26)
(10632, 62, 29)
(10644, 58, 27)
(10644, 62, 29)
(10656, 62, 29)
(10656, 66, 31)
(10665, 57, 26)
(21337/2, 56, 25)
(10669, 57, 26)
(21339/2, 56, 25)
(10670, 57, 26)
(21341/2, 56, 25)
(10671, 57, 26)
(21343/2, 56, 25)
(10672, 57, 26)
(21345/2, 56, 25)
(10673, 57, 26)
(21347/2, 56, 25)
(10674, 57, 26)
(20001, 74, 36)
(20009, 73, 35)
(20010, 74, 36)
(20011, 73, 35)
(20012, 71, 34)
(20013, 69, 33)
(20014, 71, 34)
(20015, 67, 32)
(20016, 66, 31)
(20017, 61, 28)
(20018, 59, 27)
(20019, 57, 26)
(20020, 59, 27)
(20021, 55, 25)
(20022, 54, 24)
(20025, 69, 33)
(20033, 68, 32)
(20034, 69, 33)
(20035, 64, 30)
(20036, 62, 29)
(20037, 61, 28)
(20038, 62, 29)
(20039, 59, 27)
(20040, 57, 26)
(20041, 55, 25)
(20042, 53, 24)
(20043, 52, 23)
(20044, 53, 24)
(20045, 50, 22)
(20046, 49, 21)
(20048, 49, 21)
(20049, 52, 23)
(20051, 55, 25)
(20052, 55, 25)
(20054, 54, 24)
(20055, 52, 23)
(20056, 61, 28)
(20057, 64, 30)
(20058, 64, 30)
(20060, 62, 29)
(20061, 61, 28)
(20062, 64, 30)
(20063, 67, 32)
(20064, 67, 32)
(20066, 66, 31)
(20067, 65, 31)
(20068, 62, 29)
(20069, 64, 30)
(20070, 57, 26)
(20072, 50, 22)
(20073, 54, 24)
(20075, 57, 26)
(20076, 61, 28)
(20078, 57, 26)
(20079, 54, 24)
(20080, 56, 25)
(20081, 57, 26)
(20082, 61, 28)
(20084, 57, 26)
(20085, 54, 24)
(20086, 56, 25)
(20087, 57, 26)
(20088, 62, 29)
(20090, 61, 28)
(20091, 59, 27)
(20092, 57, 26)
(20093, 56, 25)
(20094, 61, 28)
(20097, 62, 29)
(20100, 62, 29)
(20103, 62, 29)
(20109, 62, 29)
(20112, 69, 33)
(20114, 67, 32)
(20115, 66, 31)
(20117, 69, 33)
(20118, 72, 35)
(20120, 71, 34)
(20121, 69, 33)
(20122, 71, 34)
(20123, 67, 32)
(20124, 66, 31)
(20125, 69, 33)
(20126, 67, 32)
(20127, 66, 31)
(20128, 67, 32)
(20129, 64, 30)
(20130, 62, 29)
(20131, 61, 28)
(20132, 59, 27)
(20133, 57, 26)
(20134, 59, 27)
(20135, 55, 25)
(20136, 54, 24)
(20138, 54, 24)
(20139, 57, 26)
(20141, 56, 25)
(20142, 57, 26)
(20143, 62, 29)
(20144, 59, 27)
(20145, 57, 26)
(20150, 57, 26)
(20151, 64, 30)
(20152, 66, 31)
(20153, 64, 30)
(20154, 64, 30)
(20155, 59, 27)
(20156, 59, 27)
(20157, 57, 26)
(20158, 59, 27)
(20159, 55, 25)
(20160, 54, 24)
(20165, 57, 26)
(20166, 62, 29)
(20168, 66, 31)
(20169, 69, 33)
(20171, 74, 36)
(20172, 78, 38)
(20176, 76, 37)
(20177, 74, 36)
(20178, 73, 35)
(20179, 71, 34)
(20180, 70, 34)
(20181, 69, 33)
(20182, 68, 32)
(20183, 67, 32)
(20184, 67, 32)
(20187, 66, 31)
(20190, 66, 31)
(20193, 54, 24)
(20205, 57, 26)
(20217, 52, 23)
(20217, 56, 25)
(20236, 61, 28)
(20237, 61, 28)
(20238, 61, 28)
(20241, 61, 28)
(40485/2, 61, 28)
(20243, 63, 29)
(40487/2, 64, 30)
(20244, 66, 31)
(40489/2, 63, 29)
(20245, 59, 27)
(40491/2, 66, 31)
(20246, 64, 30)
(40493/2, 63, 29)
(20247, 64, 30)
(40495/2, 59, 27)
(20248, 64, 30)
(40497/2, 67, 32)
(20249, 66, 31)
(40499/2, 64, 30)
(20250, 69, 33)
(40501/2, 66, 31)
(20251, 59, 27)
(40503/2, 69, 33)
(20252, 67, 32)
(40505/2, 66, 31)
(20253, 67, 32)
(40507/2, 64, 30)
(20254, 67, 32)
(40509/2, 72, 35)
(20255, 71, 34)
(40511/2, 69, 33)
(20256, 68, 32)
(40513/2, 69, 33)
(20257, 71, 34)
(40515/2, 68, 32)
(20258, 69, 33)
(40517/2, 71, 34)
(20259, 69, 33)
(40519/2, 66, 31)
(20260, 65, 30)
(40521/2, 66, 31)
(20261, 69, 33)
(40523/2, 68, 32)
(20262, 69, 33)
(40525/2, 68, 32)
(20263, 66, 31)
(40527/2, 65, 30)
(20264, 66, 31)
(40529/2, 69, 33)
(20265, 71, 34)
(40533/2, 65, 30)
(20267, 66, 31)
(40535/2, 68, 32)
(20268, 69, 33)
(40539/2, 69, 33)
(20270, 71, 34)
(40541/2, 73, 35)
(20271, 74, 36)
(40543/2, 71, 34)
(20272, 66, 31)
(40545/2, 74, 36)
(20273, 73, 35)
(40547/2, 71, 34)
(20274, 69, 33)
(40551/2, 69, 33)
(20276, 71, 34)
(40553/2, 73, 35)
(20277, 74, 36)
(40555/2, 71, 34)
(20278, 66, 31)
(40557/2, 74, 36)
(20279, 73, 35)
(40559/2, 71, 34)
(20280, 69, 33)
(20282, 66, 31)
(20284, 60, 27)
(20285, 63, 29)
(20286, 61, 28)
(20288, 61, 28)
(20289, 66, 31)
(40579/2, 69, 33)
(20290, 73, 35)
(40581/2, 66, 31)
(20291, 68, 32)
(40583/2, 69, 33)
(20292, 68, 32)
(40587/2, 68, 32)
(20294, 69, 33)
(40589/2, 71, 34)
(20295, 69, 33)
(40593/2, 66, 31)
(20297, 68, 32)
(40595/2, 69, 33)
(20298, 68, 32)
(40599/2, 68, 32)
(20300, 69, 33)
(40601/2, 71, 34)
(20301, 69, 33)
(40605/2, 68, 32)
(20303, 69, 33)
(40607/2, 71, 34)
(20304, 66, 31)
(40609/2, 70, 33)
(20305, 73, 35)
(40611/2, 66, 31)
(20306, 68, 32)
(40613/2, 70, 33)
(20307, 71, 34)
(20308, 70, 33)
(20309, 66, 31)
(20310, 66, 31)
(20312, 71, 34)
(20313, 70, 33)
(20315, 71, 34)
(20316, 70, 33)
(20318, 69, 33)
(20319, 68, 32)
(20321, 65, 30)
(20322, 66, 31)
(20324, 62, 29)
(20325, 61, 28)
(40663/2, 63, 29)
(20332, 64, 30)
(40665/2, 63, 29)
(20333, 64, 30)
(40667/2, 63, 29)
(20334, 64, 30)
(40675/2, 59, 27)
(20338, 58, 26)
(40677/2, 59, 27)
(20339, 58, 26)
(40679/2, 59, 27)
(20340, 58, 26)
(20343, 54, 24)
(20343, 59, 27)
(20355, 52, 23)
(20355, 55, 25)
(20367, 52, 23)
(20367, 55, 25)
(20379, 59, 27)
(20382, 61, 28)
(40767/2, 61, 28)
(20384, 62, 29)
(40769/2, 64, 30)
(20385, 62, 29)
(40771/2, 59, 27)
(20386, 54, 24)
(40773/2, 62, 29)
(20387, 61, 28)
(40775/2, 59, 27)
(20388, 61, 28)
(40779/2, 61, 28)
(20390, 62, 29)
(40781/2, 64, 30)
(20391, 62, 29)
(40783/2, 59, 27)
(20392, 54, 24)
(40785/2, 62, 29)
(20393, 61, 28)
(40787/2, 59, 27)
(20394, 61, 28)
(40791/2, 61, 28)
(20396, 62, 29)
(40793/2, 64, 30)
(20397, 62, 29)
(40797/2, 61, 28)
(20399, 62, 29)
(40799/2, 64, 30)
(20400, 59, 27)
(40801/2, 61, 28)
(20401, 62, 29)
(40803/2, 61, 28)
(20402, 62, 29)
(40805/2, 64, 30)
(20403, 62, 29)
(40807/2, 64, 30)
(20404, 62, 29)
(40809/2, 64, 30)
(20405, 62, 29)
(40811/2, 64, 30)
(20406, 62, 29)
(40815/2, 64, 30)
(20408, 62, 29)
(40817/2, 64, 30)
(20409, 62, 29)
(40819/2, 61, 28)
(20410, 62, 29)
(40821/2, 61, 28)
(20411, 62, 29)
(40823/2, 61, 28)
(20412, 62, 29)
(40825/2, 61, 28)
(20413, 62, 29)
(40827/2, 61, 28)
(20414, 62, 29)
(40829/2, 61, 28)
(20415, 62, 29)
(40837/2, 61, 28)
(20419, 62, 29)
(40839/2, 61, 28)
(20420, 62, 29)
(40841/2, 61, 28)
(20421, 62, 29)
(40855/2, 49, 21)
(20428, 50, 22)
(40857/2, 49, 21)
(20429, 50, 22)
(40859/2, 49, 21)
(20430, 50, 22)
(40861/2, 49, 21)
(20431, 50, 22)
(40863/2, 49, 21)
(20432, 50, 22)
(40865/2, 49, 21)
(20433, 50, 22)
(20438, 73, 35)
(20439, 74, 36)
(20440, 73, 35)
(20441, 71, 34)
(20442, 69, 33)
(20443, 71, 34)
(20444, 67, 32)
(20445, 66, 31)
(20446, 61, 28)
(20447, 59, 27)
(20448, 57, 26)
(20449, 59, 27)
(20450, 55, 25)
(20451, 54, 24)
(20454, 69, 33)
(20462, 68, 32)
(20463, 69, 33)
(20464, 64, 30)
(20465, 62, 29)
(20466, 61, 28)
(20467, 62, 29)
(20468, 59, 27)
(20469, 57, 26)
(20470, 55, 25)
(20471, 53, 24)
(20472, 52, 23)
(20473, 53, 24)
(20474, 50, 22)
(20475, 49, 21)
(20478, 49, 21)
(20479, 52, 23)
(20481, 55, 25)
(20482, 55, 25)
(20484, 54, 24)
(20485, 52, 23)
(20486, 61, 28)
(20487, 64, 30)
(20488, 64, 30)
(20490, 62, 29)
(20491, 61, 28)
(20492, 64, 30)
(20493, 67, 32)
(20494, 67, 32)
(20496, 66, 31)
(20497, 65, 31)
(20498, 62, 29)
(20499, 64, 30)
(20500, 57, 26)
(20502, 50, 22)
(20503, 54, 24)
(20505, 57, 26)
(20506, 61, 28)
(20508, 57, 26)
(20509, 54, 24)
(20510, 56, 25)
(20511, 57, 26)
(20512, 61, 28)
(20514, 57, 26)
(20515, 54, 24)
(20516, 56, 25)
(20517, 57, 26)
(20518, 62, 29)
(20520, 61, 28)
(20521, 59, 27)
(20522, 57, 26)
(20523, 56, 25)
(20524, 61, 28)
(20527, 62, 29)
(20530, 62, 29)
(20542, 69, 33)
(20544, 67, 32)
(20545, 66, 31)
(20547, 69, 33)
(20548, 72, 35)
(20550, 71, 34)
(20551, 69, 33)
(20552, 71, 34)
(20553, 67, 32)
(20554, 66, 31)
(20555, 69, 33)
(20556, 67, 32)
(20557, 66, 31)
(20558, 67, 32)
(20559, 64, 30)
(20560, 62, 29)
(20561, 61, 28)
(20562, 59, 27)
(20563, 57, 26)
(20564, 59, 27)
(20565, 55, 25)
(20566, 54, 24)
(20568, 54, 24)
(20569, 57, 26)
(20571, 56, 25)
(20572, 57, 26)
(20573, 62, 29)
(20574, 59, 27)
(20575, 57, 26)
(20580, 57, 26)
(20581, 64, 30)
(20582, 66, 31)
(20583, 64, 30)
(20584, 64, 30)
(20585, 59, 27)
(20586, 59, 27)
(20587, 57, 26)
(20588, 59, 27)
(20589, 55, 25)
(20590, 54, 24)
(20595, 57, 26)
(20596, 62, 29)
(20598, 66, 31)
(20599, 69, 33)
(20601, 74, 36)
(20602, 78, 38)
(20606, 76, 37)
(20607, 74, 36)
(20608, 73, 35)
(20609, 71, 34)
(20610, 70, 34)
(20611, 69, 33)
(20612, 68, 32)
(20613, 67, 32)
(20614, 67, 32)
(20617, 66, 31)
(20620, 58, 27)
(20632, 50, 22)
(20632, 57, 26)
(20643, 50, 22)
(20644, 55, 25)
(20646, 58, 27)
(20647, 62, 29)
(20649, 50, 22)
(20650, 55, 25)
(20652, 58, 27)
(20653, 62, 29)
(20655, 58, 27)
(20656, 54, 24)
(20656, 57, 26)
(41337/2, 53, 23)
(20669, 54, 24)
(41339/2, 53, 23)
(20670, 54, 24)
(41341/2, 53, 23)
(20671, 54, 24)
(41343/2, 53, 23)
(20672, 54, 24)
(41345/2, 53, 23)
(20673, 54, 24)
(41347/2, 53, 23)
(20674, 54, 24)
(30001, 62, 29)
(30004, 62, 29)
(30007, 62, 29)
(30010, 62, 29)
(30013, 57, 26)
(30016, 50, 22)
(30019, 45, 19)
(30022, 38, 15)
(30025, 57, 26)
(30037, 52, 23)
(30040, 45, 19)
(30043, 40, 16)
(30046, 45, 19)
(30049, 45, 19)
(30052, 50, 22)
(30055, 45, 19)
(30058, 50, 22)
(30061, 45, 19)
(30064, 45, 19)
(30066, 45, 19)
(30067, 47, 20)
(30069, 49, 21)
(30070, 50, 22)
(30073, 50, 22)
(30076, 49, 21)
(30079, 50, 22)
(30082, 49, 21)
(30085, 50, 22)
(30088, 47, 20)
(30091, 47, 20)
(30094, 45, 19)
(30097, 50, 22)
(30100, 47, 20)
(30103, 59, 27)
(30112, 61, 28)
(30115, 62, 29)
(30121, 57, 26)
(30124, 59, 27)
(30126, 55, 25)
(30127, 57, 26)
(30129, 58, 26)
(30130, 59, 27)
(30132, 43, 18)
(30133, 45, 19)
(30135, 46, 19)
(30136, 47, 20)
(30138, 47, 20)
(30139, 52, 23)
(30141, 50, 22)
(30142, 49, 21)
(30143, 50, 22)
(30144, 52, 23)
(30145, 45, 19)
(30147, 55, 25)
(30148, 54, 24)
(30150, 54, 24)
(30151, 52, 23)
(30152, 50, 22)
(30153, 52, 23)
(30154, 49, 21)
(30155, 51, 22)
(30156, 52, 23)
(30157, 45, 19)
(30158, 43, 18)
(30159, 45, 19)
(30160, 38, 15)
(30162, 45, 19)
(30163, 50, 22)
(30165, 54, 24)
(30166, 57, 26)
(30174, 57, 26)
(30175, 62, 29)
(30177, 66, 31)
(30178, 69, 33)
(30181, 69, 33)
(30184, 57, 26)
(30187, 50, 22)
(30190, 50, 22)
(30193, 47, 20)
(30205, 42, 17)
(30217, 37, 14)
(30236, 54, 24)
(30237, 54, 24)
(30238, 54, 24)
(30241, 54, 24)
(30244, 47, 20)
(60509/2, 54, 24)
(30255, 55, 25)
(60511/2, 54, 24)
(30256, 53, 23)
(60513/2, 54, 24)
(30257, 56, 25)
(60515/2, 53, 23)
(30258, 54, 24)
(60517/2, 56, 25)
(30259, 54, 24)
(60519/2, 49, 21)
(30260, 45, 19)
(60521/2, 49, 21)
(30261, 54, 24)
(60523/2, 53, 23)
(30262, 54, 24)
(60525/2, 56, 25)
(30263, 57, 26)
(60527/2, 56, 25)
(30264, 57, 26)
(60529/2, 54, 24)
(30265, 56, 25)
(60531/2, 59, 27)
(30266, 61, 28)
(60533/2, 62, 29)
(30267, 61, 28)
(60535/2, 59, 27)
(30268, 57, 26)
(60537/2, 61, 28)
(30269, 66, 31)
(30272, 66, 31)
(30273, 66, 31)
(30274, 66, 31)
(60555/2, 65, 30)
(30278, 66, 31)
(60557/2, 66, 31)
(30279, 66, 31)
(60559/2, 66, 31)
(30280, 66, 31)
(60581/2, 57, 26)
(30291, 59, 27)
(60583/2, 61, 28)
(30292, 62, 29)
(60585/2, 59, 27)
(30293, 54, 24)
(60587/2, 62, 29)
(30294, 61, 28)
(60589/2, 59, 27)
(30295, 61, 28)
(60593/2, 57, 26)
(30297, 59, 27)
(60595/2, 61, 28)
(30298, 62, 29)
(60597/2, 59, 27)
(30299, 54, 24)
(60599/2, 62, 29)
(30300, 61, 28)
(60601/2, 59, 27)
(30301, 61, 28)
(60605/2, 59, 27)
(30303, 61, 28)
(60607/2, 62, 29)
(30304, 64, 30)
(60609/2, 61, 28)
(30305, 54, 24)
(60611/2, 64, 30)
(30306, 62, 29)
(60613/2, 61, 28)
(30307, 66, 31)
(30308, 64, 30)
(30309, 62, 29)
(30310, 61, 28)
(30312, 59, 27)
(30313, 54, 24)
(30314, 42, 17)
(30317, 42, 17)
(30320, 42, 17)
(30323, 42, 17)
(60669/2, 62, 29)
(30335, 61, 28)
(60671/2, 62, 29)
(30336, 61, 28)
(60673/2, 62, 29)
(30337, 61, 28)
(60681/2, 55, 25)
(30341, 54, 24)
(60683/2, 52, 23)
(30342, 50, 22)
(60685/2, 49, 21)
(30343, 47, 20)
(30355, 40, 16)
(30355, 47, 20)
(30367, 36, 14)
(30376, 40, 16)
(30379, 42, 17)
(30385, 47, 20)
(60773/2, 50, 22)
(30387, 52, 23)
(60775/2, 54, 24)
(30388, 55, 25)
(60777/2, 52, 23)
(30389, 47, 20)
(60779/2, 55, 25)
(30390, 54, 24)
(60781/2, 52, 23)
(30391, 54, 24)
(60785/2, 50, 22)
(30393, 52, 23)
(60787/2, 54, 24)
(30394, 55, 25)
(60789/2, 52, 23)
(30395, 47, 20)
(60791/2, 55, 25)
(30396, 54, 24)
(60793/2, 52, 23)
(30397, 54, 24)
(60795/2, 50, 22)
(30398, 47, 20)
(60797/2, 55, 25)
(30399, 54, 24)
(60799/2, 52, 23)
(30400, 50, 22)
(60801/2, 49, 21)
(30401, 47, 20)
(60803/2, 55, 25)
(30402, 54, 24)
(60805/2, 52, 23)
(30403, 47, 20)
(60807/2, 46, 19)
(30404, 47, 20)
(60809/2, 46, 19)
(30405, 47, 20)
(60811/2, 46, 19)
(30406, 47, 20)
(60813/2, 46, 19)
(30407, 47, 20)
(60815/2, 46, 19)
(30408, 47, 20)
(60817/2, 46, 19)
(30409, 47, 20)
(30412, 47, 20)
(30415, 47, 20)
(60849/2, 53, 23)
(30425, 54, 24)
(60851/2, 53, 23)
(30426, 54, 24)
(60853/2, 53, 23)
(30427, 54, 24)
(30430, 62, 29)
(30442, 57, 26)
(30445, 50, 22)
(30448, 45, 19)
(30451, 38, 15)
(30454, 57, 26)
(30466, 52, 23)
(30469, 45, 19)
(30472, 40, 16)
(30475, 45, 19)
(30479, 45, 19)
(30482, 50, 22)
(30485, 45, 19)
(30488, 50, 22)
(30491, 45, 19)
(30496, 45, 19)
(30497, 47, 20)
(30499, 49, 21)
(30500, 50, 22)
(30503, 50, 22)
(30506, 49, 21)
(30509, 50, 22)
(30512, 49, 21)
(30515, 50, 22)
(30518, 47, 20)
(30524, 45, 19)
(30527, 50, 22)
(30530, 47, 20)
(30533, 59, 27)
(30542, 61, 28)
(30545, 62, 29)
(30551, 57, 26)
(30554, 59, 27)
(30556, 55, 25)
(30557, 57, 26)
(30559, 58, 26)
(30560, 59, 27)
(30562, 43, 18)
(30563, 45, 19)
(30565, 46, 19)
(30566, 47, 20)
(30568, 47, 20)
(30569, 52, 23)
(30571, 50, 22)
(30572, 49, 21)
(30573, 50, 22)
(30574, 52, 23)
(30575, 45, 19)
(30577, 55, 25)
(30578, 54, 24)
(30580, 54, 24)
(30581, 52, 23)
(30582, 50, 22)
(30583, 52, 23)
(30584, 49, 21)
(30585, 51, 22)
(30586, 52, 23)
(30587, 45, 19)
(30588, 43, 18)
(30589, 45, 19)
(30590, 38, 15)
(30592, 45, 19)
(30593, 50, 22)
(30595, 54, 24)
(30596, 57, 26)
(30604, 57, 26)
(30605, 62, 29)
(30607, 66, 31)
(30608, 69, 33)
(30614, 57, 26)
(30617, 50, 22)
(30620, 43, 18)
(30632, 42, 17)
(30644, 43, 18)
(30649, 43, 18)
(30650, 46, 20)
(30652, 50, 22)
(30653, 55, 25)
(30655, 43, 18)
(30656, 38, 15)
(30677, 50, 22)
(30680, 38, 15)
