(8, 74, 36)
(10, 79, 39)
(23/2, 75, 36)
(12, 76, 37)
(14, 81, 40)
(15, 72, 35)
(16, 71, 34)
(17, 74, 36)
(18, 79, 39)
(39/2, 83, 41)
(20, 86, 43)
(21, 84, 42)
(22, 83, 41)
(24, 81, 40)
(26, 81, 40)
(27, 81, 40)
(28, 81, 40)
(30, 83, 41)
(32, 84, 42)
(33, 84, 42)
(34, 83, 41)
(35, 81, 40)
(71/2, 76, 37)
(36, 79, 39)
(38, 78, 38)
(40, 74, 36)
(42, 79, 39)
(87/2, 75, 36)
(44, 76, 37)
(48, 72, 35)
(50, 77, 38)
(103/2, 72, 35)
(52, 74, 36)
(53, 79, 39)
(54, 76, 37)
(56, 81, 40)
(58, 81, 40)
(59, 81, 40)
(60, 81, 40)
(62, 83, 41)
(64, 84, 42)
(65, 81, 40)
(66, 79, 39)
(67, 78, 38)
(68, 79, 39)
(281/4, 83, 41)
(141/2, 79, 39)
(283/4, 76, 37)
(71, 74, 36)
(285/4, 71, 34)
(143/2, 67, 32)
(287/4, 64, 30)
(72, 62, 29)
(74, 62, 29)
(75, 62, 29)
(76, 62, 29)
(80, 70, 33)
(82, 70, 33)
(83, 70, 33)
(84, 71, 34)
(85, 74, 36)
(173/2, 74, 36)
(87, 74, 36)
(175/2, 74, 36)
(88, 74, 36)
(89, 78, 38)
(181/2, 78, 38)
(91, 78, 38)
(183/2, 78, 38)
(92, 78, 38)
(93, 86, 43)
(94, 85, 42)
(95, 83, 41)
(96, 81, 40)
(195/2, 81, 40)
(98, 81, 40)
(99, 79, 39)
(201/2, 78, 38)
(203/2, 79, 39)
(102, 78, 38)
(205/2, 76, 37)
(103, 74, 36)
(207/2, 76, 37)
(104, 78, 38)
(209/2, 69, 33)
(105, 69, 33)
(211/2, 69, 33)
(106, 69, 33)
(107, 67, 32)
(217/2, 66, 31)
(219/2, 67, 32)
(110, 66, 31)
(221/2, 64, 30)
(111, 62, 29)
(223/2, 64, 30)
(112, 66, 31)
(225/2, 68, 32)
(113, 69, 33)
(227/2, 71, 34)
(229/2, 71, 34)
(115, 73, 35)
(231/2, 74, 36)
(233/2, 74, 36)
(117, 76, 37)
(235/2, 78, 38)
(118, 78, 38)
(119, 76, 37)
(239/2, 74, 36)
(120, 73, 35)
(481/4, 74, 36)
(241/2, 76, 37)
(483/4, 79, 39)
(121, 78, 38)
(485/4, 74, 36)
(243/2, 73, 35)
(487/4, 76, 37)
(122, 74, 36)
(489/4, 69, 33)
(245/2, 73, 35)
(491/4, 76, 37)
(123, 74, 36)
(493/4, 69, 33)
(247/2, 70, 33)
(495/4, 73, 35)
(124, 71, 34)
(497/4, 67, 32)
(249/2, 66, 31)
(499/4, 69, 33)
(125, 67, 32)
(501/4, 62, 29)
(251/2, 66, 31)
(503/4, 62, 29)
(126, 64, 30)
(505/4, 66, 31)
(253/2, 67, 32)
(507/4, 68, 32)
(127, 69, 33)
(509/4, 71, 34)
(255/2, 73, 35)
(511/4, 74, 36)
(128, 76, 37)
(513/4, 78, 38)
(257/2, 79, 39)
(515/4, 80, 39)
(129, 81, 40)
(517/4, 84, 42)
(259/2, 83, 41)
(519/4, 81, 40)
(130, 80, 39)
(521/4, 79, 39)
(261/2, 78, 38)
(523/4, 76, 37)
(131, 75, 36)
(525/4, 76, 37)
(263/2, 79, 39)
(527/4, 76, 37)
(132, 73, 35)
(529/4, 74, 36)
(265/2, 78, 38)
(531/4, 74, 36)
(133, 71, 34)
(533/4, 69, 33)
(267/2, 74, 36)
(535/4, 69, 33)
(134, 67, 32)
(805/6, 66, 31)
(403/3, 69, 33)
(269/2, 74, 36)
(404/3, 69, 33)
(809/6, 66, 31)
(135, 62, 29)
(811/6, 66, 31)
(406/3, 69, 33)
(271/2, 74, 36)
(407/3, 78, 38)
(815/6, 74, 36)
(136, 69, 33)
(817/6, 74, 36)
(409/3, 76, 37)
(273/2, 81, 40)
(410/3, 76, 37)
(821/6, 74, 36)
(137, 76, 37)
(549/4, 81, 40)
(275/2, 85, 42)
(551/4, 88, 44)
(138, 93, 47)
(279/2, 73, 35)
(140, 74, 36)
(141, 66, 31)
(283/2, 66, 31)
(142, 69, 33)
(571/4, 67, 32)
(143, 66, 31)
(287/2, 66, 31)
(144, 66, 31)
(579/4, 64, 30)
(145, 62, 29)
(291/2, 59, 27)
(146, 57, 26)
(293/2, 57, 26)
(147, 57, 26)
(295/2, 57, 26)
(148, 57, 26)
(593/4, 62, 29)
(297/2, 66, 31)
(595/4, 69, 33)
(149, 74, 36)
(299/2, 74, 36)
(150, 74, 36)
(303/2, 78, 38)
(152, 78, 38)
(611/4, 76, 37)
(153, 74, 36)
(307/2, 71, 34)
(154, 69, 33)
(309/2, 69, 33)
(155, 69, 33)
(311/2, 69, 33)
(156, 69, 33)
(641/4, 74, 36)
(321/2, 78, 38)
(643/4, 74, 36)
(161, 81, 40)
(645/4, 73, 35)
(323/2, 76, 37)
(647/4, 74, 36)
(162, 73, 35)
(164, 74, 36)
(167, 79, 39)
(671/4, 75, 36)
(168, 76, 37)
(171, 81, 40)
(687/4, 78, 38)
(172, 79, 39)
(175, 84, 42)
(703/4, 80, 39)
(176, 81, 40)
(353/2, 83, 41)
(177, 86, 43)
(355/2, 84, 42)
(178, 83, 41)
(357/2, 81, 40)
(179, 77, 38)
(359/2, 76, 37)
(180, 74, 36)
(361/2, 72, 35)
(181, 71, 34)
(363/2, 69, 33)
(182, 65, 31)
(365/2, 64, 30)
(183, 62, 29)
(367/2, 60, 28)
(184, 59, 27)
(737/4, 62, 29)
(369/2, 67, 32)
(739/4, 62, 29)
(185, 71, 34)
(741/4, 66, 31)
(371/2, 69, 33)
(743/4, 67, 32)
(186, 59, 27)
(745/4, 62, 29)
(373/2, 67, 32)
(747/4, 62, 29)
(187, 71, 34)
(749/4, 66, 31)
(375/2, 69, 33)
(751/4, 67, 32)
(188, 60, 28)
(753/4, 64, 30)
(377/2, 69, 33)
(755/4, 64, 30)
(189, 72, 35)
(757/4, 68, 32)
(379/2, 71, 34)
(759/4, 69, 33)
(190, 67, 32)
(761/4, 66, 31)
(381/2, 69, 33)
(763/4, 66, 31)
(191, 62, 29)
(765/4, 63, 29)
(383/2, 64, 30)
(767/4, 66, 31)
(192, 67, 32)
(769/4, 62, 29)
(385/2, 67, 32)
(771/4, 62, 29)
(193, 71, 34)
(773/4, 66, 31)
(387/2, 69, 33)
(775/4, 67, 32)
(194, 59, 27)
(777/4, 62, 29)
(389/2, 67, 32)
(779/4, 62, 29)
(195, 71, 34)
(781/4, 66, 31)
(391/2, 69, 33)
(783/4, 67, 32)
(196, 66, 31)
(785/4, 69, 33)
(393/2, 72, 35)
(787/4, 69, 33)
(197, 67, 32)
(789/4, 66, 31)
(395/2, 64, 30)
(791/4, 66, 31)
(198, 67, 32)
(793/4, 71, 34)
(397/2, 76, 37)
(795/4, 71, 34)
(199, 67, 32)
(797/4, 66, 31)
(399/2, 67, 32)
(799/4, 66, 31)
(200, 64, 30)
(801/4, 67, 32)
(401/2, 69, 33)
(803/4, 67, 32)
(201, 76, 37)
(805/4, 66, 31)
(403/2, 69, 33)
(807/4, 67, 32)
(202, 64, 30)
(809/4, 67, 32)
(405/2, 69, 33)
(811/4, 67, 32)
(203, 76, 37)
(813/4, 66, 31)
(407/2, 69, 33)
(815/4, 67, 32)
(204, 66, 31)
(817/4, 69, 33)
(409/2, 74, 36)
(819/4, 69, 33)
(205, 66, 31)
(821/4, 62, 29)
(411/2, 60, 28)
(823/4, 62, 29)
(206, 59, 27)
(825/4, 62, 29)
(413/2, 65, 31)
(827/4, 71, 34)
(207, 74, 36)
(829/4, 77, 38)
(415/2, 76, 37)
(831/4, 74, 36)
(208, 72, 35)
(833/4, 69, 33)
(417/2, 64, 30)
(835/4, 62, 29)
(209, 60, 28)
(837/4, 59, 27)
(419/2, 60, 28)
(839/4, 57, 26)
(210, 59, 27)
(841/4, 62, 29)
(421/2, 67, 32)
(843/4, 71, 34)
(211, 72, 35)
(845/4, 68, 32)
(423/2, 71, 34)
(847/4, 69, 33)
(212, 81, 40)
(214, 81, 40)
(215, 81, 40)
(216, 82, 40)
(218, 83, 41)
(219, 84, 42)
(439/2, 85, 42)
(220, 88, 44)
(664/3, 86, 43)
(665/3, 84, 42)
(222, 81, 40)
(667/3, 78, 38)
(668/3, 74, 36)
(223, 75, 36)
(670/3, 76, 37)
(671/3, 72, 35)
(224, 71, 34)
(451/2, 74, 36)
(226, 74, 36)
(227, 72, 35)
(457/2, 71, 34)
(459/2, 72, 35)
(230, 71, 34)
(461/2, 69, 33)
(231, 67, 32)
(463/2, 69, 33)
(232, 71, 34)
(465/2, 62, 29)
(233, 62, 29)
(467/2, 62, 29)
(234, 62, 29)
(235, 60, 28)
(237, 59, 27)
(475/2, 60, 28)
(238, 59, 27)
(477/2, 57, 26)
(239, 55, 25)
(479/2, 57, 26)
(240, 59, 27)
(481/2, 61, 28)
(241, 62, 29)
(483/2, 64, 30)
(485/2, 64, 30)
(243, 66, 31)
(487/2, 67, 32)
(489/2, 67, 32)
(245, 69, 33)
(491/2, 71, 34)
(246, 73, 35)
(493/2, 74, 36)
(247, 76, 37)
(993/4, 74, 36)
(497/2, 81, 40)
(995/4, 84, 42)
(249, 83, 41)
(997/4, 79, 39)
(499/2, 78, 38)
(999/4, 81, 40)
(250, 79, 39)
(1001/4, 74, 36)
(501/2, 75, 36)
(1003/4, 78, 38)
(251, 76, 37)
(1005/4, 72, 35)
(503/2, 71, 34)
(1007/4, 74, 36)
(252, 72, 35)
(1009/4, 67, 32)
(505/2, 71, 34)
(1011/4, 74, 36)
(253, 72, 35)
(1013/4, 67, 32)
(507/2, 71, 34)
(1015/4, 67, 32)
(254, 69, 33)
(1017/4, 71, 34)
(509/2, 72, 35)
(1019/4, 73, 35)
(255, 74, 36)
(1021/4, 76, 37)
(511/2, 78, 38)
(1023/4, 79, 39)
(256, 81, 40)
(1025/4, 83, 41)
(513/2, 84, 42)
(1027/4, 85, 42)
(257, 86, 43)
(1029/4, 89, 45)
(515/2, 88, 44)
(1031/4, 86, 43)
(258, 85, 42)
(1033/4, 84, 42)
(517/2, 83, 41)
(1035/4, 81, 40)
(259, 80, 39)
(1037/4, 81, 40)
(519/2, 84, 42)
(1039/4, 81, 40)
(260, 78, 38)
(1041/4, 79, 39)
(521/2, 83, 41)
(1043/4, 79, 39)
(261, 78, 38)
(1045/4, 74, 36)
(523/2, 72, 35)
(1047/4, 69, 33)
(262, 67, 32)
(1049/4, 62, 29)
(525/2, 59, 27)
(1051/4, 62, 29)
(263, 71, 34)
(527/2, 71, 34)
(264, 74, 36)
(1059/4, 72, 35)
(265, 71, 34)
(531/2, 71, 34)
(266, 71, 34)
(1067/4, 69, 33)
(267, 67, 32)
(535/2, 64, 30)
(268, 62, 29)
(537/2, 62, 29)
(269, 62, 29)
(539/2, 62, 29)
(270, 62, 29)
(1081/4, 67, 32)
(541/2, 71, 34)
(1083/4, 74, 36)
(271, 79, 39)
(543/2, 79, 39)
(272, 79, 39)
(547/2, 74, 36)
(274, 78, 38)
(1099/4, 76, 37)
(275, 74, 36)
(551/2, 73, 35)
(553/2, 76, 37)
(277, 74, 36)
(555/2, 73, 35)
(278, 74, 36)
(557/2, 67, 32)
(279, 72, 35)
(559/2, 66, 31)
(280, 67, 32)
(282, 69, 33)
(284, 69, 33)
(285, 69, 33)
(286, 69, 33)
(575/2, 74, 36)
(288, 74, 36)
(289, 71, 34)
(290, 81, 40)
(292, 81, 40)
(293, 81, 40)
(294, 81, 40)
(591/2, 86, 43)
(296, 86, 43)
(297, 79, 39)
(298, 78, 38)
(599/2, 86, 43)
(300, 86, 43)
(301, 77, 38)
(302, 76, 37)
(607/2, 72, 35)
(304, 75, 37)
(306, 74, 36)
(307, 74, 36)
(308, 86, 43)
(1257/4, 83, 41)
(629/2, 81, 40)
(1259/4, 79, 39)
(315, 76, 37)
(1261/4, 74, 36)
(631/2, 76, 37)
(1263/4, 74, 36)
(316, 79, 39)
(1265/4, 74, 36)
(633/2, 72, 35)
(1267/4, 71, 34)
(317, 74, 36)
(1269/4, 71, 34)
(635/2, 69, 33)
(1271/4, 67, 32)
(318, 62, 29)
(1273/4, 67, 32)
(637/2, 71, 34)
(1275/4, 66, 31)
(319, 69, 33)
(1277/4, 67, 32)
(639/2, 64, 30)
(1279/4, 62, 29)
(320, 64, 30)
(321, 62, 29)
(322, 64, 30)
(323, 62, 29)
(324, 67, 32)
(326, 67, 32)
(327, 67, 32)
(328, 67, 32)
(10000, 59, 27)
(40001/4, 62, 29)
(20001/2, 67, 32)
(40003/4, 62, 29)
(10001, 71, 34)
(40005/4, 66, 31)
(20003/2, 69, 33)
(40007/4, 67, 32)
(10002, 59, 27)
(40009/4, 62, 29)
(20005/2, 67, 32)
(40011/4, 62, 29)
(10003, 71, 34)
(40013/4, 66, 31)
(20007/2, 69, 33)
(40015/4, 67, 32)
(10004, 60, 28)
(40017/4, 64, 30)
(20009/2, 69, 33)
(40019/4, 64, 30)
(10005, 72, 35)
(40021/4, 68, 32)
(20011/2, 71, 34)
(40023/4, 69, 33)
(10006, 67, 32)
(40025/4, 66, 31)
(20013/2, 69, 33)
(40027/4, 66, 31)
(10007, 62, 29)
(40029/4, 63, 29)
(20015/2, 64, 30)
(40031/4, 66, 31)
(10008, 67, 32)
(40033/4, 62, 29)
(20017/2, 67, 32)
(40035/4, 62, 29)
(10009, 71, 34)
(40037/4, 66, 31)
(20019/2, 69, 33)
(40039/4, 67, 32)
(10010, 59, 27)
(40041/4, 62, 29)
(20021/2, 67, 32)
(40043/4, 62, 29)
(10011, 71, 34)
(40045/4, 66, 31)
(20023/2, 69, 33)
(40047/4, 67, 32)
(10012, 60, 28)
(40049/4, 64, 30)
(20025/2, 69, 33)
(40051/4, 64, 30)
(10013, 72, 35)
(40053/4, 68, 32)
(20027/2, 71, 34)
(40055/4, 69, 33)
(10014, 67, 32)
(40057/4, 66, 31)
(20029/2, 69, 33)
(40059/4, 66, 31)
(10015, 62, 29)
(40061/4, 63, 29)
(20031/2, 64, 30)
(40063/4, 66, 31)
(10016, 67, 32)
(40065/4, 62, 29)
(20033/2, 67, 32)
(40067/4, 62, 29)
(10017, 71, 34)
(40069/4, 66, 31)
(20035/2, 69, 33)
(40071/4, 67, 32)
(10018, 55, 25)
(40073/4, 62, 29)
(20037/2, 67, 32)
(40075/4, 62, 29)
(10019, 71, 34)
(40077/4, 66, 31)
(20039/2, 69, 33)
(40079/4, 67, 32)
(10020, 66, 31)
(40081/4, 69, 33)
(20041/2, 72, 35)
(40083/4, 69, 33)
(10021, 67, 32)
(40085/4, 66, 31)
(20043/2, 64, 30)
(40087/4, 66, 31)
(10022, 69, 33)
(40089/4, 67, 32)
(20045/2, 66, 31)
(40091/4, 64, 30)
(10023, 62, 29)
(40093/4, 61, 28)
(20047/2, 62, 29)
(40095/4, 63, 29)
(10024, 64, 30)
(40097/4, 67, 32)
(20049/2, 69, 33)
(40099/4, 67, 32)
(10025, 76, 37)
(40101/4, 66, 31)
(20051/2, 69, 33)
(40103/4, 67, 32)
(10026, 64, 30)
(40105/4, 67, 32)
(20053/2, 69, 33)
(40107/4, 67, 32)
(10027, 76, 37)
(40109/4, 66, 31)
(20055/2, 69, 33)
(40111/4, 67, 32)
(10028, 66, 31)
(40113/4, 69, 33)
(20057/2, 74, 36)
(40115/4, 69, 33)
(10029, 66, 31)
(40117/4, 62, 29)
(20059/2, 60, 28)
(40119/4, 62, 29)
(10030, 59, 27)
(40121/4, 62, 29)
(20061/2, 64, 30)
(40123/4, 62, 29)
(10031, 71, 34)
(40125/4, 68, 32)
(20063/2, 64, 30)
(40127/4, 62, 29)
(10032, 60, 28)
(40129/4, 64, 30)
(20065/2, 69, 33)
(40131/4, 64, 30)
(10033, 72, 35)
(40133/4, 68, 32)
(20067/2, 71, 34)
(40135/4, 69, 33)
(10034, 74, 36)
(40137/4, 70, 33)
(20069/2, 72, 35)
(40139/4, 71, 34)
(10035, 76, 37)
(40141/4, 71, 34)
(20071/2, 74, 36)
(40143/4, 72, 35)
(10036, 71, 34)
(40145/4, 74, 36)
(20073/2, 79, 39)
(40147/4, 74, 36)
(10037, 72, 35)
(40149/4, 71, 34)
(20075/2, 72, 35)
(40151/4, 73, 35)
(10038, 74, 36)
(40153/4, 69, 33)
(20077/2, 66, 31)
(40155/4, 67, 32)
(10039, 69, 33)
(40157/4, 66, 31)
(20079/2, 62, 29)
(40159/4, 60, 28)
(10040, 59, 27)
(40161/4, 62, 29)
(20081/2, 67, 32)
(40163/4, 62, 29)
(10041, 71, 34)
(40165/4, 66, 31)
(20083/2, 69, 33)
(40167/4, 67, 32)
(10042, 59, 27)
(40169/4, 62, 29)
(20085/2, 67, 32)
(40171/4, 62, 29)
(10043, 71, 34)
(40173/4, 66, 31)
(20087/2, 67, 32)
(40175/4, 65, 31)
(10044, 64, 30)
(40177/4, 62, 29)
(20089/2, 64, 30)
(40179/4, 62, 29)
(10045, 71, 34)
(40181/4, 62, 29)
(20091/2, 65, 31)
(40183/4, 64, 30)
(40185/4, 64, 30)
(20093/2, 69, 33)
(40187/4, 64, 30)
(10047, 72, 35)
(40189/4, 69, 33)
(20095/2, 71, 34)
(40191/4, 74, 36)
(10048, 72, 35)
(40193/4, 64, 30)
(20097/2, 69, 33)
(40195/4, 64, 30)
(10049, 72, 35)
(40197/4, 68, 32)
(20099/2, 71, 34)
(40199/4, 69, 33)
(10050, 60, 28)
(40201/4, 65, 31)
(20101/2, 69, 33)
(40203/4, 65, 31)
(10051, 72, 35)
(40205/4, 68, 32)
(20103/2, 71, 34)
(40207/4, 69, 33)
(10052, 62, 29)
(40209/4, 65, 31)
(20105/2, 67, 32)
(40211/4, 65, 31)
(10053, 62, 29)
(40213/4, 65, 31)
(20107/2, 71, 34)
(40215/4, 74, 36)
(40217/4, 72, 35)
(20109/2, 71, 34)
(40219/4, 69, 33)
(10055, 67, 32)
(40221/4, 65, 31)
(20111/2, 64, 30)
(40223/4, 63, 29)
(10056, 64, 30)
(40225/4, 67, 32)
(20113/2, 69, 33)
(40227/4, 67, 32)
(10057, 76, 37)
(40229/4, 66, 31)
(20115/2, 69, 33)
(40231/4, 67, 32)
(10058, 64, 30)
(40233/4, 67, 32)
(20117/2, 69, 33)
(40235/4, 67, 32)
(10059, 76, 37)
(40237/4, 66, 31)
(20119/2, 69, 33)
(40239/4, 67, 32)
(10060, 66, 31)
(40241/4, 69, 33)
(20121/2, 74, 36)
(40243/4, 69, 33)
(10061, 66, 31)
(40245/4, 62, 29)
(20123/2, 60, 28)
(40247/4, 62, 29)
(10062, 59, 27)
(40249/4, 62, 29)
(20125/2, 64, 30)
(40251/4, 62, 29)
(10063, 71, 34)
(40253/4, 68, 32)
(20127/2, 64, 30)
(40255/4, 62, 29)
(10064, 60, 28)
(40257/4, 64, 30)
(20129/2, 69, 33)
(40259/4, 64, 30)
(10065, 60, 28)
(40261/4, 59, 27)
(20131/2, 60, 28)
(40263/4, 57, 26)
(10066, 59, 27)
(40265/4, 62, 29)
(20133/2, 67, 32)
(40267/4, 71, 34)
(10067, 72, 35)
(40269/4, 71, 34)
(20135/2, 74, 36)
(40271/4, 72, 35)
(10068, 71, 34)
(40273/4, 74, 36)
(20137/2, 79, 39)
(40275/4, 74, 36)
(10069, 71, 34)
(40277/4, 67, 32)
(20139/2, 62, 29)
(40279/4, 60, 28)
(10070, 59, 27)
(10072, 60, 28)
(40293/4, 59, 27)
(20147/2, 62, 29)
(40295/4, 60, 28)
(10074, 60, 28)
(40301/4, 59, 27)
(20151/2, 62, 29)
(40303/4, 60, 28)
(10076, 59, 27)
(40309/4, 62, 29)
(20155/2, 67, 32)
(40311/4, 62, 29)
(10078, 71, 34)
(10080, 64, 30)
(40325/4, 67, 32)
(20163/2, 66, 31)
(40327/4, 64, 30)
(10082, 64, 30)
(40333/4, 67, 32)
(20167/2, 66, 31)
(40335/4, 64, 30)
(10084, 62, 29)
(10085, 71, 34)
(20173/2, 71, 34)
(10087, 71, 34)
(20175/2, 71, 34)
(10088, 71, 34)
(10089, 74, 36)
(20181/2, 74, 36)
(10091, 74, 36)
(20183/2, 74, 36)
(10092, 74, 36)
(40373/4, 65, 31)
(20187/2, 71, 34)
(40375/4, 74, 36)
(10094, 76, 37)
(40381/4, 69, 33)
(20191/2, 73, 35)
(40383/4, 76, 37)
(10096, 78, 38)
(20195/2, 78, 38)
(10098, 78, 38)
(10099, 76, 37)
(20201/2, 74, 36)
(20203/2, 74, 36)
(20205/2, 73, 35)
(10103, 71, 34)
(20207/2, 73, 35)
(10104, 74, 36)
(20209/2, 66, 31)
(10105, 66, 31)
(20211/2, 66, 31)
(10106, 66, 31)
(10107, 64, 30)
(20217/2, 62, 29)
(20219/2, 62, 29)
(20221/2, 61, 28)
(10111, 59, 27)
(20223/2, 61, 28)
(10112, 62, 29)
(40449/4, 64, 30)
(20225/2, 62, 29)
(40451/4, 64, 30)
(10113, 62, 29)
(40453/4, 64, 30)
(20227/2, 62, 29)
(40455/4, 64, 30)
(10114, 62, 29)
(40457/4, 64, 30)
(20229/2, 62, 29)
(40459/4, 64, 30)
(10115, 62, 29)
(40461/4, 64, 30)
(20231/2, 62, 29)
(40463/4, 64, 30)
(10116, 62, 29)
(40465/4, 64, 30)
(20233/2, 62, 29)
(40467/4, 64, 30)
(10117, 62, 29)
(40469/4, 64, 30)
(20235/2, 62, 29)
(40471/4, 64, 30)
(10118, 62, 29)
(40473/4, 64, 30)
(20237/2, 62, 29)
(40475/4, 64, 30)
(10119, 62, 29)
(40477/4, 64, 30)
(20239/2, 66, 31)
(40479/4, 68, 32)
(10120, 69, 33)
(20247/2, 74, 36)
(10124, 74, 36)
(20251/2, 62, 29)
(10126, 64, 30)
(10127, 62, 29)
(10128, 61, 28)
(10129, 60, 28)
(10130, 59, 27)
(10132, 57, 26)
(10132, 62, 29)
(10137, 61, 28)
(20275/2, 59, 27)
(10138, 57, 26)
(10141, 62, 29)
(20283/2, 62, 29)
(10142, 62, 29)
(20287/2, 62, 29)
(10144, 62, 29)
(40579/4, 61, 28)
(10145, 59, 27)
(20291/2, 55, 25)
(20293/2, 62, 29)
(10147, 61, 28)
(20295/2, 64, 30)
(10148, 62, 29)
(10149, 78, 38)
(20299/2, 78, 38)
(10150, 81, 40)
(40603/4, 79, 39)
(10151, 78, 38)
(20303/2, 74, 36)
(10152, 74, 36)
(40611/4, 73, 35)
(10153, 71, 34)
(20307/2, 71, 34)
(10154, 66, 31)
(60925/6, 66, 31)
(30464/3, 67, 32)
(20311/2, 64, 30)
(10156, 66, 31)
(40625/4, 69, 33)
(20313/2, 74, 36)
(40627/4, 69, 33)
(10157, 78, 38)
(40629/4, 73, 35)
(20315/2, 76, 37)
(40631/4, 74, 36)
(10158, 67, 32)
(10160, 66, 31)
(10162, 67, 32)
(10164, 57, 26)
(40657/4, 62, 29)
(20329/2, 66, 31)
(40659/4, 62, 29)
(10165, 67, 32)
(40661/4, 61, 28)
(20331/2, 64, 30)
(40663/4, 62, 29)
(10166, 62, 29)
(40665/4, 66, 31)
(20333/2, 69, 33)
(40667/4, 66, 31)
(10167, 71, 34)
(40669/4, 66, 31)
(20335/2, 67, 32)
(40671/4, 65, 31)
(10168, 59, 27)
(40673/4, 64, 30)
(20337/2, 68, 32)
(40675/4, 64, 30)
(10169, 69, 33)
(40677/4, 63, 29)
(20339/2, 65, 31)
(40679/4, 64, 30)
(10170, 64, 30)
(40681/4, 68, 32)
(20341/2, 71, 34)
(40683/4, 68, 32)
(10171, 72, 35)
(40685/4, 69, 33)
(20343/2, 64, 30)
(40687/4, 69, 33)
(10172, 62, 29)
(40689/4, 67, 32)
(20345/2, 71, 34)
(40691/4, 67, 32)
(10173, 72, 35)
(40693/4, 66, 31)
(20347/2, 69, 33)
(40695/4, 67, 32)
(10174, 67, 32)
(40697/4, 71, 34)
(20349/2, 74, 36)
(40699/4, 71, 34)
(10175, 76, 37)
(40701/4, 71, 34)
(20351/2, 74, 36)
(40703/4, 72, 35)
(10176, 72, 35)
(40705/4, 76, 37)
(20353/2, 80, 39)
(40707/4, 76, 37)
(10177, 81, 40)
(40709/4, 77, 38)
(20355/2, 76, 37)
(40711/4, 75, 36)
(10178, 76, 37)
(40721/4, 65, 31)
(20361/2, 64, 30)
(40723/4, 69, 33)
(10181, 68, 32)
(40725/4, 62, 29)
(20363/2, 60, 28)
(40727/4, 64, 30)
(10182, 62, 29)
(40729/4, 59, 27)
(20365/2, 64, 30)
(40731/4, 60, 28)
(10183, 59, 27)
(40733/4, 56, 25)
(20367/2, 57, 26)
(40735/4, 64, 30)
(10184, 55, 25)
(20369/2, 59, 27)
(10185, 62, 29)
(20371/2, 59, 27)
(10186, 55, 25)
(20373/2, 59, 27)
(10187, 62, 29)
(20375/2, 59, 27)
(20377/2, 60, 28)
(10189, 64, 30)
(20379/2, 60, 28)
(20381/2, 57, 26)
(10191, 66, 31)
(20383/2, 57, 26)
(10192, 59, 27)
(20385/2, 62, 29)
(10193, 67, 32)
(20387/2, 62, 29)
(10194, 62, 29)
(20389/2, 59, 27)
(10195, 62, 29)
(20391/2, 59, 27)
(10196, 57, 26)
(20393/2, 66, 31)
(10197, 62, 29)
(20395/2, 57, 26)
(10198, 55, 25)
(20397/2, 57, 26)
(10199, 59, 27)
(20399/2, 64, 30)
(10200, 55, 25)
(20401/2, 64, 30)
(10201, 69, 33)
(20403/2, 64, 30)
(10202, 55, 25)
(20405/2, 64, 30)
(10203, 69, 33)
(20407/2, 64, 30)
(10204, 62, 29)
(20409/2, 66, 31)
(10205, 62, 29)
(20411/2, 57, 26)
(10206, 62, 29)
(20413/2, 62, 29)
(10207, 71, 34)
(20415/2, 65, 31)
(10208, 64, 30)
(20417/2, 60, 28)
(10209, 64, 30)
(20419/2, 63, 30)
(10210, 62, 29)
(20421/2, 59, 27)
(10211, 57, 26)
(20423/2, 66, 31)
(10212, 64, 30)
(40849/4, 67, 32)
(20425/2, 69, 33)
(40851/4, 67, 32)
(10213, 76, 37)
(40853/4, 66, 31)
(20427/2, 69, 33)
(40855/4, 67, 32)
(10214, 64, 30)
(10216, 64, 30)
(40865/4, 67, 32)
(20433/2, 70, 33)
(40867/4, 67, 32)
(10217, 76, 37)
(10218, 64, 30)
(40873/4, 67, 32)
(20437/2, 71, 34)
(40875/4, 67, 32)
(10219, 76, 37)
(40877/4, 66, 31)
(20439/2, 69, 33)
(40879/4, 67, 32)
(10220, 62, 29)
(40881/4, 69, 33)
(20441/2, 72, 35)
(40883/4, 69, 33)
(10221, 72, 35)
(10223, 72, 35)
(20451/2, 71, 34)
(10226, 71, 34)
(10227, 69, 33)
(20457/2, 67, 32)
(20459/2, 67, 32)
(20461/2, 66, 31)
(10231, 64, 30)
(20463/2, 66, 31)
(10232, 67, 32)
(20465/2, 59, 27)
(10233, 59, 27)
(20467/2, 59, 27)
(10234, 59, 27)
(10235, 57, 26)
(20483/2, 64, 30)
(40967/4, 61, 28)
(10242, 57, 26)
(20487/2, 67, 32)
(40975/4, 64, 30)
(10244, 61, 28)
(20491/2, 71, 34)
(20493/2, 71, 34)
(10247, 69, 33)
(20495/2, 67, 32)
(10248, 66, 31)
(40993/4, 69, 33)
(20497/2, 74, 36)
(40995/4, 69, 33)
(10249, 74, 36)
(40997/4, 71, 34)
(20499/2, 74, 36)
(40999/4, 72, 35)
(10250, 74, 36)
(41001/4, 71, 34)
(20501/2, 67, 32)
(41003/4, 66, 31)
(10251, 67, 32)
(41005/4, 64, 30)
(20503/2, 67, 32)
(41007/4, 62, 29)
(10252, 67, 32)
(41009/4, 60, 28)
(20505/2, 67, 32)
(41011/4, 62, 29)
(10253, 67, 32)
(41015/4, 71, 34)
(10254, 69, 33)
(10255, 67, 32)
(10256, 66, 31)
(10257, 65, 31)
(10258, 64, 30)
(10260, 62, 29)
(10263, 67, 32)
(20527/2, 67, 32)
(10264, 66, 31)
(41059/4, 64, 30)
(10265, 62, 29)
(10266, 61, 28)
(41067/4, 63, 29)
(10267, 64, 30)
(20535/2, 55, 25)
(10268, 55, 25)
(20537/2, 56, 25)
(10269, 57, 26)
(20539/2, 60, 28)
(10270, 59, 27)
(10271, 71, 34)
(20543/2, 71, 34)
(10272, 74, 36)
(41091/4, 72, 35)
(10273, 71, 34)
(20547/2, 71, 34)
(10274, 71, 34)
(20549/2, 70, 34)
(10275, 70, 34)
(20551/2, 70, 34)
(20553/2, 70, 34)
(10277, 70, 34)
(20555/2, 70, 34)
(10278, 69, 33)
(20557/2, 67, 32)
(10279, 60, 28)
(20559/2, 60, 28)
(10280, 59, 27)
(41121/4, 64, 30)
(20561/2, 67, 32)
(41123/4, 71, 34)
(10281, 69, 33)
(41125/4, 67, 32)
(20563/2, 66, 31)
(41127/4, 64, 30)
(10282, 57, 26)
(41129/4, 64, 30)
(20565/2, 67, 32)
(41131/4, 64, 30)
(10283, 69, 33)
(41133/4, 63, 29)
(20567/2, 66, 31)
(41135/4, 64, 30)
(10284, 57, 26)
(41137/4, 64, 30)
(20569/2, 67, 32)
(41139/4, 64, 30)
(10285, 69, 33)
(41141/4, 63, 29)
(20571/2, 66, 31)
(41143/4, 64, 30)
(10286, 60, 28)
(10288, 59, 27)
(41153/4, 60, 28)
(20577/2, 62, 29)
(41155/4, 64, 30)
(10289, 66, 31)
(41157/4, 67, 32)
(20579/2, 62, 29)
(41159/4, 59, 27)
(10290, 57, 26)
(41161/4, 64, 30)
(20581/2, 67, 32)
(41163/4, 64, 30)
(10291, 69, 33)
(41165/4, 63, 29)
(20583/2, 66, 31)
(41167/4, 64, 30)
(10292, 57, 26)
(41169/4, 64, 30)
(20585/2, 67, 32)
(41171/4, 64, 30)
(10293, 69, 33)
(41173/4, 63, 29)
(20587/2, 66, 31)
(41175/4, 64, 30)
(10294, 60, 28)
(10296, 59, 27)
(41185/4, 60, 28)
(20593/2, 62, 29)
(41187/4, 64, 30)
(10297, 66, 31)
(41189/4, 67, 32)
(20595/2, 69, 33)
(41191/4, 71, 34)
(10298, 69, 33)
(41193/4, 67, 32)
(20597/2, 66, 31)
(41195/4, 64, 30)
(10299, 62, 29)
(41197/4, 60, 28)
(20599/2, 59, 27)
(41199/4, 57, 26)
(10300, 62, 29)
(41201/4, 64, 30)
(20601/2, 65, 31)
(41203/4, 67, 32)
(10301, 69, 33)
(41205/4, 71, 34)
(20603/2, 72, 35)
(41207/4, 74, 36)
(10302, 76, 37)
(41209/4, 74, 36)
(20605/2, 72, 35)
(41211/4, 71, 34)
(10303, 69, 33)
(41213/4, 67, 32)
(20607/2, 65, 31)
(41215/4, 64, 30)
(10304, 66, 31)
(41217/4, 67, 32)
(20609/2, 69, 33)
(41219/4, 71, 34)
(10305, 72, 35)
(41221/4, 71, 34)
(20611/2, 69, 33)
(41223/4, 67, 32)
(10306, 66, 31)
(41225/4, 67, 32)
(20613/2, 69, 33)
(41227/4, 71, 34)
(10307, 72, 35)
(41229/4, 74, 36)
(20615/2, 76, 37)
(41231/4, 78, 38)
(10308, 79, 39)
(41233/4, 78, 38)
(20617/2, 79, 39)
(41235/4, 76, 37)
(10309, 74, 36)
(41237/4, 72, 35)
(20619/2, 71, 34)
(41239/4, 69, 33)
(10310, 67, 32)
(10312, 62, 29)
(20639/2, 60, 28)
(41279/4, 59, 27)
(10320, 60, 28)
(10321, 59, 27)
(10322, 60, 28)
(10323, 59, 27)
(10324, 59, 27)
(10326, 59, 27)
(10327, 59, 27)
(10328, 59, 27)
(20000, 55, 25)
(40001/2, 59, 27)
(20001, 62, 29)
(40003/2, 59, 27)
(20002, 55, 25)
(40005/2, 59, 27)
(20003, 62, 29)
(40007/2, 59, 27)
(20004, 55, 25)
(40009/2, 60, 28)
(20005, 64, 30)
(40011/2, 60, 28)
(40013/2, 57, 26)
(20007, 54, 24)
(40015/2, 60, 28)
(20008, 59, 27)
(40017/2, 59, 27)
(20009, 62, 29)
(40019/2, 59, 27)
(20010, 55, 25)
(40021/2, 59, 27)
(20011, 62, 29)
(40023/2, 59, 27)
(20012, 55, 25)
(40025/2, 60, 28)
(20013, 64, 30)
(40027/2, 60, 28)
(40029/2, 57, 26)
(20015, 54, 24)
(40031/2, 50, 22)
(40033/2, 50, 22)
(20017, 55, 25)
(40035/2, 59, 27)
(20018, 62, 29)
(40037/2, 59, 27)
(20019, 62, 29)
(40039/2, 59, 27)
(20020, 57, 26)
(40041/2, 54, 24)
(20021, 55, 25)
(40043/2, 57, 26)
(20022, 59, 27)
(20024, 55, 25)
(20024, 57, 26)
(20028, 54, 24)
(20028, 57, 26)
(40061/2, 59, 27)
(20031, 64, 30)
(40063/2, 59, 27)
(20032, 64, 30)
(40065/2, 60, 28)
(20033, 66, 31)
(40067/2, 60, 28)
(20034, 67, 32)
(40069/2, 62, 29)
(20035, 60, 28)
(40071/2, 57, 26)
(20036, 55, 25)
(40073/2, 59, 27)
(20037, 62, 29)
(40075/2, 64, 30)
(20038, 66, 31)
(20044, 52, 23)
(40089/2, 59, 27)
(20045, 62, 29)
(40091/2, 59, 27)
(20046, 52, 23)
(40093/2, 60, 28)
(20047, 64, 30)
(40095/2, 59, 27)
(20048, 57, 26)
(20051, 65, 31)
(40105/2, 62, 29)
(20053, 59, 27)
(40107/2, 55, 25)
(40109/2, 67, 32)
(20055, 64, 30)
(40111/2, 60, 28)
(20056, 55, 25)
(20056, 57, 26)
(20060, 54, 24)
(20060, 57, 26)
(20062, 52, 23)
(40125/2, 59, 27)
(20063, 64, 30)
(40127/2, 59, 27)
(20064, 57, 26)
(40129/2, 60, 28)
(20065, 64, 30)
(40131/2, 63, 30)
(20066, 62, 29)
(20067, 69, 33)
(20068, 67, 32)
(20072, 50, 22)
(80289/4, 57, 26)
(40145/2, 60, 28)
(80291/4, 57, 26)
(20073, 62, 29)
(80293/4, 56, 25)
(40147/2, 59, 27)
(80295/4, 57, 26)
(20074, 50, 22)
(80297/4, 57, 26)
(40149/2, 60, 28)
(80299/4, 57, 26)
(20075, 62, 29)
(80301/4, 56, 25)
(40151/2, 59, 27)
(80303/4, 57, 26)
(20076, 50, 22)
(80305/4, 55, 25)
(40153/2, 59, 27)
(80307/4, 55, 25)
(20077, 62, 29)
(20080, 54, 24)
(80321/4, 61, 28)
(40161/2, 64, 30)
(80323/4, 61, 28)
(20081, 66, 31)
(80325/4, 64, 30)
(40163/2, 62, 29)
(80327/4, 61, 28)
(20082, 54, 24)
(80329/4, 61, 28)
(40165/2, 64, 30)
(80331/4, 61, 28)
(20083, 66, 31)
(80333/4, 64, 30)
(40167/2, 62, 29)
(80335/4, 61, 28)
(20084, 59, 27)
(20085, 66, 31)
(40173/2, 66, 31)
(20087, 66, 31)
(40175/2, 66, 31)
(20088, 66, 31)
(20089, 71, 34)
(40181/2, 66, 31)
(20091, 66, 31)
(40183/2, 66, 31)
(20092, 66, 31)
(20093, 68, 32)
(20094, 69, 33)
(20095, 67, 32)
(20096, 66, 31)
(80385/4, 69, 33)
(40193/2, 71, 34)
(80387/4, 73, 35)
(20097, 74, 36)
(80389/4, 76, 37)
(40195/2, 74, 36)
(80391/4, 73, 35)
(20098, 71, 34)
(80393/4, 73, 35)
(40197/2, 74, 36)
(80395/4, 75, 36)
(20099, 76, 37)
(80397/4, 74, 36)
(40199/2, 73, 35)
(80399/4, 71, 34)
(20100, 69, 33)
(80401/4, 70, 33)
(40201/2, 71, 34)
(80403/4, 73, 35)
(20101, 74, 36)
(80405/4, 73, 35)
(40203/2, 71, 34)
(80407/4, 70, 34)
(20102, 69, 33)
(80409/4, 74, 36)
(40205/2, 69, 33)
(80411/4, 67, 32)
(20103, 66, 31)
(80413/4, 69, 33)
(40207/2, 67, 32)
(80415/4, 69, 33)
(20104, 66, 31)
(80417/4, 57, 26)
(40209/2, 59, 27)
(80419/4, 61, 28)
(20105, 62, 29)
(80421/4, 64, 30)
(40211/2, 62, 29)
(80423/4, 61, 28)
(20106, 59, 27)
(80425/4, 61, 28)
(40213/2, 62, 29)
(80427/4, 63, 29)
(20107, 64, 30)
(80429/4, 62, 29)
(40215/2, 61, 28)
(80431/4, 59, 27)
(20108, 57, 26)
(80433/4, 58, 26)
(40217/2, 59, 27)
(80435/4, 61, 28)
(20109, 62, 29)
(80437/4, 61, 28)
(40219/2, 59, 27)
(80439/4, 62, 29)
(20110, 57, 26)
(80441/4, 62, 29)
(40221/2, 57, 26)
(80443/4, 55, 25)
(20111, 54, 24)
(80445/4, 57, 26)
(40223/2, 55, 25)
(80447/4, 57, 26)
(20112, 54, 24)
(40227/2, 59, 27)
(80455/4, 56, 25)
(20114, 52, 23)
(40231/2, 62, 29)
(80463/4, 59, 27)
(20116, 56, 25)
(40233/2, 56, 25)
(20117, 56, 25)
(40235/2, 56, 25)
(20118, 56, 25)
(80477/4, 52, 23)
(40239/2, 54, 24)
(80479/4, 56, 25)
(20120, 57, 26)
(40247/2, 62, 29)
(20124, 62, 29)
(40251/2, 57, 26)
(20126, 61, 28)
(20127, 57, 26)
(20128, 55, 25)
(20129, 54, 24)
(20130, 59, 27)
(20131, 52, 23)
(20132, 54, 24)
(20136, 55, 25)
(20136, 57, 26)
(40277/2, 52, 23)
(40277/2, 55, 25)
(60416/3, 52, 23)
(60416/3, 55, 25)
(120835/6, 52, 23)
(120835/6, 55, 25)
(60419/3, 54, 24)
(60422/3, 62, 29)
(120847/6, 62, 29)
(60425/3, 61, 28)
(140997/7, 59, 27)
(60428/3, 57, 26)
(120859/6, 50, 22)
(60431/3, 52, 23)
(141011/7, 54, 24)
(60434/3, 55, 25)
(120871/6, 50, 22)
(60437/3, 54, 24)
(120877/6, 54, 24)
(60440/3, 52, 23)
(120883/6, 55, 25)
(60443/3, 54, 24)
(60446/3, 69, 33)
(120895/6, 69, 33)
(60449/3, 73, 35)
(141053/7, 71, 34)
(60452/3, 69, 33)
(120907/6, 66, 31)
(60455/3, 68, 32)
(141067/7, 70, 33)
(60458/3, 71, 34)
(120919/6, 62, 29)
(60461/3, 62, 29)
(120925/6, 63, 29)
(60464/3, 64, 30)
(120931/6, 61, 28)
(60467/3, 62, 29)
(60473/3, 57, 26)
(201579/10, 64, 30)
(120949/6, 67, 32)
(141109/7, 64, 30)
(60476/3, 69, 33)
(201589/10, 63, 29)
(120955/6, 66, 31)
(141116/7, 64, 30)
(60479/3, 62, 29)
(60482/3, 57, 26)
(201619/10, 58, 26)
(120973/6, 61, 28)
(141137/7, 59, 27)
(60488/3, 57, 26)
(201629/10, 55, 25)
(120979/6, 54, 24)
(141144/7, 52, 23)
(60491/3, 50, 22)
(60494/3, 50, 22)
(201649/10, 55, 25)
(120991/6, 59, 27)
(141158/7, 55, 25)
(60497/3, 60, 28)
(201659/10, 57, 26)
(120997/6, 62, 29)
(141165/7, 60, 28)
(60500/3, 59, 27)
(201669/10, 62, 29)
(121003/6, 59, 27)
(141172/7, 55, 25)
(60506/3, 52, 23)
(201689/10, 57, 26)
(121015/6, 60, 28)
(141186/7, 57, 26)
(60509/3, 62, 29)
(201699/10, 59, 27)
(121021/6, 64, 30)
(141193/7, 62, 29)
(60512/3, 60, 28)
(201709/10, 64, 30)
(121027/6, 60, 28)
(141200/7, 57, 26)
(60518/3, 55, 25)
(201729/10, 60, 28)
(121039/6, 64, 30)
(141214/7, 60, 28)
(60521/3, 65, 31)
(201739/10, 62, 29)
(121045/6, 67, 32)
(141221/7, 65, 31)
(60524/3, 64, 30)
(201749/10, 67, 32)
(121051/6, 64, 30)
(141228/7, 60, 28)
(60527/3, 64, 30)
(201779/10, 74, 36)
(121069/6, 72, 35)
(141249/7, 69, 33)
(60536/3, 74, 36)
(201789/10, 68, 32)
(121075/6, 69, 33)
(141256/7, 72, 35)
(60539/3, 71, 34)
(201819/10, 59, 27)
(121093/6, 60, 28)
(141277/7, 57, 26)
(60548/3, 56, 25)
(201829/10, 52, 23)
(121099/6, 57, 26)
(141284/7, 48, 21)
(60551/3, 50, 22)
(60575/3, 55, 25)
(60581/3, 59, 27)
(60584/3, 55, 25)
(60587/3, 50, 22)
(121183/6, 51, 22)
(60593/3, 52, 23)
(121189/6, 54, 24)
(60596/3, 55, 25)
(121195/6, 52, 23)
(60599/3, 49, 21)
(60611/3, 50, 22)
(60617/3, 56, 25)
(60623/3, 57, 26)
(60626/3, 48, 21)
(60629/3, 50, 22)
(60632/3, 50, 22)
(60635/3, 49, 21)
(60647/3, 52, 23)
(60647/3, 55, 25)
(60656/3, 52, 23)
(60656/3, 55, 25)
(60659/3, 60, 28)
(60659/3, 62, 29)
(60668/3, 69, 33)
(202239/10, 62, 29)
(121345/6, 64, 30)
(141571/7, 66, 31)
(60674/3, 67, 32)
(202249/10, 69, 33)
(121351/6, 67, 32)
(141578/7, 66, 31)
(60677/3, 64, 30)
(202259/10, 66, 31)
(121357/6, 67, 32)
(141585/7, 68, 32)
(60680/3, 69, 33)
(202269/10, 64, 30)
(121363/6, 66, 31)
(141592/7, 64, 30)
(60683/3, 62, 29)
(202279/10, 63, 29)
(121369/6, 64, 30)
(141599/7, 66, 31)
(60686/3, 67, 32)
(202289/10, 66, 31)
(121375/6, 64, 30)
(141606/7, 63, 30)
(60689/3, 62, 29)
(202299/10, 67, 32)
(121381/6, 62, 29)
(141613/7, 60, 28)
(60692/3, 59, 27)
(202309/10, 62, 29)
(121387/6, 60, 28)
(141620/7, 62, 29)
(60695/3, 59, 27)
(202319/10, 50, 22)
(121393/6, 52, 23)
(141627/7, 54, 24)
(60698/3, 55, 25)
(202329/10, 57, 26)
(121399/6, 55, 25)
(141634/7, 54, 24)
(60701/3, 52, 23)
(202339/10, 54, 24)
(121405/6, 55, 25)
(141641/7, 56, 25)
(60704/3, 57, 26)
(202349/10, 52, 23)
(121411/6, 54, 24)
(141648/7, 52, 23)
(60707/3, 50, 22)
(202359/10, 52, 23)
(121417/6, 54, 24)
(141655/7, 57, 26)
(60710/3, 55, 25)
(202369/10, 54, 24)
(121423/6, 52, 23)
(141662/7, 57, 26)
(60713/3, 55, 25)
(202379/10, 50, 22)
(121429/6, 54, 24)
(141669/7, 50, 22)
(60716/3, 52, 23)
(202389/10, 50, 22)
(121435/6, 54, 24)
(141676/7, 50, 22)
(60719/3, 55, 25)
(60722/3, 57, 26)
(60725/3, 55, 25)
(60728/3, 57, 26)
(60731/3, 55, 25)
(60734/3, 57, 26)
(60737/3, 55, 25)
(121477/6, 55, 25)
(60740/3, 52, 23)
(121483/6, 57, 26)
(121489/6, 57, 26)
(141739/7, 62, 29)
(60746/3, 59, 27)
(202489/10, 62, 29)
(121495/6, 60, 28)
(141746/7, 66, 31)
(60749/3, 62, 29)
(202499/10, 67, 32)
(121501/6, 55, 25)
(141753/7, 59, 27)
(60752/3, 55, 25)
(202509/10, 60, 28)
(121507/6, 55, 25)
(141760/7, 59, 27)
(60755/3, 55, 25)
(202519/10, 60, 28)
(121513/6, 55, 25)
(141767/7, 59, 27)
(60758/3, 55, 25)
(202529/10, 60, 28)
(121519/6, 55, 25)
(141774/7, 67, 32)
(60761/3, 66, 31)
(60764/3, 62, 29)
(60767/3, 60, 28)
(60770/3, 59, 27)
(60773/3, 64, 30)
(60776/3, 60, 28)
(60779/3, 59, 27)
(60782/3, 60, 28)
(60785/3, 59, 27)
(60788/3, 67, 32)
(121579/6, 67, 32)
(60791/3, 67, 32)
(121591/6, 67, 32)
(60797/3, 67, 32)
(141865/7, 66, 31)
(60800/3, 64, 30)
(121603/6, 57, 26)
(60803/3, 59, 27)
(121609/6, 59, 27)
(60806/3, 60, 28)
(121615/6, 54, 24)
(60809/3, 55, 25)
(60812/3, 67, 32)
(121627/6, 67, 32)
(60815/3, 67, 32)
(121645/6, 67, 32)
(60824/3, 67, 32)
(121651/6, 67, 32)
(121657/6, 67, 32)
(60830/3, 67, 32)
(121663/6, 67, 32)
(60833/3, 66, 31)
(121669/6, 67, 32)
(60836/3, 64, 30)
(121675/6, 66, 31)
(60839/3, 59, 27)
(60845/3, 52, 23)
(60845/3, 55, 25)
(60857/3, 54, 24)
(202859/10, 57, 26)
(121717/6, 62, 29)
(142005/7, 57, 26)
(60860/3, 54, 24)
(202869/10, 53, 23)
(121723/6, 54, 24)
(142012/7, 50, 22)
(60863/3, 50, 22)
(60869/3, 52, 23)
(60869/3, 55, 25)
(60878/3, 52, 23)
(60878/3, 55, 25)
(60881/3, 54, 24)
(202939/10, 57, 26)
(121765/6, 62, 29)
(142061/7, 57, 26)
(60884/3, 54, 24)
(202949/10, 53, 23)
(121771/6, 54, 24)
(142068/7, 50, 22)
(60887/3, 55, 25)
(202959/10, 57, 26)
(121777/6, 59, 27)
(142075/7, 60, 28)
(60890/3, 62, 29)
(202969/10, 64, 30)
(121783/6, 66, 31)
(142082/7, 67, 32)
(60893/3, 72, 35)
(202979/10, 71, 34)
(121789/6, 69, 33)
(142089/7, 67, 32)
(60896/3, 66, 31)
(202989/10, 64, 30)
(121795/6, 62, 29)
(142096/7, 60, 28)
(60899/3, 59, 27)
(202999/10, 60, 28)
(121801/6, 62, 29)
(142103/7, 64, 30)
(60902/3, 65, 31)
(203009/10, 67, 32)
(121807/6, 69, 33)
(142110/7, 71, 34)
(60905/3, 72, 35)
(203019/10, 71, 34)
(121813/6, 69, 33)
(142117/7, 67, 32)
(60908/3, 65, 31)
(203029/10, 64, 30)
(121819/6, 62, 29)
(142124/7, 60, 28)
(60911/3, 57, 26)
(203039/10, 58, 27)
(121825/6, 60, 28)
(142131/7, 62, 29)
(60914/3, 63, 30)
(203049/10, 62, 29)
(121831/6, 60, 28)
(142138/7, 58, 27)
(60917/3, 57, 26)
(203059/10, 59, 27)
(121837/6, 60, 28)
(142145/7, 62, 29)
(60920/3, 64, 30)
(203069/10, 66, 31)
(121843/6, 67, 32)
(142152/7, 69, 33)
(60923/3, 71, 34)
(203079/10, 70, 33)
(121849/6, 71, 34)
(142159/7, 72, 35)
(60926/3, 71, 34)
(203089/10, 66, 31)
(121855/6, 67, 32)
(142166/7, 66, 31)
(60929/3, 67, 32)
(203099/10, 66, 31)
(121861/6, 67, 32)
(142173/7, 64, 30)
(60932/3, 62, 29)
(203109/10, 61, 28)
(121867/6, 62, 29)
(142180/7, 60, 28)
(60935/3, 59, 27)
(203119/10, 60, 28)
(121873/6, 59, 27)
(142187/7, 58, 26)
(60938/3, 59, 27)
(203129/10, 57, 26)
(121879/6, 55, 25)
(142194/7, 57, 26)
(60941/3, 59, 27)
(121915/6, 55, 25)
(60959/3, 54, 24)
(60962/3, 55, 25)
(60965/3, 54, 24)
(60968/3, 55, 25)
(60971/3, 50, 22)
(60977/3, 50, 22)
(60980/3, 50, 22)
(60983/3, 50, 22)
(30000, 43, 18)
(30018, 47, 20)
(30019, 43, 18)
(30020, 38, 15)
(30022, 43, 18)
(30024, 49, 21)
(30024, 52, 23)
(30028, 50, 22)
(30030, 44, 18)
(30032, 45, 19)
(30033, 45, 19)
(30034, 47, 20)
(30035, 48, 21)
(30036, 50, 22)
(30044, 44, 18)
(30046, 48, 21)
(60095/2, 44, 18)
(30048, 45, 19)
(30051, 45, 19)
(30052, 47, 20)
(30053, 43, 18)
(30054, 36, 14)
(30056, 49, 21)
(30056, 52, 23)
(30060, 50, 22)
(30062, 44, 18)
(30064, 45, 19)
(30065, 48, 21)
(30066, 50, 22)
(30067, 38, 15)
(30068, 43, 18)
(30072, 42, 17)
(30074, 42, 17)
(30075, 42, 17)
(30076, 43, 18)
(120313/4, 62, 29)
(60157/2, 59, 27)
(120315/4, 55, 25)
(30079, 52, 23)
(120317/4, 50, 22)
(60159/2, 47, 20)
(120319/4, 43, 18)
(30080, 42, 17)
(30082, 42, 17)
(30083, 42, 17)
(30084, 42, 17)
(120337/4, 47, 20)
(60169/2, 50, 22)
(120339/4, 47, 20)
(30085, 54, 24)
(120341/4, 49, 21)
(60171/2, 52, 23)
(120343/4, 50, 22)
(30086, 42, 17)
(120345/4, 47, 20)
(60173/2, 50, 22)
(120347/4, 47, 20)
(30087, 54, 24)
(120349/4, 49, 21)
(60175/2, 52, 23)
(120351/4, 50, 22)
(30088, 44, 18)
(120353/4, 47, 20)
(60177/2, 50, 22)
(120355/4, 47, 20)
(30089, 54, 24)
(120357/4, 49, 21)
(60179/2, 52, 23)
(120359/4, 50, 22)
(30090, 45, 19)
(120361/4, 50, 22)
(60181/2, 54, 24)
(120363/4, 50, 22)
(30091, 46, 19)
(120365/4, 50, 22)
(60183/2, 54, 24)
(120367/4, 50, 22)
(30092, 47, 20)
(120369/4, 50, 22)
(60185/2, 54, 24)
(120371/4, 59, 27)
(30094, 49, 21)
(120377/4, 52, 23)
(60189/2, 57, 26)
(120379/4, 61, 28)
(30096, 62, 29)
(30101, 55, 25)
(30102, 57, 26)
(30104, 50, 22)
(60211/2, 42, 17)
(30106, 43, 18)
(60213/2, 47, 20)
(30107, 52, 23)
(60215/2, 55, 25)
(30108, 49, 21)
(60217/2, 50, 22)
(30109, 47, 20)
(60219/2, 43, 18)
(30110, 45, 19)
(60223/2, 45, 19)
(30112, 45, 19)
(60225/2, 47, 20)
(30113, 45, 19)
(60227/2, 44, 18)
(60229/2, 44, 18)
(30115, 45, 19)
(60231/2, 47, 20)
(60233/2, 47, 20)
(30117, 47, 20)
(60235/2, 47, 20)
(30118, 47, 20)
(30119, 52, 23)
(60241/2, 37, 14)
(120483/4, 45, 19)
(30121, 38, 15)
(120485/4, 45, 19)
(60243/2, 40, 16)
(120487/4, 45, 19)
(30122, 42, 17)
(120489/4, 45, 19)
(60245/2, 43, 18)
(120491/4, 45, 19)
(30123, 42, 17)
(120493/4, 45, 19)
(60247/2, 42, 17)
(120495/4, 50, 22)
(30124, 43, 18)
(120497/4, 50, 22)
(60249/2, 45, 19)
(120499/4, 50, 22)
(30125, 47, 20)
(120501/4, 50, 22)
(60251/2, 45, 19)
(120503/4, 57, 26)
(30126, 55, 25)
(30127, 54, 24)
(30128, 52, 23)
(30129, 51, 22)
(30130, 52, 23)
(30131, 43, 18)
(30132, 45, 19)
(60277/2, 45, 19)
(30139, 45, 19)
(60279/2, 45, 19)
(30140, 38, 15)
(30145, 43, 18)
(30146, 45, 19)
(60293/2, 45, 19)
(30147, 45, 19)
(60295/2, 45, 19)
(30148, 50, 22)
(30151, 50, 22)
(60303/2, 50, 22)
(30152, 52, 23)
(120611/4, 54, 24)
(30153, 59, 27)
(60307/2, 55, 25)
(30154, 57, 26)
(60309/2, 57, 26)
(30155, 57, 26)
(60311/2, 57, 26)
(30156, 50, 22)
(30158, 49, 21)
(30160, 50, 22)
(30162, 45, 19)
(30164, 47, 21)
(30165, 47, 20)
(30166, 45, 19)
(30167, 43, 18)
(30168, 50, 22)
(30169, 48, 21)
(30170, 47, 20)
(30171, 45, 19)
(30172, 53, 24)
(30173, 52, 23)
(30174, 50, 22)
(30175, 48, 21)
(30176, 60, 28)
(30184, 62, 29)
(30186, 67, 32)
(60375/2, 63, 29)
(30188, 64, 30)
(30190, 69, 33)
(30191, 60, 28)
(30192, 59, 27)
(30193, 62, 29)
(30194, 67, 32)
(60391/2, 71, 34)
(30196, 72, 35)
(30197, 72, 35)
(30198, 71, 34)
(30200, 69, 33)
(30202, 69, 33)
(30203, 69, 33)
(30204, 69, 33)
(30206, 71, 34)
(30208, 72, 35)
(30209, 69, 33)
(30210, 67, 32)
(30211, 66, 31)
(30212, 67, 32)
(30216, 48, 21)
(30218, 47, 20)
(30219, 45, 19)
(30220, 42, 17)
(30224, 55, 25)
(30229, 48, 21)
(30230, 50, 22)
(30232, 55, 25)
(60467/2, 47, 20)
(30234, 36, 14)
(60469/2, 40, 16)
(30235, 45, 19)
(60471/2, 48, 21)
(30236, 42, 17)
(60473/2, 38, 15)
(30237, 40, 16)
(60475/2, 36, 14)
(30238, 38, 15)
(60481/2, 52, 23)
(30241, 50, 22)
(60483/2, 49, 21)
(60485/2, 49, 21)
(30243, 50, 22)
(60487/2, 52, 23)
(60489/2, 52, 23)
(30245, 54, 24)
(60491/2, 55, 25)
(30246, 52, 23)
(60493/2, 50, 22)
(30247, 49, 21)
(30248, 48, 21)
(60497/2, 42, 17)
(30249, 43, 18)
(120997/4, 50, 22)
(60499/2, 45, 19)
(120999/4, 50, 22)
(30250, 47, 20)
(121001/4, 50, 22)
(60501/2, 47, 20)
(121003/4, 55, 25)
(30251, 48, 21)
(121005/4, 55, 25)
(60503/2, 50, 22)
(121007/4, 55, 25)
(30252, 52, 23)
(121009/4, 55, 25)
(60505/2, 53, 24)
(121011/4, 55, 25)
(30253, 52, 23)
(121013/4, 55, 25)
(60507/2, 50, 22)
(121015/4, 55, 25)
(30254, 48, 21)
(30255, 47, 20)
(30256, 45, 19)
(30257, 44, 18)
(30258, 45, 19)
(30259, 48, 21)
(30260, 50, 22)
(30262, 43, 18)
(30265, 55, 25)
(30266, 57, 26)
(121067/4, 59, 27)
(30267, 52, 23)
(60535/2, 49, 21)
(30268, 50, 22)
(60537/2, 50, 22)
(30269, 50, 22)
(60539/2, 50, 22)
(30270, 55, 25)
(30271, 67, 32)
(30272, 66, 31)
(121091/4, 64, 30)
(30273, 62, 29)
(30274, 62, 29)
(60549/2, 61, 28)
(30275, 62, 29)
(60551/2, 64, 30)
(60553/2, 61, 28)
(30277, 62, 29)
(60555/2, 64, 30)
(30278, 60, 28)
(60557/2, 59, 27)
(30279, 57, 26)
(60559/2, 51, 22)
(30280, 52, 23)
(30282, 37, 14)
(30286, 38, 15)
(30288, 43, 18)
(30290, 49, 21)
(30294, 50, 22)
(30296, 43, 18)
(30304, 36, 14)
(30306, 38, 15)
(30308, 43, 18)
(121239/4, 60, 28)
(30310, 59, 27)
(121241/4, 58, 26)
(60621/2, 59, 27)
(121243/4, 60, 28)
(30311, 59, 27)
(121245/4, 58, 26)
(60623/2, 59, 27)
(121247/4, 57, 26)
(30312, 55, 25)
(121249/4, 52, 23)
(60625/2, 50, 22)
(121251/4, 49, 21)
(30313, 50, 22)
(121253/4, 48, 21)
(60627/2, 47, 20)
(121255/4, 45, 19)
(30314, 43, 18)
(30326, 43, 18)
(30327, 43, 18)
(30328, 43, 18)
