(3, 59, 27)
(4, 64, 30)
(5, 67, 32)
(6, 71, 34)
(7, 76, 37)
(8, 79, 39)
(10, 78, 38)
(11, 76, 37)
(12, 66, 31)
(27/2, 66, 31)
(14, 71, 34)
(31/2, 71, 34)
(16, 69, 33)
(17, 67, 32)
(19, 69, 33)
(39/2, 71, 34)
(20, 74, 36)
(21, 72, 35)
(22, 71, 34)
(23, 69, 33)
(24, 67, 32)
(25, 66, 31)
(27, 66, 31)
(55/2, 67, 32)
(28, 71, 34)
(29, 69, 33)
(30, 67, 32)
(31, 66, 31)
(32, 64, 30)
(33, 63, 29)
(35, 59, 27)
(36, 64, 30)
(37, 67, 32)
(38, 71, 34)
(39, 76, 37)
(40, 79, 39)
(42, 78, 38)
(43, 76, 37)
(44, 66, 31)
(91/2, 66, 31)
(46, 71, 34)
(95/2, 71, 34)
(48, 69, 33)
(49, 68, 32)
(51, 69, 33)
(103/2, 71, 34)
(52, 74, 36)
(53, 72, 35)
(54, 71, 34)
(55, 69, 33)
(56, 69, 33)
(57, 68, 32)
(59, 69, 33)
(119/2, 71, 34)
(60, 74, 36)
(61, 72, 35)
(62, 71, 34)
(63, 69, 33)
(64, 76, 37)
(65, 75, 36)
(67, 71, 34)
(68, 83, 41)
(70, 81, 40)
(141/2, 79, 39)
(71, 78, 38)
(143/2, 76, 37)
(72, 74, 36)
(145/2, 72, 35)
(73, 78, 38)
(147/2, 76, 37)
(74, 74, 36)
(149/2, 72, 35)
(75, 71, 34)
(151/2, 69, 33)
(76, 67, 32)
(155/2, 69, 33)
(78, 71, 34)
(79, 71, 34)
(80, 71, 34)
(83, 71, 34)
(84, 83, 41)
(86, 81, 40)
(173/2, 79, 39)
(87, 78, 38)
(175/2, 76, 37)
(88, 74, 36)
(177/2, 72, 35)
(89, 78, 38)
(179/2, 76, 37)
(90, 74, 36)
(181/2, 72, 35)
(91, 71, 34)
(183/2, 69, 33)
(92, 67, 32)
(187/2, 69, 33)
(94, 71, 34)
(95, 71, 34)
(96, 64, 30)
(97, 64, 30)
(389/4, 66, 31)
(195/2, 67, 32)
(391/4, 64, 30)
(98, 71, 34)
(393/4, 69, 33)
(197/2, 67, 32)
(395/4, 66, 31)
(99, 64, 30)
(397/4, 66, 31)
(199/2, 67, 32)
(399/4, 64, 30)
(100, 72, 35)
(401/4, 71, 34)
(201/2, 69, 33)
(403/4, 67, 32)
(101, 66, 31)
(405/4, 67, 32)
(203/2, 69, 33)
(407/4, 66, 31)
(102, 72, 35)
(409/4, 71, 34)
(205/2, 69, 33)
(411/4, 67, 32)
(103, 66, 31)
(413/4, 67, 32)
(207/2, 66, 31)
(415/4, 64, 30)
(104, 63, 29)
(209/2, 69, 33)
(105, 69, 33)
(106, 75, 36)
(213/2, 75, 36)
(217/2, 81, 40)
(109, 81, 40)
(219/2, 81, 40)
(110, 81, 40)
(221/2, 78, 38)
(111, 75, 36)
(223/2, 69, 33)
(112, 67, 32)
(449/4, 69, 33)
(225/2, 67, 32)
(451/4, 66, 31)
(113, 64, 30)
(453/4, 66, 31)
(227/2, 67, 32)
(455/4, 64, 30)
(114, 71, 34)
(457/4, 69, 33)
(229/2, 67, 32)
(459/4, 66, 31)
(115, 64, 30)
(461/4, 66, 31)
(231/2, 67, 32)
(463/4, 64, 30)
(116, 72, 35)
(465/4, 71, 34)
(233/2, 69, 33)
(467/4, 67, 32)
(117, 66, 31)
(469/4, 67, 32)
(235/2, 69, 33)
(471/4, 66, 31)
(118, 72, 35)
(473/4, 71, 34)
(237/2, 69, 33)
(475/4, 67, 32)
(119, 66, 31)
(477/4, 67, 32)
(239/2, 66, 31)
(479/4, 64, 30)
(120, 63, 29)
(481/4, 64, 30)
(241/2, 66, 31)
(483/4, 63, 29)
(121, 69, 33)
(485/4, 67, 32)
(243/2, 66, 31)
(487/4, 64, 30)
(122, 63, 29)
(489/4, 64, 30)
(245/2, 66, 31)
(491/4, 63, 29)
(123, 69, 33)
(493/4, 67, 32)
(247/2, 66, 31)
(495/4, 64, 30)
(124, 63, 29)
(249/2, 78, 38)
(125, 78, 38)
(251/2, 78, 38)
(126, 78, 38)
(127, 66, 31)
(257/2, 79, 39)
(129, 79, 39)
(259/2, 79, 39)
(130, 79, 39)
(261/2, 76, 37)
(131, 72, 35)
(263/2, 67, 32)
(132, 69, 33)
(265/2, 62, 29)
(133, 74, 36)
(135, 74, 36)
(273/2, 83, 41)
(137, 83, 41)
(275/2, 83, 41)
(138, 83, 41)
(277/2, 79, 39)
(139, 76, 37)
(279/2, 76, 37)
(140, 76, 37)
(281/2, 88, 44)
(141, 88, 44)
(283/2, 88, 44)
(142, 88, 44)
(285/2, 85, 42)
(143, 82, 40)
(287/2, 76, 37)
(144, 74, 36)
(289/2, 86, 43)
(145, 86, 43)
(291/2, 86, 43)
(146, 86, 43)
(293/2, 83, 41)
(147, 78, 38)
(295/2, 74, 36)
(148, 85, 42)
(297/2, 79, 39)
(149, 76, 37)
(299/2, 73, 35)
(150, 83, 41)
(301/2, 80, 39)
(151, 74, 36)
(303/2, 71, 34)
(152, 70, 33)
(153, 82, 40)
(613/4, 83, 41)
(307/2, 85, 42)
(615/4, 82, 40)
(154, 88, 44)
(617/4, 86, 43)
(309/2, 85, 42)
(619/4, 83, 41)
(155, 82, 40)
(621/4, 83, 41)
(311/2, 85, 42)
(623/4, 82, 40)
(156, 88, 44)
(625/4, 86, 43)
(313/2, 85, 42)
(627/4, 83, 41)
(157, 82, 40)
(629/4, 83, 41)
(315/2, 85, 42)
(631/4, 83, 41)
(158, 82, 40)
(633/4, 79, 39)
(317/2, 78, 38)
(635/4, 76, 37)
(159, 82, 40)
(637/4, 79, 39)
(319/2, 78, 38)
(639/4, 76, 37)
(160, 74, 36)
(161, 73, 35)
(162, 78, 38)
(163, 78, 38)
(164, 79, 39)
(165, 78, 38)
(166, 83, 41)
(167, 83, 41)
(168, 82, 40)
(169, 82, 40)
(677/4, 83, 41)
(339/2, 85, 42)
(679/4, 82, 40)
(170, 88, 44)
(681/4, 86, 43)
(341/2, 85, 42)
(683/4, 83, 41)
(171, 82, 40)
(685/4, 83, 41)
(343/2, 85, 42)
(687/4, 82, 40)
(172, 91, 46)
(689/4, 90, 45)
(345/2, 88, 44)
(691/4, 86, 43)
(173, 85, 42)
(693/4, 86, 43)
(347/2, 88, 44)
(695/4, 85, 42)
(174, 88, 44)
(697/4, 86, 43)
(349/2, 85, 42)
(699/4, 83, 41)
(175, 82, 40)
(701/4, 79, 39)
(351/2, 78, 38)
(703/4, 76, 37)
(176, 74, 36)
(177, 73, 35)
(178, 78, 38)
(361/2, 76, 37)
(363/2, 74, 36)
(182, 74, 36)
(365/2, 73, 35)
(367/2, 71, 34)
(184, 70, 33)
(187, 67, 32)
(188, 66, 31)
(753/4, 67, 32)
(377/2, 66, 31)
(755/4, 67, 32)
(189, 64, 30)
(757/4, 66, 31)
(379/2, 64, 30)
(759/4, 66, 31)
(190, 63, 29)
(761/4, 64, 30)
(381/2, 63, 29)
(763/4, 64, 30)
(191, 62, 29)
(765/4, 64, 30)
(383/2, 62, 29)
(767/4, 64, 30)
(192, 61, 28)
(194, 59, 27)
(196, 58, 26)
(198, 73, 35)
(200, 73, 35)
(202, 71, 34)
(204, 71, 34)
(207, 70, 33)
(208, 71, 34)
(209, 74, 36)
(210, 72, 35)
(211, 69, 33)
(212, 67, 32)
(213, 66, 31)
(215, 67, 32)
(216, 69, 33)
(217, 71, 34)
(218, 72, 35)
(219, 76, 37)
(220, 76, 37)
(221, 74, 36)
(223, 71, 34)
(224, 74, 36)
(451/2, 72, 35)
(226, 71, 34)
(228, 74, 36)
(459/2, 72, 35)
(230, 71, 34)
(233, 70, 34)
(234, 69, 33)
(235, 67, 32)
(236, 66, 31)
(237, 67, 32)
(238, 69, 33)
(239, 70, 33)
(240, 71, 34)
(241, 74, 36)
(242, 72, 35)
(243, 69, 33)
(244, 67, 32)
(245, 66, 31)
(247, 67, 32)
(248, 69, 33)
(249, 71, 34)
(250, 72, 35)
(251, 76, 37)
(252, 76, 37)
(254, 74, 36)
(255, 62, 29)
(256, 61, 28)
(259, 57, 26)
(260, 62, 29)
(261, 66, 31)
(262, 69, 33)
(263, 62, 29)
(264, 61, 28)
(267, 57, 26)
(268, 60, 28)
(273, 55, 25)
(1093/4, 57, 26)
(547/2, 59, 27)
(1095/4, 55, 25)
(274, 62, 29)
(1097/4, 60, 28)
(549/2, 59, 27)
(1099/4, 57, 26)
(275, 55, 25)
(1101/4, 57, 26)
(551/2, 59, 27)
(1103/4, 55, 25)
(276, 64, 30)
(1105/4, 62, 29)
(553/2, 60, 28)
(1107/4, 59, 27)
(277, 57, 26)
(1109/4, 59, 27)
(555/2, 60, 28)
(1111/4, 57, 26)
(278, 65, 31)
(1113/4, 64, 30)
(557/2, 62, 29)
(1115/4, 60, 28)
(279, 59, 27)
(1117/4, 60, 28)
(559/2, 62, 29)
(1119/4, 59, 27)
(280, 67, 32)
(281, 67, 32)
(1125/4, 69, 33)
(563/2, 71, 34)
(1127/4, 67, 32)
(282, 74, 36)
(1129/4, 72, 35)
(565/2, 71, 34)
(1131/4, 69, 33)
(283, 67, 32)
(1133/4, 69, 33)
(567/2, 71, 34)
(1135/4, 67, 32)
(284, 76, 37)
(1137/4, 74, 36)
(569/2, 72, 35)
(1139/4, 71, 34)
(285, 69, 33)
(1141/4, 71, 34)
(571/2, 72, 35)
(1143/4, 69, 33)
(286, 77, 38)
(1145/4, 76, 37)
(573/2, 74, 36)
(1147/4, 72, 35)
(287, 71, 34)
(1149/4, 72, 35)
(575/2, 74, 36)
(1151/4, 71, 34)
(288, 79, 39)
(289, 79, 39)
(290, 78, 38)
(291, 77, 38)
(292, 76, 37)
(293, 76, 37)
(294, 81, 40)
(1185/4, 79, 39)
(593/2, 78, 38)
(1187/4, 76, 37)
(297, 74, 36)
(1189/4, 76, 37)
(595/2, 78, 38)
(1191/4, 79, 39)
(298, 81, 40)
(1193/4, 79, 39)
(597/2, 78, 38)
(1195/4, 76, 37)
(299, 78, 38)
(1197/4, 79, 39)
(599/2, 81, 40)
(1199/4, 83, 41)
(300, 84, 42)
(1201/4, 81, 40)
(601/2, 78, 38)
(1203/4, 74, 36)
(301, 62, 29)
(1205/4, 64, 30)
(603/2, 66, 31)
(1207/4, 67, 32)
(302, 69, 33)
(1209/4, 71, 34)
(605/2, 72, 35)
(1211/4, 74, 36)
(303, 76, 37)
(1213/4, 78, 38)
(607/2, 79, 39)
(1215/4, 81, 40)
(304, 83, 41)
(1219/4, 81, 40)
(305, 81, 40)
(1223/4, 79, 39)
(306, 79, 39)
(1227/4, 76, 37)
(307, 76, 37)
(1231/4, 74, 36)
(308, 74, 36)
(1235/4, 73, 35)
(309, 73, 35)
(621/2, 73, 35)
(311, 73, 35)
(623/2, 73, 35)
(312, 74, 36)
(314, 61, 28)
(314, 64, 30)
(316, 62, 29)
(317, 73, 35)
(637/2, 73, 35)
(319, 73, 35)
(639/2, 73, 35)
(320, 74, 36)
(322, 61, 28)
(322, 64, 30)
(324, 62, 29)
(325, 67, 32)
(325, 71, 34)
(653/2, 67, 32)
(653/2, 71, 34)
(327, 67, 32)
(327, 71, 34)
(655/2, 67, 32)
(655/2, 71, 34)
(328, 67, 32)
(328, 71, 34)
(331, 62, 29)
(332, 67, 32)
(333, 71, 34)
(334, 74, 36)
(335, 79, 39)
(336, 83, 41)
(338, 81, 40)
(339, 79, 39)
(340, 69, 33)
(683/2, 69, 33)
(342, 74, 36)
(687/2, 74, 36)
(344, 74, 36)
(345, 73, 35)
(347, 62, 29)
(348, 67, 32)
(349, 71, 34)
(350, 74, 36)
(351, 79, 39)
(352, 83, 41)
(354, 81, 40)
(355, 79, 39)
(356, 69, 33)
(358, 74, 36)
(721/2, 71, 34)
(361, 67, 32)
(723/2, 69, 33)
(362, 71, 34)
(725/2, 67, 32)
(363, 62, 29)
(727/2, 66, 31)
(727/2, 64, 30)
(364, 62, 29)
(731/2, 62, 29)
(366, 74, 36)
(737/2, 71, 34)
(369, 67, 32)
(739/2, 69, 33)
(370, 71, 34)
(741/2, 67, 32)
(371, 62, 29)
(743/2, 66, 31)
(743/2, 64, 30)
(372, 62, 29)
(747/2, 62, 29)
(374, 74, 36)
(753/2, 71, 34)
(377, 67, 32)
(755/2, 69, 33)
(378, 71, 34)
(757/2, 67, 32)
(379, 62, 29)
(759/2, 67, 32)
(380, 71, 34)
(761/2, 67, 32)
(381, 62, 29)
(763/2, 66, 31)
(382, 67, 32)
(765/2, 62, 29)
(383, 59, 27)
(767/2, 62, 29)
(384, 67, 32)
(769/2, 62, 29)
(385, 59, 27)
(771/2, 60, 28)
(386, 62, 29)
(773/2, 59, 27)
(387, 55, 25)
(775/2, 57, 26)
(388, 59, 27)
(390, 62, 29)
(390, 60, 28)
(783/2, 59, 27)
(392, 59, 27)
(399, 59, 27)
(400, 64, 30)
(401, 67, 32)
(402, 71, 34)
(403, 76, 37)
(404, 67, 32)
(809/2, 62, 29)
(405, 59, 27)
(811/2, 60, 28)
(406, 62, 29)
(813/2, 59, 27)
(407, 55, 25)
(815/2, 57, 26)
(408, 59, 27)
(412, 57, 26)
(418, 56, 25)
(839/2, 57, 26)
(420, 59, 27)
(845/2, 59, 27)
(423, 62, 29)
(847/2, 64, 30)
(424, 68, 32)
(853/2, 59, 27)
(427, 64, 30)
(855/2, 68, 32)
(428, 64, 30)
(861/2, 57, 26)
(863/2, 57, 26)
(432, 59, 27)
(865/2, 59, 27)
(867/2, 59, 27)
(869/2, 59, 27)
(871/2, 59, 27)
(436, 61, 28)
(877/2, 61, 28)
(439, 64, 30)
(879/2, 66, 31)
(440, 70, 33)
(885/2, 61, 28)
(443, 66, 31)
(887/2, 70, 33)
(444, 71, 34)
(913/2, 64, 30)
(457, 67, 32)
(915/2, 71, 34)
(458, 76, 37)
(921/2, 64, 30)
(461, 69, 33)
(923/2, 73, 35)
(462, 78, 38)
(475, 67, 32)
(476, 72, 35)
(477, 76, 37)
(478, 79, 39)
(479, 84, 42)
(480, 88, 44)
(482, 86, 43)
(483, 84, 42)
(484, 74, 36)
(971/2, 74, 36)
(486, 79, 39)
(975/2, 79, 39)
(488, 79, 39)
(489, 78, 38)
(491, 55, 25)
(492, 60, 28)
(493, 64, 30)
(494, 67, 32)
(495, 72, 35)
(496, 76, 37)
(498, 74, 36)
(499, 72, 35)
(500, 62, 29)
(1003/2, 62, 29)
(502, 67, 32)
(1007/2, 67, 32)
(504, 67, 32)
(509, 64, 30)
(510, 62, 29)
(511, 61, 28)
(512, 69, 33)
(517, 67, 32)
(518, 65, 31)
(519, 64, 30)
(520, 69, 33)
(525, 66, 31)
(526, 64, 30)
(527, 63, 29)
(528, 71, 34)
(530, 72, 35)
(532, 71, 34)
(534, 69, 33)
(536, 74, 36)
(538, 72, 35)
(540, 74, 36)
(540, 77, 38)
(542, 76, 37)
(544, 75, 36)
(545, 78, 38)
(2181/4, 79, 39)
(1091/2, 81, 40)
(2183/4, 78, 38)
(546, 84, 42)
(2185/4, 83, 41)
(1093/2, 81, 40)
(2187/4, 79, 39)
(547, 78, 38)
(2189/4, 79, 39)
(1095/2, 81, 40)
(2191/4, 78, 38)
(548, 81, 40)
(2193/4, 79, 39)
(1097/2, 78, 38)
(2195/4, 76, 37)
(549, 75, 36)
(2197/4, 72, 35)
(1099/2, 71, 34)
(2199/4, 69, 33)
(550, 69, 33)
(2201/4, 67, 32)
(1101/2, 66, 31)
(2203/4, 64, 30)
(551, 63, 29)
(2205/4, 61, 28)
(1103/2, 59, 27)
(2207/4, 57, 26)
(552, 55, 25)
(553, 62, 29)
(553, 71, 34)
(553, 80, 39)
(555, 68, 32)
(556, 71, 34)
(557, 74, 36)
(558, 80, 39)
(559, 83, 41)
(560, 84, 42)
(562, 77, 38)
(2257/4, 79, 39)
(1129/2, 81, 40)
(2259/4, 77, 38)
(565, 81, 40)
(2261/4, 79, 39)
(1131/2, 77, 38)
(2263/4, 76, 37)
(566, 74, 36)
(2265/4, 72, 35)
(1133/2, 71, 34)
(2267/4, 69, 33)
(567, 67, 32)
(2269/4, 65, 31)
(1135/2, 64, 30)
(2271/4, 62, 29)
(568, 60, 28)
(575, 62, 29)
(576, 67, 32)
(577, 71, 34)
(578, 74, 36)
(579, 79, 39)
(580, 83, 41)
(2321/4, 84, 42)
(1161/2, 86, 43)
(2323/4, 83, 41)
(581, 86, 43)
(2325/4, 84, 42)
(1163/2, 83, 41)
(2327/4, 81, 40)
(582, 80, 39)
(2329/4, 81, 40)
(1165/2, 83, 41)
(2331/4, 81, 40)
(583, 80, 39)
(2333/4, 77, 38)
(1167/2, 76, 37)
(2335/4, 74, 36)
(584, 72, 35)
(586, 78, 38)
(2353/4, 79, 39)
(1177/2, 81, 40)
(2355/4, 78, 38)
(589, 81, 40)
(2357/4, 79, 39)
(1179/2, 78, 38)
(2359/4, 76, 37)
(590, 75, 36)
(2361/4, 72, 35)
(1181/2, 71, 34)
(2363/4, 69, 33)
(591, 71, 34)
(2365/4, 69, 33)
(1183/2, 67, 32)
(2367/4, 66, 31)
(592, 67, 32)
(594, 85, 42)
(2385/4, 86, 43)
(1193/2, 85, 42)
(2387/4, 83, 41)
(597, 82, 40)
(2389/4, 83, 41)
(1195/2, 85, 42)
(2391/4, 82, 40)
(598, 88, 44)
(2393/4, 86, 43)
(1197/2, 85, 42)
(2395/4, 83, 41)
(599, 82, 40)
(2397/4, 83, 41)
(1199/2, 85, 42)
(2399/4, 82, 40)
(600, 83, 41)
(601, 75, 36)
(602, 76, 37)
(603, 78, 38)
(604, 79, 39)
(605, 83, 41)
(606, 82, 40)
(607, 88, 44)
(608, 87, 43)
(609, 78, 38)
(610, 83, 41)
(1225/2, 81, 40)
(1227/2, 79, 39)
(614, 79, 39)
(1229/2, 78, 38)
(1231/2, 76, 37)
(616, 75, 36)
(619, 72, 35)
(620, 71, 34)
(2481/4, 72, 35)
(1241/2, 71, 34)
(2483/4, 72, 35)
(621, 69, 33)
(2485/4, 71, 34)
(1243/2, 69, 33)
(2487/4, 71, 34)
(622, 68, 32)
(2489/4, 69, 33)
(1245/2, 68, 32)
(2491/4, 69, 33)
(623, 67, 32)
(2493/4, 69, 33)
(1247/2, 67, 32)
(2495/4, 69, 33)
(624, 71, 34)
(626, 71, 34)
(628, 69, 33)
(630, 67, 32)
(632, 66, 31)
(635, 63, 29)
(636, 64, 30)
(637, 67, 32)
(638, 65, 31)
(639, 62, 29)
(640, 60, 28)
(641, 59, 27)
(643, 60, 28)
(644, 62, 29)
(645, 64, 30)
(646, 65, 31)
(647, 69, 33)
(648, 69, 33)
(649, 67, 32)
(651, 69, 33)
(652, 69, 33)
(653, 67, 32)
(655, 60, 28)
(656, 64, 30)
(657, 67, 32)
(658, 72, 35)
(659, 76, 37)
(660, 79, 39)
(663, 59, 27)
(664, 64, 30)
(665, 67, 32)
(666, 72, 35)
(667, 76, 37)
(668, 79, 39)
(671, 61, 28)
(672, 64, 30)
(1345/2, 67, 32)
(673, 73, 35)
(1347/2, 76, 37)
(674, 79, 39)
(1351/2, 57, 26)
(676, 62, 29)
(1353/2, 66, 31)
(677, 69, 33)
(1355/2, 74, 36)
(678, 77, 38)
(1359/2, 62, 29)
(680, 60, 28)
(1361/2, 64, 30)
(681, 67, 32)
(1363/2, 72, 35)
(682, 77, 38)
(1367/2, 59, 27)
(684, 60, 28)
(1369/2, 64, 30)
(685, 67, 32)
(1371/2, 72, 35)
(686, 76, 37)
(687, 57, 26)
(688, 64, 30)
(689, 67, 32)
(690, 71, 34)
(691, 76, 37)
(692, 79, 39)
(694, 78, 38)
(695, 76, 37)
(696, 66, 31)
(1395/2, 66, 31)
(698, 71, 34)
(1399/2, 71, 34)
(700, 69, 33)
(701, 67, 32)
(703, 69, 33)
(1407/2, 71, 34)
(704, 74, 36)
(705, 72, 35)
(706, 71, 34)
(707, 69, 33)
(708, 67, 32)
(709, 66, 31)
(711, 66, 31)
(1423/2, 67, 32)
(712, 71, 34)
(713, 69, 33)
(714, 67, 32)
(715, 66, 31)
(716, 64, 30)
(717, 63, 29)
(719, 71, 34)
(720, 83, 41)
(722, 81, 40)
(1445/2, 79, 39)
(723, 78, 38)
(1447/2, 76, 37)
(724, 74, 36)
(1449/2, 72, 35)
(725, 78, 38)
(1451/2, 76, 37)
(726, 74, 36)
(1453/2, 72, 35)
(727, 71, 34)
(1455/2, 69, 33)
(728, 67, 32)
(1459/2, 69, 33)
(730, 71, 34)
(731, 71, 34)
(732, 71, 34)
(735, 71, 34)
(736, 83, 41)
(738, 81, 40)
(1477/2, 79, 39)
(739, 78, 38)
(1479/2, 76, 37)
(740, 74, 36)
(1481/2, 72, 35)
(741, 78, 38)
(1483/2, 76, 37)
(742, 74, 36)
(1485/2, 72, 35)
(743, 71, 34)
(1487/2, 69, 33)
(744, 67, 32)
(1489/2, 71, 34)
(745, 74, 36)
(747, 72, 35)
(748, 71, 34)
(1497/2, 75, 36)
(749, 79, 39)
(751, 78, 38)
(752, 76, 37)
(1505/2, 79, 39)
(753, 84, 42)
(755, 83, 41)
(756, 81, 40)
(757, 78, 38)
(758, 79, 39)
(759, 76, 37)
(760, 78, 38)
(761, 75, 36)
(762, 76, 37)
(763, 78, 38)
(764, 75, 36)
(767, 76, 37)
(768, 75, 36)
(771, 72, 35)
(772, 71, 34)
(3089/4, 72, 35)
(1545/2, 71, 34)
(3091/4, 72, 35)
(773, 69, 33)
(3093/4, 71, 34)
(1547/2, 69, 33)
(3095/4, 71, 34)
(774, 68, 32)
(3097/4, 69, 33)
(1549/2, 68, 32)
(3099/4, 69, 33)
(775, 67, 32)
(3101/4, 69, 33)
(1551/2, 67, 32)
(3103/4, 69, 33)
(776, 66, 31)
(778, 71, 34)
(780, 71, 34)
(782, 70, 33)
(784, 69, 33)
(787, 69, 33)
(788, 68, 32)
(789, 71, 34)
(790, 69, 33)
(791, 66, 31)
(792, 64, 30)
(793, 63, 29)
(795, 64, 30)
(796, 66, 31)
(797, 68, 32)
(798, 69, 33)
(799, 73, 35)
(800, 73, 35)
(801, 71, 34)
(803, 71, 34)
(804, 71, 34)
(1611/2, 69, 33)
(806, 68, 32)
(808, 71, 34)
(1619/2, 69, 33)
(810, 68, 32)
(813, 67, 32)
(814, 66, 31)
(815, 64, 30)
(816, 63, 29)
(820, 64, 30)
(821, 62, 29)
(822, 61, 28)
(823, 57, 26)
(824, 59, 27)
(827, 64, 30)
(828, 64, 30)
(831, 69, 33)
(832, 69, 33)
(833, 68, 32)
(836, 58, 26)
(839, 58, 26)
(840, 57, 26)
(844, 56, 25)
(1693/2, 59, 27)
(847, 62, 29)
(1695/2, 64, 30)
(848, 57, 26)
(1701/2, 60, 28)
(851, 64, 30)
(1703/2, 69, 33)
(852, 56, 25)
(854, 56, 25)
(1709/2, 59, 27)
(855, 62, 29)
(1711/2, 64, 30)
(856, 57, 26)
(1717/2, 60, 28)
(859, 64, 30)
(1719/2, 69, 33)
(860, 68, 32)
(1721/2, 59, 27)
(861, 64, 30)
(1723/2, 68, 32)
(862, 71, 34)
(865, 70, 33)
(866, 69, 33)
(869, 68, 32)
(870, 67, 32)
(1745/2, 71, 34)
(873, 76, 37)
(1747/2, 79, 39)
(874, 83, 41)
(1749/2, 81, 40)
(875, 78, 38)
(1751/2, 75, 36)
(876, 76, 37)
(877, 64, 30)
(3509/4, 66, 31)
(1755/2, 67, 32)
(3511/4, 64, 30)
(878, 71, 34)
(3513/4, 69, 33)
(1757/2, 67, 32)
(3515/4, 66, 31)
(879, 64, 30)
(3517/4, 66, 31)
(1759/2, 67, 32)
(3519/4, 64, 30)
(880, 72, 35)
(3521/4, 71, 34)
(1761/2, 69, 33)
(3523/4, 67, 32)
(881, 66, 31)
(3525/4, 67, 32)
(1763/2, 69, 33)
(3527/4, 66, 31)
(882, 68, 32)
(3529/4, 64, 30)
(1765/2, 66, 31)
(3531/4, 68, 32)
(883, 69, 33)
(3533/4, 71, 34)
(1767/2, 72, 35)
(3535/4, 74, 36)
(884, 76, 37)
(3537/4, 74, 36)
(1769/2, 72, 35)
(3539/4, 71, 34)
(885, 69, 33)
(3541/4, 71, 34)
(1771/2, 72, 35)
(3543/4, 69, 33)
(886, 81, 40)
(3545/4, 79, 39)
(1773/2, 78, 38)
(3547/4, 76, 37)
(887, 78, 38)
(3549/4, 79, 39)
(1775/2, 81, 40)
(3551/4, 83, 41)
(888, 84, 42)
(3553/4, 83, 41)
(1777/2, 81, 40)
(3555/4, 79, 39)
(889, 78, 38)
(3557/4, 76, 37)
(1779/2, 78, 38)
(3559/4, 79, 39)
(890, 81, 40)
(3561/4, 78, 38)
(1781/2, 75, 36)
(3563/4, 71, 34)
(891, 69, 33)
(3565/4, 72, 35)
(1783/2, 71, 34)
(3567/4, 69, 33)
(892, 67, 32)
(3569/4, 69, 33)
(1785/2, 67, 32)
(3571/4, 66, 31)
(893, 64, 30)
(3573/4, 66, 31)
(1787/2, 67, 32)
(3575/4, 64, 30)
(894, 71, 34)
(3577/4, 69, 33)
(1789/2, 67, 32)
(3579/4, 66, 31)
(895, 64, 30)
(3581/4, 66, 31)
(1791/2, 68, 32)
(3583/4, 64, 30)
(896, 76, 37)
(3585/4, 74, 36)
(1793/2, 73, 35)
(3587/4, 71, 34)
(897, 69, 33)
(3589/4, 71, 34)
(1795/2, 73, 35)
(3591/4, 69, 33)
(898, 76, 37)
(3593/4, 74, 36)
(1797/2, 72, 35)
(3595/4, 71, 34)
(899, 69, 33)
(3597/4, 71, 34)
(1799/2, 72, 35)
(3599/4, 69, 33)
(900, 71, 34)
(3601/4, 73, 35)
(1801/2, 75, 36)
(3603/4, 71, 34)
(901, 76, 37)
(3605/4, 78, 38)
(1803/2, 80, 39)
(3607/4, 76, 37)
(902, 81, 40)
(3609/4, 79, 39)
(1805/2, 78, 38)
(3611/4, 76, 37)
(903, 78, 38)
(3613/4, 80, 39)
(1807/2, 81, 40)
(3615/4, 78, 38)
(904, 84, 42)
(3617/4, 83, 41)
(1809/2, 81, 40)
(3619/4, 79, 39)
(905, 78, 38)
(3621/4, 79, 39)
(1811/2, 81, 40)
(3623/4, 79, 39)
(906, 78, 38)
(3625/4, 76, 37)
(1813/2, 75, 36)
(3627/4, 72, 35)
(907, 71, 34)
(3629/4, 69, 33)
(1815/2, 67, 32)
(3631/4, 66, 31)
(908, 64, 30)
(908, 71, 34)
(908, 79, 39)
(3635/4, 78, 38)
(909, 78, 38)
(3639/4, 76, 37)
(910, 76, 37)
(3643/4, 72, 35)
(911, 72, 35)
(3647/4, 71, 34)
(912, 71, 34)
(3651/4, 67, 32)
(3651/4, 70, 34)
(913, 67, 32)
(913, 70, 34)
(1829/2, 67, 32)
(1829/2, 70, 34)
(915, 67, 32)
(915, 70, 34)
(1831/2, 67, 32)
(1831/2, 70, 34)
(916, 69, 33)
(1835/2, 67, 32)
(1835/2, 72, 35)
(1835/2, 76, 37)
(920, 65, 31)
(920, 72, 35)
(920, 77, 38)
(921, 67, 32)
(921, 70, 34)
(1845/2, 67, 32)
(1845/2, 70, 34)
(923, 67, 32)
(923, 70, 34)
(1847/2, 67, 32)
(1847/2, 70, 34)
(924, 69, 33)
(926, 67, 32)
(926, 72, 35)
(926, 76, 37)
(928, 65, 31)
(928, 72, 35)
(928, 77, 38)
(929, 79, 39)
(1861/2, 79, 39)
(931, 79, 39)
(1863/2, 79, 39)
(932, 79, 39)
(935, 59, 27)
(936, 64, 30)
(937, 67, 32)
(938, 71, 34)
(939, 76, 37)
(940, 79, 39)
(942, 78, 38)
(943, 76, 37)
(944, 66, 31)
(1891/2, 66, 31)
(946, 71, 34)
(1895/2, 71, 34)
(948, 71, 34)
(949, 70, 33)
(951, 59, 27)
(952, 64, 30)
(953, 67, 32)
(954, 71, 34)
(955, 76, 37)
(956, 79, 39)
(958, 78, 38)
(959, 76, 37)
(960, 66, 31)
(1923/2, 66, 31)
(962, 71, 34)
(1927/2, 71, 34)
(964, 64, 30)
(967, 69, 33)
(1935/2, 71, 34)
(968, 74, 36)
(969, 72, 35)
(970, 71, 34)
(971, 69, 33)
(972, 66, 31)
(973, 67, 32)
(975, 66, 31)
(1951/2, 67, 32)
(976, 71, 34)
(977, 69, 33)
(978, 67, 32)
(979, 66, 31)
(980, 63, 29)
(981, 64, 30)
(983, 67, 32)
(1967/2, 66, 31)
(984, 63, 29)
(985, 64, 30)
(986, 67, 32)
(987, 66, 31)
(988, 66, 31)
(989, 67, 32)
(990, 72, 35)
(991, 71, 34)
(992, 71, 34)
(993, 72, 35)
(994, 75, 36)
(995, 76, 37)
(996, 79, 39)
(998, 78, 38)
(999, 71, 34)
(1000, 71, 34)
(1001, 72, 35)
(1002, 73, 35)
(1003, 74, 36)
(1004, 75, 36)
(1005, 76, 37)
(1006, 78, 38)
(1007, 79, 39)
(1008, 80, 39)
(1009, 81, 40)
(1010, 82, 40)
(1011, 88, 44)
(1012, 88, 44)
(1014, 87, 43)
(1016, 88, 44)
(1017, 76, 37)
(4069/4, 78, 38)
(2035/2, 79, 39)
(4071/4, 76, 37)
(1018, 83, 41)
(4073/4, 81, 40)
(2037/2, 79, 39)
(4075/4, 78, 38)
(1019, 76, 37)
(4077/4, 78, 38)
(2039/2, 79, 39)
(4079/4, 76, 37)
(1020, 84, 42)
(4081/4, 83, 41)
(2041/2, 81, 40)
(4083/4, 79, 39)
(1021, 81, 40)
(4085/4, 79, 39)
(2043/2, 78, 38)
(4087/4, 76, 37)
(1022, 81, 40)
(4089/4, 79, 39)
(2045/2, 78, 38)
(4091/4, 76, 37)
(1023, 75, 36)
(4093/4, 72, 35)
(2047/2, 71, 34)
(4095/4, 69, 33)
(1024, 67, 32)
(1025, 76, 37)
(4101/4, 78, 38)
(2051/2, 79, 39)
(4103/4, 76, 37)
(1026, 83, 41)
(4105/4, 81, 40)
(2053/2, 79, 39)
(4107/4, 78, 38)
(1027, 76, 37)
(4109/4, 78, 38)
(2055/2, 79, 39)
(4111/4, 76, 37)
(1028, 84, 42)
(4113/4, 83, 41)
(2057/2, 81, 40)
(4115/4, 79, 39)
(1029, 81, 40)
(4117/4, 79, 39)
(2059/2, 78, 38)
(4119/4, 76, 37)
(1030, 81, 40)
(4121/4, 79, 39)
(2061/2, 78, 38)
(4123/4, 76, 37)
(1031, 75, 36)
(4125/4, 72, 35)
(2063/2, 71, 34)
(4127/4, 69, 33)
(1032, 67, 32)
(4129/4, 69, 33)
(2065/2, 67, 32)
(4131/4, 66, 31)
(1033, 64, 30)
(1034, 71, 34)
(4137/4, 69, 33)
(2069/2, 67, 32)
(4139/4, 66, 31)
(1035, 64, 30)
(1036, 72, 35)
(4145/4, 71, 34)
(2073/2, 69, 33)
(4147/4, 67, 32)
(1037, 66, 31)
(1038, 72, 35)
(4153/4, 71, 34)
(2077/2, 69, 33)
(4155/4, 67, 32)
(1039, 66, 31)
(1040, 81, 40)
(4161/4, 79, 39)
(2081/2, 78, 38)
(4163/4, 76, 37)
(1041, 75, 36)
(1042, 83, 41)
(4169/4, 81, 40)
(2085/2, 79, 39)
(4171/4, 78, 38)
(1043, 79, 39)
(4173/4, 78, 38)
(2087/2, 76, 37)
(4175/4, 75, 36)
(1044, 76, 37)
(4177/4, 74, 36)
(2089/2, 72, 35)
(4179/4, 71, 34)
(1045, 76, 37)
(4181/4, 74, 36)
(2091/2, 72, 35)
(4183/4, 71, 34)
(1046, 79, 39)
(4185/4, 78, 38)
(2093/2, 76, 37)
(4187/4, 75, 36)
(1047, 76, 37)
(4189/4, 74, 36)
(2095/2, 72, 35)
(4191/4, 71, 34)
(1048, 72, 35)
(4193/4, 71, 34)
(2097/2, 69, 33)
(4195/4, 67, 32)
(1049, 72, 35)
(4197/4, 71, 34)
(2099/2, 69, 33)
(4199/4, 67, 32)
(1050, 72, 35)
(4201/4, 71, 34)
(2101/2, 69, 33)
(4203/4, 67, 32)
(1051, 69, 33)
(4205/4, 67, 32)
(2103/2, 66, 31)
(4207/4, 64, 30)
(1052, 69, 33)
(4209/4, 67, 32)
(2105/2, 66, 31)
(4211/4, 64, 30)
(1053, 63, 29)
(4213/4, 64, 30)
(2107/2, 66, 31)
(4215/4, 67, 32)
(1054, 69, 33)
(4217/4, 67, 32)
(2109/2, 66, 31)
(4219/4, 64, 30)
(1055, 63, 29)
(4221/4, 64, 30)
(2111/2, 66, 31)
(4223/4, 67, 32)
(1056, 69, 33)
(2113/2, 63, 29)
(4227/4, 66, 31)
(1057, 69, 33)
(4229/4, 71, 34)
(2115/2, 75, 36)
(4231/4, 78, 38)
(1058, 81, 40)
(1059, 63, 29)
(1060, 64, 30)
(1061, 67, 32)
(1062, 65, 31)
(1063, 62, 29)
(1064, 59, 27)
(1065, 60, 28)
(1067, 63, 29)
(1068, 64, 30)
(1069, 67, 32)
(1070, 65, 31)
(1071, 62, 29)
(1072, 59, 27)
(1073, 60, 28)
(1075, 60, 28)
(1076, 64, 30)
(1077, 67, 32)
(1078, 72, 35)
(1079, 76, 37)
(1080, 79, 39)
(1083, 59, 27)
(1084, 64, 30)
(1085, 67, 32)
(1086, 72, 35)
(1087, 76, 37)
(1088, 79, 39)
(1091, 59, 27)
(1092, 64, 30)
(2185/2, 67, 32)
(1093, 73, 35)
(2187/2, 76, 37)
(1094, 78, 38)
(2191/2, 59, 27)
(1096, 64, 30)
(2193/2, 68, 32)
(1097, 71, 34)
(2195/2, 76, 37)
(1098, 76, 37)
(2199/2, 59, 27)
(1100, 66, 31)
(2201/2, 69, 33)
(1101, 72, 35)
(2203/2, 76, 37)
(1102, 75, 36)
(1103, 71, 34)
(1104, 76, 37)
(1105, 79, 39)
(1106, 83, 41)
(1107, 88, 44)
(1108, 91, 46)
(1110, 90, 45)
(2223/2, 81, 40)
(1112, 90, 45)
(1114, 88, 44)
(2231/2, 64, 30)
(1116, 64, 30)
(2233/2, 67, 32)
(1117, 71, 34)
(2235/2, 76, 37)
(1118, 75, 36)
(2237/2, 78, 38)
(1119, 83, 41)
(2239/2, 87, 43)
(1120, 88, 44)
(1122, 59, 27)
(1122, 66, 31)
(1122, 75, 36)
(1124, 59, 27)
(1124, 67, 32)
(1124, 76, 37)
(20001/2, 59, 27)
(20003/2, 59, 27)
(20005/2, 59, 27)
(20007/2, 59, 27)
(20009/2, 59, 27)
(20011/2, 59, 27)
(20013/2, 59, 27)
(20015/2, 59, 27)
(20017/2, 58, 26)
(20019/2, 58, 26)
(20021/2, 58, 26)
(20023/2, 64, 30)
(20025/2, 64, 30)
(20027/2, 64, 30)
(20029/2, 63, 29)
(20031/2, 63, 29)
(20033/2, 64, 30)
(20035/2, 64, 30)
(20037/2, 64, 30)
(20039/2, 64, 30)
(20041/2, 64, 30)
(20043/2, 64, 30)
(20045/2, 64, 30)
(20047/2, 64, 30)
(20049/2, 64, 30)
(20051/2, 64, 30)
(20053/2, 64, 30)
(20055/2, 64, 30)
(20057/2, 64, 30)
(20059/2, 64, 30)
(20061/2, 62, 29)
(20063/2, 60, 28)
(20065/2, 60, 28)
(20067/2, 60, 28)
(20069/2, 59, 27)
(20071/2, 57, 26)
(20073/2, 55, 25)
(20075/2, 59, 27)
(20077/2, 59, 27)
(20079/2, 59, 27)
(20081/2, 58, 26)
(20083/2, 58, 26)
(20085/2, 58, 26)
(20087/2, 64, 30)
(20089/2, 64, 30)
(20091/2, 64, 30)
(20093/2, 63, 29)
(20095/2, 63, 29)
(20097/2, 62, 29)
(20099/2, 65, 31)
(20101/2, 64, 30)
(20103/2, 62, 29)
(20105/2, 60, 28)
(20107/2, 60, 28)
(20109/2, 62, 29)
(20111/2, 64, 30)
(20113/2, 65, 31)
(20115/2, 65, 31)
(20117/2, 64, 30)
(20119/2, 62, 29)
(20121/2, 60, 28)
(20123/2, 60, 28)
(20125/2, 62, 29)
(20127/2, 64, 30)
(20129/2, 69, 33)
(20131/2, 69, 33)
(20133/2, 67, 32)
(20135/2, 66, 31)
(10068, 59, 27)
(20137/2, 61, 28)
(10069, 63, 29)
(20139/2, 64, 30)
(10070, 66, 31)
(20141/2, 67, 32)
(10071, 69, 33)
(20143/2, 71, 34)
(10072, 69, 33)
(20145/2, 72, 35)
(20147/2, 71, 34)
(10074, 69, 33)
(20149/2, 67, 32)
(10075, 66, 31)
(20151/2, 64, 30)
(10076, 63, 29)
(20153/2, 64, 30)
(10077, 62, 29)
(20155/2, 60, 28)
(10078, 59, 27)
(20157/2, 60, 28)
(10079, 59, 27)
(20159/2, 57, 26)
(10080, 59, 27)
(20161/2, 64, 30)
(10081, 63, 29)
(20163/2, 66, 31)
(10082, 64, 30)
(20165/2, 67, 32)
(10083, 66, 31)
(20167/2, 69, 33)
(10084, 59, 27)
(20169/2, 61, 28)
(10085, 63, 29)
(20171/2, 64, 30)
(10086, 66, 31)
(20173/2, 67, 32)
(10087, 69, 33)
(20175/2, 71, 34)
(10088, 69, 33)
(20177/2, 72, 35)
(20179/2, 71, 34)
(10090, 69, 33)
(20181/2, 67, 32)
(10091, 66, 31)
(20183/2, 64, 30)
(10092, 63, 29)
(20185/2, 64, 30)
(10093, 67, 32)
(20187/2, 66, 31)
(10094, 66, 31)
(20189/2, 64, 30)
(10095, 64, 30)
(20191/2, 63, 29)
(10096, 64, 30)
(10097, 64, 30)
(40389/4, 66, 31)
(20195/2, 67, 32)
(40391/4, 64, 30)
(10098, 71, 34)
(40393/4, 69, 33)
(20197/2, 67, 32)
(40395/4, 66, 31)
(10099, 64, 30)
(40397/4, 66, 31)
(20199/2, 67, 32)
(40399/4, 64, 30)
(10100, 72, 35)
(40401/4, 71, 34)
(20201/2, 69, 33)
(40403/4, 67, 32)
(10101, 66, 31)
(40405/4, 67, 32)
(20203/2, 69, 33)
(40407/4, 66, 31)
(10102, 72, 35)
(40409/4, 71, 34)
(20205/2, 69, 33)
(40411/4, 67, 32)
(10103, 66, 31)
(40413/4, 67, 32)
(20207/2, 66, 31)
(40415/4, 64, 30)
(10104, 63, 29)
(20209/2, 66, 31)
(10105, 66, 31)
(20213/2, 66, 31)
(20213/2, 69, 33)
(10107, 66, 31)
(10107, 69, 33)
(20217/2, 78, 38)
(10109, 78, 38)
(20219/2, 78, 38)
(10110, 78, 38)
(10111, 66, 31)
(10112, 67, 32)
(10113, 59, 27)
(10115, 64, 30)
(20231/2, 62, 29)
(10116, 60, 28)
(10117, 64, 30)
(20235/2, 60, 28)
(10118, 57, 26)
(10119, 59, 27)
(20239/2, 60, 28)
(10120, 59, 27)
(20241/2, 63, 29)
(20241/2, 69, 33)
(10121, 63, 29)
(10121, 69, 33)
(20245/2, 66, 31)
(20245/2, 75, 36)
(10123, 66, 31)
(10123, 75, 36)
(20249/2, 81, 40)
(10125, 81, 40)
(20251/2, 81, 40)
(10126, 81, 40)
(20253/2, 78, 38)
(10127, 75, 36)
(20255/2, 69, 33)
(10128, 67, 32)
(20257/2, 71, 34)
(10129, 76, 37)
(20265/2, 84, 42)
(10133, 84, 42)
(20267/2, 84, 42)
(10134, 84, 42)
(20269/2, 81, 40)
(10135, 78, 38)
(20271/2, 72, 35)
(10136, 71, 34)
(20273/2, 74, 36)
(10137, 79, 39)
(20277/2, 76, 37)
(10139, 76, 37)
(20279/2, 76, 37)
(10140, 76, 37)
(40561/4, 78, 38)
(20281/2, 79, 39)
(40563/4, 76, 37)
(10141, 79, 39)
(40565/4, 78, 38)
(20283/2, 76, 37)
(40567/4, 74, 36)
(10142, 73, 35)
(40569/4, 71, 34)
(20285/2, 70, 33)
(40571/4, 67, 32)
(10143, 66, 31)
(40573/4, 64, 30)
(20287/2, 62, 29)
(40575/4, 61, 28)
(10144, 59, 27)
(20295/2, 74, 36)
(10148, 76, 37)
(40593/4, 74, 36)
(20297/2, 73, 35)
(40595/4, 71, 34)
(10149, 70, 33)
(40597/4, 67, 32)
(20299/2, 66, 31)
(40599/4, 64, 30)
(10150, 62, 29)
(20303/2, 74, 36)
(10152, 73, 35)
(40609/4, 76, 37)
(20305/2, 73, 35)
(40611/4, 70, 33)
(10153, 67, 32)
(10155, 67, 32)
(10157, 67, 32)
(10159, 66, 31)
(10160, 71, 34)
(10161, 70, 33)
(10162, 71, 34)
(10163, 74, 36)
(10164, 74, 36)
(10165, 75, 36)
(10166, 76, 37)
(10167, 77, 37)
(10168, 78, 38)
(10169, 58, 26)
(10169, 67, 32)
(10171, 58, 26)
(10171, 67, 32)
(10173, 58, 26)
(10173, 67, 32)
(10175, 67, 32)
(10176, 66, 31)
(40705/4, 67, 32)
(20353/2, 66, 31)
(40707/4, 67, 32)
(10177, 64, 30)
(40709/4, 66, 31)
(20355/2, 64, 30)
(40711/4, 66, 31)
(10178, 62, 29)
(40713/4, 64, 30)
(20357/2, 62, 29)
(40715/4, 64, 30)
(10179, 60, 28)
(40717/4, 62, 29)
(20359/2, 60, 28)
(40719/4, 62, 29)
(10180, 59, 27)
(10183, 67, 32)
(10184, 66, 31)
(40737/4, 67, 32)
(20369/2, 66, 31)
(40739/4, 67, 32)
(10185, 64, 30)
(40741/4, 66, 31)
(20371/2, 64, 30)
(40743/4, 66, 31)
(10186, 63, 29)
(40745/4, 64, 30)
(20373/2, 63, 29)
(40747/4, 64, 30)
(10187, 62, 29)
(40749/4, 64, 30)
(20375/2, 62, 29)
(40751/4, 64, 30)
(10188, 61, 28)
(10190, 59, 27)
(10192, 58, 26)
(10198, 70, 33)
(10200, 66, 31)
(10202, 66, 31)
(10204, 64, 30)
(10207, 64, 30)
(10208, 62, 29)
(10209, 65, 31)
(10210, 64, 30)
(10211, 60, 28)
(10212, 57, 26)
(10215, 67, 32)
(10216, 67, 32)
(10219, 72, 35)
(10220, 72, 35)
(10221, 71, 34)
(10223, 65, 31)
(10224, 64, 30)
(10226, 62, 29)
(10227, 65, 31)
(10228, 64, 30)
(10230, 62, 29)
(10231, 65, 31)
(10232, 64, 30)
(10234, 76, 37)
(10237, 74, 36)
(10238, 72, 35)
(10239, 66, 31)
(10240, 67, 32)
(10241, 66, 31)
(10242, 64, 30)
(10243, 60, 28)
(10244, 59, 27)
(10245, 57, 26)
(10247, 67, 32)
(10248, 67, 32)
(10251, 72, 35)
(10252, 72, 35)
(10254, 71, 34)
(10255, 62, 29)
(10256, 55, 25)
(10260, 57, 26)
(10264, 55, 25)
(10268, 57, 26)
(10275, 62, 29)
(10276, 60, 28)
(10278, 55, 25)
(10281, 64, 30)
(10282, 62, 29)
(10283, 59, 27)
(10284, 60, 28)
(10286, 55, 25)
(10286, 62, 29)
(10293, 69, 33)
(41173/4, 71, 34)
(20587/2, 72, 35)
(41175/4, 69, 33)
(10294, 76, 37)
(41177/4, 74, 36)
(20589/2, 72, 35)
(41179/4, 71, 34)
(10295, 69, 33)
(41181/4, 71, 34)
(20591/2, 72, 35)
(41183/4, 69, 33)
(10296, 72, 35)
(41185/4, 71, 34)
(20593/2, 69, 33)
(41187/4, 67, 32)
(10297, 66, 31)
(41189/4, 67, 32)
(20595/2, 69, 33)
(41191/4, 71, 34)
(10298, 72, 35)
(10299, 74, 36)
(41197/4, 76, 37)
(20599/2, 78, 38)
(41199/4, 79, 39)
(10300, 81, 40)
(41219/4, 78, 38)
(10305, 78, 38)
(41223/4, 74, 36)
(10306, 74, 36)
(41227/4, 72, 35)
(10307, 72, 35)
(41231/4, 71, 34)
(10308, 71, 34)
(41235/4, 79, 39)
(10309, 79, 39)
(20621/2, 79, 39)
(10311, 79, 39)
(20623/2, 79, 39)
(10312, 79, 39)
(20625/2, 78, 38)
(10313, 74, 36)
(20627/2, 71, 34)
(10314, 70, 33)
(20629/2, 66, 31)
(10315, 64, 30)
(20631/2, 61, 28)
(10316, 59, 27)
(10317, 79, 39)
(20637/2, 79, 39)
(10319, 79, 39)
(20639/2, 79, 39)
(10320, 79, 39)
(20641/2, 78, 38)
(10321, 74, 36)
(20643/2, 71, 34)
(10322, 70, 33)
(20645/2, 66, 31)
(10323, 64, 30)
(20647/2, 61, 28)
(10324, 59, 27)
(10325, 71, 34)
(10325, 79, 39)
(41303/4, 71, 34)
(41303/4, 79, 39)
(41305/4, 71, 34)
(41305/4, 79, 39)
(41307/4, 71, 34)
(41307/4, 79, 39)
(10328, 71, 34)
(10328, 79, 39)
(10330, 66, 31)
(10330, 74, 36)
(20667/2, 67, 32)
(10334, 62, 29)
(20669/2, 67, 32)
(10335, 71, 34)
(20671/2, 74, 36)
(10336, 74, 36)
(20675/2, 62, 29)
(10338, 61, 28)
(20677/2, 64, 30)
(10339, 67, 32)
(20679/2, 69, 33)
(10340, 62, 29)
(20683/2, 62, 29)
(10342, 57, 26)
(20685/2, 62, 29)
(10343, 66, 31)
(20687/2, 69, 33)
(10344, 69, 33)
(20691/2, 57, 26)
(10346, 57, 26)
(20693/2, 57, 26)
(10347, 62, 29)
(20695/2, 60, 28)
(10348, 59, 27)
(20697/2, 62, 29)
(10349, 67, 32)
(20699/2, 71, 34)
(10350, 74, 36)
(20701/2, 71, 34)
(10351, 67, 32)
(20703/2, 62, 29)
(20705/2, 62, 29)
(10353, 67, 32)
(20707/2, 71, 34)
(10354, 67, 32)
(20709/2, 64, 30)
(10355, 61, 28)
(20711/2, 57, 26)
(20713/2, 57, 26)
(10357, 62, 29)
(20717/2, 57, 26)
(10359, 60, 28)
(20719/2, 62, 29)
(10360, 59, 27)
(10364, 60, 28)
(20729/2, 60, 28)
(20731/2, 60, 28)
(20733/2, 60, 28)
(20735/2, 60, 28)
(10368, 59, 27)
(10372, 60, 28)
(20745/2, 60, 28)
(20747/2, 60, 28)
(20749/2, 60, 28)
(20751/2, 60, 28)
(10376, 59, 27)
(10380, 59, 27)
(10384, 59, 27)
(20785/2, 59, 27)
(20787/2, 59, 27)
(20789/2, 59, 27)
(20791/2, 59, 27)
(20793/2, 59, 27)
(20795/2, 59, 27)
(20797/2, 59, 27)
(20799/2, 59, 27)
(20801/2, 59, 27)
(20803/2, 59, 27)
(20805/2, 59, 27)
(20807/2, 59, 27)
(10404, 59, 27)
(10407, 55, 25)
(10408, 59, 27)
(10409, 62, 29)
(10410, 67, 32)
(10411, 71, 34)
(10412, 74, 36)
(10415, 69, 33)
(20831/2, 71, 34)
(10416, 74, 36)
(10417, 72, 35)
(10418, 71, 34)
(10419, 69, 33)
(10420, 69, 33)
(10421, 68, 32)
(20849/2, 56, 25)
(10425, 59, 27)
(20851/2, 62, 29)
(10426, 64, 30)
(20857/2, 57, 26)
(10429, 60, 28)
(20859/2, 64, 30)
(10430, 69, 33)
(20861/2, 64, 30)
(20863/2, 64, 30)
(20865/2, 64, 30)
(20867/2, 64, 30)
(20869/2, 64, 30)
(20871/2, 64, 30)
(20873/2, 61, 28)
(10437, 64, 30)
(20875/2, 66, 31)
(10438, 70, 33)
(20881/2, 64, 30)
(10441, 66, 31)
(20883/2, 70, 33)
(10442, 73, 35)
(10443, 74, 36)
(20889/2, 62, 29)
(10445, 66, 31)
(20891/2, 71, 34)
(10446, 74, 36)
(20893/2, 71, 34)
(10447, 66, 31)
(20895/2, 62, 29)
(20897/2, 62, 29)
(10449, 67, 32)
(20899/2, 71, 34)
(10450, 74, 36)
(20901/2, 71, 34)
(10451, 67, 32)
(20903/2, 62, 29)
(20905/2, 62, 29)
(10453, 66, 31)
(20907/2, 71, 34)
(10454, 74, 36)
(20909/2, 71, 34)
(10455, 66, 31)
(20911/2, 62, 29)
(10456, 59, 27)
(20917/2, 71, 34)
(10459, 64, 30)
(20919/2, 62, 29)
(10460, 62, 29)
(10461, 61, 28)
(20925/2, 76, 37)
(10463, 73, 35)
(20927/2, 70, 33)
(10464, 66, 31)
(20929/2, 66, 31)
(10465, 71, 34)
(20931/2, 74, 36)
(10466, 78, 38)
(20933/2, 74, 36)
(10467, 71, 34)
(20935/2, 66, 31)
(20937/2, 67, 32)
(10469, 71, 34)
(20939/2, 74, 36)
(10470, 79, 39)
(20941/2, 74, 36)
(10471, 71, 34)
(20943/2, 67, 32)
(10472, 79, 39)
(20945/2, 74, 36)
(31418/3, 71, 34)
(62839/6, 67, 32)
(10474, 79, 39)
(20949/2, 74, 36)
(10475, 71, 34)
(20951/2, 67, 32)
(10476, 67, 32)
(10480, 57, 26)
(10480, 69, 33)
(10484, 57, 26)
(10484, 62, 29)
(10486, 55, 25)
(10486, 62, 29)
(10488, 60, 28)
(10490, 55, 25)
(10490, 65, 31)
(10492, 55, 25)
(10492, 64, 30)
(10496, 60, 28)
(10502, 59, 27)
(10504, 58, 27)
(10509, 58, 27)
(10510, 57, 26)
(10511, 64, 30)
(10512, 62, 29)
(42049/4, 64, 30)
(21025/2, 65, 31)
(42051/4, 62, 29)
(10513, 69, 33)
(42053/4, 67, 32)
(21027/2, 65, 31)
(42055/4, 64, 30)
(10514, 62, 29)
(42057/4, 64, 30)
(21029/2, 65, 31)
(42059/4, 62, 29)
(10515, 69, 33)
(42061/4, 67, 32)
(21031/2, 65, 31)
(42063/4, 64, 30)
(10516, 62, 29)
(10519, 64, 30)
(10520, 63, 29)
(42081/4, 64, 30)
(21041/2, 66, 31)
(42083/4, 63, 29)
(10521, 69, 33)
(42085/4, 67, 32)
(21043/2, 66, 31)
(42087/4, 64, 30)
(10522, 63, 29)
(42089/4, 64, 30)
(21045/2, 66, 31)
(42091/4, 63, 29)
(10523, 69, 33)
(42093/4, 67, 32)
(21047/2, 66, 31)
(42095/4, 64, 30)
(10524, 63, 29)
(10527, 66, 31)
(10528, 64, 30)
(42113/4, 65, 31)
(21057/2, 64, 30)
(42115/4, 62, 29)
(10529, 64, 30)
(42117/4, 62, 29)
(21059/2, 60, 28)
(42119/4, 59, 27)
(10530, 57, 26)
(10532, 64, 30)
(42129/4, 66, 31)
(21065/2, 64, 30)
(42131/4, 66, 31)
(10533, 68, 32)
(42133/4, 64, 30)
(21067/2, 66, 31)
(42135/4, 68, 32)
(10534, 69, 33)
(10536, 71, 34)
(42145/4, 69, 33)
(21073/2, 68, 32)
(42147/4, 66, 31)
(10537, 64, 30)
(42149/4, 62, 29)
(21075/2, 60, 28)
(42151/4, 59, 27)
(10538, 57, 26)
(10540, 78, 38)
(42161/4, 76, 37)
(21081/2, 74, 36)
(42163/4, 72, 35)
(10541, 71, 34)
(42165/4, 69, 33)
(21083/2, 67, 32)
(42167/4, 65, 31)
(10542, 64, 30)
(10544, 75, 36)
(10544, 78, 38)
(10545, 75, 36)
(10545, 78, 38)
(10553, 71, 34)
(42213/4, 72, 35)
(21107/2, 74, 36)
(42215/4, 71, 34)
(10554, 77, 38)
(42217/4, 76, 37)
(21109/2, 74, 36)
(42219/4, 72, 35)
(10555, 71, 34)
(42221/4, 72, 35)
(21111/2, 74, 36)
(42223/4, 71, 34)
(10556, 74, 36)
(42225/4, 72, 35)
(21113/2, 71, 34)
(42227/4, 69, 33)
(10557, 68, 32)
(42229/4, 69, 33)
(21115/2, 71, 34)
(42231/4, 68, 32)
(10558, 71, 34)
(42233/4, 69, 33)
(21117/2, 68, 32)
(42235/4, 65, 31)
(10559, 64, 30)
(42237/4, 62, 29)
(21119/2, 60, 28)
(42239/4, 59, 27)
(10560, 57, 26)
(10566, 79, 39)
(10569, 79, 39)
(10570, 76, 37)
(10571, 72, 35)
(10572, 66, 31)
(42289/4, 67, 32)
(21145/2, 69, 33)
(42291/4, 66, 31)
(10573, 72, 35)
(42293/4, 71, 34)
(21147/2, 69, 33)
(42295/4, 67, 32)
(10574, 66, 31)
(42297/4, 67, 32)
(21149/2, 69, 33)
(42299/4, 66, 31)
(10575, 69, 33)
(42301/4, 67, 32)
(21151/2, 66, 31)
(42303/4, 64, 30)
(10576, 62, 29)
(10577, 74, 36)
(10578, 79, 39)
(10579, 83, 41)
(10580, 86, 43)
(10583, 71, 34)
(10584, 69, 33)
(42337/4, 71, 34)
(21169/2, 72, 35)
(42339/4, 69, 33)
(10585, 76, 37)
(42341/4, 74, 36)
(21171/2, 72, 35)
(42343/4, 71, 34)
(10586, 69, 33)
(42345/4, 71, 34)
(21173/2, 72, 35)
(42347/4, 69, 33)
(10587, 76, 37)
(42349/4, 74, 36)
(21175/2, 72, 35)
(42351/4, 71, 34)
(10588, 69, 33)
(10590, 83, 41)
(42369/4, 81, 40)
(21185/2, 79, 39)
(42371/4, 78, 38)
(10593, 76, 37)
(42373/4, 78, 38)
(21187/2, 79, 39)
(42375/4, 76, 37)
(10594, 83, 41)
(42377/4, 81, 40)
(21189/2, 79, 39)
(42379/4, 78, 38)
(10595, 76, 37)
(42381/4, 78, 38)
(21191/2, 79, 39)
(42383/4, 76, 37)
(10596, 73, 35)
(10597, 66, 31)
(10598, 70, 33)
(10599, 76, 37)
(10600, 75, 36)
(10601, 72, 35)
(10602, 71, 34)
(10603, 75, 36)
(10604, 76, 37)
(10605, 76, 37)
(10606, 76, 37)
(10607, 70, 33)
(10608, 71, 34)
(42433/4, 72, 35)
(21217/2, 71, 34)
(42435/4, 72, 35)
(10609, 69, 33)
(42437/4, 71, 34)
(21219/2, 69, 33)
(42439/4, 71, 34)
(10610, 67, 32)
(42441/4, 69, 33)
(21221/2, 67, 32)
(42443/4, 69, 33)
(10611, 65, 31)
(42445/4, 67, 32)
(21223/2, 65, 31)
(42447/4, 67, 32)
(10612, 64, 30)
(10615, 72, 35)
(10616, 71, 34)
(42465/4, 72, 35)
(21233/2, 71, 34)
(42467/4, 72, 35)
(10617, 69, 33)
(42469/4, 71, 34)
(21235/2, 69, 33)
(42471/4, 71, 34)
(10618, 68, 32)
(42473/4, 69, 33)
(21237/2, 68, 32)
(42475/4, 69, 33)
(10619, 67, 32)
(42477/4, 69, 33)
(21239/2, 67, 32)
(42479/4, 69, 33)
(10620, 71, 34)
(10622, 64, 30)
(10624, 63, 29)
(10626, 64, 30)
(10628, 63, 29)
(10630, 64, 30)
(10632, 63, 29)
(10635, 57, 26)
(10636, 55, 25)
(10637, 58, 27)
(10638, 57, 26)
(10640, 55, 25)
(10643, 60, 28)
(10644, 59, 27)
(10645, 60, 28)
(10647, 65, 31)
(10648, 65, 31)
(10649, 64, 30)
(10651, 65, 31)
(10652, 65, 31)
(10653, 64, 30)
(10659, 60, 28)
(10660, 64, 30)
(10661, 67, 32)
(10662, 71, 34)
(10663, 76, 37)
(10664, 79, 39)
(10667, 60, 28)
(10668, 64, 30)
(10669, 67, 32)
(10670, 71, 34)
(10671, 76, 37)
(10672, 79, 39)
(21347/2, 61, 28)
(10674, 64, 30)
(21349/2, 67, 32)
(10675, 73, 35)
(21351/2, 76, 37)
(10676, 78, 38)
(21355/2, 62, 29)
(10678, 62, 29)
(21357/2, 67, 32)
(10679, 71, 34)
(21359/2, 74, 36)
(10680, 76, 37)
(21363/2, 64, 30)
(10682, 62, 29)
(21365/2, 67, 32)
(10683, 71, 34)
(21367/2, 74, 36)
(10684, 76, 37)
(21371/2, 55, 25)
(10686, 57, 26)
(21373/2, 60, 28)
(10687, 64, 30)
(21375/2, 69, 33)
(10688, 71, 34)
(21379/2, 59, 27)
(10690, 64, 30)
(21381/2, 67, 32)
(10691, 71, 34)
(21383/2, 76, 37)
(10692, 76, 37)
(21387/2, 59, 27)
(10694, 64, 30)
(21389/2, 67, 32)
(10695, 71, 34)
(21391/2, 76, 37)
(10696, 72, 35)
(21395/2, 64, 30)
(10698, 63, 29)
(21397/2, 66, 31)
(10699, 71, 34)
(21399/2, 75, 36)
(10700, 76, 37)
(10709, 76, 37)
(10710, 76, 37)
(10711, 76, 37)
(10712, 76, 37)
(10717, 71, 34)
(10718, 71, 34)
(10719, 71, 34)
(10720, 59, 27)
(21441/2, 61, 28)
(10721, 63, 29)
(21443/2, 64, 30)
(10722, 66, 31)
(21445/2, 67, 32)
(10723, 69, 33)
(21447/2, 71, 34)
(10724, 69, 33)
(21449/2, 72, 35)
(21451/2, 71, 34)
(10726, 69, 33)
(21453/2, 67, 32)
(10727, 66, 31)
(21455/2, 64, 30)
(10728, 63, 29)
(21457/2, 64, 30)
(10729, 62, 29)
(21459/2, 60, 28)
(10730, 59, 27)
(21461/2, 60, 28)
(10731, 59, 27)
(21463/2, 57, 26)
(10732, 59, 27)
(21465/2, 64, 30)
(10733, 63, 29)
(21467/2, 66, 31)
(10734, 64, 30)
(21469/2, 67, 32)
(10735, 66, 31)
(21471/2, 69, 33)
(10736, 59, 27)
(21473/2, 61, 28)
(10737, 63, 29)
(21475/2, 64, 30)
(10738, 66, 31)
(21477/2, 67, 32)
(10739, 69, 33)
(21479/2, 71, 34)
(10740, 69, 33)
(21481/2, 72, 35)
(21483/2, 71, 34)
(10742, 69, 33)
(21485/2, 67, 32)
(10743, 66, 31)
(21487/2, 64, 30)
(10744, 62, 29)
(21489/2, 71, 34)
(10745, 69, 33)
(21491/2, 67, 32)
(10746, 66, 31)
(21493/2, 67, 32)
(10747, 69, 33)
(21495/2, 66, 31)
(10748, 69, 33)
(21497/2, 66, 31)
(10749, 67, 32)
(21499/2, 69, 33)
(10750, 71, 34)
(21501/2, 72, 35)
(10751, 69, 33)
(21503/2, 71, 34)
(10752, 67, 32)
(21505/2, 72, 35)
(10753, 76, 37)
(10755, 75, 36)
(10756, 76, 37)
(10757, 69, 33)
(10758, 67, 32)
(10759, 71, 34)
(10760, 72, 35)
(10761, 69, 33)
(10762, 64, 30)
(10763, 72, 35)
(10764, 71, 34)
(43057/4, 72, 35)
(21529/2, 71, 34)
(43059/4, 72, 35)
(10765, 69, 33)
(43061/4, 71, 34)
(21531/2, 69, 33)
(43063/4, 71, 34)
(10766, 68, 32)
(43065/4, 69, 33)
(21533/2, 68, 32)
(43067/4, 69, 33)
(10767, 67, 32)
(43069/4, 69, 33)
(21535/2, 67, 32)
(43071/4, 69, 33)
(10768, 71, 34)
(10771, 64, 30)
(10772, 63, 29)
(10775, 72, 35)
(10776, 71, 34)
(10778, 69, 33)
(10780, 67, 32)
(10782, 67, 32)
(10784, 66, 31)
(10787, 66, 31)
(10788, 64, 30)
(10791, 61, 28)
(10792, 57, 26)
(10795, 59, 27)
(10796, 63, 29)
(10797, 64, 30)
(10798, 66, 31)
(10799, 69, 33)
(10800, 69, 33)
(10801, 68, 32)
(10803, 62, 29)
(10804, 61, 28)
(10806, 59, 27)
(10807, 62, 29)
(10808, 61, 28)
(10810, 59, 27)
(10811, 62, 29)
(10812, 61, 28)
(10814, 73, 35)
(10817, 71, 34)
(10818, 69, 33)
(10819, 66, 31)
(10820, 64, 30)
(10821, 68, 32)
(10822, 69, 33)
(10823, 57, 26)
(10824, 57, 26)
(10831, 66, 31)
(10832, 66, 31)
(10833, 68, 32)
(10836, 55, 25)
(10840, 59, 27)
(21693/2, 62, 29)
(10847, 64, 30)
(21695/2, 68, 32)
(10848, 61, 28)
(10850, 60, 28)
(10852, 59, 27)
(21709/2, 62, 29)
(10855, 64, 30)
(21711/2, 68, 32)
(10856, 61, 28)
(10858, 60, 28)
(10860, 59, 27)
(21725/2, 64, 30)
(10863, 68, 32)
(21727/2, 71, 34)
(10864, 76, 37)
(21733/2, 64, 30)
(10867, 69, 33)
(21735/2, 72, 35)
(10868, 76, 37)
(21741/2, 64, 30)
(10871, 67, 32)
(21743/2, 73, 35)
(10872, 76, 37)
(10873, 64, 30)
(10874, 63, 29)
(21751/2, 66, 31)
(10876, 64, 30)
(10877, 71, 34)
(10878, 76, 37)
(10881, 75, 36)
(10882, 76, 37)
(10885, 78, 38)
(10886, 75, 36)
(10889, 66, 31)
(10890, 71, 34)
(21783/2, 66, 31)
(10892, 67, 32)
(10893, 76, 37)
(10894, 75, 36)
(10895, 74, 36)
(10896, 73, 35)
(10898, 72, 35)
(10900, 71, 34)
(10901, 76, 37)
(10903, 75, 36)
(43613/4, 76, 37)
(21807/2, 78, 38)
(43615/4, 75, 36)
(10904, 81, 40)
(43617/4, 79, 39)
(21809/2, 78, 38)
(43619/4, 76, 37)
(10905, 75, 36)
(43621/4, 76, 37)
(21811/2, 78, 38)
(43623/4, 76, 37)
(10906, 75, 36)
(43625/4, 72, 35)
(21813/2, 71, 34)
(43627/4, 69, 33)
(10907, 67, 32)
(43629/4, 66, 31)
(21815/2, 64, 30)
(43631/4, 63, 29)
(10908, 64, 30)
(43635/4, 75, 36)
(10909, 75, 36)
(43639/4, 76, 37)
(10910, 76, 37)
(43643/4, 69, 33)
(10911, 69, 33)
(43647/4, 67, 32)
(10912, 67, 32)
(43651/4, 64, 30)
(10913, 64, 30)
(21829/2, 64, 30)
(10915, 64, 30)
(21831/2, 64, 30)
(10916, 65, 31)
(10918, 60, 28)
(10920, 60, 28)
(10921, 64, 30)
(21845/2, 64, 30)
(10923, 64, 30)
(21847/2, 64, 30)
(10924, 65, 31)
(10926, 72, 35)
(10928, 72, 35)
(10929, 84, 42)
(21861/2, 84, 42)
(10931, 84, 42)
(21863/2, 84, 42)
(10932, 84, 42)
(21865/2, 83, 41)
(10933, 79, 39)
(21867/2, 76, 37)
(10934, 75, 36)
(21869/2, 71, 34)
(10935, 69, 33)
(21871/2, 66, 31)
(10936, 64, 30)
(21873/2, 67, 32)
(10937, 71, 34)
(21875/2, 76, 37)
(10938, 79, 39)
(21879/2, 59, 27)
(10940, 64, 30)
(21881/2, 67, 32)
(10941, 70, 33)
(21883/2, 73, 35)
(10942, 73, 35)
(21887/2, 64, 30)
(10944, 59, 27)
(21889/2, 64, 30)
(10945, 66, 31)
(21891/2, 71, 34)
(10946, 71, 34)
(21895/2, 59, 27)
(10948, 64, 30)
(21897/2, 67, 32)
(10949, 66, 31)
(21899/2, 64, 30)
(10950, 59, 27)
(21901/2, 66, 31)
(10951, 71, 34)
(21903/2, 69, 33)
(10952, 67, 32)
(21905/2, 55, 25)
(10953, 59, 27)
(21907/2, 64, 30)
(10954, 67, 32)
(21909/2, 64, 30)
(10955, 59, 27)
(21911/2, 55, 25)
(21913/2, 60, 28)
(10957, 64, 30)
(21915/2, 69, 33)
(10958, 72, 35)
(21917/2, 69, 33)
(10959, 64, 30)
(21919/2, 60, 28)
(10960, 59, 27)
(21921/2, 59, 27)
(10961, 64, 30)
(21923/2, 66, 31)
(10962, 59, 27)
(21925/2, 59, 27)
(10963, 63, 29)
(21927/2, 66, 31)
(10964, 64, 30)
(21929/2, 59, 27)
(21929/2, 64, 30)
(21931/2, 59, 27)
(21931/2, 64, 30)
(21933/2, 59, 27)
(21933/2, 64, 30)
(21935/2, 59, 27)
(21935/2, 64, 30)
(10968, 60, 28)
(10971, 60, 28)
(10972, 62, 29)
(21945/2, 62, 29)
(21947/2, 62, 29)
(21949/2, 62, 29)
(21951/2, 62, 29)
(10976, 64, 30)
(10979, 64, 30)
(10980, 59, 27)
(21961/2, 59, 27)
(21963/2, 59, 27)
(21965/2, 59, 27)
(21967/2, 59, 27)
(21969/2, 59, 27)
(21971/2, 59, 27)
(21973/2, 64, 30)
(21975/2, 63, 29)
(21977/2, 63, 29)
(21979/2, 64, 30)
(21981/2, 69, 33)
(21983/2, 67, 32)
(21985/2, 67, 32)
(21987/2, 69, 33)
(21989/2, 69, 33)
(21991/2, 70, 33)
(10996, 76, 37)
(10998, 75, 36)
(10999, 71, 34)
(21999/2, 69, 33)
(11000, 69, 33)
(22001/2, 69, 33)
(22003/2, 67, 32)
(22005/2, 70, 34)
(22007/2, 69, 33)
(22009/2, 72, 35)
(22011/2, 71, 34)
(22013/2, 75, 37)
(22015/2, 74, 36)
(22017/2, 77, 38)
(22019/2, 76, 37)
(22021/2, 76, 37)
(22023/2, 76, 37)
(11012, 76, 37)
(11014, 78, 38)
(11016, 76, 37)
(11017, 71, 34)
(11018, 67, 32)
(11019, 64, 30)
(11020, 60, 28)
(11020, 64, 30)
(11022, 60, 28)
(11022, 63, 29)
(11023, 60, 28)
(11024, 59, 27)
(11025, 71, 34)
(11026, 67, 32)
(11027, 64, 30)
(11028, 60, 28)
(11028, 64, 30)
(11030, 60, 28)
(11030, 63, 29)
(11031, 60, 28)
(11032, 59, 27)
(11033, 64, 30)
(44133/4, 66, 31)
(22067/2, 67, 32)
(44135/4, 64, 30)
(11034, 71, 34)
(11035, 64, 30)
(44141/4, 66, 31)
(22071/2, 67, 32)
(44143/4, 64, 30)
(11036, 72, 35)
(11037, 66, 31)
(44149/4, 67, 32)
(22075/2, 69, 33)
(44151/4, 66, 31)
(11038, 72, 35)
(11039, 66, 31)
(44157/4, 67, 32)
(22079/2, 69, 33)
(44159/4, 66, 31)
(11040, 81, 40)
(11041, 75, 36)
(44165/4, 76, 37)
(22083/2, 78, 38)
(44167/4, 75, 36)
(11042, 83, 41)
(11043, 79, 39)
(44173/4, 78, 38)
(22087/2, 76, 37)
(44175/4, 75, 36)
(11044, 76, 37)
(44177/4, 74, 36)
(22089/2, 72, 35)
(44179/4, 71, 34)
(11045, 76, 37)
(44181/4, 74, 36)
(22091/2, 72, 35)
(44183/4, 71, 34)
(11046, 79, 39)
(44185/4, 78, 38)
(22093/2, 76, 37)
(44187/4, 75, 36)
(11047, 76, 37)
(44189/4, 74, 36)
(22095/2, 72, 35)
(44191/4, 71, 34)
(11048, 72, 35)
(44193/4, 71, 34)
(22097/2, 69, 33)
(44195/4, 67, 32)
(11049, 72, 35)
(44197/4, 71, 34)
(22099/2, 69, 33)
(44199/4, 67, 32)
(11050, 72, 35)
(44201/4, 71, 34)
(22101/2, 69, 33)
(44203/4, 67, 32)
(11051, 69, 33)
(44205/4, 67, 32)
(22103/2, 66, 31)
(44207/4, 64, 30)
(11052, 63, 29)
(11054, 59, 27)
(11054, 63, 29)
(11056, 59, 27)
(11056, 63, 29)
(11059, 57, 26)
(11060, 55, 25)
(11062, 57, 26)
(11063, 56, 26)
(11064, 55, 25)
(11067, 59, 27)
(11068, 60, 28)
(11069, 58, 27)
(11070, 57, 26)
(11071, 56, 26)
(11072, 55, 25)
(11079, 60, 28)
(11080, 64, 30)
(11081, 67, 32)
(11082, 71, 34)
(11083, 76, 37)
(11084, 79, 39)
(11087, 60, 28)
(11088, 64, 30)
(11089, 67, 32)
(11090, 71, 34)
(11091, 76, 37)
(11092, 79, 39)
(22187/2, 67, 32)
(11094, 66, 31)
(22189/2, 71, 34)
(11095, 75, 36)
(22191/2, 78, 38)
(11096, 76, 37)
(22195/2, 59, 27)
(11098, 64, 30)
(22197/2, 67, 32)
(11099, 71, 34)
(22199/2, 76, 37)
(11100, 76, 37)
(22203/2, 60, 28)
(11102, 59, 27)
(22205/2, 63, 29)
(11103, 66, 31)
(22207/2, 71, 34)
(11104, 71, 34)
(22211/2, 59, 27)
(11106, 64, 30)
(22213/2, 67, 32)
(11107, 71, 34)
(22215/2, 76, 37)
(11108, 70, 33)
(22219/2, 70, 33)
(11110, 69, 33)
(22221/2, 75, 36)
(11111, 78, 38)
(22223/2, 81, 40)
(11112, 80, 39)
(22227/2, 68, 32)
(11114, 67, 32)
(22231/2, 55, 25)
(11116, 55, 25)
(22233/2, 59, 27)
(11117, 64, 30)
(22235/2, 67, 32)
(11118, 66, 31)
(22237/2, 71, 34)
(11119, 75, 36)
(22239/2, 78, 38)
(11120, 79, 39)
(11122, 69, 33)
(11122, 71, 34)
(11124, 67, 32)
(11124, 71, 34)
(40001/2, 55, 25)
(40003/2, 55, 25)
(40005/2, 55, 25)
(40007/2, 55, 25)
(40009/2, 55, 25)
(40011/2, 55, 25)
(40013/2, 55, 25)
(40015/2, 55, 25)
(40017/2, 55, 25)
(40019/2, 55, 25)
(40021/2, 55, 25)
(40023/2, 58, 26)
(20012, 59, 27)
(40025/2, 59, 27)
(40027/2, 59, 27)
(40029/2, 54, 24)
(40031/2, 54, 24)
(40033/2, 55, 25)
(40035/2, 55, 25)
(40037/2, 55, 25)
(40039/2, 55, 25)
(40041/2, 52, 23)
(40043/2, 52, 23)
(40045/2, 52, 23)
(40047/2, 52, 23)
(40049/2, 60, 28)
(40051/2, 60, 28)
(40053/2, 60, 28)
(40055/2, 60, 28)
(40057/2, 60, 28)
(40059/2, 60, 28)
(40061/2, 59, 27)
(40063/2, 57, 26)
(40065/2, 57, 26)
(40067/2, 57, 26)
(40069/2, 55, 25)
(40071/2, 54, 24)
(40073/2, 52, 23)
(40075/2, 52, 23)
(40077/2, 55, 25)
(40079/2, 55, 25)
(40081/2, 55, 25)
(40083/2, 55, 25)
(40085/2, 55, 25)
(40087/2, 58, 26)
(20044, 59, 27)
(40089/2, 59, 27)
(40091/2, 59, 27)
(40093/2, 54, 24)
(40095/2, 54, 24)
(40097/2, 52, 23)
(40099/2, 62, 29)
(40101/2, 60, 28)
(40103/2, 59, 27)
(40105/2, 57, 26)
(40107/2, 57, 26)
(40109/2, 59, 27)
(40111/2, 60, 28)
(40113/2, 62, 29)
(40115/2, 62, 29)
(40117/2, 60, 28)
(40119/2, 59, 27)
(40121/2, 57, 26)
(40123/2, 57, 26)
(40125/2, 59, 27)
(40127/2, 60, 28)
(40129/2, 60, 28)
(40131/2, 60, 28)
(40133/2, 59, 27)
(40135/2, 63, 29)
(20068, 64, 30)
(20069, 59, 27)
(40139/2, 61, 28)
(20070, 63, 29)
(40141/2, 64, 30)
(20071, 66, 31)
(40143/2, 67, 32)
(20072, 66, 31)
(40145/2, 64, 30)
(20073, 69, 33)
(40147/2, 67, 32)
(20074, 66, 31)
(40149/2, 64, 30)
(20075, 62, 29)
(40151/2, 60, 28)
(20076, 59, 27)
(40153/2, 60, 28)
(20077, 59, 27)
(40155/2, 57, 26)
(20078, 55, 25)
(40157/2, 57, 26)
(20079, 55, 25)
(40159/2, 54, 24)
(20080, 55, 25)
(20081, 54, 24)
(40163/2, 57, 26)
(20082, 55, 25)
(40165/2, 59, 27)
(20083, 59, 27)
(40167/2, 66, 31)
(20084, 55, 25)
(40169/2, 57, 26)
(20085, 59, 27)
(40171/2, 61, 28)
(20086, 63, 29)
(40173/2, 64, 30)
(20087, 66, 31)
(40175/2, 67, 32)
(20088, 66, 31)
(40177/2, 64, 30)
(20089, 69, 33)
(40179/2, 67, 32)
(20090, 66, 31)
(40181/2, 64, 30)
(20091, 62, 29)
(40183/2, 60, 28)
(20092, 59, 27)
(40187/2, 57, 26)
(20094, 55, 25)
(20095, 54, 24)
(20096, 55, 25)
(20097, 52, 23)
(80389/4, 54, 24)
(40195/2, 55, 25)
(80391/4, 52, 23)
(20098, 59, 27)
(80393/4, 57, 26)
(40197/2, 55, 25)
(80395/4, 54, 24)
(20099, 52, 23)
(80397/4, 54, 24)
(40199/2, 55, 25)
(80399/4, 52, 23)
(20100, 60, 28)
(80401/4, 59, 27)
(40201/2, 57, 26)
(80403/4, 55, 25)
(20101, 54, 24)
(80405/4, 55, 25)
(40203/2, 57, 26)
(80407/4, 54, 24)
(20102, 60, 28)
(80409/4, 59, 27)
(40205/2, 57, 26)
(80411/4, 55, 25)
(20103, 54, 24)
(80413/4, 55, 25)
(40207/2, 54, 24)
(80415/4, 52, 23)
(20104, 51, 22)
(80417/4, 52, 23)
(40209/2, 54, 24)
(80419/4, 51, 22)
(20105, 57, 26)
(80421/4, 55, 25)
(40211/2, 54, 24)
(80423/4, 52, 23)
(20106, 51, 22)
(80425/4, 52, 23)
(40213/2, 54, 24)
(80427/4, 51, 22)
(20107, 57, 26)
(80429/4, 55, 25)
(40215/2, 54, 24)
(80431/4, 52, 23)
(20108, 51, 22)
(40221/2, 69, 33)
(20111, 66, 31)
(40223/2, 63, 29)
(20112, 64, 30)
(20113, 55, 25)
(20115, 55, 25)
(20116, 57, 26)
(20117, 57, 26)
(20119, 57, 26)
(20120, 54, 24)
(40241/2, 54, 24)
(40241/2, 57, 26)
(20121, 54, 24)
(20121, 57, 26)
(40245/2, 54, 24)
(40245/2, 57, 26)
(20123, 54, 24)
(20123, 57, 26)
(40253/2, 69, 33)
(20127, 66, 31)
(40255/2, 63, 29)
(20128, 64, 30)
(80513/4, 66, 31)
(40257/2, 67, 32)
(80515/4, 64, 30)
(20129, 71, 34)
(80517/4, 69, 33)
(40259/2, 67, 32)
(80519/4, 66, 31)
(20130, 64, 30)
(80521/4, 66, 31)
(40261/2, 67, 32)
(80523/4, 64, 30)
(20131, 67, 32)
(80525/4, 66, 31)
(40263/2, 64, 30)
(80527/4, 62, 29)
(20132, 60, 28)
(20135, 54, 24)
(20136, 55, 25)
(80545/4, 57, 26)
(40273/2, 59, 27)
(80547/4, 55, 25)
(20137, 62, 29)
(80549/4, 60, 28)
(40275/2, 59, 27)
(80551/4, 57, 26)
(20138, 55, 25)
(80553/4, 57, 26)
(40277/2, 59, 27)
(80555/4, 55, 25)
(20139, 64, 30)
(80557/4, 62, 29)
(40279/2, 61, 28)
(80559/4, 59, 27)
(20140, 58, 26)
(40287/2, 70, 33)
(20144, 71, 34)
(80577/4, 73, 35)
(40289/2, 74, 36)
(80579/4, 71, 34)
(20145, 74, 36)
(80581/4, 73, 35)
(40291/2, 71, 34)
(80583/4, 70, 33)
(20146, 71, 34)
(80585/4, 69, 33)
(40293/2, 67, 32)
(80587/4, 66, 31)
(20147, 64, 30)
(80589/4, 62, 29)
(40295/2, 61, 28)
(80591/4, 59, 27)
(20148, 55, 25)
(40299/2, 73, 35)
(20150, 74, 36)
(80601/4, 73, 35)
(40301/2, 71, 34)
(80603/4, 69, 33)
(20151, 68, 32)
(80605/4, 66, 31)
(40303/2, 65, 30)
(80607/4, 62, 29)
(20152, 61, 28)
(20153, 61, 28)
(20153, 64, 30)
(20155, 61, 28)
(20155, 64, 30)
(20157, 61, 28)
(20157, 64, 30)
(20159, 61, 28)
(20159, 64, 30)
(20160, 59, 27)
(20160, 62, 29)
(20161, 67, 32)
(20162, 66, 31)
(20163, 69, 33)
(20164, 71, 34)
(20165, 72, 35)
(20166, 71, 34)
(20167, 71, 34)
(20168, 73, 35)
(20169, 61, 28)
(20169, 64, 30)
(20171, 61, 28)
(20171, 64, 30)
(20173, 61, 28)
(20173, 64, 30)
(20175, 61, 28)
(20176, 62, 29)
(80705/4, 64, 30)
(40353/2, 62, 29)
(80707/4, 64, 30)
(20177, 61, 28)
(80709/4, 62, 29)
(40355/2, 61, 28)
(80711/4, 62, 29)
(20178, 59, 27)
(80713/4, 61, 28)
(40357/2, 59, 27)
(80715/4, 61, 28)
(20179, 57, 26)
(80717/4, 59, 27)
(40359/2, 57, 26)
(80719/4, 59, 27)
(20180, 55, 25)
(80721/4, 57, 26)
(40361/2, 55, 25)
(80723/4, 57, 26)
(20181, 54, 24)
(80725/4, 55, 25)
(40363/2, 54, 24)
(80727/4, 55, 25)
(20182, 52, 23)
(80729/4, 54, 24)
(40365/2, 52, 23)
(80731/4, 54, 24)
(20183, 50, 22)
(80733/4, 52, 23)
(40367/2, 50, 22)
(80735/4, 52, 23)
(20184, 49, 21)
(20186, 59, 27)
(20188, 58, 26)
(20191, 67, 32)
(20192, 66, 31)
(80769/4, 67, 32)
(40385/2, 66, 31)
(80771/4, 67, 32)
(20193, 64, 30)
(80773/4, 66, 31)
(40387/2, 64, 30)
(80775/4, 66, 31)
(20194, 63, 29)
(80777/4, 64, 30)
(40389/2, 63, 29)
(80779/4, 64, 30)
(20195, 62, 29)
(80781/4, 64, 30)
(40391/2, 62, 29)
(80783/4, 64, 30)
(20196, 61, 28)
(20198, 64, 30)
(20200, 63, 29)
(20202, 63, 29)
(20204, 61, 28)
(20207, 61, 28)
(20208, 59, 27)
(20210, 67, 32)
(20211, 64, 30)
(20212, 60, 28)
(20215, 59, 27)
(20216, 60, 28)
(20217, 62, 29)
(20218, 64, 30)
(20219, 66, 31)
(20220, 67, 32)
(20223, 55, 25)
(20224, 55, 25)
(20234, 57, 26)
(20237, 59, 27)
(20238, 60, 28)
(20240, 59, 27)
(20242, 64, 30)
(20244, 62, 29)
(20247, 62, 29)
(20248, 64, 30)
(20249, 66, 31)
(20250, 67, 32)
(20251, 57, 26)
(20252, 57, 26)
(20254, 59, 27)
(20255, 54, 24)
(20256, 52, 23)
(20259, 52, 23)
(20260, 54, 24)
(20261, 57, 26)
(20262, 62, 29)
(20263, 54, 24)
(20264, 52, 23)
(20268, 50, 22)
(20272, 55, 25)
(20276, 55, 25)
(20280, 55, 25)
(20280, 67, 32)
(20289, 55, 25)
(81157/4, 57, 26)
(40579/2, 59, 27)
(81159/4, 55, 25)
(20290, 62, 29)
(81161/4, 60, 28)
(40581/2, 59, 27)
(81163/4, 57, 26)
(20291, 55, 25)
(81165/4, 57, 26)
(40583/2, 59, 27)
(81167/4, 55, 25)
(20292, 67, 32)
(81169/4, 66, 31)
(40585/2, 64, 30)
(81171/4, 62, 29)
(20293, 60, 28)
(20295, 60, 28)
(81181/4, 62, 29)
(40591/2, 64, 30)
(81183/4, 60, 28)
(20296, 69, 33)
(20297, 69, 33)
(81189/4, 67, 32)
(40595/2, 66, 31)
(81191/4, 64, 30)
(20298, 62, 29)
(20299, 60, 28)
(81197/4, 59, 27)
(40599/2, 57, 26)
(81199/4, 55, 25)
(20300, 54, 24)
(20304, 74, 36)
(81219/4, 72, 35)
(20305, 72, 35)
(81223/4, 71, 34)
(20306, 71, 34)
(81227/4, 67, 32)
(20307, 67, 32)
(81231/4, 67, 32)
(20308, 67, 32)
(81235/4, 71, 34)
(20309, 71, 34)
(40621/2, 71, 34)
(20311, 71, 34)
(40623/2, 71, 34)
(20312, 71, 34)
(20314, 61, 28)
(20314, 64, 30)
(20316, 62, 29)
(20317, 71, 34)
(40637/2, 71, 34)
(20319, 71, 34)
(40639/2, 71, 34)
(20320, 71, 34)
(20322, 61, 28)
(20322, 64, 30)
(20324, 62, 29)
(20325, 76, 37)
(40653/2, 76, 37)
(20327, 76, 37)
(40655/2, 76, 37)
(20328, 76, 37)
(40657/2, 74, 36)
(20329, 71, 34)
(40659/2, 67, 32)
(20330, 66, 31)
(40661/2, 62, 29)
(20331, 60, 28)
(40663/2, 57, 26)
(20332, 55, 25)
(40665/2, 59, 27)
(20333, 62, 29)
(40667/2, 67, 32)
(20334, 71, 34)
(40671/2, 50, 22)
(20336, 55, 25)
(40673/2, 59, 27)
(20337, 64, 30)
(40675/2, 67, 32)
(20338, 67, 32)
(40679/2, 55, 25)
(20340, 50, 22)
(40681/2, 55, 25)
(20341, 57, 26)
(40683/2, 62, 29)
(20342, 54, 24)
(40687/2, 54, 24)
(20344, 55, 25)
(40689/2, 57, 26)
(20345, 61, 28)
(40691/2, 64, 30)
(20346, 62, 29)
(40695/2, 57, 26)
(20348, 59, 27)
(40697/2, 59, 27)
(20349, 62, 29)
(40699/2, 67, 32)
(20350, 71, 34)
(40701/2, 67, 32)
(20351, 62, 29)
(40703/2, 59, 27)
(40705/2, 59, 27)
(20353, 64, 30)
(40707/2, 67, 32)
(20354, 64, 30)
(40709/2, 61, 28)
(20355, 57, 26)
(40711/2, 55, 25)
(20356, 55, 25)
(40713/2, 55, 25)
(20357, 57, 26)
(40715/2, 60, 28)
(20358, 54, 24)
(40717/2, 54, 24)
(20359, 57, 26)
(40719/2, 60, 28)
(20360, 55, 25)
(20364, 57, 26)
(40729/2, 57, 26)
(40731/2, 57, 26)
(40733/2, 54, 24)
(40735/2, 54, 24)
(20368, 55, 25)
(20372, 57, 26)
(40745/2, 57, 26)
(40747/2, 57, 26)
(40749/2, 54, 24)
(40751/2, 54, 24)
(20376, 55, 25)
(20376, 59, 27)
(20380, 50, 22)
(20384, 50, 22)
(40785/2, 55, 25)
(40787/2, 55, 25)
(40789/2, 55, 25)
(40791/2, 55, 25)
(40793/2, 55, 25)
(40795/2, 55, 25)
(40797/2, 55, 25)
(40799/2, 55, 25)
(40801/2, 55, 25)
(40803/2, 55, 25)
(40805/2, 55, 25)
(40807/2, 55, 25)
(20404, 50, 22)
(40817/2, 50, 22)
(40817/2, 55, 25)
(40819/2, 50, 22)
(40819/2, 55, 25)
(40821/2, 50, 22)
(40821/2, 55, 25)
(40823/2, 50, 22)
(40823/2, 55, 25)
(40825/2, 50, 22)
(40827/2, 50, 22)
(40829/2, 50, 22)
(40831/2, 50, 22)
(40833/2, 50, 22)
(40835/2, 50, 22)
(40837/2, 50, 22)
(40839/2, 50, 22)
(40841/2, 50, 22)
(40843/2, 50, 22)
(20423, 56, 25)
(20424, 59, 27)
(20425, 64, 30)
(20426, 68, 32)
(20427, 71, 34)
(20428, 76, 37)
(20431, 71, 34)
(40863/2, 72, 35)
(20432, 76, 37)
(20433, 74, 36)
(20434, 73, 35)
(20435, 71, 34)
(20436, 71, 34)
(20437, 70, 33)
(20441, 54, 24)
(20443, 52, 23)
(20444, 50, 22)
(20447, 50, 22)
(20448, 52, 23)
(20451, 52, 23)
(20452, 54, 24)
(20456, 55, 25)
(20458, 56, 25)
(20460, 57, 26)
(20462, 58, 26)
(20464, 59, 27)
(20468, 59, 27)
(20468, 62, 29)
(20476, 60, 28)
(20480, 60, 28)
(20480, 64, 30)
(20484, 60, 28)
(20484, 62, 29)
(20486, 59, 27)
(20486, 62, 29)
(20488, 63, 30)
(20490, 62, 29)
(20492, 60, 28)
(20496, 57, 26)
(20503, 50, 22)
(20504, 49, 21)
(82017/4, 50, 22)
(41009/2, 52, 23)
(82019/4, 49, 21)
(20505, 55, 25)
(82021/4, 53, 24)
(41011/2, 52, 23)
(82023/4, 50, 22)
(20506, 49, 21)
(82025/4, 50, 22)
(41013/2, 52, 23)
(82027/4, 49, 21)
(20507, 55, 25)
(82029/4, 53, 24)
(41015/2, 52, 23)
(82031/4, 50, 22)
(20508, 49, 21)
(20509, 55, 25)
(20510, 53, 24)
(20511, 52, 23)
(20512, 57, 26)
(20516, 57, 26)
(20517, 58, 27)
(20518, 57, 26)
(20519, 61, 28)
(20520, 60, 28)
(20525, 57, 26)
(20526, 55, 25)
(20527, 59, 27)
(20528, 59, 27)
(20530, 52, 23)
(82121/4, 51, 22)
(41061/2, 52, 23)
(82123/4, 51, 22)
(20531, 52, 23)
(82125/4, 51, 22)
(41063/2, 52, 23)
(82127/4, 51, 22)
(20532, 52, 23)
(20534, 64, 30)
(82137/4, 63, 29)
(41069/2, 64, 30)
(82139/4, 63, 29)
(20535, 64, 30)
(82141/4, 63, 29)
(41071/2, 64, 30)
(82143/4, 63, 29)
(20536, 64, 30)
(20538, 72, 35)
(82153/4, 71, 34)
(41077/2, 69, 33)
(82155/4, 67, 32)
(20539, 65, 31)
(82157/4, 64, 30)
(41079/2, 62, 29)
(82159/4, 60, 28)
(20540, 59, 27)
(20542, 60, 28)
(20544, 66, 31)
(20545, 72, 35)
(20552, 64, 30)
(20553, 65, 31)
(20555, 62, 29)
(20556, 68, 32)
(20557, 71, 34)
(20558, 74, 36)
(20559, 68, 32)
(20560, 69, 33)
(82241/4, 71, 34)
(41121/2, 72, 35)
(82243/4, 69, 33)
(20561, 76, 37)
(82245/4, 74, 36)
(41123/2, 72, 35)
(82247/4, 71, 34)
(20562, 69, 33)
(82249/4, 71, 34)
(41125/2, 72, 35)
(82251/4, 69, 33)
(20563, 74, 36)
(82253/4, 72, 35)
(41127/2, 71, 34)
(82255/4, 69, 33)
(20564, 74, 36)
(20567, 55, 25)
(20568, 60, 28)
(20569, 64, 30)
(20570, 67, 32)
(20571, 72, 35)
(20572, 76, 37)
(20574, 74, 36)
(20575, 72, 35)
(20576, 71, 34)
(20579, 62, 29)
(20580, 65, 31)
(20582, 64, 30)
(20583, 64, 30)
(20584, 64, 30)
(20587, 60, 28)
(20588, 51, 22)
(20589, 54, 24)
(20590, 59, 27)
(20591, 63, 29)
(20592, 55, 25)
(20593, 59, 27)
(20594, 64, 30)
(20595, 67, 32)
(20596, 58, 26)
(20597, 61, 28)
(20598, 66, 31)
(20599, 73, 35)
(20600, 71, 34)
(20601, 66, 31)
(20602, 71, 34)
(20603, 69, 33)
(20604, 67, 32)
(20605, 67, 32)
(20606, 67, 32)
(20607, 64, 30)
(20608, 66, 31)
(20609, 66, 31)
(82437/4, 67, 32)
(41219/2, 66, 31)
(82439/4, 67, 32)
(20610, 64, 30)
(82441/4, 66, 31)
(41221/2, 64, 30)
(82443/4, 66, 31)
(20611, 62, 29)
(82445/4, 64, 30)
(41223/2, 62, 29)
(82447/4, 64, 30)
(20612, 60, 28)
(82449/4, 62, 29)
(41225/2, 60, 28)
(82451/4, 62, 29)
(20613, 59, 27)
(82453/4, 60, 28)
(41227/2, 59, 27)
(82455/4, 60, 28)
(20614, 57, 26)
(82457/4, 59, 27)
(41229/2, 57, 26)
(82459/4, 59, 27)
(20615, 55, 25)
(82461/4, 57, 26)
(41231/2, 55, 25)
(82463/4, 57, 26)
(20616, 54, 24)
(20618, 64, 30)
(20620, 63, 29)
(20623, 60, 28)
(20624, 59, 27)
(82497/4, 60, 28)
(41249/2, 59, 27)
(82499/4, 60, 28)
(20625, 57, 26)
(82501/4, 59, 27)
(41251/2, 57, 26)
(82503/4, 59, 27)
(20626, 56, 25)
(82505/4, 57, 26)
(41253/2, 56, 25)
(82507/4, 57, 26)
(20627, 55, 25)
(82509/4, 57, 26)
(41255/2, 55, 25)
(82511/4, 57, 26)
(20628, 59, 27)
(20630, 59, 27)
(20632, 57, 26)
(20635, 54, 24)
(20636, 52, 23)
(20638, 53, 24)
(20640, 52, 23)
(20641, 50, 22)
(20643, 52, 23)
(20644, 53, 24)
(20645, 55, 25)
(20646, 57, 26)
(20647, 59, 27)
(20648, 59, 27)
(20649, 60, 28)
(20651, 59, 27)
(20652, 59, 27)
(20653, 60, 28)
(20656, 52, 23)
(20656, 55, 25)
(20674, 57, 26)
(20678, 59, 27)
(20680, 60, 28)
(20682, 59, 27)
(20686, 57, 26)
(20688, 55, 25)
(41377/2, 59, 27)
(20689, 64, 30)
(41379/2, 67, 32)
(20690, 67, 32)
(41383/2, 55, 25)
(20692, 59, 27)
(41385/2, 64, 30)
(20693, 67, 32)
(41387/2, 71, 34)
(20694, 71, 34)
(41391/2, 55, 25)
(20696, 57, 26)
(41393/2, 60, 28)
(20697, 64, 30)
(41395/2, 66, 31)
(20698, 66, 31)
(41399/2, 59, 27)
(20700, 52, 23)
(41401/2, 55, 25)
(20701, 59, 27)
(41403/2, 64, 30)
(20702, 67, 32)
(41407/2, 52, 23)
(20704, 48, 21)
(41409/2, 52, 23)
(20705, 57, 26)
(41411/2, 60, 28)
(20706, 64, 30)
(41415/2, 60, 28)
(20708, 57, 26)
(41417/2, 60, 28)
(20709, 66, 31)
(41419/2, 69, 33)
(20710, 72, 35)
(41423/2, 59, 27)
(20712, 57, 26)
(41427/2, 57, 26)
(20714, 60, 28)
(41429/2, 64, 30)
(20715, 69, 33)
(41431/2, 72, 35)
(20716, 71, 34)
(41435/2, 54, 24)
(20718, 57, 26)
(41437/2, 59, 27)
(20719, 63, 29)
(41439/2, 66, 31)
(20720, 64, 30)
(20721, 59, 27)
(41443/2, 61, 28)
(20722, 63, 29)
(41445/2, 64, 30)
(20723, 66, 31)
(41447/2, 67, 32)
(20724, 66, 31)
(41449/2, 64, 30)
(20725, 69, 33)
(41451/2, 67, 32)
(20726, 66, 31)
(41453/2, 64, 30)
(20727, 62, 29)
(41455/2, 60, 28)
(20728, 59, 27)
(41457/2, 60, 28)
(20729, 59, 27)
(41459/2, 57, 26)
(20730, 55, 25)
(41461/2, 57, 26)
(20731, 55, 25)
(41463/2, 54, 24)
(20732, 55, 25)
(20733, 54, 24)
(41467/2, 57, 26)
(20734, 55, 25)
(41469/2, 59, 27)
(20735, 59, 27)
(41471/2, 66, 31)
(20736, 55, 25)
(41473/2, 57, 26)
(20737, 59, 27)
(41475/2, 61, 28)
(20738, 63, 29)
(41477/2, 64, 30)
(20739, 66, 31)
(41479/2, 67, 32)
(20740, 66, 31)
(41481/2, 64, 30)
(20741, 69, 33)
(41483/2, 67, 32)
(20742, 66, 31)
(41485/2, 64, 30)
(20743, 62, 29)
(41487/2, 60, 28)
(20744, 59, 27)
(41489/2, 62, 29)
(20745, 60, 28)
(41491/2, 59, 27)
(20746, 57, 26)
(41493/2, 59, 27)
(20747, 60, 28)
(41495/2, 57, 26)
(20748, 66, 31)
(20749, 64, 30)
(20751, 63, 29)
(20752, 64, 30)
(20753, 69, 33)
(20755, 66, 31)
(20756, 64, 30)
(20757, 63, 29)
(20758, 64, 30)
(20759, 67, 32)
(20760, 69, 33)
(20761, 72, 35)
(20762, 71, 34)
(20763, 69, 33)
(20764, 66, 31)
(20767, 60, 28)
(20768, 59, 27)
(83073/4, 60, 28)
(41537/2, 59, 27)
(83075/4, 60, 28)
(20769, 57, 26)
(83077/4, 59, 27)
(41539/2, 57, 26)
(83079/4, 59, 27)
(20770, 56, 25)
(83081/4, 57, 26)
(41541/2, 56, 25)
(83083/4, 57, 26)
(20771, 55, 25)
(83085/4, 57, 26)
(41543/2, 55, 25)
(83087/4, 57, 26)
(20772, 59, 27)
(20775, 64, 30)
(20776, 63, 29)
(20778, 63, 29)
(20780, 64, 30)
(20782, 64, 30)
(20784, 63, 29)
(20787, 63, 29)
(20788, 64, 30)
(20789, 62, 29)
(20790, 61, 28)
(20791, 57, 26)
(20792, 54, 24)
(20795, 56, 25)
(20796, 57, 26)
(20797, 56, 25)
(20798, 54, 24)
(20799, 51, 22)
(20800, 51, 22)
(20801, 52, 23)
(20803, 64, 30)
(20804, 64, 30)
(20819, 69, 33)
(20820, 68, 32)
(20821, 71, 34)
(20822, 69, 33)
(20823, 66, 31)
(20824, 64, 30)
(20825, 63, 29)
(20827, 64, 30)
(20828, 66, 31)
(20829, 68, 32)
(20830, 69, 33)
(20831, 73, 35)
(20832, 73, 35)
(20833, 71, 34)
(20836, 49, 21)
(20840, 51, 22)
(20844, 52, 23)
(20860, 64, 30)
(20871, 64, 30)
(20872, 67, 32)
(20874, 66, 31)
(20875, 59, 27)
(20876, 59, 27)
(20877, 55, 25)
(20877, 59, 27)
(20879, 52, 23)
(20879, 59, 27)
(20881, 52, 23)
(20881, 60, 28)
(20883, 52, 23)
(20883, 62, 29)
(20885, 52, 23)
(20885, 64, 30)
(20886, 57, 26)
(20886, 60, 28)
(20889, 57, 26)
(20890, 54, 24)
(20891, 59, 27)
(20892, 59, 27)
(20893, 67, 32)
(20894, 69, 33)
(20895, 71, 34)
(20896, 64, 30)
(20897, 69, 33)
(20899, 69, 33)
(20901, 68, 32)
(20902, 76, 37)
(20903, 69, 33)
(20904, 75, 36)
(20907, 59, 27)
(20908, 67, 32)
(20908, 71, 34)
(83635/4, 69, 33)
(20909, 69, 33)
(83639/4, 71, 34)
(20910, 71, 34)
(83643/4, 64, 30)
(20911, 64, 30)
(83647/4, 64, 30)
(20912, 64, 30)
(83651/4, 72, 35)
(20913, 72, 35)
(41829/2, 72, 35)
(20915, 72, 35)
(41831/2, 72, 35)
(20916, 72, 35)
(41833/2, 69, 33)
(20917, 67, 32)
(41835/2, 65, 31)
(20918, 64, 30)
(41837/2, 60, 28)
(20919, 58, 27)
(41839/2, 55, 25)
(20920, 53, 24)
(20921, 72, 35)
(41845/2, 72, 35)
(20923, 72, 35)
(41847/2, 72, 35)
(20924, 72, 35)
(41849/2, 69, 33)
(20925, 67, 32)
(41851/2, 65, 31)
(20926, 64, 30)
(41853/2, 60, 28)
(20927, 58, 27)
(41855/2, 55, 25)
(20928, 53, 24)
(20929, 76, 37)
(41861/2, 76, 37)
(20931, 76, 37)
(41863/2, 76, 37)
(20932, 76, 37)
(20934, 59, 27)
(20934, 66, 31)
(20936, 59, 27)
(20936, 64, 30)
(41875/2, 59, 27)
(20938, 64, 30)
(41877/2, 67, 32)
(20939, 71, 34)
(41879/2, 76, 37)
(20940, 76, 37)
(41883/2, 64, 30)
(20942, 70, 33)
(41885/2, 66, 31)
(20943, 67, 32)
(41887/2, 64, 30)
(20944, 64, 30)
(41891/2, 64, 30)
(20946, 63, 29)
(41893/2, 59, 27)
(20947, 54, 24)
(41895/2, 51, 22)
(20948, 52, 23)
(41899/2, 55, 25)
(20950, 54, 24)
(41901/2, 59, 27)
(20951, 63, 29)
(41903/2, 66, 31)
(20952, 59, 27)
(41905/2, 55, 25)
(20953, 55, 25)
(41907/2, 59, 27)
(20954, 64, 30)
(41909/2, 59, 27)
(20955, 55, 25)
(41911/2, 52, 23)
(20956, 52, 23)
(41913/2, 57, 26)
(20957, 60, 28)
(41915/2, 64, 30)
(20958, 69, 33)
(41917/2, 64, 30)
(20959, 60, 28)
(41919/2, 57, 26)
(20960, 57, 26)
(41923/2, 57, 26)
(20962, 57, 26)
(41927/2, 57, 26)
(20964, 55, 25)
(41929/2, 55, 25)
(41931/2, 55, 25)
(41933/2, 55, 25)
(41935/2, 55, 25)
(20968, 55, 25)
(20971, 55, 25)
(20972, 60, 28)
(41945/2, 60, 28)
(41947/2, 59, 27)
(41949/2, 59, 27)
(41951/2, 59, 27)
(20976, 57, 26)
(20979, 57, 26)
(20980, 57, 26)
(41961/2, 57, 26)
(41963/2, 55, 25)
(41965/2, 55, 25)
(41967/2, 57, 26)
(41969/2, 57, 26)
(41971/2, 55, 25)
(41973/2, 58, 26)
(41975/2, 59, 27)
(41977/2, 59, 27)
(41979/2, 59, 27)
(41981/2, 63, 29)
(41983/2, 64, 30)
(41985/2, 64, 30)
(41987/2, 64, 30)
(41989/2, 66, 31)
(41991/2, 67, 32)
(20996, 71, 34)
(20999, 59, 27)
(21000, 66, 31)
(42001/2, 66, 31)
(42003/2, 64, 30)
(42005/2, 64, 30)
(42007/2, 57, 26)
(42009/2, 69, 33)
(42011/2, 67, 32)
(42013/2, 69, 33)
(42015/2, 62, 29)
(42017/2, 62, 29)
(42019/2, 64, 30)
(42021/2, 64, 30)
(42023/2, 66, 31)
(21012, 67, 32)
(21012, 71, 34)
(21014, 69, 33)
(21014, 71, 34)
(21016, 67, 32)
(21016, 71, 34)
(21017, 67, 32)
(21018, 64, 30)
(21019, 67, 32)
(21020, 57, 26)
(21022, 57, 26)
(21024, 59, 27)
(21025, 67, 32)
(21026, 64, 30)
(21027, 67, 32)
(21028, 57, 26)
(21030, 57, 26)
(21032, 55, 25)
(84129/4, 57, 26)
(42065/2, 55, 25)
(84131/4, 54, 24)
(21033, 52, 23)
(21034, 59, 27)
(84137/4, 57, 26)
(42069/2, 55, 25)
(84139/4, 54, 24)
(21035, 52, 23)
(21036, 60, 28)
(84145/4, 59, 27)
(42073/2, 57, 26)
(84147/4, 55, 25)
(21037, 54, 24)
(21038, 60, 28)
(84153/4, 59, 27)
(42077/2, 57, 26)
(84155/4, 55, 25)
(21039, 54, 24)
(21040, 69, 33)
(84161/4, 67, 32)
(42081/2, 66, 31)
(84163/4, 64, 30)
(21041, 63, 29)
(21042, 71, 34)
(84169/4, 69, 33)
(42085/2, 67, 32)
(84171/4, 66, 31)
(21043, 67, 32)
(84173/4, 66, 31)
(42087/2, 64, 30)
(84175/4, 63, 29)
(21044, 64, 30)
(84177/4, 62, 29)
(42089/2, 60, 28)
(84179/4, 59, 27)
(21045, 64, 30)
(84181/4, 62, 29)
(42091/2, 60, 28)
(84183/4, 59, 27)
(21046, 67, 32)
(84185/4, 66, 31)
(42093/2, 64, 30)
(84187/4, 63, 29)
(21047, 64, 30)
(84189/4, 62, 29)
(42095/2, 60, 28)
(84191/4, 59, 27)
(21048, 60, 28)
(84193/4, 59, 27)
(42097/2, 57, 26)
(84195/4, 55, 25)
(21049, 60, 28)
(84197/4, 59, 27)
(42099/2, 57, 26)
(84199/4, 55, 25)
(21050, 60, 28)
(21051, 54, 24)
(21051, 57, 26)
(21052, 54, 24)
(21052, 57, 26)
(21054, 54, 24)
(21054, 57, 26)
(21056, 54, 24)
(21056, 57, 26)
(21059, 54, 24)
(21060, 52, 23)
(21062, 57, 26)
(21063, 53, 24)
(21064, 50, 22)
(21065, 52, 23)
(21067, 53, 24)
(21068, 52, 23)
(21070, 57, 26)
(21071, 53, 24)
(21072, 50, 22)
(21073, 52, 23)
(21076, 52, 23)
(21076, 55, 25)
(21090, 59, 27)
(21092, 58, 26)
(21094, 57, 26)
(21096, 56, 25)
(21098, 55, 25)
(21100, 54, 24)
(21100, 57, 26)
(21103, 51, 22)
(21104, 52, 23)
(42209/2, 55, 25)
(21105, 59, 27)
(42211/2, 64, 30)
(21106, 67, 32)
(42215/2, 55, 25)
(21108, 55, 25)
(42217/2, 58, 26)
(21109, 61, 28)
(42219/2, 64, 30)
(21110, 63, 29)
(42223/2, 63, 29)
(21112, 59, 27)
(42225/2, 64, 30)
(21113, 68, 32)
(42227/2, 71, 34)
(21114, 64, 30)
(42231/2, 64, 30)
(21116, 59, 27)
(42233/2, 64, 30)
(21117, 67, 32)
(42235/2, 64, 30)
(21118, 59, 27)
(42237/2, 66, 31)
(21119, 69, 33)
(42239/2, 71, 34)
(21120, 67, 32)
(21120, 71, 34)
(21122, 59, 27)
(21124, 55, 25)
(21124, 59, 27)
(30000, 40, 16)
(30012, 47, 20)
(30016, 52, 23)
(30020, 48, 21)
(30024, 45, 19)
(30028, 42, 17)
(30032, 47, 20)
(30036, 40, 16)
(30044, 47, 20)
(30048, 40, 16)
(30050, 52, 23)
(30052, 45, 19)
(30054, 52, 23)
(30056, 40, 16)
(30058, 52, 23)
(30060, 45, 19)
(30062, 52, 23)
(30064, 42, 17)
(30066, 47, 20)
(30067, 45, 19)
(30068, 43, 18)
(30072, 45, 19)
(30076, 47, 20)
(60157/2, 66, 31)
(30079, 64, 30)
(60159/2, 63, 29)
(30080, 64, 30)
(60161/2, 59, 27)
(30081, 57, 26)
(60163/2, 54, 24)
(30082, 55, 25)
(60165/2, 52, 23)
(30083, 51, 22)
(60167/2, 47, 20)
(30084, 52, 23)
(60173/2, 47, 20)
(30087, 45, 19)
(60175/2, 43, 18)
(30088, 45, 19)
(30089, 42, 17)
(30090, 43, 18)
(30091, 45, 19)
(30092, 47, 20)
(30093, 48, 21)
(30094, 47, 20)
(30096, 40, 16)
(30097, 52, 23)
(120389/4, 54, 24)
(60195/2, 55, 25)
(120391/4, 52, 23)
(30098, 59, 27)
(120393/4, 57, 26)
(60197/2, 55, 25)
(120395/4, 54, 24)
(30099, 52, 23)
(120397/4, 54, 24)
(60199/2, 55, 25)
(120399/4, 52, 23)
(30100, 60, 28)
(120401/4, 59, 27)
(60201/2, 57, 26)
(120403/4, 55, 25)
(30101, 54, 24)
(120405/4, 55, 25)
(60203/2, 57, 26)
(120407/4, 54, 24)
(30102, 60, 28)
(120409/4, 59, 27)
(60205/2, 57, 26)
(120411/4, 55, 25)
(30103, 54, 24)
(120413/4, 55, 25)
(60207/2, 54, 24)
(120415/4, 52, 23)
(30104, 51, 22)
(60211/2, 48, 21)
(30106, 47, 20)
(60215/2, 48, 21)
(30108, 47, 20)
(120433/4, 49, 21)
(60217/2, 51, 22)
(120435/4, 52, 23)
(30109, 54, 24)
(120437/4, 55, 25)
(60219/2, 57, 26)
(120439/4, 55, 25)
(30110, 54, 24)
(120441/4, 52, 23)
(60221/2, 51, 22)
(120443/4, 49, 21)
(30111, 47, 20)
(120445/4, 45, 19)
(60223/2, 43, 18)
(120447/4, 42, 17)
(30112, 40, 16)
(30113, 52, 23)
(30114, 50, 22)
(30115, 48, 21)
(60231/2, 47, 20)
(30116, 45, 19)
(30117, 48, 21)
(60235/2, 45, 19)
(30118, 42, 17)
(30119, 43, 18)
(60239/2, 45, 19)
(30120, 47, 20)
(60243/2, 48, 21)
(30122, 47, 20)
(60247/2, 48, 21)
(30124, 47, 20)
(120497/4, 49, 21)
(60249/2, 51, 22)
(120499/4, 52, 23)
(30125, 54, 24)
(120501/4, 55, 25)
(60251/2, 57, 26)
(120503/4, 55, 25)
(30126, 54, 24)
(120505/4, 52, 23)
(60253/2, 51, 22)
(120507/4, 49, 21)
(30127, 47, 20)
(120509/4, 45, 19)
(60255/2, 43, 18)
(120511/4, 42, 17)
(30128, 40, 16)
(30131, 52, 23)
(30132, 54, 24)
(120529/4, 52, 23)
(60265/2, 54, 24)
(120531/4, 55, 25)
(30133, 57, 26)
(120533/4, 59, 27)
(60267/2, 60, 28)
(120535/4, 59, 27)
(30134, 57, 26)
(120537/4, 55, 25)
(60269/2, 54, 24)
(120539/4, 52, 23)
(30135, 50, 22)
(120541/4, 48, 21)
(60271/2, 47, 20)
(120543/4, 45, 19)
(30136, 43, 18)
(30139, 55, 25)
(30140, 54, 24)
(30142, 42, 17)
(60285/2, 46, 19)
(30143, 49, 21)
(60287/2, 54, 24)
(30144, 54, 24)
(30146, 42, 17)
(60293/2, 47, 20)
(30147, 50, 22)
(60295/2, 54, 24)
(30148, 52, 23)
(60297/2, 55, 25)
(30149, 61, 28)
(60299/2, 64, 30)
(30150, 65, 30)
(30151, 53, 23)
(30152, 54, 24)
(30153, 42, 17)
(30155, 42, 17)
(30157, 42, 17)
(30159, 42, 17)
(30160, 54, 24)
(120641/4, 55, 25)
(60321/2, 54, 24)
(120643/4, 55, 25)
(30161, 52, 23)
(120645/4, 54, 24)
(60323/2, 52, 23)
(120647/4, 54, 24)
(30162, 50, 22)
(120649/4, 52, 23)
(60325/2, 50, 22)
(120651/4, 52, 23)
(30163, 48, 21)
(120653/4, 50, 22)
(60327/2, 48, 21)
(120655/4, 50, 22)
(30164, 47, 20)
(120657/4, 48, 21)
(60329/2, 47, 20)
(120659/4, 48, 21)
(30165, 45, 19)
(120661/4, 47, 20)
(60331/2, 45, 19)
(120663/4, 47, 20)
(30166, 44, 18)
(120665/4, 45, 19)
(60333/2, 44, 18)
(120667/4, 45, 19)
(30167, 43, 18)
(120669/4, 45, 19)
(60335/2, 43, 18)
(120671/4, 45, 19)
(30168, 42, 17)
(120673/4, 43, 18)
(60337/2, 42, 17)
(120675/4, 43, 18)
(30169, 42, 17)
(30171, 42, 17)
(30173, 42, 17)
(30175, 46, 19)
(30176, 47, 20)
(30177, 49, 21)
(30178, 50, 22)
(30179, 38, 15)
(30180, 40, 16)
(30181, 42, 17)
(30182, 43, 18)
(30183, 40, 16)
(30184, 42, 17)
(30186, 47, 20)
(30188, 42, 17)
(30190, 47, 20)
(30192, 42, 17)
(120785/4, 42, 17)
(60393/2, 43, 18)
(120787/4, 42, 17)
(30197, 43, 18)
(120789/4, 42, 17)
(60395/2, 43, 18)
(120791/4, 42, 17)
(30198, 43, 18)
(120793/4, 42, 17)
(60397/2, 43, 18)
(120795/4, 42, 17)
(30199, 43, 18)
(120797/4, 42, 17)
(60399/2, 43, 18)
(120799/4, 42, 17)
(30200, 43, 18)
(120801/4, 42, 17)
(60401/2, 43, 18)
(120803/4, 42, 17)
(30201, 43, 18)
(120805/4, 42, 17)
(60403/2, 43, 18)
(120807/4, 42, 17)
(30202, 43, 18)
(120809/4, 42, 17)
(60405/2, 43, 18)
(120811/4, 42, 17)
(30203, 43, 18)
(120813/4, 42, 17)
(60407/2, 43, 18)
(120815/4, 42, 17)
(30204, 43, 18)
(120817/4, 42, 17)
(60409/2, 43, 18)
(120819/4, 42, 17)
(30205, 43, 18)
(120821/4, 42, 17)
(60411/2, 43, 18)
(120823/4, 42, 17)
(30206, 43, 18)
(120825/4, 42, 17)
(60413/2, 43, 18)
(120827/4, 42, 17)
(30207, 43, 18)
(120829/4, 42, 17)
(60415/2, 43, 18)
(120831/4, 42, 17)
(30208, 43, 18)
(30214, 43, 18)
(30222, 43, 18)
(30224, 48, 21)
(30226, 43, 18)
(30228, 48, 21)
(30230, 43, 18)
(30232, 49, 21)
(30236, 50, 22)
(30241, 44, 18)
(30242, 45, 19)
(30243, 48, 21)
(30244, 50, 22)
(30246, 48, 21)
(30247, 47, 20)
(30248, 48, 21)
(30249, 50, 22)
(30250, 52, 23)
(30251, 54, 24)
(30252, 54, 24)
(30254, 55, 25)
(30255, 62, 29)
(30256, 67, 32)
(30257, 64, 30)
(30258, 62, 29)
(30259, 61, 28)
(30260, 69, 33)
(60523/2, 62, 29)
(30262, 62, 29)
(30263, 62, 29)
(30264, 67, 32)
(30265, 64, 30)
(30266, 62, 29)
(30267, 61, 28)
(30268, 69, 33)
(30269, 66, 31)
(30270, 62, 29)
(30271, 60, 28)
(30272, 59, 27)
(30273, 67, 32)
(30274, 66, 31)
(30275, 65, 31)
(30276, 64, 30)
(30278, 59, 27)
(30281, 67, 32)
(30282, 66, 31)
(30283, 65, 31)
(30284, 64, 30)
(30286, 59, 27)
(30288, 40, 16)
(30289, 52, 23)
(30290, 50, 22)
(30291, 47, 20)
(30292, 48, 21)
(30293, 60, 28)
(30295, 55, 25)
(30296, 54, 24)
(121185/4, 55, 25)
(60593/2, 57, 26)
(121187/4, 59, 27)
(30297, 60, 28)
(121189/4, 59, 27)
(60595/2, 57, 26)
(121191/4, 55, 25)
(30298, 54, 24)
(121193/4, 55, 25)
(60597/2, 57, 26)
(121195/4, 59, 27)
(30299, 57, 26)
(121197/4, 55, 25)
(60599/2, 54, 24)
(121199/4, 52, 23)
(30300, 50, 22)
(30304, 55, 25)
(121219/4, 57, 26)
(30305, 57, 26)
(121223/4, 59, 27)
(30306, 59, 27)
(121227/4, 60, 28)
(30307, 60, 28)
(121231/4, 62, 29)
(30308, 52, 23)
(121235/4, 64, 30)
(30309, 64, 30)
(60621/2, 64, 30)
(30311, 64, 30)
(60623/2, 64, 30)
(30312, 66, 31)
(30314, 54, 24)
(30316, 55, 25)
(30317, 64, 30)
(60637/2, 64, 30)
(30319, 64, 30)
(60639/2, 64, 30)
(30320, 66, 31)
(30322, 54, 24)
(30324, 55, 25)
(30325, 61, 28)
(60653/2, 61, 28)
(30327, 61, 28)
(60655/2, 61, 28)
(30328, 62, 29)
(30330, 48, 21)
(30332, 47, 20)
(30335, 47, 20)
(30336, 40, 16)
(30337, 43, 18)
(30338, 45, 19)
(30339, 49, 21)
(30340, 50, 22)
(30343, 38, 15)
(30344, 40, 16)
(30346, 42, 17)
(30348, 43, 18)
(30351, 43, 18)
(30352, 40, 16)
(30353, 43, 18)
(30354, 49, 21)
(30355, 52, 23)
(30356, 50, 22)
(30358, 38, 15)
(30360, 43, 18)
(30364, 42, 17)
(30366, 38, 15)
(30368, 43, 18)
(30372, 42, 17)
(30374, 38, 15)
(30376, 43, 18)
(30380, 43, 18)
(30384, 43, 18)
(30395, 59, 27)
(30396, 55, 25)
(30397, 50, 22)
(30398, 47, 20)
(30399, 43, 18)
(30400, 40, 16)
(30404, 43, 18)
(30408, 43, 18)
(30412, 42, 17)
(30416, 41, 17)
(30420, 40, 16)
(30426, 50, 22)
(30428, 48, 21)
(30430, 45, 19)
(30432, 44, 18)
(30434, 43, 18)
(30436, 42, 17)
(30439, 46, 19)
(30440, 49, 21)
(30441, 54, 24)
(30442, 58, 26)
(30443, 61, 28)
(30444, 66, 31)
(30447, 58, 26)
(60895/2, 59, 27)
(30448, 62, 29)
(30449, 61, 28)
(30450, 59, 27)
(30451, 58, 26)
(30452, 58, 26)
(30453, 59, 27)
(30455, 58, 26)
(60911/2, 59, 27)
(30456, 64, 30)
(30457, 62, 29)
(30458, 61, 28)
(30459, 59, 27)
(30460, 59, 27)
(30461, 61, 28)
(30462, 66, 31)
(30463, 64, 30)
(30464, 61, 28)
(30465, 62, 29)
(30467, 61, 28)
(60935/2, 62, 29)
(30468, 67, 32)
(30469, 65, 31)
(30470, 62, 29)
(30471, 55, 25)
(30472, 53, 24)
(30473, 50, 22)
(30474, 43, 18)
(30475, 41, 17)
(30476, 40, 16)
(30480, 45, 19)
(30484, 41, 17)
(30486, 43, 18)
(30488, 45, 19)
(30490, 47, 20)
(30492, 48, 21)
(30496, 42, 17)
(30500, 43, 18)
(30503, 41, 17)
(30504, 40, 16)
(30509, 43, 18)
(30510, 45, 19)
(30511, 43, 18)
(30512, 41, 17)
(30516, 42, 17)
(30517, 43, 18)
(30518, 45, 19)
(30519, 43, 18)
(30520, 42, 17)
(30525, 45, 19)
(30526, 47, 20)
(30527, 45, 19)
(30528, 44, 18)
(30530, 45, 19)
(30532, 47, 20)
(30534, 48, 21)
(30536, 44, 18)
(122145/4, 45, 19)
(61073/2, 47, 20)
(122147/4, 48, 21)
(30537, 50, 22)
(122149/4, 52, 23)
(61075/2, 54, 24)
(122151/4, 56, 25)
(30538, 57, 26)
(30540, 59, 27)
(30542, 48, 21)
(122169/4, 50, 22)
(61085/2, 52, 23)
(122171/4, 53, 24)
(30543, 55, 25)
(122173/4, 57, 26)
(61087/2, 59, 27)
(122175/4, 60, 28)
(30544, 57, 26)
(30545, 57, 26)
(30547, 45, 19)
(30548, 51, 22)
(30549, 54, 24)
(30550, 57, 26)
(30551, 63, 29)
(30552, 64, 30)
(30553, 62, 29)
(30559, 40, 16)
(30560, 45, 19)
(30561, 48, 21)
(30562, 53, 24)
(30563, 57, 26)
(30564, 60, 28)
(30566, 59, 27)
(30567, 53, 24)
(30568, 52, 23)
(122273/4, 53, 24)
(61137/2, 55, 25)
(122275/4, 52, 23)
(30569, 55, 25)
(122277/4, 53, 24)
(61139/2, 52, 23)
(122279/4, 50, 22)
(30570, 48, 21)
(122281/4, 50, 22)
(61141/2, 52, 23)
(122283/4, 48, 21)
(30571, 52, 23)
(122285/4, 50, 22)
(61143/2, 48, 21)
(122287/4, 47, 20)
(30572, 45, 19)
(30574, 50, 22)
(30575, 62, 29)
(30576, 62, 29)
(122305/4, 64, 30)
(61153/2, 65, 31)
(122307/4, 62, 29)
(30577, 65, 31)
(122309/4, 64, 30)
(61155/2, 62, 29)
(122311/4, 60, 28)
(30578, 59, 27)
(122313/4, 60, 28)
(61157/2, 62, 29)
(122315/4, 59, 27)
(30579, 62, 29)
(122317/4, 60, 28)
(61159/2, 59, 27)
(122319/4, 57, 26)
(30580, 56, 25)
(30583, 40, 16)
(30584, 45, 19)
(30585, 48, 21)
(30586, 52, 23)
(30587, 57, 26)
(30588, 47, 20)
(30589, 51, 22)
(30590, 54, 24)
(30591, 59, 27)
(30592, 52, 23)
(30593, 55, 25)
(30594, 59, 27)
(30595, 64, 30)
(30596, 54, 24)
(30597, 58, 26)
(30598, 61, 28)
(30599, 66, 31)
(30600, 59, 27)
(122401/4, 60, 28)
(61201/2, 59, 27)
(122403/4, 60, 28)
(30601, 57, 26)
(122405/4, 59, 27)
(61203/2, 57, 26)
(122407/4, 59, 27)
(30602, 55, 25)
(122409/4, 57, 26)
(61205/2, 55, 25)
(122411/4, 57, 26)
(30603, 54, 24)
(122413/4, 55, 25)
(61207/2, 54, 24)
(122415/4, 55, 25)
(30604, 52, 23)
(122417/4, 54, 24)
(61209/2, 52, 23)
(122419/4, 54, 24)
(30605, 50, 22)
(122421/4, 52, 23)
(61211/2, 50, 22)
(122423/4, 52, 23)
(30606, 49, 21)
(122425/4, 50, 22)
(61213/2, 49, 21)
(122427/4, 50, 22)
(30607, 48, 21)
(122429/4, 50, 22)
(61215/2, 48, 21)
(122431/4, 50, 22)
(30608, 47, 20)
(30609, 51, 22)
(30610, 52, 23)
(30611, 56, 25)
(30612, 45, 19)
(30613, 47, 20)
(30614, 48, 21)
(30615, 45, 19)
(30616, 47, 20)
(30618, 52, 23)
(30620, 47, 20)
(30622, 52, 23)
(30624, 47, 20)
(122513/4, 47, 20)
(61257/2, 48, 21)
(122515/4, 47, 20)
(30629, 48, 21)
(122517/4, 47, 20)
(61259/2, 48, 21)
(122519/4, 47, 20)
(30630, 48, 21)
(122521/4, 47, 20)
(61261/2, 48, 21)
(122523/4, 47, 20)
(30631, 48, 21)
(122525/4, 47, 20)
(61263/2, 48, 21)
(122527/4, 47, 20)
(30632, 48, 21)
(122529/4, 47, 20)
(61265/2, 48, 21)
(122531/4, 47, 20)
(30633, 48, 21)
(122533/4, 47, 20)
(61267/2, 48, 21)
(122535/4, 47, 20)
(30634, 48, 21)
(122537/4, 47, 20)
(61269/2, 48, 21)
(122539/4, 47, 20)
(30635, 48, 21)
(122541/4, 47, 20)
(61271/2, 48, 21)
(122543/4, 47, 20)
(30636, 48, 21)
(30642, 36, 14)
(30650, 48, 21)
(30654, 36, 14)
(30656, 48, 21)
(30660, 47, 20)
(30664, 48, 21)
(30668, 47, 20)
(30671, 46, 20)
(30672, 45, 19)
(30674, 45, 19)
(30676, 50, 22)
(30678, 43, 18)
(30680, 48, 21)
(30682, 43, 18)
(30684, 48, 21)
(30686, 42, 17)
(30688, 47, 20)
(30692, 47, 20)
(30696, 47, 20)
(30700, 40, 16)
(61403/2, 47, 20)
(30702, 52, 23)
(61405/2, 55, 25)
(30703, 59, 27)
(61407/2, 64, 30)
(30704, 64, 30)
(61411/2, 45, 19)
(30706, 48, 21)
(61413/2, 52, 23)
(30707, 57, 26)
(61415/2, 60, 28)
(30708, 60, 28)
(61419/2, 48, 21)
(30710, 45, 19)
(61421/2, 48, 21)
(30711, 45, 19)
(61423/2, 43, 18)
(30712, 42, 17)
(61425/2, 45, 19)
(30713, 48, 21)
(61427/2, 54, 24)
(30714, 57, 26)
(61431/2, 45, 19)
(30716, 47, 20)
(61433/2, 54, 24)
(30717, 57, 26)
(61435/2, 59, 27)
(30718, 63, 29)
(30719, 47, 20)
(61439/2, 45, 19)
(30720, 43, 18)
(30724, 45, 19)
(30728, 47, 20)
(61461/2, 66, 31)
(30731, 64, 30)
(61463/2, 63, 29)
(30732, 64, 30)
(61465/2, 59, 27)
(30733, 57, 26)
(61467/2, 54, 24)
(30734, 55, 25)
(61469/2, 52, 23)
(30735, 51, 22)
(61471/2, 47, 20)
(30736, 52, 23)
(61477/2, 47, 20)
(30739, 45, 19)
(61479/2, 43, 18)
(30740, 45, 19)
(30742, 47, 20)
(30743, 48, 21)
(30744, 50, 22)
(30747, 50, 22)
(30748, 51, 22)
(30749, 52, 23)
(30751, 59, 27)
(30752, 60, 28)
(30753, 57, 26)
(30755, 59, 27)
(30756, 60, 28)
(30759, 59, 27)
(30760, 57, 26)
(30761, 54, 24)
(30762, 55, 25)
(30763, 57, 26)
(30764, 59, 27)
(30766, 52, 23)
(30768, 47, 20)
(30770, 52, 23)
(30772, 47, 20)
(30774, 52, 23)
(123105/4, 47, 20)
(61553/2, 48, 21)
(123107/4, 47, 20)
(30777, 48, 21)
(123109/4, 47, 20)
(61555/2, 48, 21)
(123111/4, 47, 20)
(30778, 48, 21)
(123113/4, 47, 20)
(61557/2, 48, 21)
(123115/4, 47, 20)
(30779, 48, 21)
(123117/4, 47, 20)
(61559/2, 48, 21)
(123119/4, 47, 20)
(30780, 48, 21)
(123121/4, 47, 20)
(61561/2, 48, 21)
(123123/4, 47, 20)
(30781, 48, 21)
(123125/4, 47, 20)
(61563/2, 48, 21)
(123127/4, 47, 20)
(30782, 48, 21)
(123129/4, 47, 20)
(61565/2, 48, 21)
(123131/4, 47, 20)
(30783, 48, 21)
(123133/4, 47, 20)
(61567/2, 48, 21)
(123135/4, 47, 20)
(30784, 48, 21)
(123137/4, 47, 20)
(61569/2, 48, 21)
(123139/4, 47, 20)
(30785, 48, 21)
(123141/4, 47, 20)
(61571/2, 48, 21)
(123143/4, 47, 20)
(30786, 48, 21)
(123145/4, 47, 20)
(61573/2, 48, 21)
(123147/4, 47, 20)
(30787, 48, 21)
(123149/4, 47, 20)
(61575/2, 48, 21)
(123151/4, 47, 20)
(30788, 40, 16)
(30794, 40, 16)
(30802, 52, 23)
(30804, 57, 26)
(30806, 52, 23)
(30808, 57, 26)
(30810, 52, 23)
(30812, 58, 26)
(30816, 59, 27)
(30821, 41, 16)
(30822, 42, 17)
(30823, 45, 19)
(30824, 47, 20)
(30826, 57, 26)
(30827, 56, 25)
(30828, 57, 26)
(30829, 59, 27)
(30830, 61, 28)
(30831, 63, 29)
(30832, 63, 29)
(30833, 64, 30)
(30835, 59, 27)
(30836, 64, 30)
(30837, 61, 28)
(30838, 59, 27)
(30839, 58, 26)
(30840, 66, 31)
(30841, 63, 29)
(30842, 59, 27)
(30843, 57, 26)
(30844, 56, 25)
(61689/2, 59, 27)
(30845, 64, 30)
(61691/2, 68, 32)
(30846, 71, 34)
(30849, 69, 33)
(30850, 64, 30)
(30851, 66, 31)
(30852, 68, 32)
(61705/2, 64, 30)
(30853, 64, 30)
(61707/2, 68, 32)
(30854, 71, 34)
(30857, 69, 33)
(30858, 64, 30)
(30859, 66, 31)
(30860, 68, 32)
(30862, 62, 29)
(30864, 61, 28)
(30866, 60, 28)
(30868, 59, 27)
(30870, 58, 26)
(30872, 59, 27)
(30875, 57, 26)
(30876, 55, 25)
(30878, 43, 18)
(30880, 45, 19)
(30882, 47, 20)
(30884, 48, 21)
(30886, 54, 24)
(30889, 54, 24)
(30890, 51, 22)
(30891, 47, 20)
(30892, 52, 23)
(30899, 64, 30)
(30900, 63, 29)
(30901, 62, 29)
(30902, 61, 28)
(30903, 60, 28)
(30904, 59, 27)
(30907, 47, 20)
(30908, 52, 23)
(123635/4, 54, 24)
(30909, 54, 24)
(123639/4, 55, 25)
(30910, 55, 25)
(123643/4, 57, 26)
(30911, 57, 26)
(123647/4, 59, 27)
(30912, 59, 27)
(123651/4, 60, 28)
(30913, 60, 28)
(61829/2, 60, 28)
(30915, 60, 28)
(61831/2, 60, 28)
(30916, 60, 28)
(30918, 46, 20)
(30920, 45, 19)
(30921, 60, 28)
(61845/2, 60, 28)
(30923, 60, 28)
(61847/2, 60, 28)
(30924, 60, 28)
(30926, 46, 20)
(30928, 45, 19)
(30929, 58, 26)
(61861/2, 58, 26)
(30931, 58, 26)
(61863/2, 58, 26)
(30932, 59, 27)
(30934, 47, 20)
(30936, 43, 18)
(30939, 43, 18)
(30940, 46, 19)
(30941, 49, 21)
(30942, 54, 24)
(30943, 58, 26)
(30944, 59, 27)
(30946, 47, 20)
(30948, 49, 21)
(30950, 51, 22)
(30952, 52, 23)
(30953, 47, 20)
(30954, 43, 18)
(30955, 40, 16)
(30956, 45, 19)
(30960, 47, 20)
(30962, 47, 20)
(30964, 40, 16)
(30965, 43, 18)
(30966, 47, 20)
(30967, 52, 23)
(30968, 52, 23)
(30971, 40, 16)
(30972, 38, 15)
(30973, 43, 18)
(30974, 47, 20)
(30975, 50, 22)
(30976, 48, 21)
(30979, 48, 21)
(30980, 47, 20)
(30981, 52, 23)
(30982, 55, 25)
(30983, 59, 27)
(30984, 47, 20)
(30996, 47, 20)
(30999, 43, 18)
(61999/2, 42, 17)
(31000, 39, 15)
(31001, 40, 16)
(31002, 43, 18)
(31003, 42, 17)
(31004, 42, 17)
(31005, 43, 18)
(31006, 48, 21)
(31007, 47, 20)
(31008, 47, 20)
(31009, 48, 21)
(31010, 49, 21)
(31011, 48, 21)
(31012, 47, 20)
(31013, 59, 27)
(31015, 47, 20)
(31016, 52, 23)
(31017, 55, 25)
(31018, 59, 27)
(31019, 64, 30)
(31020, 67, 32)
(31022, 66, 31)
(31023, 42, 17)
(31024, 43, 18)
(31025, 55, 25)
(31026, 59, 27)
(31027, 64, 30)
(31028, 67, 32)
(31030, 66, 31)
(31031, 42, 17)
(31032, 43, 18)
(31033, 52, 23)
(124133/4, 54, 24)
(62067/2, 55, 25)
(124135/4, 52, 23)
(31034, 59, 27)
(31035, 52, 23)
(124141/4, 54, 24)
(62071/2, 55, 25)
(124143/4, 52, 23)
(31036, 60, 28)
(31037, 54, 24)
(124149/4, 55, 25)
(62075/2, 57, 26)
(124151/4, 54, 24)
(31038, 60, 28)
(31039, 57, 26)
(124157/4, 59, 27)
(62079/2, 60, 28)
(124159/4, 57, 26)
(31040, 69, 33)
(31041, 51, 22)
(124165/4, 52, 23)
(62083/2, 54, 24)
(124167/4, 51, 22)
(31042, 59, 27)
(124169/4, 57, 26)
(62085/2, 55, 25)
(124171/4, 54, 24)
(31043, 55, 25)
(124173/4, 54, 24)
(62087/2, 52, 23)
(124175/4, 51, 22)
(31044, 52, 23)
(124177/4, 50, 22)
(62089/2, 48, 21)
(124179/4, 47, 20)
(31045, 52, 23)
(124181/4, 50, 22)
(62091/2, 48, 21)
(124183/4, 47, 20)
(31046, 55, 25)
(124185/4, 54, 24)
(62093/2, 52, 23)
(124187/4, 51, 22)
(31047, 52, 23)
(124189/4, 50, 22)
(62095/2, 48, 21)
(124191/4, 47, 20)
(31048, 48, 21)
(124193/4, 47, 20)
(62097/2, 45, 19)
(124195/4, 43, 18)
(31049, 48, 21)
(124197/4, 47, 20)
(62099/2, 45, 19)
(124199/4, 43, 18)
(31050, 48, 21)
(31051, 42, 17)
(31052, 47, 20)
(31054, 47, 20)
(31056, 47, 20)
(31059, 47, 20)
(31060, 36, 14)
(31066, 48, 21)
(31068, 36, 14)
(31074, 48, 21)
(31080, 47, 20)
(31084, 48, 21)
(31088, 47, 20)
(31103, 45, 19)
(31104, 43, 18)
(31105, 59, 27)
(31106, 55, 25)
(31107, 52, 23)
(31108, 49, 21)
(31110, 48, 21)
(31112, 47, 20)
(62227/2, 47, 20)
(31114, 46, 19)
(62229/2, 49, 21)
(31115, 52, 23)
(62231/2, 58, 26)
(31116, 59, 27)
(62233/2, 55, 25)
(31117, 52, 23)
(62235/2, 47, 20)
(31118, 47, 20)
(31119, 47, 20)
(31120, 52, 23)
(31122, 47, 20)
(31124, 40, 16)
