(3/2, 59, 27)
(2, 64, 30)
(5/2, 67, 32)
(3, 67, 32)
(9/2, 66, 31)
(5, 64, 30)
(11/2, 63, 29)
(6, 69, 33)
(15/2, 66, 31)
(8, 64, 30)
(17/2, 63, 29)
(9, 64, 30)
(19/2, 67, 32)
(10, 71, 34)
(21/2, 76, 37)
(11, 79, 39)
(23/2, 78, 38)
(12, 75, 36)
(13, 76, 37)
(14, 71, 34)
(29/2, 76, 37)
(15, 76, 37)
(31/2, 75, 36)
(16, 78, 38)
(33/2, 72, 35)
(17, 71, 34)
(35/2, 69, 33)
(18, 69, 33)
(37/2, 67, 32)
(19, 71, 34)
(39/2, 67, 32)
(20, 66, 31)
(41/2, 64, 30)
(21, 64, 30)
(43/2, 63, 29)
(22, 66, 31)
(45/2, 60, 28)
(23, 59, 27)
(47/2, 57, 26)
(24, 55, 25)
(49/2, 59, 27)
(25, 64, 30)
(51/2, 67, 32)
(26, 66, 31)
(53/2, 64, 30)
(27, 72, 35)
(111/4, 71, 34)
(113/4, 69, 33)
(115/4, 67, 32)
(30, 67, 32)
(61/2, 66, 31)
(31, 66, 31)
(63/2, 67, 32)
(32, 66, 31)
(65/2, 64, 30)
(33, 71, 34)
(67/2, 69, 33)
(34, 67, 32)
(36, 67, 32)
(73/2, 66, 31)
(37, 67, 32)
(75/2, 66, 31)
(38, 64, 30)
(39, 63, 29)
(79/2, 66, 31)
(40, 64, 30)
(81/2, 67, 32)
(41, 66, 31)
(83/2, 69, 33)
(42, 71, 34)
(85/2, 69, 33)
(43, 72, 35)
(87/2, 71, 34)
(44, 76, 37)
(45, 66, 31)
(91/2, 69, 33)
(46, 67, 32)
(93/2, 71, 34)
(47, 69, 33)
(95/2, 72, 35)
(48, 71, 34)
(97/2, 76, 37)
(49, 75, 36)
(99/2, 78, 38)
(50, 76, 37)
(101/2, 79, 39)
(51, 79, 39)
(207/4, 78, 38)
(209/4, 76, 37)
(211/4, 75, 36)
(54, 78, 38)
(109/2, 76, 37)
(55, 74, 36)
(57, 76, 37)
(58, 79, 39)
(59, 84, 42)
(60, 88, 44)
(129/2, 76, 37)
(65, 79, 39)
(131/2, 78, 38)
(66, 76, 37)
(135/2, 64, 30)
(68, 67, 32)
(137/2, 66, 31)
(69, 64, 30)
(70, 64, 30)
(71, 64, 30)
(72, 71, 34)
(73, 66, 31)
(75, 64, 30)
(76, 64, 30)
(77, 64, 30)
(78, 69, 33)
(157/2, 66, 31)
(81, 64, 30)
(82, 64, 30)
(83, 64, 30)
(84, 76, 37)
(85, 72, 35)
(86, 71, 34)
(87, 69, 33)
(88, 66, 31)
(90, 66, 31)
(91, 67, 32)
(189/2, 69, 33)
(96, 76, 37)
(193/2, 72, 35)
(97, 71, 34)
(195/2, 69, 33)
(99, 67, 32)
(203/2, 69, 33)
(102, 78, 38)
(205/2, 75, 36)
(103, 72, 35)
(207/2, 71, 34)
(104, 69, 33)
(105, 67, 32)
(211/2, 79, 39)
(106, 78, 38)
(213/2, 76, 37)
(107, 74, 36)
(215/2, 72, 35)
(108, 81, 40)
(217/2, 72, 35)
(109, 81, 40)
(219/2, 72, 35)
(110, 76, 37)
(221/2, 79, 39)
(111, 69, 33)
(223/2, 78, 38)
(112, 76, 37)
(225/2, 67, 32)
(113, 71, 34)
(227/2, 75, 36)
(114, 76, 37)
(231/2, 59, 27)
(116, 64, 30)
(233/2, 67, 32)
(117, 67, 32)
(237/2, 66, 31)
(119, 64, 30)
(239/2, 63, 29)
(120, 71, 34)
(243/2, 67, 32)
(122, 66, 31)
(245/2, 64, 30)
(123, 67, 32)
(249/2, 66, 31)
(125, 64, 30)
(251/2, 63, 29)
(126, 71, 34)
(127, 67, 32)
(128, 71, 34)
(129, 71, 34)
(130, 69, 33)
(131, 72, 35)
(132, 72, 35)
(133, 71, 34)
(134, 71, 34)
(269/2, 76, 37)
(135, 76, 37)
(136, 75, 36)
(137, 76, 37)
(275/2, 78, 38)
(138, 78, 38)
(139, 76, 37)
(140, 78, 38)
(281/2, 79, 39)
(141, 78, 38)
(142, 78, 38)
(143, 78, 38)
(144, 78, 38)
(297/2, 78, 38)
(149, 78, 38)
(150, 78, 38)
(301/2, 74, 36)
(151, 73, 35)
(303/2, 71, 34)
(152, 70, 33)
(153, 74, 36)
(307/2, 73, 35)
(154, 71, 34)
(309/2, 69, 33)
(155, 67, 32)
(311/2, 66, 31)
(156, 71, 34)
(313/2, 67, 32)
(157, 66, 31)
(315/2, 64, 30)
(158, 62, 29)
(317/2, 61, 28)
(159, 59, 27)
(160, 83, 41)
(161, 83, 41)
(162, 83, 41)
(325/2, 81, 40)
(163, 79, 39)
(327/2, 78, 38)
(164, 76, 37)
(329/2, 75, 36)
(165, 79, 39)
(331/2, 78, 38)
(166, 76, 37)
(333/2, 75, 36)
(167, 73, 35)
(335/2, 71, 34)
(168, 76, 37)
(337/2, 72, 35)
(169, 71, 34)
(339/2, 69, 33)
(170, 66, 31)
(171, 64, 30)
(172, 79, 39)
(173, 79, 39)
(174, 79, 39)
(175, 78, 38)
(178, 78, 38)
(179, 78, 38)
(180, 78, 38)
(181, 76, 37)
(184, 74, 36)
(185, 74, 36)
(186, 73, 35)
(187, 61, 28)
(189, 74, 36)
(190, 62, 29)
(192, 70, 33)
(192, 76, 37)
(195, 69, 33)
(195, 76, 37)
(196, 79, 39)
(589/3, 78, 38)
(590/3, 76, 37)
(197, 74, 36)
(198, 73, 35)
(397/2, 74, 36)
(199, 76, 37)
(399/2, 73, 35)
(200, 74, 36)
(401/2, 76, 37)
(201, 74, 36)
(403/2, 76, 37)
(202, 78, 38)
(405/2, 74, 36)
(203, 76, 37)
(407/2, 78, 38)
(204, 70, 33)
(409/2, 71, 34)
(205, 73, 35)
(411/2, 70, 33)
(206, 71, 34)
(413/2, 73, 35)
(207, 71, 34)
(415/2, 73, 35)
(208, 74, 36)
(417/2, 71, 34)
(209, 73, 35)
(419/2, 74, 36)
(210, 73, 35)
(421/2, 74, 36)
(211, 76, 37)
(423/2, 73, 35)
(212, 74, 36)
(425/2, 76, 37)
(213, 71, 34)
(427/2, 74, 36)
(214, 78, 38)
(429/2, 71, 34)
(215, 74, 36)
(431/2, 78, 38)
(216, 79, 39)
(222, 66, 31)
(224, 67, 32)
(225, 68, 32)
(226, 69, 33)
(227, 71, 34)
(228, 72, 35)
(229, 71, 34)
(230, 69, 33)
(231, 79, 39)
(233, 78, 38)
(234, 66, 31)
(236, 67, 32)
(237, 68, 32)
(238, 69, 33)
(239, 71, 34)
(240, 72, 35)
(241, 74, 36)
(242, 78, 38)
(243, 83, 41)
(245, 81, 40)
(247, 79, 39)
(248, 75, 36)
(249, 75, 36)
(251, 76, 37)
(253, 79, 39)
(254, 75, 36)
(255, 75, 36)
(257, 76, 37)
(259, 76, 37)
(260, 71, 34)
(261, 71, 34)
(262, 72, 35)
(263, 68, 32)
(264, 68, 32)
(265, 69, 33)
(266, 64, 30)
(267, 67, 32)
(270, 66, 31)
(272, 67, 32)
(273, 68, 32)
(274, 69, 33)
(275, 71, 34)
(276, 72, 35)
(277, 71, 34)
(278, 69, 33)
(279, 79, 39)
(281, 78, 38)
(282, 71, 34)
(284, 72, 35)
(285, 73, 35)
(286, 74, 36)
(287, 76, 37)
(288, 77, 38)
(289, 76, 37)
(290, 74, 36)
(291, 84, 42)
(293, 83, 41)
(295, 84, 42)
(296, 80, 39)
(297, 83, 41)
(298, 81, 40)
(299, 76, 37)
(301, 76, 37)
(303, 79, 39)
(911/3, 78, 38)
(913/3, 73, 35)
(306, 72, 35)
(613/2, 78, 38)
(615/2, 73, 35)
(309, 74, 36)
(310, 69, 33)
(312, 72, 35)
(315, 71, 34)
(956/3, 69, 33)
(958/3, 67, 32)
(321, 66, 31)
(965/3, 67, 32)
(967/3, 64, 30)
(324, 62, 29)
(974/3, 67, 32)
(976/3, 71, 34)
(327, 71, 34)
(1313/4, 62, 29)
(330, 74, 36)
(333, 73, 35)
(339, 71, 34)
(705/2, 62, 29)
(353, 67, 32)
(707/2, 71, 34)
(354, 71, 34)
(711/2, 69, 33)
(356, 67, 32)
(713/2, 66, 31)
(357, 72, 35)
(360, 72, 35)
(721/2, 71, 34)
(361, 69, 33)
(363, 76, 37)
(729/2, 71, 34)
(729/2, 72, 35)
(365, 71, 34)
(731/2, 69, 33)
(366, 79, 39)
(735/2, 78, 38)
(368, 76, 37)
(737/2, 74, 36)
(369, 72, 35)
(739/2, 74, 36)
(370, 76, 37)
(371, 78, 38)
(372, 83, 41)
(745/2, 79, 39)
(373, 78, 38)
(747/2, 81, 40)
(374, 79, 39)
(749/2, 74, 36)
(375, 79, 39)
(751/2, 74, 36)
(376, 72, 35)
(753/2, 76, 37)
(377, 74, 36)
(755/2, 71, 34)
(378, 76, 37)
(1135/3, 73, 35)
(1136/3, 70, 34)
(1139/3, 70, 34)
(380, 67, 32)
(381, 66, 31)
(763/2, 69, 33)
(382, 72, 35)
(765/2, 74, 36)
(383, 78, 38)
(767/2, 81, 40)
(384, 83, 41)
(769/2, 79, 39)
(385, 78, 38)
(771/2, 81, 40)
(386, 79, 39)
(773/2, 74, 36)
(387, 79, 39)
(775/2, 74, 36)
(388, 72, 35)
(777/2, 76, 37)
(389, 74, 36)
(779/2, 71, 34)
(390, 73, 35)
(781/2, 70, 34)
(391, 70, 34)
(393, 66, 31)
(787/2, 69, 33)
(394, 72, 35)
(789/2, 74, 36)
(395, 78, 38)
(791/2, 81, 40)
(396, 83, 41)
(793/2, 79, 39)
(397, 78, 38)
(795/2, 81, 40)
(398, 79, 39)
(797/2, 78, 38)
(399, 79, 39)
(799/2, 76, 37)
(400, 72, 35)
(400, 74, 36)
(400, 76, 37)
(801/2, 78, 38)
(401, 76, 37)
(402, 84, 42)
(805/2, 81, 40)
(403, 79, 39)
(807/2, 83, 41)
(404, 81, 40)
(809/2, 79, 39)
(405, 81, 40)
(811/2, 78, 38)
(406, 79, 39)
(813/2, 78, 38)
(407, 74, 36)
(408, 86, 43)
(817/2, 83, 41)
(817/2, 81, 40)
(409, 84, 42)
(1639/4, 79, 39)
(411, 83, 41)
(823/2, 79, 39)
(412, 78, 38)
(825/2, 79, 39)
(827/2, 76, 37)
(414, 76, 37)
(829/2, 74, 36)
(415, 77, 38)
(833/2, 76, 37)
(417, 76, 37)
(835/2, 72, 35)
(418, 71, 34)
(837/2, 74, 36)
(419, 72, 35)
(839/2, 69, 33)
(420, 66, 31)
(841/2, 69, 33)
(421, 72, 35)
(423, 75, 37)
(847/2, 78, 38)
(424, 78, 38)
(1699/4, 81, 40)
(1701/4, 84, 42)
(426, 84, 42)
(853/2, 81, 40)
(427, 81, 40)
(855/2, 84, 42)
(429, 88, 44)
(432, 64, 30)
(865/2, 67, 32)
(433, 67, 32)
(1735/4, 70, 34)
(1737/4, 72, 35)
(435, 73, 35)
(871/2, 76, 37)
(436, 76, 37)
(873/2, 79, 39)
(437, 79, 39)
(875/2, 82, 41)
(438, 82, 41)
(877/2, 85, 42)
(439, 85, 42)
(879/2, 88, 44)
(440, 88, 44)
(881/2, 91, 46)
(441, 91, 46)
(883/2, 88, 44)
(442, 88, 44)
(885/2, 91, 46)
(443, 53, 24)
(443, 57, 26)
(443, 60, 28)
(443, 91, 46)
(887/2, 83, 41)
(444, 83, 41)
(447, 73, 35)
(450, 74, 36)
(451, 76, 37)
(452, 78, 38)
(453, 79, 39)
(454, 81, 40)
(455, 83, 41)
(456, 84, 42)
(913/2, 81, 40)
(457, 78, 38)
(915/2, 74, 36)
(458, 72, 35)
(459, 66, 31)
(919/2, 69, 33)
(460, 72, 35)
(921/2, 74, 36)
(461, 78, 38)
(923/2, 81, 40)
(462, 83, 41)
(925/2, 79, 39)
(463, 78, 38)
(927/2, 81, 40)
(464, 79, 39)
(929/2, 74, 36)
(465, 79, 39)
(931/2, 74, 36)
(466, 72, 35)
(933/2, 76, 37)
(468, 73, 35)
(470, 67, 32)
(471, 62, 29)
(943/2, 69, 33)
(472, 72, 35)
(945/2, 74, 36)
(473, 78, 38)
(947/2, 81, 40)
(474, 83, 41)
(949/2, 79, 39)
(475, 78, 38)
(951/2, 81, 40)
(476, 79, 39)
(953/2, 74, 36)
(477, 79, 39)
(955/2, 74, 36)
(478, 72, 35)
(957/2, 76, 37)
(479, 74, 36)
(959/2, 71, 34)
(480, 73, 35)
(961/2, 76, 37)
(481, 70, 34)
(963/2, 70, 34)
(482, 67, 32)
(483, 62, 29)
(967/2, 69, 33)
(484, 72, 35)
(969/2, 74, 36)
(485, 78, 38)
(971/2, 81, 40)
(486, 83, 41)
(973/2, 79, 39)
(487, 78, 38)
(975/2, 81, 40)
(488, 79, 39)
(977/2, 78, 38)
(489, 79, 39)
(979/2, 76, 37)
(490, 75, 36)
(981/2, 78, 38)
(491, 76, 37)
(983/2, 71, 34)
(492, 83, 41)
(985/2, 79, 39)
(493, 78, 38)
(987/2, 81, 40)
(494, 79, 39)
(989/2, 78, 38)
(495, 79, 39)
(991/2, 76, 37)
(496, 78, 38)
(993/2, 76, 37)
(497, 71, 34)
(498, 76, 37)
(997/2, 83, 41)
(501, 83, 41)
(1003/2, 81, 40)
(502, 79, 39)
(1005/2, 83, 41)
(503, 81, 40)
(1007/2, 79, 39)
(504, 85, 42)
(506, 86, 43)
(507, 88, 44)
(510, 72, 35)
(1021/2, 74, 36)
(511, 78, 38)
(1023/2, 81, 40)
(512, 79, 39)
(1025/2, 78, 38)
(513, 81, 40)
(1027/2, 79, 39)
(514, 78, 38)
(1029/2, 81, 40)
(515, 79, 39)
(1031/2, 78, 38)
(516, 83, 41)
(518, 84, 42)
(519, 86, 43)
(522, 76, 37)
(1045/2, 79, 39)
(523, 84, 42)
(1047/2, 88, 44)
(524, 91, 46)
(1049/2, 89, 45)
(525, 88, 44)
(1051/2, 84, 42)
(526, 79, 39)
(1053/2, 76, 37)
(527, 79, 39)
(1055/2, 77, 38)
(528, 76, 37)
(1057/2, 79, 39)
(529, 84, 42)
(1059/2, 76, 37)
(530, 79, 39)
(531, 72, 35)
(1063/2, 67, 32)
(1065/2, 64, 30)
(533, 67, 32)
(1067/2, 65, 31)
(534, 64, 30)
(1069/2, 64, 30)
(535, 67, 32)
(1071/2, 65, 31)
(536, 64, 30)
(1073/2, 64, 30)
(537, 67, 32)
(1075/2, 65, 31)
(538, 64, 30)
(1077/2, 64, 30)
(539, 67, 32)
(1079/2, 65, 31)
(540, 64, 30)
(1081/2, 67, 32)
(541, 65, 31)
(1083/2, 64, 30)
(542, 64, 30)
(543, 67, 32)
(1087/2, 65, 31)
(544, 64, 30)
(1089/2, 64, 30)
(545, 67, 32)
(1091/2, 65, 31)
(546, 64, 30)
(1095/2, 64, 30)
(548, 67, 32)
(1097/2, 65, 31)
(549, 64, 30)
(1107/2, 64, 30)
(554, 67, 32)
(1109/2, 66, 31)
(555, 64, 30)
(556, 64, 30)
(557, 64, 30)
(558, 71, 34)
(1119/2, 69, 33)
(560, 67, 32)
(561, 64, 30)
(562, 64, 30)
(563, 64, 30)
(564, 71, 34)
(1131/2, 69, 33)
(566, 67, 32)
(567, 64, 30)
(568, 64, 30)
(569, 64, 30)
(570, 76, 37)
(571, 72, 35)
(572, 71, 34)
(573, 71, 34)
(573, 69, 33)
(574, 67, 32)
(575, 66, 31)
(576, 66, 31)
(577, 67, 32)
(1163/2, 69, 33)
(582, 78, 38)
(1165/2, 76, 37)
(583, 75, 36)
(1167/2, 72, 35)
(584, 71, 34)
(1169/2, 69, 33)
(585, 67, 32)
(1175/2, 69, 33)
(588, 78, 38)
(1177/2, 76, 37)
(589, 75, 36)
(1179/2, 72, 35)
(590, 71, 34)
(591, 67, 32)
(1183/2, 79, 39)
(592, 78, 38)
(1185/2, 76, 37)
(593, 74, 36)
(1187/2, 72, 35)
(594, 81, 40)
(1189/2, 72, 35)
(595, 81, 40)
(1191/2, 72, 35)
(596, 76, 37)
(1193/2, 79, 39)
(597, 78, 38)
(1195/2, 76, 37)
(1197/2, 67, 32)
(599, 71, 34)
(1199/2, 76, 37)
(601, 59, 27)
(1203/2, 64, 30)
(602, 67, 32)
(1205/2, 67, 32)
(604, 66, 31)
(1209/2, 64, 30)
(605, 62, 29)
(1211/2, 69, 33)
(607, 66, 31)
(1215/2, 64, 30)
(608, 63, 29)
(1217/2, 64, 30)
(609, 67, 32)
(1219/2, 71, 34)
(610, 76, 37)
(1221/2, 79, 39)
(611, 78, 38)
(1223/2, 74, 36)
(1225/2, 72, 35)
(1229/2, 76, 37)
(615, 75, 36)
(1231/2, 78, 38)
(616, 72, 35)
(1233/2, 71, 34)
(617, 69, 33)
(1235/2, 69, 33)
(618, 67, 32)
(1237/2, 71, 34)
(619, 67, 32)
(1239/2, 66, 31)
(620, 64, 30)
(1241/2, 64, 30)
(621, 63, 29)
(1243/2, 66, 31)
(622, 60, 28)
(1245/2, 59, 27)
(623, 57, 26)
(1247/2, 55, 25)
(624, 59, 27)
(1249/2, 64, 30)
(625, 67, 32)
(1251/2, 71, 34)
(626, 76, 37)
(1253/2, 79, 39)
(628, 78, 38)
(1257/2, 76, 37)
(629, 75, 36)
(1259/2, 81, 40)
(631, 78, 38)
(1263/2, 76, 37)
(632, 75, 36)
(1265/2, 76, 37)
(655, 78, 38)
(1311/2, 78, 38)
(656, 78, 38)
(1313/2, 78, 38)
(657, 83, 41)
(1315/2, 86, 43)
(658, 84, 42)
(1317/2, 83, 41)
(659, 78, 38)
(1319/2, 83, 41)
(660, 79, 39)
(1321/2, 78, 38)
(661, 74, 36)
(1323/2, 78, 38)
(662, 76, 37)
(1325/2, 74, 36)
(663, 71, 34)
(1327/2, 74, 36)
(664, 73, 35)
(1329/2, 71, 34)
(665, 66, 31)
(1331/2, 71, 34)
(666, 67, 32)
(1333/2, 66, 31)
(667, 64, 30)
(1335/2, 62, 29)
(668, 61, 28)
(1337/2, 59, 27)
(670, 67, 32)
(1341/2, 71, 34)
(671, 69, 33)
(1343/2, 67, 32)
(673, 71, 34)
(1347/2, 74, 36)
(674, 72, 35)
(1349/2, 71, 34)
(676, 74, 36)
(1353/2, 77, 38)
(677, 76, 37)
(1355/2, 74, 36)
(1357/2, 74, 36)
(1359/2, 74, 36)
(1361/2, 79, 39)
(682, 72, 35)
(1365/2, 76, 37)
(1367/2, 72, 35)
(1369/2, 72, 35)
(1371/2, 72, 35)
(1373/2, 79, 39)
(688, 72, 35)
(1377/2, 76, 37)
(689, 74, 36)
(1379/2, 72, 35)
(1381/2, 72, 35)
(1383/2, 72, 35)
(1385/2, 79, 39)
(1389/2, 62, 29)
(1391/2, 64, 30)
(1397/2, 62, 29)
(1403/2, 59, 27)
(1409/2, 57, 26)
(706, 57, 26)
(1413/2, 61, 28)
(707, 62, 29)
(1415/2, 64, 30)
(708, 62, 29)
(1417/2, 61, 28)
(709, 61, 28)
(1419/2, 62, 29)
(710, 64, 30)
(1421/2, 65, 31)
(711, 64, 30)
(1423/2, 62, 29)
(715, 71, 34)
(1431/2, 72, 35)
(716, 74, 36)
(1433/2, 76, 37)
(717, 74, 36)
(1435/2, 72, 35)
(718, 72, 35)
(1437/2, 74, 36)
(719, 76, 37)
(1439/2, 77, 38)
(720, 76, 37)
(1441/2, 74, 36)
(721, 74, 36)
(1443/2, 76, 37)
(722, 77, 38)
(1445/2, 76, 37)
(723, 74, 36)
(1447/2, 72, 35)
(724, 72, 35)
(1449/2, 74, 36)
(725, 76, 37)
(1451/2, 77, 38)
(726, 76, 37)
(1453/2, 74, 36)
(727, 74, 36)
(1455/2, 76, 37)
(728, 77, 38)
(1457/2, 76, 37)
(729, 72, 35)
(1459/2, 71, 34)
(730, 74, 36)
(1461/2, 72, 35)
(731, 69, 33)
(1463/2, 72, 35)
(732, 69, 33)
(1465/2, 64, 30)
(733, 62, 29)
(1467/2, 64, 30)
(734, 60, 28)
(1469/2, 57, 26)
(735, 59, 27)
(1471/2, 60, 28)
(736, 59, 27)
(1473/2, 60, 28)
(737, 57, 26)
(1475/2, 59, 27)
(738, 62, 29)
(1477/2, 64, 30)
(739, 68, 32)
(1479/2, 71, 34)
(740, 74, 36)
(1481/2, 72, 35)
(1483/2, 74, 36)
(1485/2, 75, 36)
(1487/2, 76, 37)
(1489/2, 78, 38)
(1491/2, 80, 39)
(1493/2, 81, 40)
(1495/2, 78, 38)
(1497/2, 75, 37)
(1499/2, 74, 36)
(1503/2, 72, 35)
(1505/2, 71, 34)
(1507/2, 72, 35)
(1509/2, 71, 34)
(1509/2, 72, 35)
(1511/2, 74, 36)
(1513/2, 76, 37)
(1515/2, 78, 38)
(1517/2, 79, 39)
(1519/2, 76, 37)
(1521/2, 73, 36)
(1523/2, 72, 35)
(1527/2, 70, 34)
(1529/2, 69, 33)
(765, 65, 31)
(1531/2, 64, 30)
(766, 67, 32)
(1533/2, 65, 31)
(767, 60, 28)
(1541/2, 76, 37)
(771, 72, 35)
(1543/2, 71, 34)
(772, 74, 36)
(1545/2, 72, 35)
(773, 69, 33)
(1553/2, 78, 38)
(777, 72, 35)
(1555/2, 71, 34)
(778, 74, 36)
(1557/2, 72, 35)
(779, 69, 33)
(781, 69, 33)
(1563/2, 76, 37)
(782, 79, 39)
(1565/2, 79, 39)
(784, 78, 38)
(1569/2, 76, 37)
(785, 75, 36)
(1571/2, 81, 40)
(787, 78, 38)
(1575/2, 76, 37)
(788, 75, 36)
(1577/2, 76, 37)
(789, 71, 34)
(1579/2, 76, 37)
(790, 79, 39)
(1581/2, 83, 41)
(791, 79, 39)
(1583/2, 76, 37)
(792, 75, 36)
(1585/2, 76, 37)
(793, 71, 34)
(1587/2, 67, 32)
(794, 64, 30)
(1589/2, 67, 32)
(796, 66, 31)
(1593/2, 64, 30)
(797, 63, 29)
(1595/2, 69, 33)
(799, 66, 31)
(1599/2, 64, 30)
(800, 63, 29)
(1601/2, 64, 30)
(801, 67, 32)
(1603/2, 71, 34)
(802, 76, 37)
(1605/2, 79, 39)
(803, 78, 38)
(1607/2, 75, 36)
(1609/2, 76, 37)
(1611/2, 71, 34)
(806, 76, 37)
(1613/2, 76, 37)
(807, 75, 36)
(1615/2, 78, 38)
(808, 72, 35)
(1617/2, 71, 34)
(809, 69, 33)
(1619/2, 69, 33)
(810, 67, 32)
(1621/2, 71, 34)
(811, 67, 32)
(1623/2, 66, 31)
(812, 64, 30)
(1625/2, 50, 22)
(1625/2, 54, 24)
(1625/2, 57, 26)
(1625/2, 64, 30)
(813, 63, 29)
(1627/2, 66, 31)
(814, 60, 28)
(1629/2, 59, 27)
(815, 57, 26)
(1631/2, 55, 25)
(816, 59, 27)
(1633/2, 64, 30)
(817, 67, 32)
(1635/2, 66, 31)
(818, 64, 30)
(1637/2, 72, 35)
(820, 71, 34)
(1641/2, 69, 33)
(821, 67, 32)
(1643/2, 67, 32)
(822, 66, 31)
(1645/2, 66, 31)
(823, 67, 32)
(1647/2, 66, 31)
(824, 64, 30)
(1649/2, 72, 35)
(826, 71, 34)
(1653/2, 69, 33)
(827, 67, 32)
(1655/2, 67, 32)
(828, 66, 31)
(1657/2, 66, 31)
(829, 67, 32)
(1659/2, 66, 31)
(830, 64, 30)
(1661/2, 63, 29)
(831, 66, 31)
(1663/2, 64, 30)
(832, 67, 32)
(1665/2, 66, 31)
(833, 69, 33)
(1667/2, 67, 32)
(834, 71, 34)
(1669/2, 69, 33)
(835, 72, 35)
(1671/2, 71, 34)
(836, 76, 37)
(1673/2, 66, 31)
(837, 69, 33)
(1675/2, 67, 32)
(838, 71, 34)
(1677/2, 69, 33)
(839, 72, 35)
(1679/2, 71, 34)
(840, 76, 37)
(1681/2, 75, 36)
(841, 78, 38)
(1683/2, 76, 37)
(842, 79, 39)
(1685/2, 79, 39)
(844, 78, 38)
(1689/2, 76, 37)
(845, 75, 36)
(1691/2, 81, 40)
(847, 78, 38)
(1695/2, 76, 37)
(848, 75, 36)
(1697/2, 76, 37)
(849, 79, 39)
(1699/2, 84, 42)
(850, 88, 44)
(1701/2, 91, 46)
(851, 90, 45)
(1703/2, 88, 44)
(856, 76, 37)
(1713/2, 79, 39)
(857, 78, 38)
(1715/2, 76, 37)
(859, 64, 30)
(1719/2, 67, 32)
(860, 66, 31)
(1721/2, 64, 30)
(1723/2, 64, 30)
(1725/2, 64, 30)
(1727/2, 69, 33)
(1733/2, 69, 33)
(871, 64, 30)
(1743/2, 67, 32)
(872, 66, 31)
(1745/2, 64, 30)
(1747/2, 64, 30)
(1749/2, 64, 30)
(1751/2, 69, 33)
(883, 62, 29)
(1767/2, 66, 31)
(884, 64, 30)
(1769/2, 62, 29)
(1771/2, 62, 29)
(1773/2, 62, 29)
(1775/2, 67, 32)
(895, 62, 29)
(1791/2, 65, 31)
(896, 64, 30)
(1793/2, 62, 29)
(1795/2, 62, 29)
(1797/2, 62, 29)
(1799/2, 67, 32)
(1805/2, 65, 31)
(1817/2, 69, 33)
(1823/2, 67, 32)
(1829/2, 66, 31)
(1835/2, 64, 30)
(1841/2, 72, 35)
(1849/2, 71, 34)
(1855/2, 69, 33)
(1861/2, 67, 32)
(1867/2, 72, 35)
(1873/2, 71, 34)
(1879/2, 70, 33)
(1885/2, 69, 33)
(1891/2, 66, 31)
(1891/2, 69, 33)
(1891/2, 67, 32)
(1897/2, 69, 33)
(1901/2, 67, 32)
(1903/2, 66, 31)
(1909/2, 69, 33)
(1913/2, 67, 32)
(1915/2, 66, 31)
(1919/2, 64, 30)
(1921/2, 72, 35)
(1927/2, 69, 33)
(1931/2, 67, 32)
(1933/2, 66, 31)
(1939/2, 66, 31)
(1945/2, 66, 31)
(1957/2, 64, 30)
(1969/2, 63, 29)
(1973/2, 64, 30)
(1975/2, 65, 30)
(1977/2, 66, 31)
(1979/2, 68, 32)
(1981/2, 69, 33)
(1983/2, 68, 32)
(1985/2, 66, 31)
(1987/2, 76, 37)
(1991/2, 75, 36)
(1993/2, 63, 29)
(1997/2, 64, 30)
(1999/2, 66, 31)
(2001/2, 68, 32)
(2005/2, 69, 33)
(2007/2, 71, 34)
(2011/2, 80, 39)
(2015/2, 78, 38)
(2019/2, 76, 37)
(2021/2, 72, 34)
(2023/2, 72, 34)
(2027/2, 73, 35)
(2031/2, 72, 34)
(2035/2, 69, 33)
(2037/2, 71, 34)
(2043/2, 73, 35)
(2045/2, 68, 32)
(2047/2, 68, 32)
(2049/2, 69, 33)
(2051/2, 65, 30)
(2053/2, 65, 30)
(1028, 61, 28)
(2065/2, 63, 29)
(2071/2, 66, 31)
(2073/2, 68, 32)
(2077/2, 69, 33)
(2079/2, 68, 32)
(2083/2, 75, 36)
(2089/2, 68, 32)
(2089/2, 80, 39)
(2093/2, 69, 33)
(2095/2, 70, 33)
(2097/2, 71, 34)
(2101/2, 74, 36)
(2103/2, 76, 37)
(2105/2, 80, 39)
(2107/2, 85, 42)
(2111/2, 83, 41)
(2115/2, 81, 40)
(2119/2, 80, 39)
(2121/2, 78, 38)
(2123/2, 73, 35)
(2127/2, 78, 38)
(2129/2, 73, 35)
(2131/2, 76, 37)
(2133/2, 75, 36)
(2135/2, 70, 33)
(2139/2, 75, 36)
(2141/2, 70, 33)
(2143/2, 73, 35)
(2145/2, 71, 34)
(2147/2, 66, 31)
(2149/2, 69, 33)
(2155/2, 68, 32)
(2163/2, 66, 31)
(2165/2, 64, 30)
(2167/2, 63, 29)
(2169/2, 64, 30)
(2171/2, 61, 28)
(2173/2, 59, 27)
(2175/2, 64, 30)
(2177/2, 68, 32)
(2179/2, 68, 32)
(2181/2, 66, 31)
(2183/2, 59, 27)
(2185/2, 71, 34)
(2191/2, 70, 33)
(2197/2, 69, 33)
(2203/2, 68, 32)
(2203/2, 69, 33)
(1115, 59, 27)
(2231/2, 64, 30)
(1116, 68, 32)
(2233/2, 68, 32)
(1118, 66, 31)
(2237/2, 64, 30)
(1119, 63, 29)
(2239/2, 69, 33)
(1121, 68, 32)
(2243/2, 66, 31)
(1122, 63, 29)
(1122, 64, 30)
(2245/2, 73, 35)
(1124, 69, 33)
(2249/2, 68, 32)
(1125, 66, 31)
(2251/2, 76, 37)
(1127, 73, 35)
(2255/2, 71, 34)
(1128, 70, 33)
(2257/2, 73, 35)
(1130, 71, 34)
(2261/2, 70, 33)
(1131, 71, 34)
(2263/2, 70, 33)
(1132, 73, 35)
(2265/2, 75, 36)
(1133, 78, 38)
(2269/2, 80, 39)
(1135, 75, 36)
(2271/2, 78, 38)
(1136, 76, 37)
(2273/2, 71, 34)
(2275/2, 76, 37)
(1138, 71, 34)
(2277/2, 69, 33)
(1139, 73, 35)
(2279/2, 71, 34)
(2281/2, 73, 35)
(1141, 70, 33)
(2283/2, 67, 32)
(1142, 66, 31)
(2285/2, 67, 32)
(1143, 64, 30)
(2287/2, 63, 29)
(1144, 66, 31)
(2289/2, 69, 33)
(1145, 71, 34)
(2291/2, 75, 36)
(1146, 78, 38)
(2293/2, 80, 39)
(1147, 76, 37)
(2295/2, 75, 36)
(1148, 78, 38)
(2297/2, 76, 37)
(1149, 71, 34)
(2299/2, 76, 37)
(1150, 71, 34)
(2301/2, 69, 33)
(1151, 73, 35)
(2303/2, 71, 34)
(1152, 68, 32)
(2305/2, 71, 34)
(2305/2, 73, 35)
(1153, 69, 33)
(2307/2, 68, 32)
(1154, 66, 31)
(2309/2, 68, 32)
(1155, 64, 30)
(2311/2, 63, 29)
(1156, 66, 31)
(2313/2, 71, 34)
(1157, 75, 36)
(2315/2, 78, 38)
(2317/2, 80, 39)
(1159, 76, 37)
(2319/2, 75, 36)
(1160, 78, 38)
(2321/2, 76, 37)
(1161, 75, 36)
(2323/2, 76, 37)
(1162, 73, 35)
(2325/2, 72, 34)
(1163, 75, 36)
(2327/2, 73, 35)
(1164, 69, 33)
(2329/2, 81, 40)
(1165, 78, 38)
(2331/2, 76, 37)
(1166, 80, 39)
(2333/2, 78, 38)
(1167, 76, 37)
(2335/2, 78, 38)
(1168, 75, 36)
(2337/2, 73, 35)
(1169, 76, 37)
(2339/2, 75, 36)
(1170, 71, 34)
(2341/2, 83, 41)
(1171, 80, 39)
(2343/2, 78, 38)
(1172, 81, 40)
(2345/2, 80, 39)
(1173, 76, 37)
(2347/2, 80, 39)
(1174, 76, 37)
(2349/2, 75, 36)
(1175, 78, 38)
(2351/2, 76, 37)
(1176, 71, 34)
(2353/2, 76, 37)
(1177, 71, 34)
(2355/2, 69, 33)
(1178, 73, 35)
(2357/2, 71, 34)
(1179, 68, 32)
(2359/2, 64, 30)
(1180, 68, 32)
(2361/2, 73, 35)
(1181, 72, 34)
(2363/2, 73, 35)
(1182, 76, 37)
(2365/2, 69, 33)
(1183, 73, 35)
(2367/2, 73, 35)
(1184, 76, 37)
(2369/2, 80, 39)
(2371/2, 80, 39)
(1186, 81, 40)
(2373/2, 81, 40)
(1187, 85, 42)
(2375/2, 85, 42)
(1188, 88, 44)
(2377/2, 88, 44)
(1189, 82, 40)
(2379/2, 82, 40)
(1190, 85, 42)
(2381/2, 41, 17)
(2381/2, 48, 21)
(2381/2, 52, 23)
(2381/2, 55, 25)
(2381/2, 85, 42)
(1191, 88, 44)
(2383/2, 88, 44)
(1192, 85, 42)
(2385/2, 85, 42)
(1193, 88, 44)
(2387/2, 88, 44)
(1194, 92, 46)
(2389/2, 92, 46)
(2395/2, 70, 33)
(2401/2, 71, 34)
(2403/2, 73, 35)
(2405/2, 75, 36)
(2407/2, 76, 37)
(2409/2, 78, 38)
(2411/2, 80, 39)
(2413/2, 81, 40)
(1207, 78, 38)
(2415/2, 75, 36)
(1208, 71, 34)
(2417/2, 69, 33)
(1209, 66, 31)
(2419/2, 63, 29)
(1210, 66, 31)
(2421/2, 69, 33)
(1211, 71, 34)
(2423/2, 75, 36)
(1212, 78, 38)
(2425/2, 80, 39)
(1213, 76, 37)
(2427/2, 75, 36)
(1214, 78, 38)
(2429/2, 76, 37)
(1215, 71, 34)
(2431/2, 76, 37)
(1216, 71, 34)
(2433/2, 69, 33)
(1217, 73, 35)
(2435/2, 71, 34)
(1218, 68, 32)
(2437/2, 73, 35)
(7313/6, 68, 32)
(7319/6, 69, 33)
(7321/6, 67, 32)
(2441/2, 66, 31)
(7325/6, 67, 32)
(7327/6, 64, 30)
(2443/2, 63, 29)
(1222, 66, 31)
(2445/2, 69, 33)
(1223, 71, 34)
(2447/2, 75, 36)
(1224, 78, 38)
(2449/2, 80, 39)
(1225, 76, 37)
(2451/2, 75, 36)
(1226, 78, 38)
(2453/2, 76, 37)
(1227, 71, 34)
(2455/2, 76, 37)
(1228, 71, 34)
(2457/2, 69, 33)
(1229, 73, 35)
(2459/2, 71, 34)
(1230, 68, 32)
(2461/2, 68, 32)
(2461/2, 73, 35)
(1231, 67, 32)
(2463/2, 66, 31)
(1232, 67, 32)
(2465/2, 64, 30)
(2467/2, 66, 31)
(2467/2, 66, 31)
(1234, 71, 34)
(2469/2, 75, 36)
(1235, 78, 38)
(2471/2, 75, 36)
(2473/2, 80, 39)
(1237, 76, 37)
(2475/2, 75, 36)
(1238, 78, 38)
(2477/2, 76, 37)
(1239, 75, 36)
(2479/2, 76, 37)
(1240, 73, 35)
(2481/2, 72, 34)
(1241, 75, 36)
(2483/2, 73, 35)
(1242, 76, 37)
(2485/2, 80, 39)
(1243, 76, 37)
(2487/2, 75, 36)
(1244, 78, 38)
(2489/2, 76, 37)
(1245, 75, 36)
(2491/2, 76, 37)
(1246, 73, 35)
(2493/2, 72, 34)
(1247, 75, 36)
(2495/2, 73, 35)
(1248, 76, 37)
(2497/2, 69, 33)
(1249, 73, 35)
(2499/2, 76, 37)
(1250, 80, 39)
(2501/2, 78, 38)
(1251, 76, 37)
(2503/2, 80, 39)
(1252, 78, 38)
(2505/2, 76, 37)
(1253, 80, 39)
(2507/2, 78, 38)
(1254, 76, 37)
(2509/2, 82, 40)
(2513/2, 83, 41)
(2515/2, 85, 42)
(2521/2, 70, 33)
(1261, 73, 35)
(2523/2, 76, 37)
(1262, 79, 39)
(2525/2, 78, 38)
(1263, 76, 37)
(2527/2, 79, 39)
(1264, 78, 38)
(2529/2, 76, 37)
(1265, 79, 39)
(2531/2, 78, 38)
(1266, 76, 37)
(2533/2, 82, 40)
(2537/2, 83, 41)
(2539/2, 85, 42)
(2545/2, 59, 27)
(1273, 66, 31)
(2547/2, 69, 33)
(1274, 72, 35)
(2549/2, 69, 33)
(1275, 72, 35)
(2551/2, 78, 38)
(1276, 76, 37)
(2553/2, 74, 36)
(1277, 72, 35)
(2555/2, 71, 34)
(1278, 69, 33)
(2557/2, 67, 32)
(1279, 71, 34)
(2559/2, 76, 37)
(1280, 74, 36)
(2561/2, 76, 37)
(1281, 79, 39)
(2563/2, 83, 41)
(1282, 79, 39)
(2565/2, 78, 38)
(1283, 81, 40)
(2567/2, 79, 39)
(1284, 76, 37)
(2569/2, 75, 36)
(1285, 72, 35)
(2571/2, 69, 33)
(1286, 72, 35)
(2573/2, 69, 33)
(1287, 72, 35)
(2575/2, 78, 38)
(1288, 76, 37)
(2577/2, 75, 36)
(1289, 72, 35)
(2579/2, 71, 34)
(1290, 69, 33)
(2581/2, 67, 32)
(1291, 71, 34)
(2583/2, 76, 37)
(1292, 75, 36)
(2585/2, 76, 37)
(1293, 79, 39)
(2587/2, 83, 41)
(1294, 79, 39)
(2589/2, 78, 38)
(1295, 81, 40)
(2591/2, 79, 39)
(1296, 76, 37)
(2593/2, 84, 42)
(1297, 81, 40)
(2595/2, 79, 39)
(1298, 83, 41)
(2597/2, 81, 40)
(1299, 78, 38)
(2599/2, 81, 40)
(1300, 78, 38)
(2601/2, 76, 37)
(1301, 79, 39)
(2603/2, 78, 38)
(1302, 74, 36)
(2605/2, 78, 38)
(1303, 75, 36)
(2607/2, 71, 34)
(2607/2, 75, 36)
(2607/2, 72, 35)
(1304, 76, 37)
(2609/2, 75, 36)
(1305, 71, 34)
(2611/2, 81, 40)
(1306, 78, 38)
(2613/2, 75, 36)
(1307, 71, 34)
(2615/2, 69, 33)
(1308, 66, 31)
(2617/2, 67, 32)
(1310, 59, 27)
(2621/2, 64, 30)
(1311, 67, 32)
(2623/2, 67, 32)
(1313, 66, 31)
(2627/2, 64, 30)
(1314, 63, 29)
(2629/2, 69, 33)
(1316, 67, 32)
(2633/2, 66, 31)
(1317, 64, 30)
(2635/2, 72, 35)
(1319, 69, 33)
(2639/2, 67, 32)
(1320, 66, 31)
(2641/2, 67, 32)
(2645/2, 64, 30)
(2647/2, 64, 30)
(2649/2, 63, 29)
(2653/2, 66, 31)
(2655/2, 64, 30)
(2659/2, 69, 33)
(2661/2, 66, 31)
(2665/2, 71, 34)
(2667/2, 67, 32)
(1334, 67, 32)
(2669/2, 69, 33)
(1335, 71, 34)
(2671/2, 72, 35)
(1336, 71, 34)
(2673/2, 69, 33)
(1337, 72, 35)
(2675/2, 71, 34)
(1338, 69, 33)
(2677/2, 74, 36)
(1339, 72, 35)
(2679/2, 71, 34)
(1340, 74, 36)
(2681/2, 72, 35)
(1341, 71, 34)
(2683/2, 76, 37)
(1342, 74, 36)
(2685/2, 72, 35)
(1343, 76, 37)
(2687/2, 74, 36)
(1344, 72, 35)
(2689/2, 77, 38)
(1345, 76, 37)
(2691/2, 74, 36)
(1346, 80, 39)
(2693/2, 78, 38)
(1347, 76, 37)
(2695/2, 81, 40)
(1348, 80, 39)
(2697/2, 78, 38)
(1349, 83, 41)
(2699/2, 81, 40)
(1350, 80, 39)
(2701/2, 84, 42)
(1351, 83, 41)
(2703/2, 81, 40)
(1352, 84, 42)
(2705/2, 83, 41)
(1353, 81, 40)
(2707/2, 84, 42)
(1354, 83, 41)
(2709/2, 81, 40)
(1355, 84, 42)
(2711/2, 83, 41)
(1356, 81, 40)
(2713/2, 84, 42)
(1357, 83, 41)
(2715/2, 81, 40)
(1358, 84, 42)
(2717/2, 83, 41)
(1359, 81, 40)
(2719/2, 84, 42)
(1360, 83, 41)
(2721/2, 81, 40)
(1361, 84, 42)
(2723/2, 83, 41)
(1362, 81, 40)
(2725/2, 79, 39)
(1363, 77, 38)
(2727/2, 76, 37)
(1364, 79, 39)
(2729/2, 77, 38)
(1365, 76, 37)
(2731/2, 78, 38)
(1366, 78, 38)
(2733/2, 76, 37)
(1367, 74, 36)
(2735/2, 78, 38)
(1368, 76, 37)
(2737/2, 72, 35)
(1369, 71, 34)
(2739/2, 69, 33)
(1370, 72, 35)
(2741/2, 71, 34)
(1371, 69, 33)
(2743/2, 76, 37)
(1372, 74, 36)
(2745/2, 72, 35)
(1373, 76, 37)
(2747/2, 74, 36)
(1374, 72, 35)
(2749/2, 71, 34)
(1375, 79, 39)
(2751/2, 78, 38)
(1376, 76, 37)
(2753/2, 74, 36)
(1377, 72, 35)
(2755/2, 71, 34)
(1378, 72, 35)
(2757/2, 71, 34)
(1379, 69, 33)
(2759/2, 67, 32)
(1380, 66, 31)
(2761/2, 64, 30)
(1382, 59, 27)
(2765/2, 64, 30)
(1383, 67, 32)
(2767/2, 67, 32)
(1385, 66, 31)
(2771/2, 64, 30)
(1386, 63, 29)
(2773/2, 69, 33)
(1388, 67, 32)
(2777/2, 66, 31)
(1389, 64, 30)
(2779/2, 72, 35)
(1391, 69, 33)
(2783/2, 67, 32)
(1392, 66, 31)
(2785/2, 67, 32)
(1393, 69, 33)
(2787/2, 71, 34)
(2789/2, 76, 37)
(2793/2, 75, 36)
(2795/2, 78, 38)
(2799/2, 79, 39)
(2805/2, 78, 38)
(2807/2, 84, 42)
(2809/2, 83, 41)
(1406, 71, 34)
(2813/2, 69, 33)
(1407, 67, 32)
(2815/2, 72, 35)
(1408, 71, 34)
(2817/2, 69, 33)
(1409, 72, 35)
(2819/2, 71, 34)
(1410, 69, 33)
(2821/2, 74, 36)
(1411, 72, 35)
(2823/2, 71, 34)
(1412, 74, 36)
(2827/2, 76, 37)
(1414, 74, 36)
(2829/2, 72, 35)
(1415, 76, 37)
(2831/2, 74, 36)
(1416, 72, 35)
(2833/2, 77, 38)
(1417, 76, 37)
(2835/2, 74, 36)
(1418, 76, 37)
(1418, 77, 38)
(2837/2, 76, 37)
(2839/2, 81, 40)
(1420, 80, 39)
(2841/2, 78, 38)
(1421, 83, 41)
(2843/2, 81, 40)
(1422, 80, 39)
(2845/2, 84, 42)
(1423, 83, 41)
(2847/2, 81, 40)
(1424, 84, 42)
(2849/2, 83, 41)
(1425, 81, 40)
(2851/2, 84, 42)
(1426, 83, 41)
(2853/2, 81, 40)
(1427, 84, 42)
(2855/2, 83, 41)
(1428, 81, 40)
(2857/2, 84, 42)
(1429, 83, 41)
(2859/2, 81, 40)
(1430, 84, 42)
(2861/2, 83, 41)
(1431, 81, 40)
(2863/2, 84, 42)
(1432, 83, 41)
(2865/2, 81, 40)
(1433, 84, 42)
(5735/4, 81, 40)
(2869/2, 79, 39)
(1435, 77, 38)
(2871/2, 76, 37)
(1436, 79, 39)
(2873/2, 77, 38)
(1437, 76, 37)
(2875/2, 77, 38)
(1438, 76, 37)
(2877/2, 74, 36)
(1439, 77, 38)
(2879/2, 76, 37)
(1440, 74, 36)
(2881/2, 72, 35)
(1441, 71, 34)
(2883/2, 69, 33)
(1442, 72, 35)
(2885/2, 71, 34)
(1443, 69, 33)
(2887/2, 76, 37)
(1444, 74, 36)
(2889/2, 72, 35)
(1445, 76, 37)
(2891/2, 74, 36)
(1446, 72, 35)
(2893/2, 71, 34)
(1447, 79, 39)
(2895/2, 78, 38)
(1448, 76, 37)
(2897/2, 74, 36)
(2899/2, 71, 34)
(1450, 72, 35)
(2901/2, 71, 34)
(1451, 69, 33)
(2903/2, 67, 32)
(1452, 66, 31)
(2905/2, 64, 30)
(1454, 64, 30)
(2909/2, 67, 32)
(2911/2, 64, 30)
(2913/2, 64, 30)
(2915/2, 64, 30)
(2917/2, 72, 35)
(1460, 71, 34)
(2921/2, 69, 33)
(1461, 67, 32)
(2923/2, 66, 31)
(2925/2, 66, 31)
(2927/2, 66, 31)
(2929/2, 71, 34)
(1466, 76, 37)
(2933/2, 79, 39)
(1467, 78, 38)
(2935/2, 76, 37)
(2937/2, 76, 37)
(2939/2, 76, 37)
(2941/2, 84, 42)
(2943/2, 45, 19)
(2943/2, 49, 21)
(2943/2, 52, 23)
(2943/2, 81, 40)
(1472, 79, 39)
(2947/2, 78, 38)
(2949/2, 78, 38)
(2951/2, 78, 38)
(2953/2, 81, 40)
(1477, 79, 39)
(2955/2, 78, 38)
(2959/2, 76, 37)
(2961/2, 76, 37)
(2963/2, 76, 37)
(2965/2, 83, 41)
(1484, 81, 40)
(2969/2, 79, 39)
(1485, 78, 38)
(2971/2, 76, 37)
(2973/2, 76, 37)
(2975/2, 76, 37)
(2979/2, 64, 30)
(2979/2, 76, 37)
(2981/2, 64, 30)
(2981/2, 76, 37)
(2985/2, 64, 30)
(2985/2, 76, 37)
(2987/2, 64, 30)
(2987/2, 76, 37)
(2991/2, 64, 30)
(2991/2, 76, 37)
(2993/2, 64, 30)
(2993/2, 76, 37)
(2997/2, 76, 37)
(2997/2, 88, 44)
(2999/2, 76, 37)
(2999/2, 88, 44)
(3003/2, 76, 37)
(3003/2, 88, 44)
(3005/2, 76, 37)
(3005/2, 88, 44)
(3009/2, 88, 44)
(3013/2, 76, 37)
(3013/2, 88, 44)
(12053/8, 59, 27)
(12057/8, 63, 29)
(12061/8, 64, 30)
(12065/8, 59, 27)
(12069/8, 63, 29)
(3019/2, 64, 30)
(1510, 64, 30)
(3021/2, 66, 31)
(1511, 67, 32)
(3023/2, 64, 30)
(1512, 66, 31)
(3025/2, 67, 32)
(3027/2, 67, 32)
(1514, 71, 34)
(3029/2, 67, 32)
(1515, 69, 33)
(3031/2, 71, 34)
(9095/6, 71, 34)
(9097/6, 72, 35)
(9097/6, 74, 36)
(3033/2, 76, 37)
(9101/6, 71, 34)
(9103/6, 74, 36)
(3037/2, 76, 37)
(1519, 78, 38)
(3039/2, 79, 39)
(1520, 76, 37)
(3041/2, 78, 38)
(3043/2, 79, 39)
(1522, 79, 39)
(3045/2, 81, 40)
(1523, 83, 41)
(3047/2, 79, 39)
(1524, 81, 40)
(3049/2, 83, 41)
(1525, 83, 41)
(3051/2, 87, 43)
(1526, 88, 44)
(3053/2, 83, 41)
(1527, 87, 43)
(3055/2, 88, 44)
(1528, 83, 41)
(3057/2, 87, 43)
(1529, 88, 44)
(3059/2, 83, 41)
(1530, 87, 43)
(3061/2, 88, 44)
(3063/2, 90, 45)
(3065/2, 91, 46)
(3067/2, 90, 45)
(3069/2, 90, 45)
(3073/2, 91, 46)
(3079/2, 66, 31)
(3079/2, 75, 36)
(3085/2, 64, 30)
(3085/2, 71, 34)
(3085/2, 76, 37)
(10000, 59, 27)
(20001/2, 59, 27)
(10001, 59, 27)
(10002, 59, 27)
(10003, 60, 28)
(20007/2, 60, 28)
(10004, 60, 28)
(10005, 60, 28)
(10006, 60, 28)
(20013/2, 60, 28)
(10007, 60, 28)
(10008, 60, 28)
(10009, 59, 27)
(20019/2, 59, 27)
(10010, 59, 27)
(10011, 59, 27)
(10012, 59, 27)
(20025/2, 59, 27)
(10013, 59, 27)
(20027/2, 64, 30)
(10014, 67, 32)
(20029/2, 71, 34)
(10015, 69, 33)
(10017, 66, 31)
(10018, 64, 30)
(10020, 59, 27)
(10021, 57, 26)
(10023, 66, 31)
(10024, 59, 27)
(10026, 64, 30)
(10027, 64, 30)
(10028, 64, 30)
(10029, 64, 30)
(10030, 64, 30)
(20061/2, 64, 30)
(10031, 64, 30)
(10032, 64, 30)
(10033, 64, 30)
(20067/2, 64, 30)
(10034, 64, 30)
(10035, 64, 30)
(10036, 64, 30)
(20073/2, 64, 30)
(10037, 64, 30)
(10038, 60, 28)
(10039, 59, 27)
(20079/2, 59, 27)
(10040, 59, 27)
(10041, 63, 29)
(20083/2, 63, 29)
(10042, 64, 30)
(10043, 69, 33)
(20087/2, 69, 33)
(10044, 67, 32)
(10045, 66, 31)
(20091/2, 66, 31)
(10046, 64, 30)
(10047, 63, 29)
(20095/2, 63, 29)
(10048, 64, 30)
(10049, 69, 33)
(20099/2, 69, 33)
(10050, 67, 32)
(10051, 69, 33)
(20103/2, 69, 33)
(10052, 69, 33)
(10053, 69, 33)
(10054, 72, 35)
(20111/2, 69, 33)
(10056, 67, 32)
(20113/2, 66, 31)
(10060, 64, 30)
(20123/2, 76, 37)
(10062, 79, 39)
(20125/2, 78, 38)
(10063, 76, 37)
(10069, 64, 30)
(10070, 64, 30)
(10071, 64, 30)
(10075, 64, 30)
(10076, 64, 30)
(10077, 64, 30)
(10078, 62, 29)
(10081, 64, 30)
(10082, 64, 30)
(10083, 64, 30)
(10084, 64, 30)
(10085, 69, 33)
(10086, 67, 32)
(10087, 66, 31)
(10088, 64, 30)
(10089, 63, 29)
(10090, 63, 29)
(10091, 64, 30)
(20187/2, 64, 30)
(10094, 69, 33)
(20189/2, 67, 32)
(10095, 66, 31)
(20191/2, 64, 30)
(20199/2, 64, 30)
(10102, 62, 29)
(20211/2, 64, 30)
(10106, 66, 31)
(20213/2, 67, 32)
(10107, 69, 33)
(20215/2, 71, 34)
(10108, 72, 35)
(10109, 63, 29)
(10110, 64, 30)
(10111, 60, 28)
(10112, 59, 27)
(10113, 57, 26)
(10114, 55, 25)
(20229/2, 59, 27)
(10115, 59, 27)
(10116, 59, 27)
(10117, 60, 28)
(20235/2, 60, 28)
(10118, 59, 27)
(10119, 60, 28)
(10120, 64, 30)
(20241/2, 64, 30)
(10121, 64, 30)
(10122, 59, 27)
(10123, 60, 28)
(20247/2, 60, 28)
(10124, 60, 28)
(10126, 59, 27)
(20255/2, 59, 27)
(10128, 64, 30)
(20257/2, 67, 32)
(10129, 67, 32)
(20261/2, 66, 31)
(10131, 64, 30)
(20263/2, 63, 29)
(10132, 67, 32)
(20265/2, 64, 30)
(10135, 71, 34)
(20273/2, 69, 33)
(10137, 67, 32)
(20275/2, 66, 31)
(10138, 72, 35)
(10139, 71, 34)
(10140, 71, 34)
(10141, 71, 34)
(10142, 70, 33)
(10143, 73, 35)
(10144, 71, 34)
(10144, 72, 35)
(10145, 71, 34)
(10146, 74, 36)
(10147, 74, 36)
(20297/2, 73, 35)
(10149, 71, 34)
(20299/2, 71, 34)
(20299/2, 69, 33)
(10150, 78, 38)
(20301/2, 78, 38)
(20303/2, 78, 38)
(10153, 78, 38)
(20307/2, 76, 37)
(10154, 74, 36)
(20309/2, 74, 36)
(20309/2, 72, 35)
(10155, 71, 34)
(20311/2, 70, 33)
(10156, 74, 36)
(20313/2, 72, 35)
(10157, 71, 34)
(10159, 67, 32)
(20319/2, 66, 31)
(10160, 64, 30)
(20321/2, 63, 29)
(10161, 64, 30)
(20323/2, 66, 31)
(10162, 59, 27)
(10163, 83, 41)
(10164, 83, 41)
(10165, 83, 41)
(20331/2, 81, 40)
(10166, 79, 39)
(20333/2, 78, 38)
(10167, 75, 36)
(10168, 79, 39)
(50842/5, 78, 38)
(50844/5, 76, 37)
(50846/5, 75, 36)
(50848/5, 78, 38)
(10171, 71, 34)
(10172, 76, 37)
(10173, 76, 37)
(10174, 76, 37)
(10178, 74, 36)
(10179, 74, 36)
(10180, 74, 36)
(10181, 71, 34)
(10181, 72, 35)
(10184, 71, 34)
(10185, 71, 34)
(10186, 73, 35)
(10187, 67, 32)
(10189, 74, 36)
(10190, 67, 32)
(10192, 67, 32)
(10195, 67, 32)
(10196, 76, 37)
(91768/9, 74, 36)
(10197, 73, 35)
(91777/9, 71, 34)
(10198, 70, 33)
(91786/9, 73, 35)
(10199, 70, 33)
(91795/9, 71, 34)
(10200, 73, 35)
(10201, 71, 34)
(91813/9, 73, 35)
(10202, 74, 36)
(91822/9, 71, 34)
(10203, 73, 35)
(91831/9, 74, 36)
(10204, 66, 31)
(91840/9, 68, 32)
(10205, 70, 33)
(91849/9, 66, 31)
(10206, 68, 32)
(91858/9, 70, 33)
(10207, 71, 34)
(10208, 66, 31)
(10209, 66, 31)
(10210, 67, 32)
(10211, 67, 32)
(10213, 66, 31)
(10214, 66, 31)
(10216, 58, 26)
(10222, 60, 28)
(92002/9, 62, 29)
(10223, 60, 28)
(92011/9, 62, 29)
(10224, 60, 28)
(92020/9, 62, 29)
(10225, 60, 28)
(92029/9, 62, 29)
(10226, 60, 28)
(92038/9, 62, 29)
(10227, 60, 28)
(92047/9, 62, 29)
(10228, 60, 28)
(92056/9, 62, 29)
(10229, 60, 28)
(92065/9, 62, 29)
(10230, 60, 28)
(92074/9, 62, 29)
(10231, 60, 28)
(92083/9, 62, 29)
(10232, 60, 28)
(92092/9, 62, 29)
(10233, 60, 28)
(92101/9, 62, 29)
(10234, 60, 28)
(92137/9, 62, 29)
(10238, 66, 31)
(92146/9, 62, 29)
(10239, 67, 32)
(92155/9, 62, 29)
(10240, 66, 31)
(92164/9, 62, 29)
(10241, 66, 31)
(92173/9, 62, 29)
(10242, 66, 31)
(92182/9, 62, 29)
(10243, 66, 31)
(92191/9, 62, 29)
(10244, 66, 31)
(92200/9, 62, 29)
(10245, 66, 31)
(92209/9, 62, 29)
(10246, 67, 32)
(10250, 67, 32)
(10251, 67, 32)
(10252, 67, 32)
(10256, 67, 32)
(10257, 67, 32)
(10258, 67, 32)
(10260, 65, 31)
(10261, 64, 30)
(10263, 62, 29)
(10264, 64, 30)
(10270, 60, 28)
(92434/9, 62, 29)
(10271, 60, 28)
(92443/9, 62, 29)
(10272, 60, 28)
(92452/9, 62, 29)
(10273, 60, 28)
(92461/9, 62, 29)
(10274, 60, 28)
(92470/9, 62, 29)
(10275, 60, 28)
(92479/9, 62, 29)
(10276, 60, 28)
(92488/9, 62, 29)
(10277, 60, 28)
(92497/9, 62, 29)
(10278, 60, 28)
(92506/9, 62, 29)
(10279, 60, 28)
(92515/9, 62, 29)
(10280, 60, 28)
(92524/9, 62, 29)
(10281, 60, 28)
(92533/9, 62, 29)
(10282, 59, 27)
(92542/9, 55, 25)
(10283, 59, 27)
(92551/9, 55, 25)
(10284, 59, 27)
(92560/9, 55, 25)
(10285, 59, 27)
(92569/9, 55, 25)
(10286, 59, 27)
(92578/9, 55, 25)
(10287, 60, 28)
(92587/9, 55, 25)
(10288, 62, 29)
(92596/9, 55, 25)
(10289, 62, 29)
(92605/9, 55, 25)
(10290, 62, 29)
(92614/9, 55, 25)
(10291, 62, 29)
(92623/9, 55, 25)
(10292, 62, 29)
(92632/9, 55, 25)
(10293, 62, 29)
(92641/9, 55, 25)
(10294, 60, 28)
(10298, 76, 37)
(10299, 71, 34)
(10300, 74, 36)
(10301, 72, 35)
(82429/8, 72, 35)
(72130/7, 67, 32)
(10306, 69, 33)
(10315, 65, 31)
(10318, 64, 30)
(10325, 59, 27)
(10328, 62, 29)
(10334, 71, 34)
(10335, 69, 33)
(72347/7, 67, 32)
(82685/8, 66, 31)
(10337, 64, 30)
(72361/7, 62, 29)
(82701/8, 64, 30)
(10338, 66, 31)
(72368/7, 67, 32)
(82709/8, 69, 33)
(10340, 71, 34)
(10341, 67, 32)
(10343, 74, 36)
(10346, 71, 34)
(10346, 72, 35)
(10349, 72, 35)
(10353, 71, 34)
(10355, 67, 32)
(10356, 64, 30)
(93208/9, 64, 30)
(10357, 64, 30)
(10359, 65, 31)
(93235/9, 65, 31)
(10360, 65, 31)
(10362, 64, 30)
(82901/8, 64, 30)
(72543/7, 64, 30)
(10365, 67, 32)
(93289/9, 67, 32)
(10366, 67, 32)
(10368, 62, 29)
(93316/9, 62, 29)
(10374, 62, 29)
(10375, 62, 29)
(10376, 74, 36)
(10378, 72, 35)
(10379, 71, 34)
(10381, 67, 32)
(10382, 64, 30)
(10383, 62, 29)
(10384, 62, 29)
(10385, 62, 29)
(10386, 62, 29)
(10387, 62, 29)
(10388, 74, 36)
(10390, 72, 35)
(10391, 71, 34)
(10393, 67, 32)
(10394, 64, 30)
(10395, 62, 29)
(10396, 62, 29)
(10397, 62, 29)
(10398, 62, 29)
(10400, 63, 29)
(10401, 59, 27)
(10406, 60, 28)
(10407, 69, 33)
(10408, 69, 33)
(10409, 69, 33)
(10410, 67, 32)
(10413, 79, 39)
(93721/9, 76, 37)
(10414, 75, 36)
(104147/10, 76, 37)
(52076/5, 71, 34)
(10416, 76, 37)
(93748/9, 72, 35)
(10417, 71, 34)
(93757/9, 74, 36)
(10418, 72, 35)
(10419, 72, 35)
(10420, 69, 33)
(31261/3, 68, 32)
(41683/4, 71, 34)
(72948/7, 69, 33)
(93794/9, 64, 30)
(10422, 60, 28)
(10423, 60, 28)
(10423, 63, 30)
(10424, 60, 28)
(10424, 63, 30)
(10425, 60, 28)
(10425, 63, 30)
(93838/9, 59, 28)
(93838/9, 63, 30)
(10428, 60, 28)
(10428, 64, 30)
(10431, 60, 28)
(93883/9, 60, 28)
(10432, 60, 28)
(93892/9, 60, 28)
(10433, 60, 28)
(93901/9, 60, 28)
(10434, 61, 28)
(10435, 61, 28)
(10436, 61, 28)
(10437, 61, 28)
(10438, 61, 28)
(10439, 61, 28)
(10440, 61, 28)
(10449, 70, 34)
(10452, 71, 34)
(94081/9, 74, 36)
(10455, 74, 36)
(94108/9, 71, 34)
(10458, 62, 29)
(10458, 69, 33)
(10464, 71, 34)
(94180/9, 72, 35)
(94189/9, 71, 34)
(94189/9, 72, 35)
(10467, 74, 36)
(83741/8, 76, 37)
(73278/7, 78, 38)
(10470, 79, 39)
(10471, 76, 37)
(10472, 72, 35)
(10473, 74, 36)
(10475, 72, 35)
(10476, 71, 34)
(10477, 72, 35)
(10478, 73, 35)
(10479, 74, 36)
(10480, 76, 37)
(10481, 78, 38)
(10482, 81, 40)
(10483, 79, 39)
(10484, 76, 37)
(10485, 74, 36)
(10488, 71, 34)
(10489, 72, 35)
(10490, 71, 34)
(10491, 71, 34)
(10493, 76, 37)
(10494, 71, 34)
(10495, 72, 35)
(10496, 71, 34)
(10497, 71, 34)
(10499, 76, 37)
(10506, 73, 35)
(94558/9, 76, 37)
(10507, 83, 41)
(94567/9, 81, 40)
(10508, 79, 39)
(10509, 83, 41)
(94585/9, 81, 40)
(10510, 79, 39)
(94594/9, 83, 41)
(10511, 81, 40)
(94603/9, 79, 39)
(10512, 78, 38)
(10518, 71, 34)
(94666/9, 74, 36)
(10519, 77, 38)
(94675/9, 81, 40)
(10520, 79, 39)
(94684/9, 77, 38)
(10521, 81, 40)
(94693/9, 79, 39)
(10522, 77, 38)
(94702/9, 79, 39)
(10523, 77, 38)
(10524, 76, 37)
(10525, 76, 37)
(94729/9, 79, 39)
(10526, 77, 38)
(10527, 76, 37)
(94747/9, 76, 37)
(10528, 72, 35)
(94756/9, 67, 32)
(10529, 76, 37)
(94765/9, 74, 36)
(10530, 72, 35)
(94774/9, 76, 37)
(10531, 79, 39)
(94783/9, 72, 35)
(10532, 76, 37)
(94792/9, 74, 36)
(10533, 72, 35)
(94810/9, 60, 28)
(10535, 64, 30)
(94819/9, 62, 29)
(10536, 60, 28)
(10537, 59, 27)
(10538, 60, 28)
(10539, 59, 27)
(10540, 60, 28)
(10541, 59, 27)
(10542, 60, 28)
(94972/9, 64, 30)
(10553, 67, 32)
(94981/9, 66, 31)
(10554, 64, 30)
(10557, 64, 30)
(10558, 64, 30)
(10559, 64, 30)
(10560, 62, 29)
(10563, 64, 30)
(10564, 64, 30)
(10565, 64, 30)
(10566, 62, 29)
(10569, 64, 30)
(10570, 64, 30)
(10571, 64, 30)
(10572, 64, 30)
(10573, 62, 29)
(10574, 64, 30)
(10575, 66, 31)
(10576, 64, 30)
(10577, 63, 29)
(10578, 63, 29)
(10579, 64, 30)
(95233/9, 64, 30)
(10582, 69, 33)
(95242/9, 67, 32)
(10583, 66, 31)
(95251/9, 64, 30)
(10584, 63, 29)
(95287/9, 64, 30)
(10588, 69, 33)
(95296/9, 67, 32)
(10589, 66, 31)
(95305/9, 64, 30)
(10590, 63, 29)
(95341/9, 64, 30)
(10594, 66, 31)
(95350/9, 67, 32)
(10595, 69, 33)
(95359/9, 71, 34)
(10596, 72, 35)
(10597, 64, 30)
(10597, 62, 29)
(10598, 64, 30)
(10599, 60, 28)
(10600, 59, 27)
(10601, 57, 26)
(10602, 55, 25)
(95422/9, 59, 27)
(10603, 59, 27)
(10604, 59, 27)
(10605, 60, 28)
(95449/9, 60, 28)
(10606, 60, 28)
(10607, 60, 28)
(10608, 60, 28)
(95476/9, 60, 28)
(10609, 60, 28)
(10610, 60, 28)
(10611, 59, 27)
(95503/9, 59, 27)
(10612, 59, 27)
(10613, 59, 27)
(10614, 59, 27)
(95530/9, 59, 27)
(10615, 59, 27)
(95539/9, 64, 30)
(10616, 67, 32)
(95548/9, 71, 34)
(10617, 69, 33)
(10619, 66, 31)
(10620, 64, 30)
(10622, 59, 27)
(10623, 57, 26)
(10625, 59, 27)
(10626, 59, 27)
(95647/9, 71, 34)
(10628, 71, 34)
(95656/9, 71, 34)
(10629, 72, 35)
(95665/9, 72, 35)
(10630, 72, 35)
(10631, 72, 35)
(10632, 72, 35)
(95692/9, 72, 35)
(10633, 72, 35)
(10634, 72, 35)
(10635, 71, 34)
(95728/9, 76, 37)
(10637, 79, 39)
(95737/9, 78, 38)
(10638, 76, 37)
(95755/9, 67, 32)
(10640, 71, 34)
(95764/9, 69, 33)
(10641, 67, 32)
(95782/9, 64, 30)
(10643, 67, 32)
(95791/9, 66, 31)
(10644, 64, 30)
(10645, 64, 30)
(10646, 64, 30)
(10647, 67, 32)
(10647, 69, 33)
(10650, 78, 38)
(10653, 78, 38)
(10654, 76, 37)
(10655, 73, 35)
(10656, 70, 33)
(10657, 71, 34)
(10658, 73, 35)
(10659, 74, 36)
(10671, 55, 25)
(10674, 79, 39)
(10677, 79, 39)
(10678, 74, 36)
(10679, 71, 34)
(10680, 67, 32)
(10681, 67, 32)
(10682, 67, 32)
(10683, 67, 32)
(10686, 69, 33)
(10687, 69, 33)
(10689, 66, 32)
(10693, 66, 31)
(10694, 69, 33)
(10695, 66, 31)
(10696, 62, 29)
(96277/9, 67, 32)
(10698, 71, 34)
(96286/9, 69, 33)
(10699, 67, 32)
(10700, 67, 32)
(10701, 67, 32)
(10702, 74, 36)
(107027/10, 67, 32)
(53516/5, 71, 34)
(107037/10, 69, 33)
(10705, 67, 32)
(10706, 67, 32)
(10707, 67, 32)
(10708, 74, 36)
(107087/10, 62, 29)
(53546/5, 64, 30)
(107097/10, 65, 31)
(10711, 67, 32)
(96403/9, 65, 31)
(10712, 64, 30)
(96412/9, 64, 30)
(10713, 65, 31)
(96421/9, 67, 32)
(10714, 69, 33)
(96430/9, 67, 32)
(10715, 65, 31)
(96439/9, 65, 31)
(10716, 67, 32)
(96448/9, 69, 33)
(10717, 71, 34)
(96457/9, 69, 33)
(10718, 68, 32)
(96466/9, 68, 32)
(10719, 69, 33)
(96475/9, 71, 34)
(10720, 72, 35)
(96484/9, 71, 34)
(10721, 69, 33)
(96493/9, 69, 33)
(10722, 71, 34)
(96502/9, 72, 35)
(10723, 74, 36)
(96511/9, 72, 35)
(10724, 71, 34)
(96520/9, 71, 34)
(10725, 72, 35)
(96529/9, 74, 36)
(10726, 72, 35)
(96538/9, 71, 34)
(10727, 69, 33)
(96547/9, 69, 33)
(10728, 71, 34)
(96556/9, 72, 35)
(10729, 74, 36)
(96565/9, 72, 35)
(10730, 71, 34)
(96574/9, 71, 34)
(10731, 72, 35)
(96583/9, 74, 36)
(10732, 72, 35)
(96592/9, 74, 36)
(96601/9, 72, 35)
(96601/9, 74, 36)
(96601/9, 76, 37)
(10735, 76, 37)
(10736, 78, 38)
(10737, 80, 39)
(10738, 81, 40)
(10739, 78, 38)
(10740, 75, 36)
(10741, 76, 37)
(10743, 74, 36)
(10744, 76, 37)
(96700/9, 72, 35)
(10745, 71, 34)
(96709/9, 74, 36)
(10746, 72, 35)
(96718/9, 69, 33)
(10747, 69, 33)
(96727/9, 64, 30)
(10748, 62, 29)
(96736/9, 64, 30)
(10749, 60, 28)
(10750, 57, 26)
(96754/9, 59, 27)
(10751, 60, 28)
(96763/9, 59, 27)
(10752, 60, 28)
(96772/9, 57, 26)
(10753, 66, 31)
(96781/9, 62, 29)
(10754, 66, 31)
(96790/9, 69, 33)
(10755, 66, 31)
(96799/9, 60, 28)
(10756, 59, 27)
(10757, 60, 28)
(10758, 61, 28)
(10759, 64, 30)
(10760, 66, 31)
(10762, 67, 32)
(10763, 64, 30)
(10764, 61, 29)
(10765, 60, 28)
(10767, 58, 27)
(10768, 57, 26)
(10771, 69, 33)
(96943/9, 65, 31)
(10772, 64, 30)
(96952/9, 67, 32)
(10773, 65, 31)
(96961/9, 60, 28)
(10777, 76, 37)
(96997/9, 72, 35)
(10778, 71, 34)
(97006/9, 74, 36)
(10779, 72, 35)
(97015/9, 69, 33)
(10783, 78, 38)
(97051/9, 76, 37)
(10784, 75, 36)
(97060/9, 78, 38)
(10785, 76, 37)
(97069/9, 69, 33)
(10786, 69, 33)
(97078/9, 69, 33)
(10787, 69, 33)
(10788, 69, 33)
(10789, 69, 33)
(97105/9, 69, 33)
(10790, 69, 33)
(10791, 69, 33)
(10792, 67, 32)
(10793, 79, 39)
(10794, 76, 37)
(10795, 71, 34)
(10796, 67, 32)
(10797, 64, 30)
(10798, 59, 27)
(97186/9, 59, 27)
(10799, 59, 27)
(10800, 59, 27)
(10801, 63, 29)
(97213/9, 63, 29)
(10802, 63, 29)
(10803, 57, 26)
(10804, 59, 27)
(97240/9, 59, 27)
(10805, 59, 27)
(10806, 59, 27)
(10807, 59, 27)
(97267/9, 59, 27)
(10808, 59, 27)
(97276/9, 64, 30)
(10809, 67, 32)
(97285/9, 71, 34)
(10810, 69, 33)
(10812, 66, 31)
(10813, 64, 30)
(10815, 59, 27)
(10816, 57, 26)
(10822, 64, 30)
(97402/9, 64, 30)
(10823, 64, 30)
(10824, 64, 30)
(10825, 64, 30)
(97429/9, 64, 30)
(10826, 64, 30)
(10827, 64, 30)
(10828, 64, 30)
(97456/9, 64, 30)
(10829, 64, 30)
(10830, 64, 30)
(10831, 64, 30)
(97483/9, 64, 30)
(10832, 64, 30)
(10833, 60, 28)
(10834, 59, 27)
(97510/9, 59, 27)
(10835, 59, 27)
(10836, 59, 27)
(97528/9, 59, 27)
(10837, 59, 27)
(10838, 63, 29)
(97546/9, 63, 29)
(10839, 64, 30)
(10840, 66, 31)
(86725/8, 66, 31)
(75889/7, 64, 30)
(10842, 69, 33)
(97582/9, 69, 33)
(10843, 67, 32)
(10844, 71, 34)
(97600/9, 71, 34)
(10845, 71, 34)
(10846, 71, 34)
(97618/9, 71, 34)
(10847, 71, 34)
(10848, 71, 34)
(10849, 72, 35)
(97654/9, 72, 35)
(10851, 71, 34)
(97663/9, 69, 33)
(10852, 67, 32)
(10855, 67, 32)
(97708/9, 76, 37)
(10857, 79, 39)
(97717/9, 78, 38)
(10858, 76, 37)
(10864, 60, 28)
(10865, 60, 28)
(10866, 60, 28)
(10867, 64, 30)
(97816/9, 76, 37)
(10869, 79, 39)
(97825/9, 78, 38)
(10870, 76, 37)
(10876, 57, 26)
(10877, 57, 26)
(10878, 57, 26)
(10879, 57, 26)
(97924/9, 66, 31)
(10881, 69, 33)
(97933/9, 67, 32)
(10882, 66, 31)
(10888, 57, 26)
(10889, 57, 26)
(10890, 57, 26)
(10891, 55, 25)
(98032/9, 62, 29)
(10893, 64, 30)
(10894, 62, 29)
(10900, 59, 27)
(10901, 59, 27)
(10902, 59, 27)
(10903, 60, 28)
(98140/9, 60, 28)
(10905, 64, 30)
(98149/9, 62, 29)
(10906, 60, 28)
(98194/9, 60, 28)
(10911, 62, 29)
(10912, 60, 28)
(10913, 60, 28)
(10914, 60, 28)
(10915, 67, 32)
(98248/9, 60, 28)
(10917, 64, 30)
(98257/9, 62, 29)
(10918, 60, 28)
(98302/9, 60, 28)
(98302/9, 60, 28)
(10923, 64, 30)
(98311/9, 62, 29)
(10924, 60, 28)
(87397/8, 60, 28)
(76477/7, 60, 28)
(10927, 67, 32)
(98356/9, 64, 30)
(10929, 67, 32)
(98365/9, 66, 31)
(10930, 64, 30)
(98410/9, 64, 30)
(10935, 67, 32)
(98419/9, 66, 31)
(10936, 64, 30)
(10937, 64, 30)
(10938, 64, 30)
(10939, 71, 34)
(10940, 64, 30)
(98464/9, 67, 32)
(10941, 67, 32)
(10942, 64, 30)
(10943, 72, 35)
(98518/9, 62, 29)
(10947, 67, 32)
(98527/9, 64, 30)
(10948, 62, 29)
(10948, 62, 29)
(98572/9, 57, 26)
(10953, 60, 28)
(98581/9, 59, 27)
(98590/9, 64, 30)
(10955, 62, 29)
(10957, 60, 28)
(98626/9, 57, 26)
(10959, 60, 28)
(98635/9, 59, 27)
(10960, 57, 26)
(98653/9, 60, 28)
(10962, 64, 30)
(98662/9, 62, 29)
(10963, 60, 28)
(98680/9, 64, 30)
(10965, 67, 32)
(98689/9, 66, 31)
(10966, 64, 30)
(98707/9, 60, 28)
(10968, 64, 30)
(98716/9, 62, 29)
(10969, 60, 28)
(10972, 60, 28)
(10975, 60, 28)
(10981, 57, 26)
(10987, 57, 26)
(98887/9, 59, 27)
(10988, 59, 27)
(98896/9, 59, 27)
(10990, 57, 26)
(98914/9, 59, 27)
(10991, 57, 26)
(98923/9, 59, 27)
(10992, 57, 26)
(98932/9, 59, 27)
(10993, 57, 26)
(98941/9, 59, 27)
(10994, 57, 26)
(98950/9, 59, 27)
(10995, 57, 26)
(98959/9, 59, 27)
(10996, 57, 26)
(98968/9, 59, 27)
(10997, 57, 26)
(98977/9, 59, 27)
(10998, 57, 26)
(98986/9, 59, 27)
(10999, 57, 26)
(99022/9, 59, 27)
(11003, 63, 29)
(99031/9, 59, 27)
(11004, 64, 30)
(99040/9, 59, 27)
(11005, 66, 31)
(99049/9, 59, 27)
(11006, 66, 31)
(99058/9, 59, 27)
(11007, 66, 31)
(99067/9, 59, 27)
(11008, 63, 29)
(99076/9, 59, 27)
(11009, 63, 29)
(99085/9, 59, 27)
(11010, 66, 31)
(99094/9, 59, 27)
(11011, 64, 30)
(11015, 64, 30)
(11016, 64, 30)
(11017, 64, 30)
(11021, 64, 30)
(11022, 64, 30)
(11023, 63, 29)
(11023, 62, 29)
(11026, 61, 28)
(11035, 57, 26)
(99319/9, 59, 27)
(11036, 57, 26)
(99328/9, 59, 27)
(11037, 57, 26)
(99337/9, 59, 27)
(11038, 57, 26)
(99346/9, 59, 27)
(11039, 57, 26)
(99355/9, 59, 27)
(11040, 57, 26)
(99364/9, 59, 27)
(11041, 57, 26)
(99373/9, 59, 27)
(11042, 57, 26)
(99382/9, 59, 27)
(11043, 57, 26)
(99391/9, 59, 27)
(11044, 57, 26)
(99400/9, 59, 27)
(11045, 59, 27)
(99409/9, 59, 27)
(11047, 56, 25)
(99427/9, 59, 27)
(11048, 59, 27)
(99436/9, 56, 25)
(11049, 59, 27)
(11050, 56, 25)
(99454/9, 59, 27)
(11051, 56, 25)
(11053, 59, 27)
(99481/9, 56, 25)
(11054, 59, 27)
(99490/9, 56, 25)
(11055, 59, 27)
(11056, 56, 25)
(99508/9, 59, 27)
(11057, 56, 25)
(99517/9, 59, 27)
(11058, 56, 25)
(99526/9, 59, 27)
(11059, 57, 26)
(11063, 73, 35)
(99571/9, 68, 32)
(11065, 71, 34)
(11066, 69, 33)
(11069, 69, 33)
(11070, 64, 30)
(11071, 67, 32)
(11072, 66, 31)
(11077, 66, 31)
(11080, 63, 29)
(11083, 61, 28)
(11088, 57, 26)
(11089, 56, 25)
(11092, 59, 27)
(99868/9, 59, 27)
(11097, 64, 30)
(99877/9, 68, 32)
(11098, 68, 32)
(99895/9, 66, 31)
(11100, 64, 30)
(99904/9, 63, 29)
(11101, 61, 28)
(99913/9, 59, 27)
(11102, 61, 28)
(99922/9, 63, 29)
(11103, 64, 30)
(99931/9, 66, 31)
(11104, 68, 32)
(11105, 64, 30)
(11106, 68, 32)
(11107, 71, 34)
(11110, 68, 32)
(11110, 69, 33)
(11113, 69, 33)
(11116, 68, 32)
(11118, 64, 30)
(11119, 64, 30)
(100075/9, 64, 30)
(11120, 64, 30)
(11122, 65, 30)
(100102/9, 65, 30)
(11123, 65, 30)
(11125, 66, 31)
(100129/9, 66, 31)
(11126, 66, 31)
(11128, 67, 32)
(100156/9, 67, 32)
(11129, 67, 32)
(11131, 57, 26)
(11131, 66, 31)
(100183/9, 57, 26)
(100183/9, 66, 31)
(11132, 57, 26)
(11132, 66, 31)
(11137, 56, 25)
(11137, 64, 30)
(11141, 69, 33)
(11142, 68, 32)
(11144, 64, 30)
(11145, 61, 28)
(11146, 59, 27)
(11147, 59, 27)
(11148, 59, 27)
(11149, 59, 27)
(11150, 71, 34)
(11153, 69, 33)
(11154, 68, 32)
(11156, 64, 30)
(11157, 61, 28)
(11158, 59, 27)
(11159, 59, 27)
(11160, 59, 27)
(11161, 59, 27)
(11163, 66, 31)
(11164, 64, 30)
(11165, 68, 32)
(11168, 69, 33)
(11169, 69, 33)
(11171, 69, 33)
(11172, 69, 33)
(11173, 71, 34)
(11179, 71, 34)
(100615/9, 68, 32)
(11180, 66, 31)
(100624/9, 69, 33)
(11181, 68, 32)
(100633/9, 64, 30)
(11182, 68, 32)
(100642/9, 64, 30)
(11183, 63, 29)
(100651/9, 66, 31)
(11184, 64, 30)
(100660/9, 61, 28)
(11185, 61, 28)
(100669/9, 67, 32)
(100669/9, 70, 33)
(100678/9, 67, 32)
(100678/9, 70, 33)
(11203, 68, 32)
(11204, 66, 31)
(11205, 71, 34)
(11206, 71, 34)
(100867/9, 68, 32)
(11209, 66, 31)
(11209, 69, 33)
(11214, 69, 33)
(11215, 68, 32)
(11216, 69, 33)
(100957/9, 70, 33)
(11218, 71, 34)
(11219, 73, 35)
(11220, 75, 36)
(11221, 76, 37)
(11222, 73, 35)
(11223, 70, 33)
(11224, 71, 34)
(11226, 69, 33)
(11227, 68, 32)
(11228, 69, 33)
(11230, 71, 34)
(11231, 73, 35)
(11232, 75, 36)
(11233, 78, 38)
(11234, 76, 37)
(11235, 73, 35)
(11236, 71, 34)
(11239, 68, 32)
(11240, 71, 34)
(11240, 69, 33)
(11241, 68, 32)
(11242, 68, 32)
(11244, 73, 35)
(11245, 68, 32)
(11246, 69, 33)
(11247, 68, 32)
(11248, 68, 32)
(11250, 73, 35)
(11257, 70, 33)
(101317/9, 73, 35)
(11258, 76, 37)
(101326/9, 80, 39)
(11259, 78, 38)
(101335/9, 76, 37)
(11260, 80, 39)
(101344/9, 78, 38)
(11261, 76, 37)
(101353/9, 80, 39)
(11262, 78, 38)
(101362/9, 76, 37)
(11269, 70, 33)
(101425/9, 73, 35)
(11270, 76, 37)
(101434/9, 79, 39)
(11271, 78, 38)
(101443/9, 76, 37)
(11272, 79, 39)
(101452/9, 78, 38)
(11273, 76, 37)
(101461/9, 79, 39)
(11274, 78, 38)
(101470/9, 76, 37)
(11275, 74, 36)
(101479/9, 76, 37)
(101488/9, 78, 38)
(11281, 83, 41)
(11282, 79, 39)
(11283, 76, 37)
(11287, 72, 35)
(11287, 76, 37)
(11287, 74, 36)
(11288, 76, 37)
(11289, 78, 38)
(11293, 71, 34)
(11294, 67, 32)
(11295, 64, 30)
(11299, 72, 35)
(11303, 71, 34)
(11304, 69, 33)
(11305, 66, 31)
(11306, 67, 32)
(11307, 69, 33)
(11308, 71, 34)
(101812/9, 59, 27)
(11313, 64, 30)
(101821/9, 62, 29)
(11314, 60, 28)
(101830/9, 59, 27)
(11315, 57, 26)
(101839/9, 59, 27)
(11316, 60, 28)
(101848/9, 57, 26)
(11317, 59, 27)
(101857/9, 60, 28)
(11318, 59, 27)
(101866/9, 63, 29)
(11319, 64, 30)
(101875/9, 59, 27)
(11320, 63, 29)
(101884/9, 64, 30)
(11321, 63, 29)
(101893/9, 64, 30)
(11322, 66, 31)
(101902/9, 63, 29)
(11323, 64, 30)
(101911/9, 66, 31)
(11324, 64, 30)
(101920/9, 66, 31)
(11325, 67, 32)
(101929/9, 59, 27)
(11326, 64, 30)
(101938/9, 67, 32)
(11327, 67, 32)
(101956/9, 66, 31)
(11329, 64, 30)
(101965/9, 63, 29)
(11330, 69, 33)
(101983/9, 67, 32)
(11332, 66, 31)
(101992/9, 64, 30)
(11333, 72, 35)
(102010/9, 69, 33)
(11335, 67, 32)
(102019/9, 66, 31)
(11336, 67, 32)
(102037/9, 59, 27)
(11338, 57, 26)
(102046/9, 55, 25)
(11339, 60, 28)
(102055/9, 59, 27)
(11340, 57, 26)
(102064/9, 60, 28)
(11341, 59, 27)
(102073/9, 57, 26)
(11342, 62, 29)
(102082/9, 60, 28)
(11343, 59, 27)
(102091/9, 62, 29)
(11344, 60, 28)
(102100/9, 59, 27)
(11345, 64, 30)
(102109/9, 62, 29)
(11346, 60, 28)
(102118/9, 64, 30)
(11347, 62, 29)
(102127/9, 60, 28)
(11348, 65, 31)
(102136/9, 64, 30)
(11349, 62, 29)
(102145/9, 68, 32)
(11350, 66, 31)
(102154/9, 64, 30)
(11351, 69, 33)
(102163/9, 68, 32)
(11352, 66, 31)
(102172/9, 71, 34)
(11353, 69, 33)
(102181/9, 68, 32)
(11354, 72, 35)
(102190/9, 71, 34)
(11355, 69, 33)
(11363, 65, 31)
(11366, 64, 30)
(11369, 59, 27)
(11369, 62, 29)
(11375, 55, 25)
(11381, 57, 26)
(11384, 55, 25)
(102460/9, 59, 27)
(11385, 64, 30)
(102469/9, 62, 29)
(11386, 60, 28)
(102478/9, 59, 27)
(11387, 57, 26)
(102487/9, 59, 27)
(11388, 60, 28)
(102496/9, 57, 26)
(11389, 59, 27)
(102505/9, 60, 28)
(11390, 59, 27)
(102514/9, 63, 29)
(11391, 64, 30)
(102523/9, 59, 27)
(11392, 63, 29)
(102532/9, 64, 30)
(11393, 63, 29)
(102541/9, 64, 30)
(11394, 66, 31)
(102550/9, 63, 29)
(11395, 64, 30)
(102559/9, 66, 31)
(11396, 64, 30)
(102568/9, 66, 31)
(11397, 67, 32)
(102577/9, 59, 27)
(11398, 64, 30)
(102586/9, 67, 32)
(11399, 67, 32)
(11401, 64, 30)
(11402, 69, 33)
(102631/9, 67, 32)
(11404, 66, 31)
(102640/9, 64, 30)
(11405, 72, 35)
(102658/9, 69, 33)
(11407, 67, 32)
(102667/9, 66, 31)
(11408, 71, 34)
(102685/9, 71, 34)
(11410, 76, 37)
(102694/9, 79, 39)
(11411, 79, 39)
(102712/9, 78, 38)
(11413, 79, 39)
(102721/9, 81, 40)
(11414, 81, 40)
(102739/9, 80, 39)
(11416, 81, 40)
(102748/9, 83, 41)
(11417, 83, 41)
(102766/9, 81, 40)
(11419, 83, 41)
(102775/9, 84, 42)
(11420, 74, 36)
(102784/9, 74, 36)
(11421, 74, 36)
(102793/9, 74, 36)
(11422, 74, 36)
(102802/9, 74, 36)
(11423, 74, 36)
(102811/9, 74, 36)
(11424, 74, 36)
(102820/9, 74, 36)
(11425, 72, 35)
(102829/9, 71, 34)
(11426, 76, 37)
(102838/9, 74, 36)
(11427, 72, 35)
(11435, 66, 31)
(11436, 69, 33)
(11437, 72, 35)
(11438, 67, 32)
(11439, 64, 30)
(11441, 62, 29)
(11442, 59, 27)
(11443, 65, 31)
(11444, 64, 30)
(11447, 55, 25)
(11448, 60, 28)
(11449, 64, 30)
(11450, 64, 30)
(11453, 63, 29)
(11456, 64, 30)
(11462, 64, 30)
(11466, 63, 29)
(11469, 64, 30)
(11475, 76, 37)
(11478, 74, 36)
(11481, 76, 37)
(11482, 72, 35)
(11484, 72, 35)
(11485, 72, 35)
(11486, 72, 35)
(11487, 71, 34)
(11490, 72, 35)
(11491, 72, 35)
(11492, 72, 35)
(11493, 77, 38)
(11496, 77, 38)
(11497, 77, 38)
(11498, 77, 38)
(11502, 80, 39)
(11503, 80, 39)
(11504, 80, 39)
(11505, 81, 40)
(11508, 82, 40)
(11511, 62, 29)
(11511, 71, 34)
(11511, 83, 41)
(11514, 71, 34)
(11514, 83, 41)
(11517, 79, 39)
(11520, 76, 37)
(11523, 71, 34)
(103711/9, 76, 37)
(11524, 78, 38)
(103720/9, 79, 39)
(11525, 76, 37)
(103729/9, 78, 38)
(11526, 79, 39)
(103738/9, 79, 39)
(11527, 81, 40)
(103747/9, 83, 41)
(11528, 79, 39)
(103756/9, 81, 40)
(11529, 83, 41)
(103765/9, 83, 41)
(11530, 87, 43)
(103774/9, 88, 44)
(11531, 83, 41)
(103783/9, 87, 43)
(11532, 88, 44)
(103792/9, 83, 41)
(11533, 87, 43)
(103801/9, 88, 44)
(11534, 83, 41)
(103810/9, 87, 43)
(11535, 62, 29)
(11535, 88, 44)
(11536, 71, 34)
(11536, 83, 41)
(11537, 71, 34)
(11537, 83, 41)
(11538, 71, 34)
(11538, 83, 41)
(11539, 71, 34)
(11539, 83, 41)
(11540, 71, 34)
(11541, 71, 34)
(11541, 83, 41)
(11544, 59, 27)
(11544, 69, 33)
(11544, 71, 34)
(11547, 67, 32)
(11547, 71, 34)
(20000, 55, 25)
(40001/2, 55, 25)
(20001, 55, 25)
(20002, 55, 25)
(20003, 57, 26)
(40007/2, 57, 26)
(20004, 57, 26)
(20005, 57, 26)
(20006, 57, 26)
(40013/2, 57, 26)
(20007, 57, 26)
(20008, 57, 26)
(20009, 55, 25)
(40019/2, 55, 25)
(20010, 55, 25)
(20011, 55, 25)
(20012, 55, 25)
(40025/2, 55, 25)
(20013, 55, 25)
(40027/2, 59, 27)
(20014, 64, 30)
(40029/2, 67, 32)
(20015, 66, 31)
(20017, 63, 29)
(20018, 64, 30)
(20020, 55, 25)
(20021, 54, 24)
(20023, 49, 22)
(20024, 52, 23)
(20026, 52, 23)
(20027, 52, 23)
(40055/2, 52, 23)
(20028, 52, 23)
(20029, 52, 23)
(20030, 52, 23)
(40061/2, 52, 23)
(20031, 52, 23)
(20032, 52, 23)
(20033, 52, 23)
(40067/2, 52, 23)
(20034, 52, 23)
(20035, 52, 23)
(20036, 52, 23)
(40073/2, 52, 23)
(20037, 52, 23)
(20038, 57, 26)
(20039, 54, 24)
(40079/2, 54, 24)
(20040, 55, 25)
(20041, 59, 27)
(40083/2, 59, 27)
(20042, 59, 27)
(20043, 63, 29)
(40087/2, 63, 29)
(20044, 64, 30)
(20045, 59, 27)
(40091/2, 59, 27)
(20046, 59, 27)
(20047, 57, 26)
(40095/2, 57, 26)
(20048, 59, 27)
(20049, 60, 28)
(40099/2, 60, 28)
(20050, 59, 27)
(20051, 63, 29)
(40103/2, 63, 29)
(20052, 63, 29)
(20053, 63, 29)
(20054, 63, 29)
(40111/2, 72, 35)
(20056, 71, 34)
(40113/2, 69, 33)
(20057, 67, 32)
(40123/2, 64, 30)
(20062, 67, 32)
(40125/2, 66, 31)
(20063, 64, 30)
(20069, 55, 25)
(20070, 55, 25)
(20071, 55, 25)
(20072, 57, 26)
(20075, 55, 25)
(20076, 55, 25)
(20077, 55, 25)
(20078, 57, 26)
(20081, 55, 25)
(20082, 55, 25)
(20083, 55, 25)
(20084, 60, 28)
(20086, 55, 25)
(20087, 60, 28)
(20088, 59, 27)
(20089, 59, 27)
(40181/2, 52, 23)
(20091, 55, 25)
(40183/2, 54, 24)
(20093, 52, 23)
(20094, 52, 23)
(20095, 52, 23)
(20096, 57, 26)
(40193/2, 55, 25)
(20097, 54, 24)
(20099, 52, 23)
(20100, 52, 23)
(20101, 52, 23)
(20102, 57, 26)
(40205/2, 55, 25)
(20103, 54, 24)
(20105, 52, 23)
(20106, 52, 23)
(20107, 52, 23)
(20108, 64, 30)
(40217/2, 60, 28)
(40219/2, 59, 27)
(20111, 59, 27)
(20111, 57, 26)
(20112, 55, 25)
(20113, 54, 24)
(20114, 52, 23)
(40229/2, 55, 25)
(20115, 55, 25)
(20116, 55, 25)
(20117, 57, 26)
(40235/2, 57, 26)
(20118, 57, 26)
(20119, 57, 26)
(20120, 59, 27)
(40241/2, 59, 27)
(20121, 59, 27)
(20122, 59, 27)
(20123, 57, 26)
(40247/2, 57, 26)
(20124, 57, 26)
(20125, 57, 26)
(20126, 64, 30)
(40267/2, 59, 27)
(20134, 64, 30)
(40269/2, 67, 32)
(20135, 67, 32)
(40273/2, 66, 31)
(20137, 64, 30)
(40275/2, 63, 29)
(20138, 69, 33)
(20139, 67, 32)
(40279/2, 67, 32)
(20140, 66, 31)
(40281/2, 64, 30)
(20141, 64, 30)
(40283/2, 67, 32)
(20142, 66, 31)
(40285/2, 64, 30)
(20143, 62, 29)
(40287/2, 60, 28)
(20144, 66, 31)
(40289/2, 69, 33)
(20145, 67, 32)
(40291/2, 66, 31)
(20146, 64, 30)
(40293/2, 62, 29)
(20147, 66, 31)
(20148, 70, 33)
(20149, 73, 35)
(20150, 71, 34)
(20154, 66, 31)
(20156, 66, 31)
(20157, 64, 30)
(40315/2, 62, 29)
(20158, 61, 28)
(40317/2, 57, 26)
(40317/2, 64, 30)
(20159, 62, 29)
(40319/2, 61, 28)
(20160, 59, 27)
(40321/2, 57, 26)
(20161, 55, 25)
(40323/2, 54, 24)
(20162, 59, 27)
(20166, 71, 34)
(20167, 71, 34)
(20168, 71, 34)
(40337/2, 69, 33)
(20169, 67, 32)
(40339/2, 66, 31)
(20170, 64, 30)
(40341/2, 69, 33)
(20171, 67, 32)
(40343/2, 69, 33)
(20172, 67, 32)
(40345/2, 66, 31)
(20173, 64, 30)
(40347/2, 62, 29)
(20174, 61, 28)
(40349/2, 62, 29)
(20175, 64, 30)
(40351/2, 61, 28)
(20176, 62, 29)
(40353/2, 64, 30)
(20177, 62, 29)
(40355/2, 64, 30)
(20178, 66, 31)
(40357/2, 62, 29)
(20179, 64, 30)
(40359/2, 66, 31)
(20180, 58, 26)
(40361/2, 59, 27)
(20181, 61, 28)
(40363/2, 58, 26)
(20182, 59, 27)
(40365/2, 61, 28)
(20183, 59, 27)
(60550/3, 59, 27)
(60553/3, 60, 28)
(60554/3, 62, 29)
(20185, 59, 27)
(60556/3, 60, 28)
(60557/3, 62, 29)
(20186, 58, 26)
(40373/2, 61, 28)
(20187, 58, 26)
(40375/2, 59, 27)
(20188, 61, 28)
(20189, 59, 27)
(40379/2, 61, 28)
(20190, 62, 29)
(40381/2, 59, 27)
(20191, 61, 28)
(40383/2, 62, 29)
(20192, 64, 30)
(40385/2, 66, 31)
(20193, 67, 32)
(40387/2, 64, 30)
(20194, 66, 31)
(40389/2, 67, 32)
(20195, 64, 30)
(20196, 67, 32)
(20197, 67, 32)
(20198, 67, 32)
(20201, 66, 31)
(20202, 66, 31)
(20204, 66, 31)
(40409/2, 64, 30)
(20208, 62, 29)
(20210, 64, 30)
(20211, 70, 33)
(20213, 72, 35)
(20217, 67, 32)
(40435/2, 66, 31)
(20218, 64, 30)
(40437/2, 67, 32)
(20219, 66, 31)
(40439/2, 64, 30)
(20220, 67, 32)
(40441/2, 66, 31)
(20221, 64, 30)
(40443/2, 67, 32)
(20222, 66, 31)
(40445/2, 64, 30)
(20235, 60, 28)
(40471/2, 62, 29)
(20236, 60, 28)
(40473/2, 62, 29)
(20237, 60, 28)
(40475/2, 62, 29)
(20238, 60, 28)
(40477/2, 62, 29)
(20239, 60, 28)
(40479/2, 62, 29)
(20240, 59, 27)
(40481/2, 62, 29)
(20241, 57, 26)
(40483/2, 62, 29)
(20242, 62, 29)
(40485/2, 57, 26)
(20243, 62, 29)
(20244, 57, 26)
(40489/2, 62, 29)
(20245, 57, 26)
(40491/2, 62, 29)
(20246, 57, 26)
(40493/2, 62, 29)
(20247, 62, 29)
(20250, 48, 21)
(20251, 60, 28)
(20253, 60, 28)
(20255, 59, 27)
(20257, 48, 21)
(20258, 60, 28)
(20259, 60, 28)
(20261, 56, 25)
(20262, 57, 26)
(20264, 59, 27)
(20265, 60, 28)
(20271, 54, 24)
(20273, 55, 25)
(20274, 56, 25)
(20275, 57, 26)
(20276, 59, 27)
(20277, 60, 28)
(20278, 59, 27)
(20279, 57, 26)
(20280, 67, 32)
(20282, 66, 31)
(20283, 65, 31)
(40567/2, 67, 32)
(20284, 65, 31)
(40569/2, 67, 32)
(20285, 65, 31)
(40571/2, 67, 32)
(20286, 65, 31)
(40573/2, 67, 32)
(20287, 65, 31)
(40575/2, 67, 32)
(20288, 64, 30)
(40577/2, 67, 32)
(20289, 62, 29)
(40579/2, 67, 32)
(20290, 62, 29)
(40581/2, 67, 32)
(20291, 62, 29)
(40583/2, 67, 32)
(20292, 62, 29)
(40585/2, 67, 32)
(20293, 62, 29)
(40587/2, 67, 32)
(20294, 62, 29)
(40589/2, 67, 32)
(20295, 55, 25)
(20299, 72, 35)
(20300, 68, 32)
(20301, 71, 34)
(20302, 69, 33)
(60914/3, 69, 33)
(60916/3, 64, 30)
(20307, 67, 32)
(40617/2, 66, 31)
(20316, 62, 29)
(20322, 60, 28)
(20326, 55, 25)
(20329, 54, 24)
(20331, 57, 26)
(20332, 55, 25)
(40665/2, 59, 27)
(20333, 62, 29)
(61007/3, 64, 30)
(61009/3, 69, 33)
(20339, 57, 26)
(20342, 55, 25)
(81371/4, 62, 29)
(81373/4, 64, 30)
(20344, 67, 32)
(40691/2, 62, 29)
(20346, 67, 32)
(40693/2, 71, 34)
(20347, 71, 34)
(40697/2, 69, 33)
(20349, 67, 32)
(40699/2, 66, 31)
(20350, 64, 30)
(40701/2, 62, 29)
(20351, 64, 30)
(40703/2, 66, 31)
(20352, 67, 32)
(40705/2, 69, 33)
(20353, 62, 29)
(20354, 67, 32)
(20356, 55, 25)
(40713/2, 55, 25)
(20357, 55, 25)
(20359, 62, 29)
(40719/2, 62, 29)
(20360, 62, 29)
(20362, 57, 26)
(40725/2, 57, 26)
(20363, 57, 26)
(20365, 57, 26)
(40731/2, 57, 26)
(20368, 60, 28)
(40737/2, 60, 28)
(20374, 59, 27)
(20375, 72, 35)
(20376, 71, 34)
(20378, 66, 31)
(20379, 67, 32)
(20382, 61, 28)
(20383, 60, 28)
(20384, 60, 28)
(20385, 60, 28)
(20386, 59, 27)
(20387, 72, 35)
(20390, 66, 31)
(20391, 67, 32)
(20393, 64, 30)
(20394, 61, 28)
(20398, 59, 27)
(20400, 59, 27)
(20402, 57, 26)
(20406, 55, 25)
(20407, 60, 28)
(20408, 60, 28)
(20409, 60, 28)
(20410, 62, 29)
(20416, 72, 35)
(40833/2, 67, 32)
(20417, 65, 31)
(40835/2, 69, 33)
(20418, 67, 32)
(40837/2, 64, 30)
(20419, 60, 28)
(81679/4, 65, 31)
(81681/4, 62, 29)
(81683/4, 64, 30)
(81685/4, 69, 33)
(20422, 69, 33)
(20423, 66, 31)
(20424, 66, 31)
(20425, 66, 31)
(20426, 66, 31)
(20431, 57, 26)
(40863/2, 57, 26)
(20432, 57, 26)
(40865/2, 57, 26)
(20433, 57, 26)
(40867/2, 57, 26)
(20434, 55, 25)
(20435, 55, 25)
(20435, 58, 27)
(20436, 55, 25)
(20436, 58, 27)
(20437, 55, 25)
(20437, 58, 27)
(20438, 55, 25)
(20438, 58, 27)
(20439, 55, 25)
(20439, 58, 27)
(20440, 55, 25)
(20440, 58, 27)
(20449, 67, 32)
(20453, 67, 32)
(20454, 69, 33)
(20455, 62, 29)
(20456, 66, 31)
(20457, 67, 32)
(20458, 69, 33)
(20464, 60, 28)
(20465, 60, 28)
(20467, 62, 29)
(61403/3, 64, 30)
(61405/3, 66, 31)
(20470, 67, 32)
(20471, 61, 28)
(20473, 62, 29)
(20475, 60, 28)
(20476, 59, 27)
(20477, 60, 28)
(20478, 61, 28)
(20479, 62, 29)
(20482, 69, 33)
(20483, 67, 32)
(20484, 64, 30)
(20485, 62, 29)
(20487, 60, 28)
(20488, 59, 27)
(20489, 62, 29)
(20489, 60, 28)
(20490, 59, 27)
(20491, 59, 27)
(20493, 64, 30)
(20494, 60, 28)
(20495, 59, 27)
(20497, 59, 27)
(20499, 64, 30)
(20500, 67, 32)
(20501, 67, 32)
(20501, 73, 35)
(20502, 67, 32)
(20502, 73, 35)
(20503, 67, 32)
(20503, 72, 35)
(20504, 67, 32)
(20504, 72, 35)
(20505, 67, 32)
(20505, 72, 35)
(20506, 72, 35)
(20512, 69, 33)
(20512, 72, 35)
(20513, 69, 33)
(20513, 72, 35)
(20514, 69, 33)
(20514, 72, 35)
(20515, 69, 33)
(20515, 72, 35)
(20516, 69, 33)
(20516, 72, 35)
(20517, 69, 33)
(20517, 72, 35)
(20518, 71, 34)
(20524, 55, 25)
(41049/2, 60, 28)
(20525, 64, 30)
(41051/2, 67, 32)
(20526, 69, 33)
(41053/2, 71, 34)
(20527, 72, 35)
(41057/2, 59, 27)
(20529, 60, 28)
(41059/2, 62, 29)
(20530, 64, 30)
(41061/2, 60, 28)
(20531, 55, 25)
(41063/2, 55, 25)
(20532, 60, 28)
(41065/2, 62, 29)
(20533, 64, 30)
(41069/2, 55, 25)
(20535, 48, 21)
(41071/2, 50, 22)
(20536, 52, 23)
(20537, 50, 22)
(20538, 52, 23)
(20539, 50, 22)
(20540, 52, 23)
(20541, 50, 22)
(20542, 52, 23)
(41105/2, 52, 23)
(20553, 55, 25)
(41107/2, 54, 24)
(20554, 52, 23)
(20557, 55, 25)
(20558, 55, 25)
(20559, 55, 25)
(20560, 57, 26)
(20563, 55, 25)
(20564, 55, 25)
(20565, 55, 25)
(20566, 57, 26)
(20569, 55, 25)
(20570, 57, 25)
(20572, 60, 28)
(20573, 57, 26)
(20574, 55, 25)
(20575, 60, 28)
(20576, 59, 27)
(20577, 59, 27)
(20578, 59, 27)
(41159/2, 52, 23)
(20580, 55, 25)
(41161/2, 54, 24)
(20581, 52, 23)
(20582, 52, 23)
(20583, 52, 23)
(20584, 59, 27)
(41171/2, 57, 26)
(20586, 55, 25)
(41173/2, 54, 24)
(20587, 52, 23)
(20588, 52, 23)
(20589, 52, 23)
(20590, 59, 27)
(20591, 57, 26)
(20592, 55, 25)
(41185/2, 54, 24)
(20593, 52, 23)
(20594, 52, 23)
(20595, 52, 23)
(20596, 64, 30)
(20597, 60, 28)
(20598, 59, 27)
(20599, 55, 25)
(20600, 54, 24)
(20602, 52, 23)
(41205/2, 55, 25)
(20603, 55, 25)
(20604, 55, 25)
(20605, 57, 26)
(41211/2, 57, 26)
(20606, 57, 26)
(41213/2, 57, 26)
(20608, 57, 26)
(41217/2, 57, 26)
(20609, 57, 26)
(20610, 57, 26)
(20611, 55, 25)
(41223/2, 55, 25)
(20612, 55, 25)
(20613, 55, 25)
(20614, 55, 25)
(41229/2, 55, 25)
(20615, 55, 25)
(41231/2, 59, 27)
(20616, 64, 30)
(41233/2, 67, 32)
(20617, 66, 31)
(20619, 63, 29)
(20620, 64, 30)
(20622, 55, 25)
(20623, 54, 24)
(20625, 51, 22)
(20626, 52, 23)
(41255/2, 67, 32)
(20628, 67, 32)
(41257/2, 67, 32)
(20629, 69, 33)
(41259/2, 69, 33)
(20630, 69, 33)
(20631, 69, 33)
(20632, 69, 33)
(41265/2, 69, 33)
(20633, 69, 33)
(20634, 69, 33)
(20635, 67, 32)
(41271/2, 71, 34)
(20636, 76, 37)
(41273/2, 72, 35)
(20637, 71, 34)
(41275/2, 67, 32)
(20638, 71, 34)
(41277/2, 69, 33)
(20639, 67, 32)
(41279/2, 64, 30)
(20640, 67, 32)
(41281/2, 66, 31)
(20641, 64, 30)
(41283/2, 59, 27)
(20642, 64, 30)
(41285/2, 60, 28)
(20643, 59, 27)
(41287/2, 55, 25)
(20644, 59, 27)
(41289/2, 57, 26)
(20645, 55, 25)
(41291/2, 54, 24)
(20646, 55, 25)
(41293/2, 52, 23)
(20647, 60, 28)
(41297/2, 69, 33)
(20649, 73, 35)
(41299/2, 71, 34)
(20650, 70, 33)
(41303/2, 73, 35)
(20652, 76, 37)
(41305/2, 74, 36)
(20653, 73, 35)
(41309/2, 64, 30)
(20655, 67, 32)
(41311/2, 66, 31)
(20656, 64, 30)
(20657, 64, 30)
(20658, 64, 30)
(20659, 62, 29)
(41321/2, 62, 29)
(20661, 66, 31)
(41323/2, 64, 30)
(20662, 62, 29)
(41333/2, 62, 29)
(20667, 66, 31)
(41335/2, 64, 30)
(20671, 67, 32)
(20675, 65, 31)
(20679, 59, 27)
(20680, 62, 29)
(20681, 65, 31)
(20682, 62, 29)
(20683, 59, 27)
(20684, 55, 25)
(20687, 65, 31)
(41375/2, 65, 31)
(41377/2, 65, 31)
(20690, 64, 30)
(20693, 63, 30)
(20694, 63, 30)
(20695, 63, 30)
(20696, 62, 29)
(41395/2, 55, 25)
(20698, 57, 26)
(41397/2, 59, 27)
(20699, 60, 28)
(41399/2, 59, 27)
(20700, 57, 26)
(41401/2, 57, 26)
(20701, 59, 27)
(41403/2, 60, 28)
(20702, 62, 29)
(41405/2, 60, 28)
(20703, 59, 27)
(41407/2, 59, 27)
(20704, 60, 28)
(41409/2, 62, 29)
(20705, 64, 30)
(41411/2, 62, 29)
(20706, 59, 27)
(20706, 60, 28)
(20706, 62, 29)
(41413/2, 60, 28)
(20707, 62, 29)
(41415/2, 64, 30)
(20708, 65, 31)
(41417/2, 64, 30)
(20709, 62, 29)
(20711, 58, 27)
(20714, 57, 26)
(20717, 65, 31)
(20720, 64, 30)
(41443/2, 57, 26)
(20722, 60, 28)
(41445/2, 59, 27)
(20723, 57, 26)
(20724, 57, 26)
(20725, 57, 26)
(20726, 64, 30)
(41455/2, 57, 26)
(20728, 60, 28)
(41457/2, 59, 27)
(20729, 57, 26)
(20730, 57, 26)
(20731, 57, 26)
(20732, 64, 30)
(20755, 62, 29)
(20756, 74, 36)
(41513/2, 71, 34)
(20757, 69, 33)
(41515/2, 72, 35)
(20758, 71, 34)
(41517/2, 67, 32)
(20759, 71, 34)
(41519/2, 67, 32)
(20760, 62, 29)
(41521/2, 61, 28)
(20761, 62, 29)
(41523/2, 59, 27)
(20762, 67, 32)
(41525/2, 64, 30)
(20763, 58, 27)
(41527/2, 57, 26)
(20764, 58, 27)
(41529/2, 55, 25)
(20765, 52, 23)
(41531/2, 55, 25)
(20766, 58, 27)
(41533/2, 60, 28)
(20767, 64, 30)
(41535/2, 67, 32)
(20768, 69, 33)
(20769, 72, 35)
(20769, 70, 34)
(20770, 69, 33)
(20771, 69, 33)
(20773, 72, 35)
(20774, 69, 33)
(20775, 68, 32)
(20776, 69, 33)
(20777, 69, 33)
(20779, 72, 35)
(20780, 71, 34)
(20780, 69, 33)
(20781, 68, 32)
(20782, 69, 33)
(20783, 69, 33)
(20785, 76, 37)
(20786, 75, 36)
(20788, 66, 31)
(20789, 66, 31)
(41579/2, 66, 31)
(20790, 66, 31)
(20791, 66, 31)
(20792, 64, 30)
(20793, 76, 37)
(20794, 71, 34)
(20795, 67, 32)
(20796, 64, 30)
(20797, 59, 27)
(20798, 57, 26)
(41597/2, 57, 26)
(20799, 57, 26)
(20800, 57, 26)
(20801, 57, 26)
(41603/2, 57, 26)
(20802, 57, 26)
(20803, 57, 26)
(20804, 55, 25)
(41609/2, 55, 25)
(20805, 55, 25)
(20806, 55, 25)
(20807, 55, 25)
(41615/2, 55, 25)
(20808, 55, 25)
(41617/2, 59, 27)
(20809, 64, 30)
(41619/2, 67, 32)
(20810, 66, 31)
(20812, 63, 29)
(20813, 64, 30)
(20815, 55, 25)
(20816, 54, 24)
(20818, 54, 24)
(20819, 52, 23)
(41641/2, 59, 27)
(20822, 54, 24)
(41645/2, 54, 24)
(20823, 54, 24)
(20824, 55, 25)
(20825, 57, 26)
(41653/2, 59, 27)
(20827, 57, 26)
(41655/2, 55, 25)
(20828, 54, 24)
(41657/2, 54, 24)
(20829, 54, 24)
(20830, 55, 25)
(20831, 57, 26)
(20833, 57, 26)
(20834, 57, 26)
(62504/3, 57, 26)
(62506/3, 55, 25)
(20836, 51, 22)
(41673/2, 51, 22)
(20837, 52, 23)
(20838, 54, 24)
(41677/2, 54, 24)
(20839, 55, 25)
(20840, 59, 27)
(41681/2, 59, 27)
(20841, 59, 27)
(20842, 63, 29)
(41685/2, 63, 29)
(20843, 64, 30)
(20844, 69, 33)
(41689/2, 69, 33)
(20846, 63, 29)
(20846, 69, 33)
(41693/2, 63, 29)
(41693/2, 69, 33)
(20847, 63, 29)
(20847, 69, 33)
(20848, 63, 29)
(20848, 69, 33)
(20849, 69, 33)
(41701/2, 69, 33)
(20851, 67, 32)
(41703/2, 66, 31)
(20852, 64, 30)
(41713/2, 64, 30)
(20857, 67, 32)
(41715/2, 66, 31)
(20858, 64, 30)
(20864, 55, 25)
(20865, 55, 25)
(20867, 52, 23)
(20867, 55, 25)
(41743/2, 64, 30)
(20872, 67, 32)
(41745/2, 66, 31)
(20873, 64, 30)
(20876, 60, 28)
(20877, 60, 28)
(20878, 60, 28)
(20879, 57, 26)
(20879, 62, 29)
(41767/2, 62, 29)
(20884, 66, 31)
(41769/2, 64, 30)
(20885, 62, 29)
(20888, 54, 24)
(20889, 54, 24)
(20890, 54, 24)
(20891, 53, 24)
(41791/2, 55, 25)
(20896, 59, 27)
(41793/2, 57, 26)
(20897, 55, 25)
(20900, 55, 25)
(20901, 55, 25)
(20902, 55, 25)
(20903, 55, 25)
(41815/2, 48, 21)
(20908, 52, 23)
(41817/2, 50, 22)
(20909, 48, 21)
(41821/2, 48, 21)
(20911, 52, 23)
(41823/2, 50, 22)
(20912, 48, 21)
(20913, 48, 21)
(20914, 48, 21)
(20915, 55, 25)
(41839/2, 48, 21)
(20920, 52, 23)
(41841/2, 50, 22)
(20921, 48, 21)
(41845/2, 48, 21)
(20923, 52, 23)
(41847/2, 50, 22)
(20924, 48, 21)
(62774/3, 48, 21)
(62776/3, 48, 21)
(41863/2, 52, 23)
(20932, 55, 25)
(41865/2, 54, 24)
(20933, 52, 23)
(41869/2, 52, 23)
(20935, 55, 25)
(41871/2, 54, 24)
(20936, 52, 23)
(20937, 52, 23)
(20938, 52, 23)
(20939, 59, 27)
(41887/2, 60, 28)
(41887/2, 62, 29)
(20944, 66, 31)
(41889/2, 64, 30)
(20945, 64, 30)
(41899/2, 60, 28)
(20950, 64, 30)
(41901/2, 62, 29)
(20951, 60, 28)
(20952, 52, 23)
(20955, 52, 23)
(20958, 52, 23)
(20963, 52, 23)
(20964, 52, 23)
(20964, 64, 30)
(20967, 64, 30)
(20969, 64, 30)
(20972, 52, 23)
(20975, 52, 23)
(20975, 64, 30)
(20981, 52, 23)
(20981, 57, 26)
(20999, 57, 26)
(41999/2, 57, 26)
(21000, 57, 26)
(42001/2, 59, 27)
(21002, 57, 26)
(42005/2, 59, 27)
(21003, 57, 26)
(42007/2, 59, 27)
(21004, 57, 26)
(42009/2, 59, 27)
(21005, 57, 26)
(42011/2, 59, 27)
(21006, 57, 26)
(42013/2, 59, 27)
(21007, 57, 26)
(42015/2, 59, 27)
(21008, 57, 26)
(42017/2, 59, 27)
(21009, 57, 26)
(42019/2, 59, 27)
(21010, 63, 29)
(42021/2, 59, 27)
(21011, 59, 27)
(21015, 64, 30)
(42031/2, 61, 28)
(21017, 60, 27)
(21021, 64, 30)
(21022, 61, 28)
(21023, 61, 28)
(21025, 59, 27)
(21026, 57, 26)
(21028, 59, 27)
(21029, 57, 26)
(21035, 51, 22)
(21037, 52, 23)
(21038, 53, 23)
(21039, 54, 24)
(21040, 56, 25)
(21041, 57, 26)
(21042, 56, 25)
(21043, 54, 24)
(21044, 64, 30)
(21046, 63, 29)
(21047, 64, 30)
(42095/2, 68, 32)
(21048, 64, 30)
(21053, 64, 30)
(42107/2, 68, 32)
(21054, 64, 30)
(42109/2, 68, 32)
(21055, 64, 30)
(42111/2, 68, 32)
(21056, 64, 30)
(42113/2, 68, 32)
(21057, 64, 30)
(42115/2, 68, 32)
(21058, 64, 30)
(42117/2, 68, 32)
(21059, 64, 30)
(21063, 69, 33)
(21064, 65, 30)
(21065, 68, 32)
(21066, 66, 31)
(21069, 66, 31)
(21070, 61, 28)
(21071, 64, 30)
(21072, 63, 29)
(21077, 60, 28)
(21080, 59, 27)
(21083, 58, 26)
(21087, 57, 26)
(21094, 51, 22)
(21098, 52, 23)
(21099, 59, 27)
(21101, 61, 28)
(42203/2, 66, 31)
(21104, 54, 24)
(21105, 59, 27)
(42221/2, 59, 27)
(21111, 64, 30)
(42223/2, 68, 32)
(21112, 68, 32)
(42227/2, 66, 31)
(21114, 64, 30)
(42229/2, 63, 29)
(21115, 61, 28)
(42231/2, 59, 27)
(21116, 61, 28)
(42233/2, 63, 29)
(21117, 64, 30)
(42235/2, 66, 31)
(21118, 59, 27)
(21119, 64, 30)
(21121, 61, 28)
(42243/2, 61, 28)
(21122, 61, 28)
(21124, 62, 29)
(42249/2, 62, 29)
(21125, 62, 29)
(21127, 61, 28)
(42255/2, 61, 28)
(21128, 61, 28)
(21130, 64, 30)
(42261/2, 64, 30)
(21131, 64, 30)
(21133, 59, 27)
(42267/2, 59, 27)
(21134, 59, 27)
(21139, 59, 27)
(42279/2, 69, 33)
(42281/2, 68, 32)
(21143, 63, 29)
(21144, 64, 30)
(21146, 61, 28)
(21147, 58, 26)
(21148, 57, 26)
(21149, 57, 26)
(21150, 57, 26)
(21151, 56, 25)
(21152, 69, 33)
(21153, 68, 32)
(21155, 63, 29)
(21156, 64, 30)
(21158, 61, 28)
(21159, 58, 26)
(21160, 57, 26)
(21161, 57, 26)
(21162, 57, 26)
(21163, 56, 25)
(21165, 56, 25)
(21167, 61, 28)
(21171, 57, 26)
(21173, 57, 26)
(21174, 57, 26)
(21175, 64, 30)
(21178, 71, 34)
(42357/2, 68, 32)
(21179, 66, 31)
(42359/2, 69, 33)
(21180, 68, 32)
(42361/2, 64, 30)
(21181, 68, 32)
(42363/2, 64, 30)
(21182, 66, 31)
(42365/2, 63, 29)
(21183, 64, 30)
(42367/2, 68, 32)
(21184, 61, 28)
(21185, 63, 29)
(21186, 64, 30)
(21188, 64, 30)
(21189, 64, 30)
(21190, 64, 30)
(21191, 64, 30)
(21192, 64, 30)
(21193, 64, 30)
(21205, 64, 30)
(21206, 64, 30)
(21207, 66, 31)
(21208, 59, 27)
(21209, 63, 29)
(21210, 64, 30)
(21216, 57, 26)
(21217, 56, 25)
(21218, 57, 26)
(21219, 58, 26)
(21220, 59, 27)
(21221, 61, 28)
(21222, 63, 29)
(21223, 64, 30)
(21224, 61, 28)
(21225, 58, 26)
(21226, 59, 27)
(21228, 57, 26)
(21229, 56, 25)
(21230, 57, 26)
(21231, 58, 26)
(21232, 59, 27)
(21233, 61, 28)
(21235, 66, 31)
(21236, 64, 30)
(21237, 61, 28)
(21238, 59, 27)
(21240, 57, 26)
(21241, 56, 25)
(21242, 59, 27)
(21242, 57, 26)
(21243, 56, 25)
(21244, 56, 25)
(21246, 61, 28)
(21248, 57, 26)
(21249, 56, 25)
(21250, 56, 25)
(21252, 61, 28)
(21253, 64, 30)
(42507/2, 64, 30)
(42507/2, 70, 33)
(42509/2, 64, 30)
(42509/2, 70, 33)
(21256, 64, 30)
(21256, 70, 33)
(21257, 64, 30)
(21257, 70, 33)
(21258, 64, 30)
(21258, 70, 33)
(21259, 64, 30)
(21259, 70, 33)
(21265, 64, 30)
(21265, 70, 33)
(21266, 64, 30)
(21266, 70, 33)
(21267, 64, 30)
(21267, 70, 33)
(21268, 64, 30)
(21268, 70, 33)
(21269, 64, 30)
(21269, 70, 33)
(21270, 64, 30)
(21270, 70, 33)
(21271, 64, 30)
(21271, 70, 33)
(21280, 60, 28)
(42563/2, 62, 29)
(21282, 64, 30)
(21286, 71, 34)
(21287, 72, 35)
(21288, 71, 34)
(21292, 63, 29)
(21293, 64, 30)
(21294, 66, 31)
(21298, 59, 27)
(21299, 62, 29)
(21299, 60, 28)
(21300, 59, 27)
(21301, 54, 24)
(21302, 55, 25)
(21303, 57, 26)
(21304, 57, 26)
(21305, 59, 27)
(21306, 60, 28)
(21307, 63, 29)
(21308, 64, 30)
(21309, 66, 31)
(42651/2, 59, 27)
(21326, 64, 30)
(42653/2, 62, 29)
(21327, 60, 28)
(42655/2, 59, 27)
(21328, 57, 26)
(42657/2, 59, 27)
(21329, 60, 28)
(42659/2, 57, 26)
(21330, 59, 27)
(42661/2, 60, 28)
(21331, 59, 27)
(42663/2, 63, 29)
(21332, 64, 30)
(42665/2, 59, 27)
(21333, 63, 29)
(42667/2, 64, 30)
(21334, 63, 29)
(42669/2, 64, 30)
(21335, 66, 31)
(42671/2, 63, 29)
(21336, 64, 30)
(42673/2, 66, 31)
(21337, 64, 30)
(42675/2, 66, 31)
(21338, 67, 32)
(42677/2, 59, 27)
(21339, 64, 30)
(42679/2, 67, 32)
(21340, 67, 32)
(42683/2, 66, 31)
(21342, 67, 32)
(42685/2, 69, 33)
(21343, 69, 33)
(42689/2, 68, 32)
(21345, 69, 33)
(42691/2, 71, 34)
(21346, 71, 34)
(42695/2, 69, 33)
(21348, 71, 34)
(42697/2, 72, 35)
(21349, 72, 35)
(42699/2, 72, 35)
(21350, 71, 34)
(42701/2, 71, 34)
(21351, 74, 36)
(42703/2, 74, 36)
(21352, 74, 36)
(42705/2, 74, 36)
(21353, 74, 36)
(42707/2, 74, 36)
(21354, 74, 36)
(42709/2, 74, 36)
(21355, 72, 35)
(42711/2, 74, 36)
(21356, 76, 37)
(21364, 57, 26)
(21367, 60, 28)
(21370, 53, 24)
(21373, 52, 23)
(21379, 52, 23)
(21379, 66, 31)
(21382, 51, 22)
(21382, 62, 29)
(21385, 52, 23)
(42795/2, 59, 27)
(21398, 64, 30)
(42797/2, 62, 29)
(21399, 60, 28)
(42799/2, 59, 27)
(21400, 57, 26)
(42803/2, 59, 27)
(21402, 57, 26)
(42805/2, 60, 28)
(21403, 59, 27)
(42807/2, 63, 29)
(21404, 64, 30)
(42809/2, 59, 27)
(21405, 64, 30)
(21406, 60, 28)
(21406, 62, 29)
(42813/2, 64, 30)
(21407, 66, 31)
(42815/2, 62, 29)
(21408, 64, 30)
(42817/2, 66, 31)
(21409, 67, 32)
(42821/2, 59, 27)
(21411, 64, 30)
(42823/2, 67, 32)
(21412, 67, 32)
(42827/2, 66, 31)
(21414, 67, 32)
(42829/2, 69, 33)
(21415, 69, 33)
(42833/2, 68, 32)
(21417, 69, 33)
(42835/2, 71, 34)
(21418, 71, 34)
(42839/2, 69, 33)
(21420, 71, 34)
(42841/2, 72, 35)
(21421, 74, 36)
(42843/2, 72, 35)
(21422, 71, 34)
(42845/2, 71, 34)
(21423, 71, 34)
(42847/2, 71, 34)
(21424, 69, 33)
(42849/2, 71, 34)
(21425, 72, 35)
(42851/2, 71, 34)
(21426, 72, 35)
(42853/2, 74, 36)
(21427, 72, 35)
(21427, 55, 25)
(42855/2, 74, 36)
(21428, 76, 37)
(21436, 57, 26)
(21437, 60, 28)
(21438, 65, 31)
(21439, 64, 30)
(21440, 60, 28)
(21441, 55, 25)
(21442, 59, 27)
(21443, 53, 24)
(21445, 52, 23)
(21446, 60, 28)
(21448, 52, 23)
(21449, 55, 25)
(21450, 60, 28)
(21451, 55, 25)
(21454, 54, 24)
(21457, 52, 23)
(42917/2, 52, 23)
(21459, 55, 25)
(42919/2, 54, 24)
(21460, 52, 23)
(21461, 52, 23)
(21462, 52, 23)
(21463, 60, 28)
(42929/2, 59, 27)
(21465, 57, 26)
(42931/2, 55, 25)
(21466, 54, 24)
(21467, 54, 24)
(21468, 54, 24)
(21469, 59, 27)
(42941/2, 64, 30)
(21471, 67, 32)
(42943/2, 66, 31)
(21472, 64, 30)
(21473, 64, 30)
(21474, 64, 30)
(21475, 72, 35)
(42953/2, 71, 34)
(21477, 69, 33)
(42955/2, 67, 32)
(21478, 66, 31)
(21479, 66, 31)
(21480, 66, 31)
(21481, 71, 34)
(42965/2, 69, 33)
(21483, 67, 32)
(42967/2, 66, 31)
(21484, 64, 30)
(21485, 64, 30)
(21487, 71, 34)
(42977/2, 69, 33)
(21489, 67, 32)
(42979/2, 66, 31)
(21490, 64, 30)
(21491, 64, 30)
(21493, 65, 31)
(21497, 65, 31)
(21498, 65, 31)
(21499, 65, 31)
(21500, 68, 32)
(21503, 68, 32)
(21504, 68, 32)
(21505, 68, 32)
(21506, 69, 33)
(21509, 70, 33)
(21512, 71, 34)
(21521, 64, 30)
(21524, 59, 27)
(43049/2, 67, 32)
(21525, 64, 30)
(43051/2, 66, 31)
(21527, 67, 32)
(43055/2, 67, 32)
(21528, 69, 33)
(43057/2, 71, 34)
(21529, 67, 32)
(43059/2, 69, 33)
(21530, 71, 34)
(43061/2, 71, 34)
(21531, 75, 36)
(43063/2, 76, 37)
(21532, 71, 34)
(43065/2, 75, 36)
(21533, 76, 37)
(43067/2, 71, 34)
(21534, 75, 36)
(43069/2, 75, 36)
(43069/2, 78, 38)
(21535, 71, 34)
(43071/2, 75, 36)
(21536, 76, 37)
(21537, 75, 36)
(21538, 76, 37)
(21539, 75, 36)
(21540, 76, 37)
(21541, 75, 36)
(21542, 76, 37)
(21545, 59, 27)
(30000, 40, 16)
(60001/2, 40, 16)
(30001, 40, 16)
(60051/2, 40, 16)
(30026, 42, 17)
(60053/2, 43, 18)
(30027, 45, 19)
(30029, 47, 20)
(30030, 48, 21)
(60063/2, 40, 16)
(30032, 42, 17)
(60065/2, 43, 18)
(30033, 45, 19)
(30035, 47, 20)
(30036, 48, 21)
(60075/2, 42, 17)
(30038, 43, 18)
(60077/2, 45, 19)
(30039, 47, 20)
(60079/2, 47, 20)
(30040, 47, 20)
(30041, 47, 20)
(60083/2, 47, 20)
(30042, 52, 23)
(30043, 54, 24)
(60087/2, 54, 24)
(30044, 55, 25)
(30045, 50, 22)
(60091/2, 50, 22)
(30046, 52, 23)
(30047, 54, 24)
(60095/2, 54, 24)
(30048, 55, 25)
(30049, 54, 24)
(60099/2, 54, 24)
(30050, 55, 25)
(60101/2, 52, 23)
(30051, 59, 27)
(60103/2, 59, 27)
(30052, 59, 27)
(30053, 59, 27)
(30054, 59, 27)
(60109/2, 59, 27)
(30055, 59, 27)
(30056, 59, 27)
(30057, 60, 28)
(60123/2, 64, 30)
(30062, 67, 32)
(60125/2, 66, 31)
(30063, 64, 30)
(30069, 48, 21)
(30070, 48, 21)
(30071, 48, 21)
(30072, 47, 20)
(30075, 48, 21)
(30076, 48, 21)
(30077, 48, 21)
(30078, 47, 20)
(30081, 48, 21)
(30082, 48, 21)
(30083, 48, 21)
(30084, 42, 17)
(30086, 43, 18)
(30087, 45, 19)
(30088, 47, 20)
(30089, 47, 20)
(30093, 48, 21)
(30094, 48, 21)
(30095, 48, 21)
(30096, 47, 20)
(30099, 48, 21)
(30100, 48, 21)
(30101, 48, 21)
(30105, 48, 21)
(30108, 42, 17)
(30110, 43, 18)
(30111, 45, 19)
(30112, 47, 20)
(30113, 47, 20)
(30114, 40, 16)
(60229/2, 40, 16)
(30115, 40, 16)
(30116, 52, 23)
(30117, 45, 19)
(60235/2, 45, 19)
(30118, 45, 19)
(30119, 52, 23)
(30120, 43, 18)
(60241/2, 43, 18)
(60243/2, 52, 23)
(30123, 45, 19)
(30126, 43, 18)
(30127, 52, 23)
(60255/2, 55, 25)
(30129, 59, 27)
(30132, 60, 28)
(30136, 59, 27)
(30139, 59, 27)
(60281/2, 52, 23)
(30141, 59, 27)
(60283/2, 62, 29)
(30142, 62, 29)
(60287/2, 61, 28)
(30144, 59, 27)
(60289/2, 58, 26)
(30145, 64, 30)
(60293/2, 62, 29)
(30147, 61, 28)
(60295/2, 59, 27)
(30148, 66, 31)
(60299/2, 64, 30)
(30150, 62, 29)
(60301/2, 61, 28)
(30151, 62, 29)
(30158, 59, 27)
(30159, 59, 27)
(30160, 59, 27)
(60321/2, 57, 26)
(30161, 55, 25)
(60323/2, 54, 24)
(30162, 52, 23)
(60325/2, 51, 22)
(30163, 55, 25)
(60327/2, 54, 24)
(30164, 52, 23)
(60329/2, 48, 21)
(60329/2, 50, 22)
(60329/2, 52, 23)
(120661/4, 47, 20)
(30166, 52, 23)
(30170, 64, 30)
(30171, 64, 30)
(30172, 64, 30)
(60345/2, 66, 31)
(30173, 64, 30)
(60347/2, 62, 29)
(30174, 61, 28)
(60349/2, 59, 27)
(30175, 58, 26)
(60351/2, 59, 27)
(30176, 61, 28)
(60353/2, 58, 26)
(30177, 59, 27)
(60355/2, 61, 28)
(30178, 59, 27)
(60357/2, 61, 28)
(30179, 62, 29)
(60359/2, 59, 27)
(30180, 61, 28)
(60361/2, 62, 29)
(30181, 54, 24)
(60363/2, 56, 25)
(30182, 58, 26)
(60365/2, 54, 24)
(30183, 58, 26)
(30184, 55, 25)
(60369/2, 57, 26)
(30185, 59, 27)
(60371/2, 55, 25)
(30186, 57, 26)
(60373/2, 59, 27)
(30187, 52, 23)
(30188, 64, 30)
(30190, 50, 22)
(30191, 62, 29)
(30193, 49, 21)
(60387/2, 50, 22)
(30194, 52, 23)
(60389/2, 49, 21)
(30195, 50, 22)
(60391/2, 52, 23)
(30196, 49, 21)
(30197, 64, 30)
(30198, 64, 30)
(30199, 64, 30)
(30203, 62, 29)
(30204, 62, 29)
(30205, 62, 29)
(30206, 61, 28)
(30209, 59, 27)
(30210, 59, 27)
(30211, 52, 23)
(30212, 64, 30)
(30214, 50, 22)
(30215, 62, 29)
(30217, 49, 21)
(60435/2, 50, 22)
(30218, 52, 23)
(60437/2, 49, 21)
(30219, 50, 22)
(60439/2, 52, 23)
(30220, 49, 21)
(60441/2, 50, 22)
(30221, 52, 23)
(60443/2, 49, 21)
(30222, 50, 22)
(60445/2, 52, 23)
(30223, 42, 17)
(30223, 50, 22)
(30226, 50, 22)
(30235, 38, 15)
(30244, 48, 21)
(30244, 43, 18)
(30247, 47, 20)
(30271, 38, 15)
(30277, 38, 15)
(30281, 38, 15)
(30282, 38, 15)
(30283, 43, 18)
(30287, 43, 18)
(30288, 43, 18)
(30289, 55, 25)
(30292, 53, 24)
(60585/2, 55, 25)
(30293, 53, 24)
(60587/2, 55, 25)
(30294, 53, 24)
(60589/2, 55, 25)
(30295, 52, 23)
(30316, 54, 24)
(30316, 55, 25)
(30319, 57, 26)
(30322, 48, 21)
(30325, 50, 22)
(30328, 48, 21)
(30331, 47, 20)
(30334, 45, 19)
(30340, 43, 18)
(60683/2, 54, 24)
(30342, 55, 25)
(30343, 59, 27)
(30345, 55, 25)
(30346, 52, 23)
(30348, 57, 26)
(30349, 54, 24)
(60701/2, 50, 22)
(30351, 52, 23)
(60703/2, 54, 24)
(30352, 55, 25)
(60705/2, 54, 24)
(30353, 55, 25)
(60707/2, 54, 24)
(30354, 52, 23)
(60709/2, 50, 22)
(30355, 48, 21)
(60711/2, 48, 21)
(30358, 50, 22)
(60717/2, 50, 22)
(30359, 50, 22)
(30361, 48, 21)
(60723/2, 48, 21)
(30362, 48, 21)
(30364, 49, 21)
(60729/2, 49, 21)
(30365, 49, 21)
(30367, 50, 22)
(60735/2, 50, 22)
(30368, 50, 22)
(30373, 43, 18)
(30374, 55, 25)
(30376, 43, 18)
(30377, 55, 25)
(30379, 43, 18)
(30380, 55, 25)
(30382, 43, 18)
(30383, 43, 18)
(30385, 43, 18)
(30388, 43, 18)
(30389, 55, 25)
(30391, 43, 18)
(30392, 55, 25)
(30394, 43, 18)
(30397, 43, 18)
(30399, 47, 20)
(30400, 52, 23)
(30405, 52, 23)
(30406, 54, 24)
(30407, 55, 25)
(30408, 57, 26)
(30409, 59, 27)
(30418, 57, 26)
(60837/2, 52, 23)
(30419, 50, 22)
(60839/2, 53, 24)
(30420, 52, 23)
(60841/2, 48, 21)
(30421, 45, 19)
(30422, 57, 26)
(30423, 57, 26)
(30424, 57, 26)
(30425, 57, 26)
(30427, 57, 26)
(30433, 52, 23)
(60867/2, 52, 23)
(60869/2, 52, 23)
(30436, 52, 23)
(30437, 52, 23)
(30438, 52, 23)
(30439, 52, 23)
(30448, 64, 30)
(30451, 62, 29)
(30452, 60, 28)
(30453, 60, 28)
(30454, 59, 27)
(30455, 57, 26)
(30456, 55, 25)
(30457, 54, 24)
(30466, 47, 20)
(30467, 48, 21)
(30469, 40, 16)
(30472, 42, 17)
(30478, 47, 20)
(30479, 52, 23)
(30481, 40, 16)
(30484, 42, 17)
(30490, 40, 16)
(30492, 52, 23)
(30493, 49, 22)
(30496, 52, 23)
(30501, 64, 30)
(30502, 64, 30)
(30503, 64, 30)
(30504, 64, 30)
(30505, 64, 30)
(30507, 67, 32)
(30511, 50, 22)
(30512, 62, 29)
(30513, 62, 29)
(30514, 62, 29)
(30515, 62, 29)
(30516, 62, 29)
(30517, 66, 31)
(30520, 59, 27)
(30523, 48, 21)
(61047/2, 52, 23)
(30524, 55, 25)
(61049/2, 60, 28)
(30525, 64, 30)
(61051/2, 62, 29)
(30526, 60, 28)
(61053/2, 55, 25)
(30527, 52, 23)
(61055/2, 55, 25)
(30528, 57, 26)
(61057/2, 59, 27)
(30529, 60, 28)
(61059/2, 55, 25)
(30530, 43, 18)
(61061/2, 45, 19)
(30531, 47, 20)
(30532, 48, 21)
(61065/2, 43, 18)
(30533, 40, 16)
(61067/2, 43, 18)
(30534, 45, 19)
(61069/2, 47, 20)
(30535, 48, 21)
(30536, 43, 18)
(30537, 36, 14)
(30538, 43, 18)
(30539, 43, 18)
(30541, 36, 14)
(30556, 48, 21)
(30557, 48, 21)
(30558, 48, 21)
(30559, 47, 20)
(30562, 48, 21)
(30563, 48, 21)
(30564, 48, 21)
(30565, 47, 20)
(30568, 48, 21)
(30569, 48, 21)
(30571, 42, 17)
(30574, 45, 19)
(30575, 47, 20)
(30576, 47, 20)
(30577, 40, 16)
(30580, 48, 21)
(30581, 48, 21)
(30582, 48, 21)
(30583, 47, 20)
(30586, 48, 21)
(30587, 48, 21)
(30588, 48, 21)
(30589, 46, 20)
(30593, 48, 21)
(30594, 48, 21)
(30596, 42, 17)
(30598, 43, 18)
(30599, 45, 19)
(30600, 47, 20)
(30601, 47, 20)
(30602, 40, 16)
(30615, 55, 25)
(30616, 52, 23)
(30617, 59, 27)
(61255/2, 64, 30)
(30628, 64, 30)
(61257/2, 64, 30)
(30629, 64, 30)
(61259/2, 64, 30)
(30630, 64, 30)
(30631, 64, 30)
(30632, 64, 30)
(61265/2, 64, 30)
(30633, 64, 30)
(30634, 64, 30)
(30635, 64, 30)
(61273/2, 52, 23)
(30647, 61, 28)
(61295/2, 64, 30)
(30648, 67, 32)
(61297/2, 66, 31)
(30649, 64, 30)
(61299/2, 61, 28)
(30650, 64, 30)
(61301/2, 62, 29)
(30651, 61, 28)
(61303/2, 58, 26)
(30652, 61, 28)
(61305/2, 59, 27)
(30653, 58, 26)
(61307/2, 54, 24)
(30654, 55, 25)
(61309/2, 54, 24)
(30655, 52, 23)
(61311/2, 50, 22)
(30656, 49, 21)
(61313/2, 47, 20)
(30657, 43, 18)
(30657, 47, 20)
(30657, 45, 19)
(61315/2, 43, 18)
(30658, 42, 17)
(61317/2, 45, 19)
(30659, 47, 20)
(61321/2, 47, 20)
(30661, 50, 22)
(61323/2, 49, 21)
(30662, 47, 20)
(61327/2, 59, 27)
(30664, 62, 29)
(61329/2, 61, 28)
(30665, 59, 27)
(61333/2, 47, 20)
(30667, 50, 22)
(61335/2, 49, 21)
(30668, 47, 20)
(30669, 47, 20)
(30670, 47, 20)
(30671, 59, 27)
(61343/2, 62, 29)
(30672, 65, 31)
(61345/2, 64, 30)
(30673, 62, 29)
(61347/2, 59, 27)
(30674, 62, 29)
(61349/2, 60, 28)
(30675, 59, 27)
(61351/2, 55, 25)
(30676, 59, 27)
(61353/2, 57, 26)
(30677, 55, 25)
(61355/2, 52, 23)
(30678, 53, 24)
(61357/2, 52, 23)
(30679, 50, 22)
(61359/2, 48, 21)
(30680, 47, 20)
(61361/2, 48, 21)
(30681, 47, 20)
(61363/2, 45, 19)
(30682, 43, 18)
(61365/2, 41, 17)
(30683, 40, 16)
(61367/2, 38, 15)
(30684, 36, 14)
(61369/2, 36, 14)
(30685, 38, 15)
(61371/2, 40, 16)
(30686, 41, 17)
(61373/2, 38, 15)
(30687, 38, 15)
(61375/2, 40, 16)
(30688, 41, 17)
(30689, 43, 18)
(61379/2, 41, 17)
(30690, 40, 16)
(61381/2, 40, 16)
(30691, 41, 17)
(61383/2, 43, 18)
(30692, 45, 19)
(61385/2, 43, 18)
(30693, 42, 17)
(61387/2, 42, 17)
(30694, 43, 18)
(61389/2, 45, 19)
(30695, 47, 20)
(61391/2, 45, 19)
(30696, 43, 18)
(30697, 55, 25)
(30698, 45, 19)
(30700, 55, 25)
(30701, 47, 20)
(30703, 55, 25)
(30704, 49, 21)
(30705, 55, 25)
(30706, 49, 21)
(30707, 50, 22)
(61417/2, 50, 22)
(30709, 53, 24)
(61419/2, 52, 23)
(30710, 50, 22)
(30711, 50, 22)
(30712, 50, 22)
(30713, 57, 26)
(61429/2, 50, 22)
(30715, 53, 24)
(61431/2, 52, 23)
(30716, 50, 22)
(30717, 50, 22)
(30718, 50, 22)
(30719, 57, 26)
(61441/2, 57, 26)
(30721, 60, 28)
(61443/2, 59, 27)
(30722, 57, 26)
(30723, 57, 26)
(30724, 57, 26)
(30725, 45, 19)
(61453/2, 57, 26)
(30727, 60, 28)
(61455/2, 59, 27)
(30728, 57, 26)
(30729, 57, 26)
(30730, 57, 26)
(30731, 45, 19)
(30734, 57, 26)
(30737, 54, 24)
(30740, 56, 25)
(30743, 57, 26)
(30746, 45, 19)
(30752, 50, 22)
(30756, 52, 23)
(30758, 43, 18)
(30761, 40, 16)
(30764, 48, 21)
(30767, 41, 17)
(30770, 54, 24)
(30773, 52, 23)
(30776, 52, 23)
(30779, 51, 22)
(30783, 50, 22)
(30786, 47, 20)
(30786, 42, 17)
(61573/2, 47, 20)
(30787, 47, 20)
(30788, 47, 20)
(30789, 47, 20)
(61579/2, 47, 20)
(30790, 47, 20)
(30791, 47, 20)
(30792, 47, 20)
(30801, 60, 28)
(30804, 55, 25)
(30805, 52, 23)
(30807, 47, 20)
(30808, 43, 18)
(30809, 40, 16)
(30810, 47, 20)
(30818, 51, 22)
(30819, 52, 23)
(61641/2, 40, 16)
(30821, 42, 17)
(61643/2, 43, 18)
(30822, 45, 19)
(30824, 47, 20)
(30825, 48, 21)
(61653/2, 40, 16)
(30827, 42, 17)
(61655/2, 43, 18)
(30828, 45, 19)
(30830, 47, 20)
(30831, 48, 21)
(61665/2, 42, 17)
(30833, 43, 18)
(61667/2, 45, 19)
(30834, 47, 20)
(30840, 50, 22)
(61681/2, 50, 22)
(30841, 52, 23)
(30842, 54, 24)
(61685/2, 54, 24)
(30843, 55, 25)
(30844, 54, 24)
(61689/2, 54, 24)
(30845, 55, 25)
(61691/2, 52, 23)
(30846, 59, 27)
(61693/2, 59, 27)
(30847, 59, 27)
(30848, 59, 27)
(30849, 59, 27)
(61699/2, 59, 27)
(30850, 59, 27)
(30851, 59, 27)
(30852, 60, 28)
(30864, 48, 21)
(30865, 48, 21)
(30866, 48, 21)
(30867, 49, 21)
(30876, 43, 18)
(30877, 43, 18)
(30878, 43, 18)
(30879, 42, 17)
(30883, 48, 21)
(30888, 48, 21)
(30891, 47, 20)
(30891, 50, 22)
(30900, 41, 17)
(30901, 41, 17)
(30902, 41, 17)
(30903, 40, 16)
(30906, 45, 19)
(30909, 43, 18)
(30912, 41, 17)
(30915, 40, 16)
(30918, 45, 19)
(30921, 43, 18)
(30924, 45, 19)
(30927, 47, 20)
(30930, 48, 21)
(30933, 47, 20)
(30936, 45, 19)
(30939, 43, 18)
(30942, 42, 17)
(30945, 47, 20)
(30951, 45, 19)
(30953, 40, 16)
(30954, 48, 21)
(30956, 47, 20)
(30957, 40, 16)
(30960, 48, 21)
(30962, 47, 20)
(30963, 45, 19)
(30965, 43, 18)
(30966, 48, 21)
(30968, 47, 20)
(30969, 45, 19)
(30972, 45, 19)
(30975, 45, 19)
(30981, 48, 21)
(30987, 47, 20)
(30990, 47, 20)
(31002, 47, 20)
(31008, 45, 19)
(31011, 44, 18)
(31015, 45, 19)
(31016, 57, 26)
(31017, 57, 26)
(31021, 45, 19)
(31022, 57, 26)
(31023, 57, 26)
(31025, 53, 23)
(31026, 54, 24)
(31028, 56, 25)
(31029, 57, 26)
(31035, 47, 20)
(31038, 47, 20)
(31044, 47, 20)
(31045, 47, 20)
(31047, 50, 22)
(62095/2, 52, 23)
(31048, 50, 22)
(62097/2, 52, 23)
(31049, 50, 22)
(62099/2, 52, 23)
(31050, 52, 23)
(62101/2, 51, 22)
(31051, 52, 23)
(62103/2, 51, 22)
(31052, 52, 23)
(31053, 50, 22)
(62107/2, 52, 23)
(31054, 50, 22)
(62109/2, 52, 23)
(31055, 50, 22)
(62111/2, 52, 23)
(31056, 50, 22)
(62113/2, 52, 23)
(31057, 50, 22)
(62115/2, 52, 23)
(31058, 50, 22)
(62117/2, 52, 23)
(31059, 49, 21)
(31077, 51, 22)
(31080, 53, 23)
(31083, 54, 24)
(31086, 45, 19)
(31089, 47, 20)
(31092, 45, 19)
(31095, 44, 18)
(31098, 42, 17)
(31101, 51, 22)
(31104, 52, 23)
(62211/2, 59, 27)
(31106, 57, 26)
(31107, 56, 25)
(31109, 52, 23)
(31110, 49, 21)
(31112, 54, 24)
(31113, 51, 22)
(62229/2, 47, 20)
(31115, 49, 21)
(62231/2, 51, 22)
(31116, 52, 23)
(62233/2, 51, 22)
(31117, 52, 23)
(62235/2, 51, 22)
(31118, 49, 21)
(62237/2, 47, 20)
(31119, 45, 19)
(62239/2, 45, 19)
(31120, 45, 19)
(31122, 47, 20)
(62245/2, 47, 20)
(31123, 47, 20)
(31125, 45, 19)
(62251/2, 45, 19)
(31126, 45, 19)
(31128, 49, 21)
(62257/2, 49, 21)
(31129, 49, 21)
(31131, 51, 22)
(62263/2, 51, 22)
(31132, 51, 22)
(31137, 40, 16)
(31140, 40, 16)
(31143, 40, 16)
(31146, 47, 20)
(31147, 47, 20)
(31148, 47, 20)
(31149, 40, 16)
(31152, 40, 16)
(31155, 40, 16)
(31158, 47, 20)
(31159, 47, 20)
(31160, 47, 20)
(31161, 52, 23)
(31163, 48, 20)
(31164, 49, 21)
(31165, 51, 22)
(31166, 52, 23)
(31169, 49, 21)
(31170, 51, 22)
(31171, 52, 23)
(31172, 54, 24)
(31173, 56, 25)
(31182, 61, 28)
(62365/2, 56, 25)
(31183, 54, 24)
(62367/2, 57, 26)
(31184, 56, 25)
(62369/2, 52, 23)
(31185, 49, 21)
(31186, 61, 28)
(31187, 61, 28)
(31188, 61, 28)
(31189, 61, 28)
(31190, 61, 28)
(31191, 61, 28)
(31200, 60, 28)
(31203, 59, 27)
(31204, 58, 26)
(31205, 57, 26)
(31206, 56, 25)
(31207, 54, 24)
(31208, 52, 23)
(31209, 51, 22)
(31215, 40, 16)
(31221, 49, 21)
(31224, 51, 22)
(31227, 52, 23)
(31230, 56, 25)
(31233, 49, 21)
(31236, 51, 22)
(31239, 47, 20)
(31242, 49, 21)
(31245, 47, 20)
(31248, 49, 21)
(31251, 61, 28)
(31252, 61, 28)
(31253, 61, 28)
(31254, 61, 28)
(31255, 61, 28)
(31256, 61, 28)
(31257, 61, 28)
(31257, 64, 30)
(31261, 57, 26)
(31263, 61, 28)
(31264, 61, 28)
(31265, 61, 28)
(31266, 61, 28)
(31267, 61, 28)
(31268, 61, 28)
(31269, 61, 28)
(31271, 64, 30)
(31272, 58, 26)
(31275, 47, 20)
(31281, 47, 20)
(31287, 47, 20)
(31293, 47, 20)
(31299, 51, 22)
(62599/2, 52, 23)
(31300, 54, 24)
(31302, 54, 24)
(31303, 55, 25)
(31304, 57, 26)
(31305, 59, 27)
(31308, 60, 28)
(31309, 62, 29)
(31311, 40, 16)
(31314, 40, 16)
(31317, 40, 16)
(31320, 40, 16)
(31323, 40, 16)
(31324, 52, 23)
(31326, 40, 16)
(31327, 52, 23)
(31329, 40, 16)
(31330, 52, 23)
(31332, 40, 16)
(31333, 52, 23)
(62671/2, 47, 20)
(31336, 52, 23)
(62673/2, 50, 22)
(31337, 48, 21)
(62675/2, 47, 20)
(31338, 45, 19)
(62677/2, 47, 20)
(31339, 48, 21)
(62679/2, 45, 19)
(31340, 47, 20)
(62681/2, 48, 21)
(31341, 47, 20)
(62683/2, 48, 21)
(31342, 50, 22)
(62685/2, 47, 20)
(31343, 48, 21)
(62687/2, 50, 22)
(31344, 48, 21)
(62689/2, 50, 22)
(31345, 52, 23)
(62691/2, 48, 21)
(31346, 50, 22)
(62693/2, 52, 23)
(31347, 50, 22)
(62695/2, 52, 23)
(31348, 53, 24)
(62697/2, 52, 23)
(31349, 54, 24)
(62699/2, 56, 25)
(31350, 54, 24)
(62701/2, 56, 25)
(31351, 57, 26)
(62703/2, 56, 25)
(31352, 57, 26)
(62705/2, 59, 27)
(31353, 57, 26)
(62707/2, 59, 27)
(31354, 60, 28)
(31362, 41, 17)
(31365, 43, 18)
(31369, 44, 18)
(31372, 45, 19)
(31378, 47, 20)
(31381, 47, 20)
(31384, 40, 16)
(31385, 52, 23)
(31387, 40, 16)
(31388, 52, 23)
(31390, 52, 23)
(31393, 40, 16)
(31394, 52, 23)
(31396, 40, 16)
(31398, 52, 23)
(31399, 40, 16)
(31401, 52, 23)
(31402, 40, 16)
(31404, 52, 23)
(31405, 40, 16)
(62817/2, 47, 20)
(31409, 52, 23)
(62819/2, 50, 22)
(31410, 48, 21)
(62821/2, 47, 20)
(31411, 45, 19)
(62823/2, 47, 20)
(31412, 48, 21)
(62825/2, 45, 19)
(31413, 47, 20)
(62827/2, 48, 21)
(31414, 47, 20)
(62829/2, 48, 21)
(31415, 50, 22)
(62831/2, 47, 20)
(31416, 48, 21)
(62833/2, 50, 22)
(31417, 50, 22)
(62835/2, 52, 23)
(31418, 48, 21)
(62837/2, 50, 22)
(31419, 52, 23)
(31420, 50, 22)
(62841/2, 52, 23)
(31421, 53, 24)
(62843/2, 52, 23)
(31422, 54, 24)
(62845/2, 56, 25)
(31423, 54, 24)
(62847/2, 57, 26)
(31424, 55, 25)
(125699/4, 57, 26)
(125701/4, 59, 27)
(31426, 57, 26)
(62853/2, 59, 27)
(31427, 60, 28)
(31435, 41, 17)
(31438, 43, 18)
(31441, 44, 18)
(31444, 45, 19)
(31447, 46, 19)
(31450, 47, 20)
(31453, 45, 19)
(31456, 43, 18)
(62913/2, 47, 20)
(31457, 52, 23)
(62915/2, 55, 25)
(31458, 52, 23)
(62917/2, 50, 22)
(31459, 48, 21)
(62919/2, 50, 22)
(31460, 52, 23)
(62921/2, 50, 22)
(31461, 48, 21)
(62923/2, 47, 20)
(31462, 45, 19)
(62925/2, 47, 20)
(31463, 48, 21)
(62927/2, 42, 17)
(31464, 43, 18)
(62929/2, 45, 19)
(31465, 47, 20)
(62931/2, 45, 19)
(31466, 47, 20)
(62933/2, 48, 21)
(31467, 47, 20)
(62935/2, 45, 19)
(31468, 43, 18)
(62937/2, 47, 20)
(31469, 52, 23)
(62939/2, 55, 25)
(31470, 52, 23)
(62941/2, 50, 22)
(31471, 48, 21)
(62943/2, 50, 22)
(31472, 52, 23)
(62945/2, 50, 22)
(31473, 48, 21)
(62947/2, 47, 20)
(31474, 45, 19)
(62949/2, 47, 20)
(31475, 48, 21)
(62951/2, 42, 17)
(31476, 43, 18)
(62953/2, 45, 19)
(31477, 47, 20)
(62955/2, 45, 19)
(31478, 47, 20)
(62957/2, 48, 21)
(31479, 47, 20)
(62959/2, 45, 19)
(31480, 43, 18)
(62961/2, 45, 19)
(31481, 47, 20)
(62963/2, 40, 16)
(31482, 42, 17)
(62965/2, 43, 18)
(31483, 45, 19)
(62967/2, 47, 20)
(31484, 48, 21)
(62969/2, 45, 19)
(31485, 47, 20)
(62971/2, 48, 21)
(31486, 43, 18)
(62973/2, 45, 19)
(31487, 47, 20)
(62975/2, 40, 16)
(31488, 42, 17)
(62977/2, 43, 18)
(31489, 45, 19)
(62979/2, 48, 21)
(31490, 45, 19)
(62981/2, 47, 20)
(31491, 48, 21)
(31492, 45, 19)
(62985/2, 47, 20)
(31493, 48, 21)
(62987/2, 45, 19)
(31494, 47, 20)
(62989/2, 48, 21)
(31495, 45, 19)
(62991/2, 47, 20)
(31496, 48, 21)
(62993/2, 45, 19)
(31497, 47, 20)
(62995/2, 48, 21)
(31498, 47, 20)
(62997/2, 48, 21)
(31499, 50, 22)
(62999/2, 47, 20)
(31500, 48, 21)
(63001/2, 50, 22)
(31501, 47, 20)
(31502, 48, 21)
(94507/3, 50, 22)
(94508/3, 47, 20)
(189019/6, 48, 21)
(94511/3, 50, 22)
(31504, 48, 21)
(63009/2, 50, 22)
(31505, 48, 21)
(63011/2, 50, 22)
(31506, 52, 23)
(31507, 48, 21)
(63015/2, 50, 22)
(31508, 52, 23)
(63017/2, 48, 21)
(31509, 50, 22)
(63019/2, 52, 23)
(31510, 47, 20)
(63045/2, 52, 23)
(31523, 54, 24)
(63047/2, 55, 25)
(31524, 52, 23)
(63049/2, 54, 24)
(31525, 55, 25)
(63051/2, 57, 26)
(31528, 59, 27)
(63057/2, 59, 27)
(31529, 63, 29)
(63059/2, 64, 30)
(31530, 59, 27)
(63061/2, 63, 29)
(31531, 64, 30)
(63063/2, 59, 27)
(31532, 63, 29)
(63065/2, 64, 30)
(31533, 59, 27)
(63067/2, 63, 29)
(31534, 64, 30)
(31535, 59, 27)
(31536, 64, 30)
(31537, 59, 27)
(31538, 64, 30)
(31539, 59, 27)
(31540, 64, 30)
(31543, 47, 20)
(31546, 40, 16)
