(0, 83, 41)
(1/4, 83, 41)
(1/2, 83, 41)
(3/4, 83, 41)
(1, 83, 41)
(3/2, 81, 40)
(2, 80, 39)
(5/2, 78, 38)
(3, 78, 38)
(3, 76, 37)
(7/2, 75, 36)
(4, 76, 37)
(9/2, 73, 35)
(5, 71, 34)
(11/2, 69, 33)
(6, 68, 32)
(13/2, 66, 31)
(7, 64, 30)
(15/2, 63, 29)
(8, 64, 30)
(17/2, 66, 31)
(9, 64, 30)
(10, 63, 29)
(21/2, 61, 28)
(11, 59, 27)
(23/2, 61, 28)
(12, 64, 30)
(13, 63, 29)
(27/2, 61, 28)
(14, 59, 27)
(29/2, 61, 28)
(15, 64, 30)
(16, 63, 29)
(33/2, 58, 26)
(17, 59, 27)
(35/2, 61, 28)
(18, 63, 29)
(37/2, 64, 30)
(19, 66, 31)
(39/2, 68, 32)
(20, 69, 33)
(41/2, 70, 33)
(21, 71, 34)
(43/2, 73, 35)
(22, 75, 36)
(45/2, 76, 37)
(23, 78, 38)
(47/2, 71, 34)
(24, 83, 41)
(97/4, 83, 41)
(99/4, 81, 40)
(101/4, 80, 39)
(103/4, 78, 38)
(27, 78, 38)
(27, 76, 37)
(55/2, 75, 36)
(28, 76, 37)
(57/2, 73, 35)
(29, 71, 34)
(59/2, 69, 33)
(30, 68, 32)
(61/2, 66, 31)
(31, 66, 31)
(31, 64, 30)
(63/2, 63, 29)
(32, 64, 30)
(65/2, 66, 31)
(33, 64, 30)
(34, 63, 29)
(69/2, 61, 28)
(35, 59, 27)
(71/2, 61, 28)
(36, 64, 30)
(37, 63, 29)
(75/2, 61, 28)
(38, 59, 27)
(77/2, 61, 28)
(39, 64, 30)
(40, 63, 29)
(81/2, 61, 28)
(41, 59, 27)
(83/2, 61, 28)
(42, 63, 29)
(85/2, 64, 30)
(43, 66, 31)
(87/2, 73, 35)
(44, 71, 34)
(89/2, 69, 33)
(45, 68, 32)
(93/2, 76, 37)
(47, 75, 36)
(95/2, 73, 35)
(48, 73, 35)
(48, 72, 34)
(97/2, 70, 33)
(49, 72, 34)
(99/2, 68, 32)
(50, 73, 35)
(101/2, 76, 37)
(51, 80, 39)
(105/2, 78, 38)
(53, 76, 37)
(107/2, 73, 35)
(54, 73, 35)
(54, 72, 34)
(109/2, 70, 33)
(55, 72, 34)
(111/2, 68, 32)
(56, 73, 35)
(113/2, 76, 37)
(57, 80, 39)
(117/2, 78, 38)
(59, 76, 37)
(119/2, 73, 35)
(60, 80, 39)
(123/2, 75, 36)
(62, 76, 37)
(125/2, 73, 35)
(63, 78, 38)
(129/2, 73, 35)
(65, 75, 36)
(131/2, 71, 34)
(66, 76, 37)
(133/2, 71, 34)
(67, 73, 35)
(135/2, 70, 33)
(68, 75, 36)
(137/2, 70, 33)
(69, 71, 34)
(139/2, 68, 32)
(70, 73, 35)
(141/2, 68, 32)
(71, 70, 33)
(143/2, 66, 31)
(72, 66, 31)
(147/2, 66, 31)
(74, 66, 31)
(149/2, 66, 31)
(75, 66, 31)
(153/2, 66, 31)
(77, 66, 31)
(155/2, 66, 31)
(78, 66, 31)
(159/2, 66, 31)
(80, 66, 31)
(161/2, 66, 31)
(81, 68, 32)
(81, 66, 31)
(163/2, 65, 30)
(82, 66, 31)
(165/2, 68, 32)
(83, 65, 30)
(167/2, 71, 34)
(84, 71, 34)
(85, 70, 33)
(171/2, 68, 32)
(86, 66, 31)
(173/2, 68, 32)
(87, 71, 34)
(88, 70, 33)
(177/2, 68, 32)
(89, 66, 31)
(179/2, 68, 32)
(90, 71, 34)
(91, 70, 33)
(183/2, 68, 32)
(92, 66, 31)
(185/2, 68, 32)
(93, 70, 33)
(187/2, 71, 34)
(94, 73, 35)
(189/2, 75, 36)
(95, 76, 37)
(191/2, 66, 31)
(96, 78, 38)
(195/2, 78, 38)
(98, 78, 38)
(197/2, 78, 38)
(99, 78, 38)
(201/2, 78, 38)
(101, 78, 38)
(203/2, 78, 38)
(102, 78, 38)
(207/2, 78, 38)
(104, 78, 38)
(209/2, 78, 38)
(105, 78, 38)
(211/2, 77, 37)
(106, 78, 38)
(213/2, 80, 39)
(107, 77, 37)
(215/2, 83, 41)
(108, 81, 40)
(217/2, 80, 39)
(109, 78, 38)
(221/2, 83, 41)
(111, 82, 40)
(223/2, 80, 39)
(112, 78, 38)
(227/2, 83, 41)
(114, 82, 40)
(229/2, 80, 39)
(115, 78, 38)
(231/2, 83, 41)
(116, 82, 40)
(233/2, 80, 39)
(117, 78, 38)
(235/2, 83, 41)
(118, 82, 40)
(237/2, 80, 39)
(119, 78, 38)
(239/2, 76, 37)
(120, 75, 36)
(241/2, 76, 37)
(121, 78, 38)
(122, 77, 37)
(123, 73, 35)
(247/2, 75, 36)
(124, 76, 37)
(125, 75, 36)
(126, 71, 34)
(253/2, 73, 35)
(127, 74, 36)
(128, 73, 35)
(129, 70, 33)
(259/2, 71, 34)
(130, 73, 35)
(261/2, 75, 36)
(131, 76, 37)
(263/2, 73, 35)
(132, 78, 38)
(265/2, 76, 37)
(133, 75, 36)
(267/2, 78, 38)
(134, 83, 41)
(269/2, 71, 34)
(135, 76, 37)
(271/2, 75, 36)
(136, 73, 35)
(273/2, 76, 37)
(137, 83, 41)
(275/2, 71, 34)
(138, 74, 36)
(277/2, 73, 35)
(139, 71, 34)
(279/2, 74, 36)
(140, 83, 41)
(281/2, 71, 34)
(141, 76, 37)
(283/2, 75, 36)
(142, 73, 35)
(285/2, 71, 34)
(143, 70, 33)
(287/2, 73, 35)
(144, 71, 34)
(289/2, 72, 34)
(145, 73, 35)
(291/2, 75, 36)
(146, 76, 37)
(293/2, 73, 35)
(147, 78, 38)
(295/2, 75, 36)
(148, 73, 35)
(297/2, 71, 34)
(149, 70, 33)
(299/2, 73, 35)
(150, 71, 34)
(156, 73, 35)
(156, 75, 36)
(156, 83, 41)
(157, 83, 41)
(315/2, 81, 40)
(158, 80, 39)
(317/2, 78, 38)
(159, 76, 37)
(319/2, 75, 36)
(160, 76, 37)
(321/2, 73, 35)
(161, 71, 34)
(323/2, 69, 33)
(162, 68, 32)
(325/2, 66, 31)
(163, 66, 31)
(163, 64, 30)
(327/2, 63, 29)
(164, 64, 30)
(329/2, 66, 31)
(165, 64, 30)
(166, 63, 29)
(333/2, 61, 28)
(167, 59, 27)
(335/2, 61, 28)
(168, 64, 30)
(169, 63, 29)
(339/2, 61, 28)
(170, 59, 27)
(341/2, 61, 28)
(171, 64, 30)
(172, 63, 29)
(345/2, 58, 26)
(173, 59, 27)
(347/2, 61, 28)
(174, 63, 29)
(349/2, 64, 30)
(175, 66, 31)
(351/2, 68, 32)
(176, 69, 33)
(353/2, 70, 33)
(177, 71, 34)
(355/2, 73, 35)
(178, 75, 36)
(357/2, 76, 37)
(179, 78, 38)
(359/2, 71, 34)
(180, 83, 41)
(1441/8, 83, 41)
(1445/8, 81, 40)
(1449/8, 80, 39)
(1453/8, 78, 38)
(183, 80, 39)
(367/2, 78, 38)
(184, 77, 37)
(369/2, 74, 36)
(185, 73, 35)
(371/2, 71, 34)
(186, 69, 33)
(373/2, 68, 32)
(187, 68, 32)
(187, 66, 31)
(375/2, 65, 30)
(188, 66, 31)
(377/2, 68, 32)
(189, 64, 30)
(379/2, 68, 32)
(190, 73, 35)
(192, 64, 30)
(387/2, 64, 30)
(194, 63, 29)
(389/2, 63, 29)
(195, 61, 28)
(391/2, 62, 29)
(196, 61, 28)
(393/2, 61, 28)
(197, 59, 27)
(395/2, 62, 29)
(198, 64, 30)
(399/2, 64, 30)
(200, 62, 29)
(401/2, 62, 29)
(201, 61, 28)
(403/2, 62, 29)
(202, 59, 27)
(405/2, 59, 27)
(203, 59, 27)
(407/2, 59, 27)
(204, 59, 27)
(207, 73, 35)
(829/4, 73, 35)
(831/4, 73, 35)
(833/4, 73, 35)
(835/4, 73, 35)
(210, 73, 35)
(213, 73, 35)
(853/4, 73, 35)
(855/4, 73, 35)
(857/4, 73, 35)
(859/4, 73, 35)
(216, 75, 36)
(865/4, 75, 36)
(867/4, 75, 36)
(869/4, 75, 36)
(871/4, 75, 36)
(219, 64, 30)
(219, 75, 36)
(220, 75, 36)
(441/2, 75, 36)
(221, 75, 36)
(443/2, 75, 36)
(222, 66, 31)
(222, 75, 36)
(223, 75, 36)
(447/2, 75, 36)
(224, 75, 36)
(449/2, 75, 36)
(225, 75, 36)
(226, 76, 37)
(453/2, 77, 37)
(227, 78, 38)
(455/2, 78, 38)
(228, 73, 35)
(228, 80, 39)
(229, 80, 39)
(459/2, 78, 38)
(230, 76, 37)
(461/2, 75, 36)
(231, 76, 37)
(463/2, 75, 36)
(232, 73, 35)
(465/2, 69, 33)
(233, 66, 31)
(467/2, 68, 32)
(234, 64, 30)
(469/2, 64, 30)
(235, 66, 31)
(471/2, 68, 32)
(236, 69, 33)
(237, 68, 32)
(238, 69, 33)
(1192/5, 71, 34)
(1194/5, 73, 35)
(1196/5, 75, 36)
(1198/5, 77, 37)
(240, 78, 38)
(241, 73, 35)
(483/2, 83, 41)
(243, 83, 41)
(244, 81, 40)
(491/2, 80, 39)
(246, 80, 39)
(247, 78, 38)
(497/2, 76, 37)
(249, 74, 36)
(250, 86, 43)
(255, 73, 35)
(255, 88, 44)
(511/2, 88, 44)
(256, 86, 43)
(513/2, 85, 42)
(257, 83, 41)
(258, 85, 42)
(517/2, 83, 41)
(259, 81, 40)
(519/2, 80, 39)
(260, 78, 38)
(521/2, 76, 37)
(261, 73, 35)
(261, 75, 36)
(261, 76, 37)
(523/2, 76, 37)
(262, 78, 38)
(263, 71, 34)
(264, 87, 43)
(529/2, 85, 42)
(265, 83, 41)
(531/2, 81, 40)
(266, 80, 39)
(533/2, 78, 38)
(267, 77, 37)
(535/2, 78, 38)
(268, 80, 39)
(269, 73, 35)
(270, 85, 42)
(541/2, 83, 41)
(271, 81, 40)
(543/2, 83, 41)
(272, 81, 40)
(545/2, 80, 39)
(273, 81, 40)
(547/2, 80, 39)
(274, 78, 38)
(549/2, 76, 37)
(275, 75, 36)
(551/2, 73, 35)
(276, 64, 30)
(276, 72, 34)
(555/2, 72, 34)
(278, 73, 35)
(557/2, 75, 36)
(1115/4, 76, 37)
(279, 78, 38)
(559/2, 80, 39)
(280, 78, 38)
(561/2, 76, 37)
(281, 75, 36)
(563/2, 73, 35)
(282, 72, 34)
(1129/4, 72, 34)
(1131/4, 73, 35)
(1133/4, 75, 36)
(1135/4, 76, 37)
(285, 78, 38)
(571/2, 76, 37)
(286, 75, 36)
(573/2, 78, 38)
(287, 84, 41)
(575/2, 80, 39)
(288, 85, 42)
(291, 83, 41)
(293, 86, 43)
(294, 85, 42)
(297, 83, 41)
(299, 86, 43)
(300, 85, 42)
(301, 80, 39)
(302, 81, 40)
(304, 82, 40)
(305, 83, 41)
(307, 84, 41)
(308, 85, 42)
(310, 85, 42)
(311, 87, 43)
(312, 92, 46)
(1249/4, 92, 46)
(1251/4, 90, 45)
(1253/4, 88, 44)
(1255/4, 87, 43)
(315, 88, 44)
(631/2, 84, 41)
(316, 85, 42)
(633/2, 81, 40)
(317, 80, 39)
(635/2, 78, 38)
(318, 69, 33)
(318, 80, 39)
(637/2, 80, 39)
(319, 78, 38)
(639/2, 76, 37)
(320, 75, 36)
(321, 76, 37)
(643/2, 72, 34)
(322, 73, 35)
(645/2, 69, 33)
(323, 68, 32)
(647/2, 66, 31)
(324, 68, 32)
(651/2, 66, 31)
(326, 68, 32)
(653/2, 69, 33)
(327, 68, 32)
(657/2, 73, 35)
(657/2, 76, 37)
(329, 73, 35)
(329, 76, 37)
(659/2, 73, 35)
(659/2, 76, 37)
(330, 73, 35)
(330, 76, 37)
(336, 73, 35)
(336, 76, 37)
(342, 73, 36)
(342, 76, 37)
(348, 73, 35)
(348, 76, 37)
(351, 73, 35)
(351, 76, 37)
(354, 73, 35)
(354, 76, 37)
(357, 64, 30)
(361, 61, 28)
(361, 64, 30)
(370, 60, 27)
(370, 63, 29)
(373, 61, 28)
(380, 71, 34)
(381, 69, 33)
(382, 68, 32)
(383, 66, 31)
(384, 65, 30)
(385, 66, 31)
(773/2, 61, 28)
(387, 57, 26)
(775/2, 61, 28)
(388, 66, 31)
(779/2, 61, 28)
(390, 57, 26)
(781/2, 61, 28)
(391, 66, 31)
(392, 69, 33)
(393, 68, 32)
(394, 69, 33)
(395, 68, 32)
(396, 66, 31)
(397, 64, 30)
(797/2, 63, 29)
(399, 61, 28)
(799/2, 63, 29)
(400, 64, 30)
(803/2, 63, 29)
(402, 61, 28)
(805/2, 63, 29)
(403, 64, 30)
(406, 62, 29)
(407, 61, 28)
(408, 61, 28)
(409, 73, 35)
(413, 66, 31)
(414, 68, 32)
(415, 69, 33)
(417, 68, 32)
(418, 66, 31)
(419, 64, 30)
(420, 63, 29)
(421, 61, 28)
(423, 64, 30)
(424, 66, 31)
(427, 64, 30)
(430, 66, 31)
(432, 63, 29)
(433, 64, 30)
(436, 66, 31)
(439, 64, 30)
(442, 66, 31)
(444, 63, 29)
(445, 64, 30)
(452, 83, 41)
(1809/4, 83, 41)
(905/2, 83, 41)
(1811/4, 83, 41)
(453, 83, 41)
(907/2, 81, 40)
(454, 80, 39)
(909/2, 78, 38)
(455, 76, 37)
(911/2, 75, 36)
(456, 76, 37)
(913/2, 73, 35)
(457, 71, 34)
(915/2, 69, 33)
(458, 68, 32)
(917/2, 66, 31)
(459, 64, 30)
(919/2, 63, 29)
(460, 64, 30)
(921/2, 66, 31)
(461, 64, 30)
(462, 63, 29)
(925/2, 61, 28)
(463, 59, 27)
(927/2, 61, 28)
(464, 64, 30)
(465, 63, 29)
(931/2, 61, 28)
(466, 59, 27)
(933/2, 61, 28)
(467, 64, 30)
(468, 63, 29)
(937/2, 58, 26)
(469, 59, 27)
(939/2, 61, 28)
(470, 63, 29)
(941/2, 64, 30)
(471, 66, 31)
(943/2, 68, 32)
(472, 69, 33)
(945/2, 70, 33)
(473, 71, 34)
(947/2, 73, 35)
(474, 75, 36)
(949/2, 76, 37)
(475, 78, 38)
(951/2, 71, 34)
(476, 83, 41)
(1905/4, 83, 41)
(1907/4, 81, 40)
(1909/4, 80, 39)
(1911/4, 78, 38)
(479, 78, 38)
(479, 76, 37)
(959/2, 75, 36)
(480, 76, 37)
(961/2, 73, 35)
(481, 71, 34)
(963/2, 69, 33)
(482, 68, 32)
(965/2, 66, 31)
(483, 66, 31)
(483, 64, 30)
(967/2, 73, 35)
(484, 71, 34)
(969/2, 69, 33)
(485, 69, 33)
(486, 68, 32)
(973/2, 66, 31)
(487, 64, 30)
(975/2, 66, 31)
(488, 69, 33)
(489, 68, 32)
(979/2, 66, 31)
(490, 64, 30)
(981/2, 66, 31)
(491, 69, 33)
(492, 68, 32)
(985/2, 63, 29)
(493, 64, 30)
(987/2, 66, 31)
(494, 68, 32)
(989/2, 69, 33)
(495, 71, 34)
(991/2, 78, 38)
(496, 76, 37)
(993/2, 74, 36)
(497, 73, 35)
(997/2, 81, 40)
(499, 80, 39)
(999/2, 78, 38)
(500, 78, 38)
(500, 77, 37)
(1001/2, 75, 36)
(501, 77, 37)
(1003/2, 73, 35)
(502, 78, 38)
(1005/2, 81, 40)
(503, 85, 42)
(504, 83, 41)
(1009/2, 81, 40)
(505, 78, 38)
(506, 77, 37)
(1013/2, 75, 36)
(507, 77, 37)
(1015/2, 73, 35)
(508, 78, 38)
(1017/2, 81, 40)
(509, 85, 42)
(1021/2, 83, 41)
(511, 81, 40)
(1023/2, 78, 38)
(512, 85, 42)
(1027/2, 83, 41)
(514, 81, 40)
(1029/2, 78, 38)
(515, 83, 41)
(1033/2, 81, 40)
(517, 80, 39)
(1035/2, 76, 37)
(518, 81, 40)
(1037/2, 76, 37)
(519, 78, 38)
(1039/2, 75, 36)
(520, 80, 39)
(1041/2, 75, 36)
(521, 76, 37)
(1043/2, 73, 35)
(522, 78, 38)
(1045/2, 73, 35)
(523, 75, 36)
(1047/2, 71, 34)
(524, 71, 34)
(2099/4, 71, 34)
(2101/4, 71, 34)
(2103/4, 71, 34)
(527, 71, 34)
(1057/2, 71, 34)
(529, 71, 34)
(1059/2, 71, 34)
(530, 71, 34)
(1063/2, 71, 34)
(532, 71, 34)
(1065/2, 71, 34)
(533, 73, 35)
(533, 71, 34)
(1067/2, 70, 33)
(534, 71, 34)
(1069/2, 73, 35)
(535, 70, 33)
(1071/2, 76, 37)
(536, 76, 37)
(537, 75, 36)
(1075/2, 73, 35)
(538, 71, 34)
(1077/2, 73, 35)
(539, 76, 37)
(540, 75, 36)
(1081/2, 73, 35)
(541, 71, 34)
(1083/2, 73, 35)
(542, 76, 37)
(543, 75, 36)
(1087/2, 70, 33)
(544, 71, 34)
(1089/2, 73, 35)
(545, 75, 36)
(1091/2, 76, 37)
(546, 78, 38)
(1093/2, 80, 39)
(547, 81, 40)
(1095/2, 71, 34)
(548, 83, 41)
(1099/2, 83, 41)
(550, 83, 41)
(1101/2, 83, 41)
(551, 83, 41)
(1105/2, 83, 41)
(553, 83, 41)
(1107/2, 83, 41)
(554, 83, 41)
(1109/2, 83, 41)
(555, 83, 41)
(1111/2, 83, 41)
(556, 83, 41)
(1113/2, 83, 41)
(557, 83, 41)
(1115/2, 83, 41)
(558, 83, 41)
(1117/2, 85, 42)
(559, 82, 40)
(1119/2, 88, 44)
(560, 87, 43)
(1121/2, 85, 42)
(561, 83, 41)
(1125/2, 88, 44)
(563, 87, 43)
(1127/2, 85, 42)
(564, 83, 41)
(1131/2, 88, 44)
(566, 87, 43)
(1133/2, 85, 42)
(567, 83, 41)
(1135/2, 88, 44)
(568, 87, 43)
(1137/2, 85, 42)
(569, 83, 41)
(1139/2, 88, 44)
(570, 87, 43)
(1141/2, 85, 42)
(571, 83, 41)
(1143/2, 81, 40)
(572, 80, 39)
(1145/2, 81, 40)
(573, 83, 41)
(574, 82, 40)
(575, 78, 38)
(1151/2, 80, 39)
(576, 81, 40)
(577, 80, 39)
(578, 76, 37)
(1157/2, 78, 38)
(579, 79, 39)
(580, 78, 38)
(581, 75, 36)
(1163/2, 76, 37)
(582, 78, 38)
(1165/2, 80, 39)
(583, 81, 40)
(1167/2, 78, 38)
(584, 83, 41)
(1169/2, 81, 40)
(585, 80, 39)
(1171/2, 83, 41)
(586, 88, 44)
(1173/2, 76, 37)
(587, 81, 40)
(1175/2, 80, 39)
(588, 78, 38)
(1177/2, 81, 40)
(589, 88, 44)
(1179/2, 76, 37)
(590, 79, 39)
(1181/2, 78, 38)
(591, 76, 37)
(1183/2, 79, 39)
(592, 88, 44)
(1185/2, 76, 37)
(593, 81, 40)
(1187/2, 80, 39)
(594, 78, 38)
(1189/2, 76, 37)
(595, 75, 36)
(1191/2, 78, 38)
(596, 76, 37)
(1193/2, 77, 37)
(597, 78, 38)
(1195/2, 80, 39)
(598, 81, 40)
(1197/2, 78, 38)
(599, 80, 39)
(2997/5, 78, 38)
(2999/5, 76, 37)
(3001/5, 75, 36)
(3003/5, 78, 38)
(602, 76, 37)
(608, 83, 41)
(1217/2, 81, 40)
(609, 80, 39)
(1219/2, 78, 38)
(610, 77, 37)
(1221/2, 74, 36)
(611, 73, 35)
(1223/2, 71, 34)
(612, 68, 32)
(1225/2, 65, 30)
(613, 61, 28)
(1227/2, 59, 27)
(614, 58, 26)
(620, 59, 27)
(1241/2, 61, 28)
(621, 63, 29)
(1243/2, 64, 30)
(622, 66, 31)
(1245/2, 69, 33)
(623, 75, 36)
(1247/2, 76, 37)
(624, 78, 38)
(1249/2, 80, 39)
(625, 81, 40)
(1251/2, 78, 38)
(626, 83, 41)
(2505/4, 83, 41)
(2507/4, 81, 40)
(2509/4, 80, 39)
(2511/4, 78, 38)
(629, 76, 37)
(632, 71, 34)
(2529/4, 71, 34)
(2531/4, 73, 35)
(2533/4, 75, 36)
(2535/4, 76, 37)
(635, 78, 38)
(1271/2, 80, 39)
(636, 81, 40)
(637, 71, 34)
(638, 83, 41)
(2553/4, 83, 41)
(2555/4, 81, 40)
(2557/4, 80, 39)
(2559/4, 78, 38)
(641, 76, 37)
(644, 59, 27)
(1289/2, 59, 27)
(647, 57, 26)
(650, 56, 25)
(653, 57, 26)
(659, 57, 26)
(660, 59, 27)
(661, 63, 29)
(662, 64, 30)
(663, 68, 32)
(665, 69, 33)
(668, 68, 32)
(671, 66, 31)
(671, 69, 33)
(673, 63, 29)
(674, 64, 30)
(677, 66, 31)
(680, 64, 30)
(683, 66, 31)
(686, 64, 30)
(692, 75, 36)
(692, 83, 41)
(693, 83, 41)
(1387/2, 81, 40)
(694, 80, 39)
(1389/2, 78, 38)
(695, 78, 38)
(695, 76, 37)
(1391/2, 75, 36)
(1391/2, 78, 38)
(696, 76, 37)
(1393/2, 73, 35)
(697, 71, 34)
(1395/2, 69, 33)
(698, 68, 32)
(1397/2, 66, 31)
(699, 64, 30)
(1399/2, 66, 31)
(700, 63, 29)
(1401/2, 59, 27)
(701, 64, 30)
(704, 64, 30)
(704, 75, 36)
(705, 64, 30)
(1411/2, 59, 27)
(706, 56, 25)
(1413/2, 59, 27)
(707, 64, 30)
(710, 64, 30)
(1421/2, 64, 30)
(711, 59, 27)
(1423/2, 56, 25)
(712, 59, 27)
(713, 56, 25)
(713, 69, 33)
(1429/2, 59, 27)
(1431/2, 64, 30)
(716, 68, 32)
(717, 71, 34)
(2869/4, 76, 37)
(719, 73, 35)
(719, 80, 39)
(720, 68, 32)
(721, 71, 34)
(722, 76, 37)
(1445/2, 80, 39)
(2891/4, 83, 41)
(725, 88, 44)
(728, 63, 29)
(731, 64, 30)
(10000, 75, 36)
(40001/4, 76, 37)
(20001/2, 76, 37)
(40003/4, 76, 37)
(10001, 76, 37)
(40005/4, 76, 37)
(40007/4, 76, 37)
(40009/4, 76, 37)
(10003, 71, 34)
(20007/2, 69, 33)
(10004, 71, 34)
(20009/2, 69, 33)
(10005, 68, 32)
(20011/2, 64, 30)
(10006, 64, 30)
(20013/2, 63, 29)
(10007, 59, 27)
(20015/2, 59, 27)
(10008, 59, 27)
(20017/2, 61, 28)
(10009, 57, 26)
(20021/2, 57, 26)
(10011, 57, 26)
(20023/2, 57, 26)
(10012, 57, 26)
(20027/2, 57, 26)
(10014, 57, 26)
(20029/2, 57, 26)
(10015, 57, 26)
(20043/2, 70, 33)
(10022, 71, 34)
(20045/2, 73, 35)
(10023, 75, 36)
(20047/2, 71, 34)
(10024, 76, 37)
(40097/4, 76, 37)
(40099/4, 76, 37)
(40101/4, 76, 37)
(40103/4, 75, 36)
(10027, 71, 34)
(20055/2, 69, 33)
(10028, 71, 34)
(20057/2, 69, 33)
(10029, 68, 32)
(20059/2, 64, 30)
(10030, 64, 30)
(20061/2, 63, 29)
(10031, 59, 27)
(20063/2, 59, 27)
(10032, 59, 27)
(20065/2, 61, 28)
(10033, 57, 26)
(20067/2, 57, 26)
(10034, 57, 26)
(20069/2, 57, 26)
(10035, 57, 26)
(10036, 57, 26)
(20073/2, 57, 26)
(10037, 57, 26)
(20075/2, 57, 26)
(10038, 57, 26)
(10039, 57, 26)
(20079/2, 57, 26)
(10040, 58, 26)
(20081/2, 59, 27)
(20087/2, 64, 30)
(10044, 63, 29)
(20089/2, 66, 31)
(10045, 56, 25)
(10045, 68, 32)
(10045, 78, 38)
(10046, 56, 25)
(10046, 68, 32)
(20093/2, 56, 25)
(20093/2, 68, 32)
(10047, 56, 25)
(10047, 68, 32)
(20095/2, 56, 25)
(20095/2, 68, 32)
(10048, 56, 25)
(10048, 68, 32)
(10051, 56, 25)
(10051, 68, 32)
(10051, 75, 36)
(20103/2, 56, 25)
(20103/2, 68, 32)
(10052, 56, 25)
(10052, 68, 32)
(20105/2, 56, 25)
(20105/2, 68, 32)
(10053, 56, 25)
(10053, 68, 32)
(10054, 56, 25)
(10054, 68, 32)
(10057, 56, 25)
(10057, 68, 32)
(10060, 56, 25)
(10060, 68, 32)
(20121/2, 56, 25)
(20121/2, 68, 32)
(10063, 66, 31)
(10063, 73, 35)
(10063, 76, 37)
(10064, 66, 31)
(10066, 64, 30)
(20133/2, 64, 30)
(10067, 64, 30)
(20135/2, 64, 30)
(10068, 63, 29)
(20137/2, 63, 29)
(10069, 63, 29)
(20139/2, 63, 29)
(10070, 61, 28)
(20141/2, 61, 28)
(10071, 61, 28)
(20143/2, 61, 28)
(10072, 63, 29)
(20147/2, 61, 28)
(10074, 59, 27)
(20149/2, 61, 28)
(10075, 63, 29)
(20153/2, 61, 28)
(10077, 59, 27)
(20155/2, 61, 28)
(10078, 63, 29)
(20159/2, 61, 28)
(10080, 59, 27)
(20161/2, 61, 28)
(10081, 63, 29)
(20163/2, 62, 28)
(10082, 63, 29)
(20165/2, 59, 27)
(10083, 63, 29)
(10083, 64, 30)
(20167/2, 61, 28)
(10084, 61, 28)
(10084, 64, 30)
(20171/2, 61, 28)
(20171/2, 64, 30)
(10086, 61, 28)
(10086, 64, 30)
(20173/2, 61, 28)
(20173/2, 64, 30)
(10087, 61, 28)
(10087, 64, 30)
(20177/2, 61, 28)
(20177/2, 64, 30)
(10089, 61, 28)
(10089, 64, 30)
(20179/2, 61, 28)
(20179/2, 64, 30)
(10090, 61, 28)
(10090, 64, 30)
(20183/2, 65, 30)
(10092, 66, 31)
(20185/2, 65, 30)
(10093, 64, 30)
(20187/2, 63, 29)
(10094, 61, 28)
(20189/2, 59, 27)
(10095, 58, 26)
(20191/2, 64, 30)
(10096, 63, 29)
(20195/2, 61, 28)
(10098, 59, 27)
(20197/2, 61, 28)
(10099, 63, 29)
(20201/2, 61, 28)
(10101, 59, 27)
(20203/2, 61, 28)
(10102, 63, 29)
(20207/2, 61, 28)
(10104, 59, 27)
(20209/2, 61, 28)
(10105, 63, 29)
(20211/2, 61, 28)
(10106, 63, 29)
(20213/2, 59, 27)
(10107, 65, 30)
(20215/2, 61, 28)
(10108, 73, 35)
(10108, 76, 37)
(20219/2, 73, 35)
(20219/2, 76, 37)
(10110, 73, 35)
(10110, 76, 37)
(20221/2, 73, 35)
(20221/2, 76, 37)
(10111, 73, 35)
(10111, 76, 37)
(20225/2, 73, 35)
(20225/2, 76, 37)
(10113, 73, 35)
(10113, 76, 37)
(20227/2, 73, 35)
(20227/2, 76, 37)
(10114, 73, 35)
(10114, 76, 37)
(20229/2, 73, 35)
(20229/2, 76, 37)
(10115, 73, 35)
(10115, 76, 37)
(20231/2, 73, 35)
(20231/2, 76, 37)
(10116, 73, 35)
(20233/2, 73, 35)
(20233/2, 76, 37)
(10117, 73, 35)
(10117, 76, 37)
(20235/2, 73, 35)
(20235/2, 76, 37)
(10118, 73, 35)
(10118, 76, 37)
(20237/2, 73, 35)
(20237/2, 76, 37)
(10119, 73, 35)
(20239/2, 73, 35)
(10120, 71, 34)
(10132, 75, 36)
(20265/2, 76, 37)
(10133, 78, 38)
(10134, 77, 37)
(10135, 73, 35)
(20271/2, 75, 36)
(10136, 76, 37)
(10137, 75, 36)
(10138, 71, 34)
(20277/2, 73, 35)
(10139, 74, 36)
(10140, 73, 35)
(10141, 70, 33)
(20283/2, 71, 34)
(10142, 73, 35)
(20285/2, 75, 36)
(10143, 76, 37)
(20287/2, 73, 35)
(10144, 78, 38)
(20289/2, 75, 36)
(10145, 73, 35)
(20291/2, 71, 34)
(10146, 69, 33)
(20293/2, 73, 35)
(10147, 71, 34)
(20295/2, 72, 34)
(10148, 73, 35)
(20297/2, 75, 36)
(10149, 76, 37)
(20299/2, 73, 35)
(10150, 78, 38)
(10156, 68, 32)
(10156, 76, 37)
(10157, 76, 37)
(20315/2, 76, 37)
(10158, 76, 37)
(20317/2, 75, 36)
(10159, 71, 34)
(20319/2, 69, 33)
(10160, 71, 34)
(20321/2, 69, 33)
(10161, 68, 32)
(20323/2, 64, 30)
(10162, 64, 30)
(20325/2, 63, 29)
(10163, 59, 27)
(20327/2, 59, 27)
(10164, 59, 27)
(20329/2, 61, 28)
(10165, 57, 26)
(20333/2, 57, 26)
(10167, 57, 26)
(20335/2, 57, 26)
(10168, 57, 26)
(20339/2, 57, 26)
(10170, 57, 26)
(20341/2, 57, 26)
(10171, 57, 26)
(20355/2, 70, 33)
(10178, 71, 34)
(20357/2, 73, 35)
(10179, 75, 36)
(20359/2, 71, 34)
(10181, 74, 36)
(20363/2, 73, 35)
(10182, 71, 34)
(20365/2, 73, 35)
(10183, 74, 36)
(20367/2, 73, 35)
(10184, 71, 34)
(20369/2, 71, 34)
(10185, 69, 33)
(20371/2, 68, 32)
(10186, 66, 31)
(20373/2, 65, 30)
(10187, 66, 31)
(20375/2, 60, 27)
(10188, 60, 27)
(20377/2, 60, 27)
(10189, 61, 28)
(20379/2, 63, 30)
(10190, 68, 32)
(10192, 61, 28)
(20387/2, 61, 28)
(10194, 59, 27)
(20389/2, 59, 27)
(10195, 58, 26)
(20391/2, 59, 27)
(10196, 58, 26)
(20393/2, 58, 26)
(10197, 59, 27)
(20395/2, 59, 27)
(10198, 61, 28)
(20399/2, 61, 28)
(10200, 59, 27)
(20401/2, 59, 27)
(10201, 58, 26)
(10202, 59, 27)
(20405/2, 69, 33)
(10203, 68, 32)
(20407/2, 66, 31)
(10204, 65, 30)
(20409/2, 63, 29)
(10205, 65, 30)
(20411/2, 61, 28)
(10206, 66, 31)
(20413/2, 69, 33)
(10207, 73, 35)
(20417/2, 71, 34)
(10209, 69, 33)
(20419/2, 66, 31)
(10210, 65, 30)
(20421/2, 63, 29)
(10211, 65, 30)
(20423/2, 61, 28)
(10212, 66, 31)
(20425/2, 69, 33)
(10213, 73, 35)
(10216, 73, 35)
(40865/4, 73, 35)
(40867/4, 73, 35)
(40869/4, 73, 35)
(40871/4, 73, 35)
(10219, 73, 35)
(40877/4, 73, 35)
(40879/4, 73, 35)
(40881/4, 73, 35)
(40883/4, 73, 35)
(10222, 63, 29)
(10222, 73, 35)
(10224, 73, 35)
(30673/3, 73, 35)
(30674/3, 73, 35)
(10225, 73, 35)
(20451/2, 73, 35)
(10226, 73, 35)
(20453/2, 73, 35)
(10227, 73, 35)
(20455/2, 73, 35)
(10228, 72, 34)
(10229, 68, 32)
(10230, 78, 38)
(10231, 78, 38)
(10232, 76, 37)
(20467/2, 75, 36)
(10234, 75, 36)
(10235, 73, 35)
(20473/2, 72, 34)
(10237, 73, 35)
(10238, 68, 32)
(10239, 71, 34)
(10240, 69, 33)
(20481/2, 71, 34)
(10241, 73, 35)
(10242, 73, 35)
(10244, 78, 38)
(20491/2, 77, 37)
(10246, 73, 35)
(10247, 73, 35)
(10248, 85, 42)
(10250, 83, 41)
(10251, 81, 40)
(10252, 88, 44)
(41009/4, 88, 44)
(41011/4, 85, 43)
(41013/4, 85, 42)
(41015/4, 83, 41)
(10255, 85, 42)
(20511/2, 83, 41)
(10256, 81, 40)
(20513/2, 78, 38)
(10257, 76, 37)
(20515/2, 74, 36)
(10258, 73, 35)
(20517/2, 74, 36)
(10259, 73, 35)
(20519/2, 71, 34)
(10260, 69, 33)
(20521/2, 68, 32)
(10261, 66, 31)
(20523/2, 64, 30)
(10262, 63, 29)
(20525/2, 64, 30)
(10263, 66, 31)
(10264, 74, 36)
(41057/4, 74, 36)
(41059/4, 73, 35)
(41061/4, 71, 34)
(41063/4, 69, 33)
(10267, 68, 32)
(20535/2, 66, 31)
(10268, 65, 30)
(20537/2, 66, 31)
(10269, 68, 32)
(10270, 73, 35)
(20541/2, 73, 35)
(10271, 73, 35)
(20543/2, 74, 36)
(10272, 73, 35)
(20545/2, 71, 34)
(10273, 73, 35)
(20547/2, 71, 34)
(10274, 69, 33)
(20549/2, 68, 32)
(10275, 66, 31)
(20551/2, 64, 30)
(10276, 63, 29)
(41105/4, 63, 29)
(41107/4, 64, 30)
(41109/4, 66, 31)
(41111/4, 68, 32)
(10279, 69, 33)
(20559/2, 71, 34)
(10280, 69, 33)
(20561/2, 68, 32)
(10281, 66, 31)
(20563/2, 64, 30)
(10282, 63, 29)
(41129/4, 63, 29)
(41131/4, 64, 30)
(41133/4, 66, 31)
(41135/4, 68, 32)
(10285, 69, 33)
(20571/2, 68, 32)
(10286, 66, 31)
(20573/2, 69, 33)
(10287, 75, 36)
(20575/2, 72, 34)
(10288, 73, 35)
(10291, 71, 34)
(10293, 75, 36)
(10294, 73, 35)
(10297, 71, 34)
(10299, 74, 36)
(10300, 73, 35)
(10301, 71, 34)
(10302, 69, 33)
(10302, 80, 39)
(10303, 74, 36)
(10304, 73, 35)
(10305, 63, 29)
(10305, 64, 30)
(10305, 71, 34)
(10306, 76, 37)
(10307, 74, 36)
(10308, 73, 35)
(10309, 78, 38)
(10310, 76, 37)
(10311, 66, 31)
(10311, 75, 36)
(10312, 76, 37)
(41249/4, 75, 36)
(41249/4, 78, 38)
(41251/4, 75, 36)
(41253/4, 80, 39)
(41255/4, 78, 38)
(10315, 76, 37)
(20631/2, 78, 38)
(10316, 80, 39)
(20633/2, 78, 38)
(10317, 76, 37)
(20635/2, 75, 36)
(10318, 76, 37)
(41273/4, 76, 37)
(41275/4, 75, 36)
(41277/4, 73, 35)
(41279/4, 68, 32)
(10321, 68, 32)
(20643/2, 68, 32)
(10322, 68, 32)
(20645/2, 66, 31)
(10323, 64, 30)
(20647/2, 63, 29)
(10324, 64, 30)
(10324, 71, 34)
(20649/2, 64, 30)
(10325, 63, 29)
(20651/2, 64, 30)
(10326, 66, 31)
(10327, 64, 30)
(10327, 71, 34)
(20655/2, 64, 30)
(10328, 66, 31)
(20657/2, 68, 32)
(10329, 69, 33)
(10330, 68, 32)
(10332, 61, 28)
(10333, 64, 30)
(10335, 73, 35)
(10336, 76, 37)
(10338, 61, 28)
(10339, 64, 30)
(10341, 64, 30)
(10341, 73, 35)
(10342, 76, 37)
(10344, 59, 27)
(10344, 69, 33)
(10345, 64, 30)
(10347, 71, 34)
(10348, 76, 37)
(10350, 69, 33)
(10350, 76, 37)
(10351, 73, 35)
(10353, 64, 30)
(10353, 75, 36)
(10354, 68, 32)
(10356, 64, 30)
(10357, 71, 34)
(10359, 64, 30)
(10359, 71, 34)
(10359, 75, 36)
(10360, 57, 26)
(10362, 64, 30)
(10362, 75, 36)
(10363, 73, 35)
(10365, 61, 28)
(10366, 56, 25)
(41473/4, 56, 25)
(10369, 56, 25)
(10371, 56, 25)
(10371, 66, 31)
(10372, 56, 25)
(20747/2, 56, 25)
(10374, 56, 25)
(20749/2, 56, 25)
(10375, 56, 25)
(20753/2, 56, 25)
(10377, 56, 25)
(20755/2, 56, 25)
(10378, 56, 25)
(10379, 62, 29)
(10380, 61, 28)
(10381, 62, 29)
(10382, 61, 28)
(10383, 59, 27)
(10384, 57, 26)
(20771/2, 73, 35)
(10386, 73, 35)
(20773/2, 73, 35)
(10387, 73, 35)
(20777/2, 73, 35)
(10389, 73, 35)
(20779/2, 73, 35)
(10390, 73, 35)
(10391, 78, 38)
(10392, 76, 37)
(10393, 75, 36)
(10394, 73, 35)
(10395, 72, 34)
(10396, 73, 35)
(10403, 71, 34)
(10404, 69, 33)
(10405, 68, 32)
(10406, 66, 31)
(10407, 65, 30)
(10408, 66, 31)
(20819/2, 61, 28)
(10410, 57, 26)
(20821/2, 61, 28)
(10411, 66, 31)
(20825/2, 61, 28)
(10413, 57, 26)
(20827/2, 61, 28)
(10414, 66, 31)
(10416, 64, 30)
(10417, 63, 29)
(10418, 61, 28)
(10419, 60, 27)
(10420, 61, 28)
(10423, 60, 27)
(10426, 61, 28)
(10429, 63, 29)
(10431, 60, 27)
(10432, 61, 28)
(10435, 60, 27)
(10438, 61, 28)
(10441, 63, 29)
(10443, 60, 27)
(10444, 61, 28)
(10450, 63, 29)
(10453, 61, 28)
(20907/2, 60, 27)
(10454, 61, 28)
(20909/2, 64, 30)
(10455, 63, 29)
(20911/2, 61, 28)
(10456, 59, 27)
(20913/2, 57, 26)
(10457, 56, 25)
(20915/2, 59, 27)
(10458, 59, 27)
(20917/2, 56, 25)
(10459, 57, 26)
(10459, 66, 31)
(10459, 69, 33)
(10460, 57, 26)
(20921/2, 57, 26)
(10461, 57, 26)
(20923/2, 57, 26)
(10462, 57, 26)
(10462, 66, 31)
(10462, 69, 33)
(10463, 57, 26)
(20927/2, 57, 26)
(10464, 57, 26)
(20929/2, 57, 26)
(10465, 57, 26)
(20937/2, 64, 30)
(10469, 63, 29)
(20939/2, 64, 30)
(10470, 64, 30)
(20941/2, 66, 31)
(10471, 66, 31)
(20943/2, 70, 33)
(10472, 71, 34)
(20945/2, 73, 35)
(10473, 66, 31)
(20947/2, 71, 34)
(10474, 76, 37)
(20949/2, 76, 37)
(10475, 73, 35)
(20951/2, 71, 34)
(10476, 69, 33)
(10477, 68, 32)
(20955/2, 69, 33)
(10478, 68, 32)
(20957/2, 69, 33)
(10479, 64, 30)
(20959/2, 64, 30)
(10480, 64, 30)
(20961/2, 63, 29)
(10481, 61, 28)
(20963/2, 61, 28)
(10482, 63, 29)
(20965/2, 61, 28)
(10483, 62, 29)
(10483, 73, 35)
(10484, 62, 29)
(20969/2, 62, 29)
(10485, 62, 29)
(20971/2, 62, 29)
(10486, 63, 29)
(41947/4, 63, 29)
(20975/2, 63, 29)
(41953/4, 63, 29)
(10489, 62, 29)
(10489, 69, 33)
(41959/4, 62, 29)
(10495, 61, 28)
(10495, 73, 35)
(10495, 80, 39)
(20991/2, 61, 28)
(20991/2, 73, 35)
(10496, 61, 28)
(10496, 73, 35)
(20993/2, 61, 28)
(20993/2, 73, 35)
(10497, 61, 28)
(10497, 73, 35)
(10498, 61, 28)
(10498, 73, 35)
(10501, 61, 28)
(10501, 73, 35)
(21003/2, 61, 28)
(21003/2, 73, 35)
(10502, 61, 28)
(10502, 73, 35)
(21005/2, 61, 28)
(21005/2, 73, 35)
(10503, 61, 28)
(10503, 73, 35)
(10504, 61, 28)
(10504, 73, 35)
(10507, 61, 28)
(10507, 73, 35)
(42029/4, 61, 28)
(42029/4, 73, 35)
(10510, 61, 28)
(10510, 73, 35)
(42041/4, 61, 28)
(42041/4, 73, 35)
(10513, 71, 34)
(42053/4, 71, 34)
(42059/4, 71, 34)
(10516, 69, 33)
(21033/2, 69, 33)
(10517, 69, 33)
(21035/2, 69, 33)
(10518, 68, 32)
(21037/2, 68, 32)
(10519, 68, 32)
(21039/2, 68, 32)
(10520, 66, 31)
(21041/2, 66, 31)
(10521, 66, 31)
(21043/2, 66, 31)
(10522, 68, 32)
(21047/2, 66, 31)
(10524, 64, 30)
(21049/2, 66, 31)
(10525, 68, 32)
(21053/2, 66, 31)
(10527, 64, 30)
(21055/2, 66, 31)
(10528, 68, 32)
(21059/2, 66, 31)
(10530, 64, 30)
(21061/2, 66, 31)
(10531, 68, 32)
(21063/2, 66, 31)
(10532, 68, 32)
(21065/2, 64, 30)
(10533, 61, 28)
(21067/2, 70, 33)
(10534, 66, 31)
(10534, 69, 33)
(21071/2, 66, 31)
(21071/2, 69, 33)
(10536, 66, 31)
(10536, 69, 33)
(21073/2, 66, 31)
(21073/2, 69, 33)
(10537, 66, 31)
(10537, 69, 33)
(21077/2, 66, 31)
(21077/2, 69, 33)
(10539, 66, 31)
(10539, 69, 33)
(21079/2, 66, 31)
(21079/2, 69, 33)
(10540, 66, 31)
(10540, 69, 33)
(21083/2, 66, 31)
(10542, 66, 31)
(21085/2, 70, 33)
(10543, 71, 34)
(21087/2, 71, 34)
(10544, 71, 34)
(21089/2, 71, 34)
(10545, 71, 34)
(21091/2, 75, 36)
(10546, 76, 37)
(21095/2, 75, 36)
(10548, 71, 34)
(21097/2, 75, 36)
(10549, 76, 37)
(21101/2, 75, 36)
(10551, 71, 34)
(21103/2, 75, 36)
(10552, 76, 37)
(21105/2, 75, 36)
(10553, 71, 34)
(21107/2, 75, 36)
(10554, 76, 37)
(21109/2, 75, 36)
(10555, 71, 34)
(21111/2, 75, 36)
(10556, 76, 37)
(21113/2, 76, 37)
(10557, 76, 37)
(21115/2, 76, 37)
(10558, 66, 31)
(10558, 69, 33)
(21117/2, 66, 31)
(21117/2, 69, 33)
(10559, 66, 31)
(10559, 69, 33)
(21119/2, 66, 31)
(21119/2, 69, 33)
(10560, 66, 31)
(10560, 69, 33)
(10561, 66, 31)
(10561, 69, 33)
(10561, 76, 37)
(10561, 80, 39)
(10562, 66, 31)
(10562, 69, 33)
(21125/2, 66, 31)
(21125/2, 69, 33)
(10563, 66, 31)
(10563, 69, 33)
(21127/2, 66, 31)
(21127/2, 69, 33)
(10564, 66, 31)
(10564, 69, 33)
(21129/2, 66, 31)
(21129/2, 69, 33)
(10565, 66, 31)
(10565, 69, 33)
(21131/2, 66, 31)
(21131/2, 69, 33)
(10566, 66, 31)
(10566, 69, 33)
(21133/2, 66, 31)
(21133/2, 69, 33)
(10567, 66, 31)
(10567, 69, 33)
(21135/2, 66, 31)
(21135/2, 69, 33)
(10568, 66, 31)
(10568, 69, 33)
(21137/2, 66, 31)
(21137/2, 69, 33)
(10569, 66, 31)
(21139/2, 71, 34)
(10570, 76, 37)
(21141/2, 78, 38)
(10571, 74, 36)
(21143/2, 76, 37)
(10572, 73, 35)
(21145/2, 76, 37)
(10573, 72, 35)
(21147/2, 76, 37)
(10574, 72, 35)
(21149/2, 76, 37)
(10575, 71, 34)
(21151/2, 76, 37)
(10576, 71, 34)
(21153/2, 76, 37)
(10577, 70, 33)
(21155/2, 73, 35)
(10578, 70, 33)
(21157/2, 73, 35)
(10579, 69, 33)
(21159/2, 71, 34)
(10580, 69, 33)
(21161/2, 71, 34)
(10581, 69, 33)
(21163/2, 71, 34)
(10582, 80, 39)
(21165/2, 81, 40)
(10583, 83, 41)
(10584, 82, 40)
(10585, 78, 38)
(21171/2, 80, 39)
(10586, 81, 40)
(21173/2, 80, 39)
(10588, 76, 37)
(21177/2, 78, 38)
(10589, 79, 39)
(10590, 78, 38)
(10591, 75, 36)
(21183/2, 76, 37)
(10592, 78, 38)
(21185/2, 80, 39)
(10593, 81, 40)
(21187/2, 78, 38)
(10594, 83, 41)
(21189/2, 80, 39)
(10595, 78, 38)
(21191/2, 76, 37)
(10596, 75, 36)
(21193/2, 78, 38)
(10597, 77, 37)
(52987/5, 78, 38)
(52989/5, 80, 39)
(52991/5, 81, 40)
(52993/5, 78, 38)
(10600, 83, 41)
(21201/2, 81, 40)
(10601, 80, 39)
(21203/2, 78, 38)
(10602, 76, 37)
(21205/2, 75, 36)
(10603, 74, 36)
(21207/2, 71, 34)
(10604, 68, 32)
(21209/2, 64, 30)
(10605, 62, 29)
(21211/2, 59, 27)
(10606, 56, 25)
(10612, 61, 28)
(10618, 78, 38)
(10619, 81, 40)
(10620, 78, 38)
(10621, 75, 36)
(10622, 71, 34)
(10623, 66, 31)
(10624, 83, 41)
(21249/2, 81, 40)
(10625, 80, 39)
(21251/2, 78, 38)
(10626, 76, 37)
(21253/2, 75, 36)
(10627, 73, 35)
(21255/2, 71, 34)
(10628, 69, 33)
(21257/2, 68, 32)
(10629, 66, 31)
(21259/2, 64, 30)
(10630, 68, 32)
(21263/2, 68, 32)
(10632, 66, 31)
(21265/2, 64, 30)
(10633, 63, 29)
(21267/2, 64, 30)
(10634, 66, 31)
(10635, 71, 34)
(10636, 83, 41)
(21273/2, 81, 40)
(10637, 80, 39)
(21275/2, 78, 38)
(10638, 76, 37)
(21277/2, 75, 36)
(10639, 73, 35)
(21279/2, 71, 34)
(10640, 70, 33)
(21281/2, 68, 32)
(10641, 66, 31)
(21283/2, 64, 30)
(10642, 68, 32)
(10645, 59, 27)
(10648, 59, 27)
(10654, 59, 27)
(10657, 59, 27)
(10660, 59, 27)
(10660, 64, 30)
(10663, 63, 29)
(10669, 59, 27)
(10672, 59, 27)
(10674, 61, 28)
(10678, 61, 28)
(10681, 63, 29)
(10684, 61, 28)
(10684, 64, 30)
(10687, 61, 28)
(10687, 64, 30)
(10690, 59, 27)
(10690, 62, 29)
(10693, 61, 28)
(21387/2, 60, 27)
(10694, 61, 28)
(21389/2, 64, 30)
(10695, 63, 29)
(21391/2, 61, 28)
(10696, 59, 27)
(21393/2, 57, 26)
(10697, 56, 25)
(21395/2, 57, 26)
(10698, 57, 26)
(21397/2, 57, 26)
(10699, 56, 25)
(21401/2, 59, 27)
(10701, 59, 27)
(21403/2, 59, 27)
(10702, 59, 27)
(21407/2, 59, 27)
(10704, 59, 27)
(21409/2, 59, 27)
(10705, 59, 27)
(21413/2, 59, 27)
(10707, 59, 27)
(21415/2, 59, 27)
(10708, 59, 27)
(21419/2, 59, 27)
(10710, 59, 27)
(21421/2, 59, 27)
(10711, 64, 30)
(10712, 59, 27)
(10712, 66, 31)
(21425/2, 64, 30)
(10714, 68, 32)
(10714, 75, 36)
(10714, 78, 38)
(10715, 71, 34)
(10716, 66, 31)
(10716, 69, 33)
(10716, 76, 37)
(10717, 80, 39)
(10718, 71, 34)
(10720, 76, 37)
(42881/4, 80, 39)
(21443/2, 83, 41)
(10723, 88, 44)
(10726, 59, 27)
(10729, 59, 27)
(20000, 68, 32)
(80001/4, 68, 32)
(40001/2, 68, 32)
(80003/4, 68, 32)
(20001, 68, 32)
(40003/2, 73, 35)
(20002, 71, 34)
(40005/2, 69, 33)
(20003, 68, 32)
(40007/2, 66, 31)
(20004, 68, 32)
(40009/2, 66, 31)
(20005, 68, 32)
(20009, 54, 24)
(40019/2, 54, 24)
(20010, 52, 23)
(40021/2, 51, 22)
(20011, 52, 23)
(20012, 54, 24)
(40025/2, 54, 24)
(20013, 52, 23)
(40027/2, 51, 22)
(20014, 52, 23)
(20015, 63, 29)
(20016, 54, 24)
(40033/2, 52, 23)
(20017, 51, 22)
(40035/2, 52, 23)
(20018, 54, 24)
(40037/2, 56, 25)
(20019, 57, 26)
(40039/2, 59, 27)
(20020, 61, 28)
(40041/2, 64, 30)
(20021, 63, 29)
(40043/2, 64, 30)
(20022, 66, 31)
(40045/2, 68, 32)
(20023, 69, 33)
(40047/2, 71, 34)
(20024, 61, 28)
(20024, 68, 32)
(20025, 68, 32)
(40051/2, 73, 35)
(20026, 71, 34)
(40053/2, 69, 33)
(20027, 68, 32)
(40055/2, 66, 31)
(20028, 68, 32)
(40057/2, 66, 31)
(20029, 68, 32)
(20033, 54, 24)
(20033, 64, 30)
(20034, 54, 24)
(40069/2, 54, 24)
(20035, 54, 24)
(40071/2, 54, 24)
(20036, 54, 24)
(40073/2, 54, 24)
(20037, 54, 24)
(40075/2, 54, 24)
(20038, 54, 24)
(20039, 54, 24)
(20039, 64, 30)
(20040, 54, 24)
(40081/2, 52, 23)
(20041, 51, 22)
(40083/2, 52, 23)
(20042, 54, 24)
(40085/2, 56, 25)
(20043, 57, 26)
(40087/2, 57, 26)
(20044, 59, 27)
(40089/2, 63, 29)
(20045, 64, 30)
(40093/2, 64, 30)
(20047, 64, 30)
(40095/2, 64, 30)
(20048, 66, 31)
(40097/2, 66, 31)
(20049, 66, 31)
(40099/2, 68, 32)
(20050, 64, 30)
(40101/2, 64, 30)
(20051, 63, 29)
(40105/2, 63, 29)
(20053, 64, 30)
(40107/2, 64, 30)
(20054, 66, 31)
(40109/2, 66, 31)
(20055, 66, 31)
(40111/2, 68, 32)
(20056, 64, 30)
(40113/2, 64, 30)
(20057, 63, 29)
(80231/4, 63, 29)
(80233/4, 64, 30)
(80235/4, 64, 30)
(20060, 63, 29)
(80243/4, 68, 32)
(80245/4, 68, 32)
(80247/4, 64, 30)
(20063, 61, 28)
(80255/4, 66, 31)
(80257/4, 66, 31)
(80259/4, 63, 29)
(20066, 59, 27)
(40133/2, 64, 30)
(20067, 61, 28)
(40135/2, 64, 30)
(20068, 58, 26)
(40137/2, 63, 29)
(20069, 59, 27)
(40139/2, 63, 29)
(20070, 56, 25)
(40141/2, 61, 28)
(20071, 61, 28)
(40143/2, 58, 26)
(20072, 59, 27)
(40147/2, 58, 26)
(20074, 54, 24)
(40149/2, 58, 26)
(20075, 59, 27)
(40153/2, 58, 26)
(20077, 54, 24)
(40155/2, 58, 26)
(20078, 59, 27)
(40159/2, 58, 26)
(20080, 54, 24)
(40161/2, 58, 26)
(20081, 59, 27)
(20084, 66, 31)
(80337/4, 66, 31)
(80339/4, 61, 28)
(80341/4, 58, 26)
(80343/4, 61, 28)
(20087, 66, 31)
(40175/2, 66, 31)
(20088, 61, 28)
(40177/2, 58, 26)
(20089, 61, 28)
(20090, 66, 31)
(80361/4, 66, 31)
(80363/4, 61, 28)
(80365/4, 58, 26)
(80367/4, 61, 28)
(20093, 66, 31)
(40187/2, 68, 32)
(20094, 70, 33)
(40189/2, 71, 34)
(20095, 73, 35)
(40191/2, 66, 31)
(20096, 71, 34)
(40195/2, 70, 33)
(20098, 66, 31)
(40197/2, 70, 33)
(20099, 71, 34)
(40201/2, 70, 33)
(20101, 66, 31)
(40203/2, 70, 33)
(20102, 71, 34)
(40207/2, 70, 33)
(20104, 66, 31)
(40209/2, 70, 33)
(20105, 71, 34)
(20108, 56, 25)
(20108, 66, 31)
(40217/2, 66, 31)
(20109, 61, 28)
(40219/2, 58, 26)
(20110, 61, 28)
(20111, 57, 26)
(20111, 66, 31)
(20112, 66, 31)
(40225/2, 61, 28)
(20113, 58, 26)
(40227/2, 61, 28)
(20114, 66, 31)
(40229/2, 61, 28)
(20115, 58, 26)
(40231/2, 61, 28)
(20116, 66, 31)
(40233/2, 61, 28)
(20117, 57, 26)
(40235/2, 61, 28)
(20118, 66, 31)
(40237/2, 61, 28)
(20119, 57, 26)
(40239/2, 66, 31)
(20120, 71, 34)
(40241/2, 73, 35)
(20121, 69, 33)
(40243/2, 71, 34)
(20122, 68, 32)
(40245/2, 71, 34)
(20123, 67, 32)
(40247/2, 71, 34)
(20124, 67, 32)
(40249/2, 71, 34)
(20125, 66, 31)
(40251/2, 71, 34)
(20126, 66, 31)
(40253/2, 71, 34)
(20127, 65, 30)
(40255/2, 68, 32)
(20128, 65, 30)
(40257/2, 68, 32)
(20129, 64, 30)
(40259/2, 66, 31)
(20130, 64, 30)
(40261/2, 66, 31)
(20131, 64, 30)
(40263/2, 66, 31)
(20132, 63, 29)
(20134, 71, 34)
(20135, 70, 33)
(20137, 71, 34)
(20140, 71, 34)
(20141, 66, 31)
(40283/2, 66, 31)
(20142, 64, 30)
(40285/2, 66, 31)
(20143, 64, 30)
(40287/2, 66, 31)
(20144, 63, 29)
(40289/2, 66, 31)
(20145, 64, 30)
(40291/2, 66, 31)
(20146, 64, 30)
(40293/2, 66, 31)
(20147, 63, 29)
(40295/2, 66, 31)
(20148, 64, 30)
(40297/2, 66, 31)
(20149, 64, 30)
(40299/2, 66, 31)
(20150, 63, 29)
(20156, 57, 26)
(20156, 68, 32)
(40313/2, 68, 32)
(20157, 73, 35)
(40315/2, 71, 34)
(20158, 69, 33)
(20159, 68, 32)
(40319/2, 66, 31)
(20160, 68, 32)
(40321/2, 66, 31)
(20161, 68, 32)
(20165, 54, 24)
(40331/2, 54, 24)
(20166, 52, 23)
(40333/2, 51, 22)
(20167, 52, 23)
(20168, 54, 24)
(80673/4, 54, 24)
(80675/4, 52, 23)
(80677/4, 51, 22)
(80679/4, 52, 23)
(20171, 54, 24)
(20171, 61, 28)
(20171, 64, 30)
(20172, 54, 24)
(40345/2, 52, 23)
(20173, 51, 22)
(40347/2, 52, 23)
(20174, 54, 24)
(40349/2, 57, 26)
(20175, 59, 27)
(40351/2, 61, 28)
(20176, 64, 30)
(20177, 63, 29)
(40355/2, 64, 30)
(20178, 66, 31)
(40357/2, 68, 32)
(20179, 69, 33)
(40359/2, 71, 34)
(20180, 68, 32)
(80721/4, 68, 32)
(80723/4, 69, 33)
(80725/4, 71, 34)
(80727/4, 69, 33)
(20183, 71, 34)
(40367/2, 69, 33)
(20184, 68, 32)
(40369/2, 64, 30)
(20185, 61, 28)
(40371/2, 64, 30)
(20186, 66, 31)
(40373/2, 59, 27)
(20187, 57, 26)
(40375/2, 56, 25)
(20188, 57, 26)
(40377/2, 54, 24)
(20189, 61, 28)
(40379/2, 61, 28)
(20190, 65, 30)
(20192, 54, 24)
(20193, 54, 24)
(40387/2, 54, 24)
(20194, 54, 24)
(40389/2, 54, 24)
(20195, 54, 24)
(20198, 54, 24)
(80793/4, 54, 24)
(80795/4, 54, 24)
(80797/4, 54, 24)
(80799/4, 54, 24)
(20201, 54, 24)
(20204, 49, 21)
(20204, 61, 28)
(80817/4, 49, 21)
(80817/4, 61, 28)
(80819/4, 49, 21)
(80819/4, 61, 28)
(80821/4, 49, 21)
(80821/4, 61, 28)
(80823/4, 49, 21)
(80823/4, 61, 28)
(20207, 49, 21)
(20207, 61, 28)
(20210, 49, 21)
(20210, 61, 28)
(80841/4, 49, 21)
(80841/4, 61, 28)
(80843/4, 49, 21)
(80843/4, 61, 28)
(80845/4, 49, 21)
(80845/4, 61, 28)
(80847/4, 49, 21)
(80847/4, 61, 28)
(20213, 49, 21)
(20213, 61, 28)
(40427/2, 61, 28)
(20214, 51, 22)
(40429/2, 61, 28)
(20215, 53, 23)
(40431/2, 61, 28)
(20216, 54, 24)
(40435/2, 73, 35)
(20218, 69, 33)
(40437/2, 68, 32)
(20219, 68, 32)
(20219, 66, 31)
(40439/2, 65, 30)
(20220, 66, 31)
(40441/2, 61, 28)
(20221, 66, 31)
(40443/2, 68, 32)
(20222, 69, 33)
(40447/2, 61, 28)
(20224, 66, 31)
(40449/2, 68, 32)
(20225, 69, 33)
(40453/2, 57, 26)
(20227, 57, 26)
(40455/2, 57, 26)
(20228, 56, 25)
(20234, 68, 32)
(80937/4, 68, 32)
(80939/4, 66, 31)
(80941/4, 64, 30)
(80943/4, 63, 29)
(20237, 64, 30)
(40475/2, 63, 29)
(20238, 61, 28)
(40477/2, 59, 27)
(20239, 57, 26)
(40479/2, 56, 25)
(20240, 54, 24)
(20246, 73, 35)
(40493/2, 73, 35)
(20247, 71, 34)
(40495/2, 69, 33)
(20248, 68, 32)
(20249, 66, 31)
(40499/2, 64, 30)
(20250, 66, 31)
(40501/2, 62, 29)
(20251, 64, 30)
(40503/2, 66, 31)
(20252, 68, 32)
(40505/2, 69, 33)
(20253, 71, 34)
(40507/2, 68, 32)
(20254, 69, 33)
(40509/2, 71, 34)
(20255, 73, 35)
(20258, 63, 29)
(20258, 64, 30)
(20258, 76, 37)
(20259, 76, 37)
(40519/2, 75, 36)
(20260, 73, 35)
(40521/2, 71, 34)
(20261, 69, 33)
(40523/2, 68, 32)
(20262, 69, 33)
(40525/2, 68, 32)
(20263, 66, 31)
(40527/2, 61, 28)
(40527/2, 63, 29)
(40527/2, 64, 30)
(20264, 59, 27)
(20265, 71, 34)
(40531/2, 76, 37)
(20266, 75, 36)
(40533/2, 73, 35)
(20267, 71, 34)
(40535/2, 69, 33)
(20268, 71, 34)
(40537/2, 69, 33)
(20269, 68, 32)
(40539/2, 65, 30)
(20270, 66, 31)
(40543/2, 56, 25)
(20272, 57, 26)
(40545/2, 59, 27)
(20273, 57, 26)
(40547/2, 59, 27)
(20274, 61, 28)
(20275, 51, 22)
(20276, 56, 25)
(20279, 54, 24)
(20281, 54, 24)
(20282, 56, 25)
(20285, 54, 24)
(20287, 51, 22)
(20288, 56, 25)
(20288, 63, 29)
(40579/2, 56, 25)
(20290, 57, 26)
(81161/4, 59, 27)
(40581/2, 61, 28)
(20291, 62, 29)
(40583/2, 64, 30)
(20292, 62, 29)
(40585/2, 61, 28)
(20293, 59, 27)
(40587/2, 57, 26)
(20294, 56, 25)
(40589/2, 63, 29)
(20295, 56, 25)
(40591/2, 57, 26)
(20296, 59, 27)
(40593/2, 61, 28)
(20297, 62, 29)
(40595/2, 64, 30)
(20298, 62, 29)
(40597/2, 61, 28)
(20299, 59, 27)
(40599/2, 57, 26)
(20300, 56, 25)
(81205/4, 62, 29)
(40603/2, 61, 28)
(20304, 64, 30)
(81217/4, 62, 29)
(20307, 64, 30)
(81229/4, 64, 30)
(20310, 66, 31)
(81241/4, 66, 31)
(20312, 68, 32)
(81249/4, 68, 32)
(81251/4, 68, 32)
(81253/4, 68, 32)
(81255/4, 68, 32)
(20315, 68, 32)
(40631/2, 68, 32)
(20316, 68, 32)
(40633/2, 73, 35)
(20317, 73, 35)
(40635/2, 73, 35)
(20318, 73, 35)
(81273/4, 73, 35)
(81275/4, 68, 32)
(81277/4, 68, 32)
(81279/4, 66, 31)
(20321, 64, 30)
(40643/2, 66, 31)
(20322, 68, 32)
(40645/2, 61, 28)
(20323, 61, 28)
(40647/2, 61, 28)
(20324, 61, 28)
(162593/8, 61, 28)
(162597/8, 61, 28)
(162601/8, 61, 28)
(162605/8, 61, 28)
(20327, 61, 28)
(81309/4, 61, 28)
(81311/4, 61, 28)
(20328, 61, 28)
(40657/2, 61, 28)
(20330, 61, 28)
(20331, 56, 25)
(20331, 64, 30)
(20332, 61, 28)
(20334, 68, 32)
(81337/4, 73, 35)
(20337, 56, 25)
(20337, 63, 29)
(81351/4, 61, 28)
(20340, 57, 26)
(20340, 68, 32)
(20341, 73, 35)
(20342, 59, 27)
(20342, 64, 30)
(20344, 59, 27)
(20346, 61, 28)
(20346, 68, 32)
(20347, 71, 34)
(20349, 61, 28)
(81397/4, 64, 30)
(20352, 61, 28)
(81409/4, 64, 30)
(20355, 61, 28)
(81421/4, 64, 30)
(20358, 59, 27)
(81435/4, 64, 30)
(20361, 57, 26)
(81445/4, 64, 30)
(20364, 52, 23)
(20364, 59, 27)
(20364, 63, 29)
(20365, 61, 28)
(20367, 52, 23)
(20367, 59, 27)
(81471/4, 56, 25)
(20370, 54, 24)
(81483/4, 56, 25)
(20372, 52, 23)
(40747/2, 51, 22)
(20374, 49, 21)
(40749/2, 51, 22)
(20375, 52, 23)
(40753/2, 51, 22)
(20377, 49, 21)
(40755/2, 51, 22)
(20378, 52, 23)
(20379, 53, 23)
(20380, 54, 24)
(20381, 59, 27)
(20382, 57, 26)
(20383, 56, 25)
(20384, 54, 24)
(40771/2, 68, 32)
(20386, 66, 31)
(40773/2, 68, 32)
(20387, 69, 33)
(40777/2, 68, 32)
(20389, 66, 31)
(40779/2, 68, 32)
(20390, 69, 33)
(20391, 63, 29)
(20392, 64, 30)
(20393, 66, 31)
(20394, 64, 30)
(20395, 63, 29)
(20396, 61, 28)
(81585/4, 61, 28)
(81587/4, 56, 25)
(81589/4, 52, 23)
(81591/4, 56, 25)
(20399, 61, 28)
(81597/4, 61, 28)
(81599/4, 56, 25)
(81601/4, 52, 23)
(81603/4, 56, 25)
(20402, 61, 28)
(20403, 62, 29)
(20404, 61, 28)
(20405, 59, 27)
(40811/2, 57, 26)
(40813/2, 56, 25)
(20408, 57, 26)
(40819/2, 56, 25)
(20410, 54, 24)
(40821/2, 56, 25)
(20411, 57, 26)
(20413, 56, 25)
(20414, 54, 24)
(20415, 48, 20)
(20416, 49, 21)
(20417, 57, 26)
(20418, 56, 25)
(20421, 68, 32)
(20422, 68, 32)
(20423, 68, 32)
(81695/4, 69, 33)
(20424, 68, 32)
(20425, 68, 32)
(20426, 68, 32)
(20426, 73, 35)
(20429, 72, 34)
(20430, 68, 32)
(20431, 66, 31)
(20432, 64, 30)
(20433, 68, 32)
(20434, 68, 32)
(20435, 68, 32)
(40871/2, 69, 33)
(20436, 68, 32)
(20437, 68, 32)
(20438, 68, 32)
(20440, 73, 35)
(20441, 72, 34)
(20442, 68, 32)
(20443, 66, 31)
(20444, 64, 30)
(20447, 68, 32)
(20453, 69, 33)
(20455, 64, 30)
(20457, 59, 27)
(40915/2, 57, 26)
(20458, 56, 25)
(40917/2, 59, 27)
(20459, 54, 24)
(20462, 54, 24)
(40925/2, 54, 24)
(20465, 54, 24)
(40931/2, 54, 24)
(20466, 52, 23)
(40933/2, 51, 22)
(20467, 52, 23)
(20468, 54, 24)
(40937/2, 56, 25)
(20469, 57, 26)
(40939/2, 59, 27)
(20470, 61, 28)
(40941/2, 64, 30)
(20471, 63, 29)
(40943/2, 64, 30)
(20472, 66, 31)
(40945/2, 68, 32)
(20473, 69, 33)
(40947/2, 71, 34)
(20474, 57, 26)
(20474, 68, 32)
(20475, 68, 32)
(40951/2, 66, 31)
(20476, 68, 32)
(40953/2, 63, 29)
(20477, 64, 30)
(40955/2, 66, 31)
(20478, 64, 30)
(40957/2, 64, 30)
(20479, 64, 30)
(40959/2, 64, 30)
(20480, 64, 30)
(20483, 59, 27)
(81933/4, 59, 27)
(81935/4, 59, 27)
(81937/4, 59, 27)
(81939/4, 59, 27)
(20486, 59, 27)
(40973/2, 59, 27)
(20487, 59, 27)
(40975/2, 59, 27)
(20488, 59, 27)
(20489, 59, 27)
(40979/2, 59, 27)
(20490, 57, 26)
(40981/2, 56, 25)
(20491, 57, 26)
(20492, 59, 27)
(40985/2, 61, 28)
(20493, 62, 29)
(40987/2, 68, 32)
(20494, 69, 33)
(40989/2, 68, 32)
(20495, 69, 33)
(40993/2, 73, 35)
(20497, 73, 35)
(40995/2, 73, 35)
(20498, 71, 34)
(40997/2, 71, 34)
(20499, 71, 34)
(40999/2, 71, 34)
(20500, 69, 33)
(41001/2, 69, 33)
(20501, 68, 32)
(41005/2, 68, 32)
(20503, 69, 33)
(41007/2, 69, 33)
(20504, 71, 34)
(41009/2, 71, 34)
(20505, 71, 34)
(41011/2, 71, 34)
(20506, 69, 33)
(41013/2, 69, 33)
(20507, 68, 32)
(82031/4, 68, 32)
(82033/4, 69, 33)
(82035/4, 69, 33)
(20510, 68, 32)
(41023/2, 68, 32)
(20512, 69, 33)
(41025/2, 69, 33)
(20513, 66, 31)
(41029/2, 66, 31)
(20515, 68, 32)
(41031/2, 68, 32)
(20516, 64, 30)
(41033/2, 69, 33)
(20517, 66, 31)
(41035/2, 69, 33)
(20518, 63, 29)
(41037/2, 68, 32)
(20519, 64, 30)
(41039/2, 68, 32)
(20520, 61, 28)
(41041/2, 66, 31)
(20521, 59, 27)
(41043/2, 63, 29)
(20522, 64, 30)
(82091/4, 63, 29)
(82093/4, 59, 27)
(82095/4, 63, 29)
(20525, 64, 30)
(41053/2, 63, 29)
(20527, 59, 27)
(41055/2, 63, 29)
(20528, 64, 30)
(41059/2, 63, 29)
(20530, 59, 27)
(41061/2, 63, 29)
(20531, 64, 30)
(20534, 59, 27)
(20534, 66, 31)
(41069/2, 59, 27)
(20535, 54, 24)
(41071/2, 51, 22)
(20536, 54, 24)
(20537, 59, 27)
(41075/2, 59, 27)
(20538, 54, 24)
(41077/2, 51, 22)
(20539, 54, 24)
(20540, 59, 27)
(41081/2, 59, 27)
(20541, 54, 24)
(41083/2, 51, 22)
(20542, 54, 24)
(20543, 59, 27)
(41087/2, 61, 28)
(20544, 63, 29)
(41089/2, 64, 30)
(20545, 66, 31)
(41091/2, 69, 33)
(20546, 68, 32)
(41095/2, 66, 31)
(20548, 64, 30)
(41097/2, 66, 31)
(20549, 68, 32)
(41101/2, 66, 31)
(20551, 64, 30)
(41103/2, 66, 31)
(20552, 68, 32)
(41105/2, 66, 31)
(20553, 64, 30)
(41107/2, 66, 31)
(20554, 68, 32)
(41109/2, 66, 31)
(20555, 64, 30)
(41111/2, 66, 31)
(20556, 68, 32)
(41113/2, 68, 32)
(20557, 66, 31)
(41115/2, 73, 35)
(20558, 71, 34)
(82233/4, 71, 34)
(82235/4, 66, 31)
(82237/4, 63, 29)
(82239/4, 66, 31)
(20561, 71, 34)
(82245/4, 71, 34)
(82247/4, 66, 31)
(82249/4, 63, 29)
(82251/4, 66, 31)
(20564, 71, 34)
(41129/2, 66, 31)
(20565, 63, 29)
(41131/2, 66, 31)
(20566, 71, 34)
(41133/2, 66, 31)
(20567, 63, 29)
(41135/2, 66, 31)
(20568, 71, 34)
(41137/2, 66, 31)
(20569, 63, 29)
(41139/2, 66, 31)
(20570, 64, 30)
(20571, 52, 23)
(20573, 64, 30)
(20574, 52, 23)
(20576, 64, 30)
(20577, 52, 23)
(20579, 59, 27)
(41159/2, 63, 29)
(20580, 59, 27)
(41161/2, 63, 29)
(20581, 59, 27)
(41163/2, 63, 29)
(20582, 64, 30)
(41165/2, 66, 31)
(20583, 62, 29)
(41167/2, 64, 30)
(20584, 61, 28)
(41169/2, 64, 30)
(20585, 60, 28)
(41171/2, 64, 30)
(20586, 60, 28)
(41173/2, 64, 30)
(20587, 59, 27)
(41175/2, 64, 30)
(20588, 59, 27)
(41177/2, 64, 30)
(20589, 61, 28)
(41179/2, 59, 27)
(20590, 58, 26)
(41181/2, 61, 28)
(20591, 59, 27)
(41183/2, 69, 33)
(41183/2, 71, 34)
(20592, 69, 33)
(20592, 71, 34)
(41185/2, 69, 33)
(41185/2, 71, 34)
(20593, 69, 33)
(20593, 71, 34)
(41187/2, 69, 33)
(41187/2, 71, 34)
(20594, 68, 32)
(20594, 71, 34)
(20595, 69, 33)
(20595, 71, 34)
(41191/2, 69, 33)
(41191/2, 71, 34)
(20596, 69, 33)
(20596, 71, 34)
(41193/2, 69, 33)
(41193/2, 71, 34)
(20597, 69, 33)
(20597, 71, 34)
(41195/2, 69, 33)
(41195/2, 71, 34)
(20598, 69, 33)
(20598, 71, 34)
(41197/2, 69, 33)
(41197/2, 71, 34)
(20600, 68, 32)
(20600, 71, 34)
(20606, 59, 27)
(20612, 76, 37)
(41225/2, 75, 36)
(20613, 73, 35)
(41227/2, 71, 34)
(20614, 70, 33)
(41229/2, 67, 32)
(20615, 66, 31)
(41231/2, 64, 30)
(20616, 61, 28)
(41233/2, 58, 26)
(20617, 54, 24)
(41235/2, 52, 23)
(20618, 51, 22)
(20619, 54, 24)
(20620, 59, 27)
(20621, 66, 31)
(20622, 69, 33)
(20623, 75, 36)
(20624, 76, 37)
(20627, 66, 31)
(20627, 78, 38)
(20628, 78, 38)
(41257/2, 76, 37)
(20629, 75, 36)
(41259/2, 73, 35)
(20630, 71, 34)
(41263/2, 71, 34)
(20632, 71, 34)
(41265/2, 71, 34)
(20633, 71, 34)
(41267/2, 71, 34)
(20634, 71, 34)
(41269/2, 69, 33)
(20635, 68, 32)
(41271/2, 66, 31)
(20636, 64, 30)
(20639, 57, 26)
(20639, 66, 31)
(20640, 66, 31)
(41281/2, 64, 30)
(20641, 63, 29)
(41283/2, 61, 28)
(20642, 59, 27)
(20649, 71, 34)
(20650, 71, 34)
(20651, 71, 34)
(82607/4, 73, 35)
(20652, 71, 34)
(20653, 71, 34)
(20654, 71, 34)
(20656, 76, 37)
(20657, 75, 36)
(20658, 71, 34)
(20659, 69, 33)
(20660, 68, 32)
(20661, 71, 34)
(20662, 71, 34)
(20663, 71, 34)
(82655/4, 73, 35)
(20664, 71, 34)
(20665, 71, 34)
(20666, 71, 34)
(20668, 76, 37)
(20669, 75, 36)
(20670, 71, 34)
(20671, 69, 33)
(20672, 68, 32)
(20673, 68, 32)
(20674, 68, 32)
(20675, 68, 32)
(82703/4, 69, 33)
(20676, 68, 32)
(20677, 68, 32)
(20678, 68, 32)
(20680, 73, 35)
(20681, 68, 32)
(82727/4, 69, 33)
(20682, 68, 32)
(20683, 68, 32)
(20684, 68, 32)
(20687, 73, 35)
(20689, 68, 32)
(20690, 68, 32)
(20693, 69, 33)
(20695, 64, 30)
(20696, 64, 30)
(41395/2, 59, 27)
(20698, 59, 27)
(41397/2, 59, 27)
(20699, 59, 27)
(41401/2, 54, 24)
(20701, 52, 23)
(41403/2, 54, 24)
(20702, 56, 25)
(41407/2, 54, 24)
(20704, 52, 23)
(41409/2, 54, 24)
(20705, 56, 25)
(41413/2, 54, 24)
(20707, 52, 23)
(41415/2, 54, 24)
(20708, 56, 25)
(41419/2, 54, 24)
(20710, 52, 23)
(41421/2, 54, 24)
(20711, 56, 25)
(41425/2, 56, 25)
(41425/2, 59, 27)
(20713, 56, 25)
(20713, 59, 27)
(41427/2, 56, 25)
(41427/2, 59, 27)
(20714, 56, 25)
(20714, 59, 27)
(41429/2, 56, 25)
(41429/2, 59, 27)
(20715, 56, 25)
(20715, 59, 27)
(41431/2, 56, 25)
(41431/2, 59, 27)
(20716, 56, 25)
(20716, 59, 27)
(41433/2, 56, 25)
(41433/2, 59, 27)
(20717, 56, 25)
(20717, 59, 27)
(41435/2, 56, 25)
(41435/2, 59, 27)
(20718, 56, 25)
(20718, 59, 27)
(41437/2, 56, 25)
(41437/2, 59, 27)
(20719, 56, 25)
(20719, 59, 27)
(41439/2, 56, 25)
(41439/2, 59, 27)
(20720, 56, 25)
(20720, 59, 27)
(41441/2, 56, 25)
(41441/2, 59, 27)
(20721, 56, 25)
(20721, 59, 27)
(41443/2, 56, 25)
(41443/2, 59, 27)
(20722, 56, 25)
(20722, 59, 27)
(41445/2, 56, 25)
(41445/2, 59, 27)
(20723, 56, 25)
(20723, 59, 27)
(20726, 57, 26)
(20729, 56, 25)
(30000, 64, 30)
(120001/4, 64, 30)
(60001/2, 64, 30)
(120003/4, 64, 30)
(30001, 64, 30)
(60003/2, 64, 30)
(30002, 64, 30)
(60005/2, 64, 30)
(30003, 64, 30)
(60007/2, 64, 30)
(30004, 64, 30)
(60009/2, 63, 29)
(30005, 64, 30)
(60011/2, 61, 28)
(30006, 59, 27)
(60013/2, 57, 26)
(30007, 56, 25)
(60015/2, 54, 24)
(30008, 56, 25)
(60017/2, 57, 26)
(30009, 47, 20)
(60021/2, 47, 20)
(30011, 47, 20)
(60023/2, 47, 20)
(30012, 47, 20)
(60027/2, 47, 20)
(30014, 47, 20)
(60029/2, 47, 20)
(30015, 47, 20)
(30024, 64, 30)
(120097/4, 64, 30)
(120099/4, 64, 30)
(120101/4, 64, 30)
(120103/4, 64, 30)
(30027, 64, 30)
(60055/2, 64, 30)
(30028, 64, 30)
(60057/2, 63, 29)
(30029, 64, 30)
(60059/2, 61, 28)
(30030, 59, 27)
(60061/2, 57, 26)
(30031, 56, 25)
(60063/2, 54, 24)
(30032, 56, 25)
(60065/2, 57, 26)
(30033, 47, 20)
(60069/2, 52, 23)
(30035, 51, 22)
(60071/2, 49, 21)
(30036, 47, 20)
(60075/2, 52, 23)
(30038, 51, 22)
(60077/2, 49, 21)
(30039, 47, 20)
(60093/2, 64, 30)
(30047, 64, 30)
(60095/2, 64, 30)
(30048, 63, 29)
(60097/2, 63, 29)
(30049, 63, 29)
(60099/2, 63, 29)
(30050, 61, 28)
(60101/2, 61, 28)
(30051, 60, 27)
(60105/2, 60, 27)
(30053, 61, 28)
(60107/2, 61, 28)
(30054, 63, 29)
(60109/2, 63, 29)
(30055, 63, 29)
(60111/2, 63, 29)
(30056, 61, 28)
(60113/2, 61, 28)
(30057, 60, 27)
(60117/2, 60, 27)
(30059, 61, 28)
(60119/2, 61, 28)
(30060, 57, 26)
(30060, 59, 27)
(60123/2, 59, 27)
(30062, 61, 28)
(60125/2, 61, 28)
(30063, 58, 26)
(60129/2, 58, 26)
(30065, 59, 27)
(60131/2, 59, 27)
(30066, 56, 25)
(60133/2, 56, 25)
(30067, 58, 26)
(60135/2, 58, 26)
(30068, 55, 24)
(60137/2, 55, 24)
(30069, 56, 25)
(30070, 52, 23)
(30071, 54, 24)
(30072, 47, 20)
(120289/4, 47, 20)
(120291/4, 42, 17)
(120293/4, 39, 15)
(120295/4, 42, 17)
(30075, 47, 20)
(120301/4, 47, 20)
(120303/4, 42, 17)
(120305/4, 39, 15)
(120307/4, 42, 17)
(30078, 47, 20)
(60157/2, 47, 20)
(30079, 42, 17)
(60159/2, 39, 15)
(30080, 42, 17)
(30081, 47, 20)
(60163/2, 42, 17)
(30082, 47, 20)
(60165/2, 44, 18)
(30083, 49, 21)
(30084, 42, 17)
(30086, 54, 24)
(30087, 42, 17)
(30089, 54, 24)
(30090, 42, 17)
(60189/2, 54, 24)
(30095, 58, 26)
(60191/2, 54, 24)
(30097, 59, 27)
(120389/4, 59, 27)
(120391/4, 54, 24)
(120393/4, 51, 22)
(30099, 59, 27)
(60199/2, 54, 24)
(30100, 51, 22)
(60201/2, 54, 24)
(30102, 59, 27)
(120409/4, 59, 27)
(120411/4, 54, 24)
(120413/4, 51, 22)
(120415/4, 54, 24)
(30105, 59, 27)
(60211/2, 54, 24)
(30106, 59, 27)
(60213/2, 56, 25)
(30107, 61, 28)
(60215/2, 49, 21)
(30108, 54, 24)
(30110, 42, 17)
(30111, 54, 24)
(30113, 42, 17)
(30114, 54, 24)
(30115, 42, 17)
(30116, 54, 24)
(30117, 42, 17)
(30118, 54, 24)
(30119, 42, 17)
(30120, 59, 27)
(30121, 47, 20)
(30123, 59, 27)
(30124, 47, 20)
(30126, 59, 27)
(30127, 47, 20)
(30129, 54, 24)
(60259/2, 58, 26)
(30130, 54, 24)
(60261/2, 58, 26)
(30131, 54, 24)
(60263/2, 58, 26)
(30132, 59, 27)
(60265/2, 61, 28)
(30133, 57, 26)
(60267/2, 59, 27)
(30134, 56, 25)
(60269/2, 59, 27)
(30135, 55, 25)
(60271/2, 59, 27)
(30136, 55, 25)
(60273/2, 59, 27)
(30137, 54, 24)
(60275/2, 59, 27)
(30138, 54, 24)
(60277/2, 59, 27)
(30139, 53, 23)
(60279/2, 56, 25)
(30140, 53, 23)
(60281/2, 56, 25)
(30141, 54, 24)
(60283/2, 54, 24)
(30142, 54, 24)
(60285/2, 54, 24)
(30143, 54, 24)
(60287/2, 54, 24)
(30144, 42, 17)
(60289/2, 54, 24)
(30145, 54, 24)
(60291/2, 54, 24)
(60293/2, 54, 24)
(30147, 42, 17)
(60295/2, 54, 24)
(30148, 54, 24)
(60297/2, 54, 24)
(30149, 54, 24)
(60299/2, 54, 24)
(30150, 66, 31)
(60301/2, 64, 30)
(30151, 63, 29)
(60303/2, 61, 28)
(30152, 59, 27)
(60305/2, 58, 26)
(30153, 57, 26)
(60307/2, 54, 24)
(30154, 51, 22)
(60309/2, 47, 20)
(30155, 45, 19)
(60311/2, 42, 17)
(30156, 40, 16)
(30157, 64, 30)
(60315/2, 64, 30)
(30158, 64, 30)
(30159, 64, 30)
(60319/2, 64, 30)
(30160, 64, 30)
(60321/2, 63, 29)
(30161, 64, 30)
(60323/2, 61, 28)
(30162, 59, 27)
(60325/2, 57, 26)
(30163, 56, 25)
(60327/2, 54, 24)
(30164, 56, 25)
(60329/2, 57, 26)
(30165, 47, 20)
(60333/2, 47, 20)
(30167, 47, 20)
(60335/2, 47, 20)
(30168, 47, 20)
(60339/2, 47, 20)
(30170, 47, 20)
(60341/2, 47, 20)
(30171, 47, 20)
(30180, 65, 30)
(120721/4, 65, 30)
(30185, 37, 14)
(30186, 38, 15)
(30189, 37, 14)
(60381/2, 51, 22)
(30191, 49, 21)
(60383/2, 47, 20)
(30192, 47, 20)
(30192, 46, 19)
(60385/2, 44, 18)
(30193, 46, 19)
(60387/2, 42, 17)
(30194, 47, 20)
(60389/2, 51, 22)
(30195, 54, 24)
(60393/2, 52, 23)
(30197, 49, 22)
(60395/2, 47, 20)
(30198, 47, 20)
(30198, 46, 19)
(60397/2, 44, 18)
(30199, 46, 19)
(60399/2, 42, 17)
(30200, 47, 20)
(60401/2, 51, 22)
(30201, 54, 24)
(60403/2, 52, 23)
(30202, 50, 22)
(60405/2, 54, 24)
(30203, 50, 22)
(60407/2, 54, 24)
(30204, 49, 21)
(60411/2, 45, 19)
(30206, 44, 18)
(60413/2, 42, 17)
(30207, 42, 17)
(30207, 40, 16)
(60415/2, 39, 15)
(30208, 40, 16)
(60417/2, 37, 14)
(30209, 42, 17)
(60419/2, 45, 19)
(30210, 49, 21)
(30211, 47, 20)
(30212, 45, 19)
(60425/2, 42, 17)
(30213, 40, 16)
(60427/2, 44, 18)
(30214, 42, 17)
(60429/2, 45, 19)
(30215, 44, 18)
(60431/2, 47, 20)
(30216, 45, 19)
(60435/2, 61, 28)
(30218, 57, 26)
(60437/2, 56, 25)
(30219, 56, 25)
(30219, 54, 24)
(60439/2, 53, 23)
(30220, 54, 24)
(60441/2, 49, 21)
(30221, 54, 24)
(60443/2, 56, 25)
(30222, 57, 26)
(60447/2, 49, 21)
(30224, 54, 24)
(60449/2, 56, 25)
(30225, 57, 26)
(60453/2, 45, 19)
(30227, 45, 19)
(60455/2, 45, 19)
(30228, 44, 18)
(30240, 51, 22)
(30240, 54, 24)
(30240, 61, 28)
(30241, 61, 28)
(60483/2, 59, 27)
(30242, 57, 26)
(60485/2, 56, 25)
(30243, 57, 26)
(60487/2, 56, 25)
(30244, 54, 24)
(60489/2, 50, 22)
(30245, 47, 20)
(60491/2, 49, 21)
(30246, 45, 19)
(60493/2, 47, 20)
(30247, 45, 19)
(60495/2, 44, 18)
(30248, 42, 17)
(60497/2, 45, 19)
(30249, 47, 20)
(60499/2, 49, 21)
(30250, 49, 22)
(60501/2, 47, 20)
(30251, 49, 21)
(60503/2, 49, 22)
(30252, 52, 23)
(60505/2, 54, 24)
(30253, 56, 25)
(60507/2, 52, 23)
(30254, 54, 24)
(60509/2, 56, 25)
(30255, 57, 26)
(60511/2, 59, 27)
(30256, 61, 28)
(60513/2, 62, 29)
(30257, 64, 30)
(60515/2, 68, 32)
(30258, 69, 33)
(30259, 49, 21)
(30260, 61, 28)
(30261, 61, 28)
(30262, 59, 27)
(30263, 57, 26)
(30264, 56, 25)
(30265, 50, 22)
(30266, 62, 29)
(30267, 62, 29)
(30268, 61, 28)
(60539/2, 59, 27)
(30270, 57, 26)
(60543/2, 53, 23)
(30272, 54, 24)
(60545/2, 56, 25)
(30273, 54, 24)
(60547/2, 56, 25)
(30274, 57, 26)
(30275, 39, 15)
(30276, 44, 18)
(30279, 42, 17)
(30281, 42, 17)
(30282, 44, 18)
(30285, 42, 17)
(30286, 54, 24)
(30288, 53, 23)
(121153/4, 53, 23)
(121155/4, 54, 24)
(121157/4, 56, 25)
(121159/4, 57, 26)
(30291, 59, 27)
(60583/2, 61, 28)
(30292, 59, 27)
(60585/2, 57, 26)
(30293, 56, 25)
(60587/2, 54, 24)
(30294, 53, 23)
(121177/4, 53, 23)
(121179/4, 54, 24)
(121181/4, 56, 25)
(121183/4, 57, 26)
(30297, 59, 27)
(60595/2, 61, 28)
(30298, 59, 27)
(60597/2, 57, 26)
(30299, 56, 25)
(60599/2, 54, 24)
(30300, 53, 23)
(121201/4, 53, 23)
(121205/4, 54, 24)
(30303, 54, 24)
(121213/4, 54, 24)
(121217/4, 56, 25)
(30306, 47, 20)
(30306, 56, 25)
(30307, 56, 25)
(30308, 57, 26)
(30309, 47, 20)
(30309, 58, 26)
(121239/4, 58, 26)
(30311, 59, 27)
(30312, 60, 27)
(121249/4, 60, 27)
(121251/4, 60, 27)
(121253/4, 60, 27)
(121255/4, 60, 27)
(30315, 61, 28)
(60631/2, 63, 29)
(30316, 64, 30)
(60633/2, 54, 24)
(30317, 56, 25)
(60635/2, 57, 26)
(30318, 56, 25)
(121273/4, 56, 25)
(121275/4, 48, 20)
(121277/4, 49, 21)
(121279/4, 48, 20)
(30321, 49, 21)
(60643/2, 51, 22)
(30322, 51, 23)
(60645/2, 42, 17)
(30323, 44, 18)
(60647/2, 45, 19)
(30324, 44, 18)
(30324, 51, 22)
(60649/2, 44, 18)
(30325, 45, 19)
(60651/2, 44, 18)
(30326, 42, 17)
(30327, 44, 18)
(121309/4, 44, 18)
(121311/4, 45, 19)
(121313/4, 44, 18)
(121315/4, 42, 17)
(30330, 44, 18)
(30330, 54, 24)
(30331, 56, 25)
(30333, 64, 30)
(121333/4, 68, 32)
(30336, 44, 18)
(121345/4, 56, 25)
(30339, 64, 30)
(121357/4, 68, 32)
(30342, 44, 18)
(30342, 54, 24)
(30343, 56, 25)
(30345, 64, 30)
(30346, 68, 32)
(30348, 45, 19)
(121393/4, 57, 26)
(30351, 42, 17)
(30351, 49, 21)
(30351, 52, 23)
(30352, 55, 24)
(30354, 44, 18)
(60709/2, 56, 25)
(60711/2, 54, 24)
(30357, 44, 18)
(30357, 51, 22)
(30357, 54, 24)
(30358, 56, 25)
(30360, 45, 19)
(30360, 52, 23)
(30360, 56, 25)
(30361, 57, 26)
(30363, 55, 24)
(30366, 44, 18)
(30366, 54, 24)
(30367, 44, 18)
(30369, 44, 18)
(30369, 51, 22)
(121479/4, 44, 18)
(30372, 49, 21)
(60745/2, 49, 21)
(30373, 44, 18)
(60747/2, 40, 16)
(30374, 44, 18)
(30375, 49, 21)
(60751/2, 49, 21)
(30376, 44, 18)
(60753/2, 40, 16)
(30377, 44, 18)
(30378, 49, 21)
(30379, 44, 18)
(30380, 45, 19)
(30381, 47, 20)
(30382, 49, 21)
(30383, 37, 14)
(30384, 42, 17)
(30391, 48, 20)
(30392, 49, 21)
(30393, 54, 24)
(30394, 56, 25)
(30395, 44, 18)
(30396, 49, 21)
(30399, 47, 20)
(30402, 45, 19)
(30405, 47, 20)
(30406, 49, 21)
(30407, 37, 14)
(30408, 42, 17)
(30412, 42, 17)
(30413, 40, 16)
(30414, 39, 15)
(30417, 42, 17)
(30418, 44, 18)
(30420, 49, 21)
(30421, 44, 18)
(30422, 49, 21)
(30423, 51, 22)
(30424, 44, 18)
(30426, 52, 23)
(30427, 51, 22)
(30428, 49, 21)
(30429, 44, 18)
(30433, 44, 18)
(30434, 49, 21)
(30435, 51, 22)
(30436, 44, 18)
(30437, 51, 22)
(30438, 52, 23)
(30439, 51, 22)
(30440, 49, 21)
(30441, 44, 18)
(30444, 49, 21)
(30450, 40, 16)
(121801/4, 40, 16)
(60901/2, 40, 16)
(121803/4, 40, 16)
(30451, 40, 16)
(30453, 45, 19)
(121815/4, 45, 19)
(30456, 47, 20)
(243651/8, 47, 20)
(30459, 47, 20)
(60921/2, 52, 23)
(30461, 51, 22)
(60923/2, 49, 21)
(30462, 47, 20)
(60927/2, 52, 23)
(30464, 51, 22)
(60929/2, 49, 21)
(30465, 47, 20)
(60943/2, 67, 32)
(30472, 66, 31)
(60945/2, 64, 30)
(30473, 63, 29)
(60947/2, 59, 27)
(30474, 64, 30)
(121897/4, 64, 30)
(121899/4, 63, 29)
(121901/4, 64, 30)
(121903/4, 60, 27)
(30477, 61, 28)
(60955/2, 60, 27)
(30478, 61, 28)
(60957/2, 57, 26)
(30479, 59, 27)
(60959/2, 61, 28)
(30480, 59, 27)
(60961/2, 56, 25)
(30481, 57, 26)
(60963/2, 45, 19)
(30482, 47, 20)
(60965/2, 49, 21)
(30483, 40, 16)
(60969/2, 45, 19)
(30485, 44, 18)
(60971/2, 42, 17)
(30486, 40, 16)
(60975/2, 45, 19)
(30488, 44, 18)
(60977/2, 42, 17)
(30489, 40, 16)
(60987/2, 63, 29)
(30494, 61, 28)
(60989/2, 64, 30)
(30495, 69, 33)
(60993/2, 69, 33)
(30497, 69, 33)
(60995/2, 69, 33)
(30498, 68, 32)
(60997/2, 68, 32)
(30499, 68, 32)
(60999/2, 68, 32)
(30500, 66, 31)
(61001/2, 66, 31)
(30501, 65, 30)
(61005/2, 65, 30)
(30503, 66, 31)
(61007/2, 66, 31)
(30504, 68, 32)
(61009/2, 68, 32)
(30505, 68, 32)
(61011/2, 68, 32)
(30506, 66, 31)
(61013/2, 66, 31)
(30507, 65, 30)
(61017/2, 65, 30)
(30509, 66, 31)
(61019/2, 66, 31)
(30510, 65, 30)
(61023/2, 65, 30)
(30512, 66, 31)
(61025/2, 66, 31)
(30513, 63, 29)
(61029/2, 63, 29)
(30515, 64, 30)
(61031/2, 64, 30)
(30516, 61, 28)
(61033/2, 61, 28)
(30517, 63, 29)
(61035/2, 63, 29)
(30518, 60, 27)
(61037/2, 60, 27)
(30519, 61, 28)
(30520, 58, 26)
(30521, 59, 27)
(30522, 42, 17)
(30522, 52, 23)
(61045/2, 52, 23)
(30523, 47, 20)
(61047/2, 44, 18)
(30524, 47, 20)
(30525, 52, 23)
(122101/4, 52, 23)
(122103/4, 47, 20)
(122105/4, 44, 18)
(122107/4, 47, 20)
(30528, 52, 23)
(122113/4, 52, 23)
(122115/4, 47, 20)
(122117/4, 44, 18)
(122119/4, 47, 20)
(30531, 52, 23)
(61063/2, 47, 20)
(30532, 52, 23)
(61065/2, 49, 21)
(30533, 54, 24)
(61067/2, 42, 17)
(30534, 47, 20)
(61081/2, 66, 31)
(30541, 66, 31)
(61083/2, 64, 30)
(30543, 63, 29)
(61087/2, 61, 28)
(30544, 59, 27)
(61089/2, 64, 30)
(30545, 63, 29)
(61091/2, 66, 31)
(30546, 52, 23)
(30546, 64, 30)
(30547, 64, 30)
(61095/2, 59, 27)
(30548, 56, 25)
(61097/2, 59, 27)
(30549, 54, 24)
(30549, 64, 30)
(30550, 64, 30)
(61101/2, 59, 27)
(30551, 56, 25)
(61103/2, 59, 27)
(30552, 64, 30)
(61105/2, 59, 27)
(30553, 56, 25)
(61107/2, 59, 27)
(30554, 64, 30)
(61109/2, 59, 27)
(30555, 56, 25)
(61111/2, 59, 27)
(30556, 64, 30)
(61113/2, 61, 28)
(30557, 66, 31)
(61115/2, 54, 24)
(30558, 59, 27)
(30559, 47, 20)
(30561, 59, 27)
(30562, 47, 20)
(30564, 59, 27)
(30565, 47, 20)
(30566, 59, 27)
(30567, 47, 20)
(30568, 59, 27)
(30569, 47, 20)
(30570, 40, 16)
(30581, 47, 20)
(61163/2, 51, 22)
(30582, 52, 23)
(61165/2, 54, 24)
(30583, 51, 22)
(61167/2, 52, 23)
(30584, 49, 21)
(61169/2, 52, 23)
(30585, 49, 21)
(61171/2, 52, 23)
(30586, 49, 21)
(61173/2, 52, 23)
(30587, 47, 20)
(61175/2, 52, 23)
(30588, 47, 20)
(61177/2, 52, 23)
(30589, 49, 21)
(61179/2, 47, 20)
(30590, 46, 19)
(61181/2, 49, 21)
(30591, 47, 20)
(61183/2, 47, 20)
(30592, 47, 20)
(61185/2, 47, 20)
(30593, 47, 20)
(61187/2, 47, 20)
(30594, 59, 27)
(61189/2, 47, 20)
(30595, 47, 20)
(61191/2, 47, 20)
(30596, 47, 20)
(61193/2, 47, 20)
(30597, 47, 20)
(152987/5, 47, 20)
(152989/5, 47, 20)
(152991/5, 47, 20)
(152993/5, 47, 20)
(30600, 40, 16)
(30606, 41, 16)
(30612, 42, 17)
(30618, 69, 33)
(61237/2, 68, 32)
(30619, 66, 31)
(61239/2, 64, 30)
(30620, 63, 29)
(61241/2, 60, 28)
(30621, 59, 27)
(61243/2, 57, 26)
(30622, 54, 24)
(61245/2, 51, 22)
(30623, 47, 20)
(30624, 44, 18)
(30625, 47, 20)
(30626, 52, 23)
(30627, 46, 19)
(30628, 49, 21)
(30629, 54, 24)
(30630, 49, 21)
(30630, 51, 22)
(30630, 59, 27)
(30631, 59, 27)
(61263/2, 58, 26)
(30632, 57, 26)
(61265/2, 56, 25)
(30633, 54, 24)
(61267/2, 52, 23)
(30634, 51, 22)
(61269/2, 49, 21)
(30635, 47, 20)
(61271/2, 45, 19)
(30636, 44, 18)
(30637, 47, 20)
(30638, 52, 23)
(30639, 46, 19)
(30640, 49, 21)
(30641, 54, 24)
(30642, 59, 27)
(61285/2, 58, 26)
(30643, 57, 26)
(61287/2, 56, 25)
(30644, 54, 24)
(61289/2, 52, 23)
(30645, 51, 22)
(61291/2, 49, 21)
(30646, 47, 20)
(61293/2, 45, 19)
(30647, 44, 18)
(61295/2, 42, 17)
(30648, 40, 16)
(30649, 47, 20)
(30650, 52, 23)
(30651, 54, 24)
(30652, 47, 20)
(30653, 54, 24)
(30654, 56, 25)
(30655, 54, 24)
(30656, 52, 23)
(30657, 47, 20)
(30660, 52, 23)
(30661, 47, 20)
(30662, 52, 23)
(30663, 54, 24)
(30664, 47, 20)
(30665, 54, 24)
(30666, 56, 25)
(30667, 54, 24)
(30668, 52, 23)
(30669, 47, 20)
(30672, 52, 23)
(30673, 51, 22)
(30674, 49, 21)
(30675, 48, 20)
(30676, 44, 18)
(30677, 48, 20)
(30678, 49, 21)
(30681, 48, 20)
(30682, 44, 18)
(30683, 48, 20)
(30684, 49, 21)
(30690, 40, 16)
(30690, 47, 20)
(61381/2, 40, 16)
(30693, 45, 19)
(122773/4, 45, 19)
(30696, 47, 20)
(122785/4, 47, 20)
(122789/4, 47, 20)
(30699, 52, 23)
(122797/4, 52, 23)
(122799/4, 47, 20)
(122801/4, 44, 18)
(122803/4, 47, 20)
(30702, 52, 23)
(61407/2, 51, 22)
(30704, 52, 23)
(61409/2, 51, 22)
(30705, 52, 23)
(122821/4, 52, 23)
(122823/4, 47, 20)
(122825/4, 44, 18)
(122827/4, 47, 20)
(30708, 52, 23)
(61419/2, 51, 22)
(30710, 52, 23)
(61421/2, 51, 22)
(30711, 52, 23)
(30713, 59, 27)
(30714, 64, 30)
(30715, 56, 25)
(30716, 59, 27)
(30717, 52, 23)
(30718, 59, 27)
(30719, 56, 25)
(30720, 52, 23)
(30721, 47, 20)
(30722, 44, 18)
(30723, 40, 16)
(30726, 47, 20)
(30729, 40, 16)
