(3/2, 59, 27)
(2, 64, 30)
(5/2, 67, 32)
(3, 67, 32)
(9/2, 66, 31)
(5, 64, 30)
(11/2, 63, 29)
(6, 69, 33)
(15/2, 66, 31)
(8, 64, 30)
(17/2, 63, 29)
(9, 64, 30)
(19/2, 67, 32)
(10, 71, 34)
(21/2, 76, 37)
(11, 79, 39)
(23/2, 78, 38)
(12, 75, 36)
(13, 76, 37)
(14, 71, 34)
(29/2, 76, 37)
(15, 76, 37)
(31/2, 75, 36)
(16, 78, 38)
(33/2, 72, 35)
(17, 71, 34)
(35/2, 69, 33)
(18, 69, 33)
(37/2, 67, 32)
(19, 71, 34)
(39/2, 67, 32)
(20, 66, 31)
(41/2, 64, 30)
(21, 64, 30)
(43/2, 63, 29)
(22, 66, 31)
(45/2, 60, 28)
(23, 59, 27)
(47/2, 57, 26)
(24, 55, 25)
(49/2, 59, 27)
(25, 64, 30)
(51/2, 67, 32)
(26, 66, 31)
(53/2, 64, 30)
(27, 72, 35)
(57/2, 71, 34)
(29, 69, 33)
(59/2, 67, 32)
(30, 67, 32)
(61/2, 66, 31)
(31, 66, 31)
(63/2, 67, 32)
(32, 66, 31)
(65/2, 64, 30)
(33, 72, 35)
(69/2, 71, 34)
(35, 69, 33)
(71/2, 67, 32)
(36, 67, 32)
(73/2, 66, 31)
(37, 66, 31)
(75/2, 67, 32)
(38, 66, 31)
(77/2, 64, 30)
(39, 63, 29)
(79/2, 66, 31)
(40, 64, 30)
(81/2, 67, 32)
(41, 66, 31)
(83/2, 69, 33)
(42, 67, 32)
(85/2, 71, 34)
(43, 69, 33)
(87/2, 72, 35)
(44, 71, 34)
(89/2, 76, 37)
(45, 66, 31)
(91/2, 69, 33)
(46, 67, 32)
(93/2, 71, 34)
(47, 69, 33)
(95/2, 72, 35)
(48, 71, 34)
(97/2, 76, 37)
(49, 75, 36)
(99/2, 78, 38)
(50, 76, 37)
(101/2, 79, 39)
(51, 79, 39)
(105/2, 78, 38)
(53, 76, 37)
(107/2, 75, 36)
(54, 81, 40)
(111/2, 78, 38)
(56, 76, 37)
(113/2, 75, 36)
(57, 76, 37)
(115/2, 79, 39)
(58, 84, 42)
(117/2, 88, 44)
(59, 91, 46)
(119/2, 90, 45)
(60, 88, 44)
(129/2, 76, 37)
(65, 79, 39)
(131/2, 78, 38)
(66, 76, 37)
(135/2, 64, 30)
(68, 67, 32)
(137/2, 66, 31)
(69, 64, 30)
(70, 64, 30)
(71, 64, 30)
(72, 71, 34)
(147/2, 69, 33)
(74, 67, 32)
(149/2, 66, 31)
(75, 64, 30)
(76, 64, 30)
(77, 64, 30)
(78, 71, 34)
(159/2, 69, 33)
(80, 67, 32)
(161/2, 66, 31)
(81, 64, 30)
(82, 64, 30)
(83, 64, 30)
(84, 76, 37)
(85, 72, 35)
(86, 71, 34)
(87, 71, 34)
(87, 69, 33)
(88, 67, 32)
(89, 66, 31)
(90, 66, 31)
(91, 67, 32)
(191/2, 69, 33)
(96, 78, 38)
(193/2, 76, 37)
(97, 75, 36)
(195/2, 72, 35)
(98, 71, 34)
(197/2, 69, 33)
(99, 67, 32)
(203/2, 69, 33)
(102, 78, 38)
(205/2, 76, 37)
(103, 75, 36)
(207/2, 72, 35)
(104, 71, 34)
(209/2, 69, 33)
(105, 67, 32)
(211/2, 79, 39)
(106, 78, 38)
(213/2, 76, 37)
(107, 74, 36)
(215/2, 72, 35)
(108, 81, 40)
(217/2, 72, 35)
(109, 81, 40)
(219/2, 72, 35)
(110, 76, 37)
(221/2, 79, 39)
(111, 69, 33)
(223/2, 78, 38)
(112, 76, 37)
(225/2, 67, 32)
(113, 71, 34)
(227/2, 75, 36)
(114, 76, 37)
(231/2, 59, 27)
(116, 64, 30)
(233/2, 67, 32)
(117, 67, 32)
(237/2, 66, 31)
(119, 64, 30)
(239/2, 63, 29)
(120, 71, 34)
(243/2, 67, 32)
(122, 66, 31)
(245/2, 64, 30)
(123, 67, 32)
(249/2, 66, 31)
(125, 64, 30)
(251/2, 63, 29)
(126, 71, 34)
(127, 67, 32)
(128, 71, 34)
(129, 71, 34)
(130, 69, 33)
(131, 72, 35)
(132, 72, 35)
(133, 71, 34)
(134, 71, 34)
(269/2, 76, 37)
(135, 76, 37)
(136, 75, 36)
(137, 76, 37)
(275/2, 78, 38)
(138, 78, 38)
(139, 76, 37)
(140, 78, 38)
(281/2, 79, 39)
(141, 78, 38)
(142, 78, 38)
(143, 78, 38)
(144, 78, 38)
(148, 78, 38)
(149, 78, 38)
(150, 78, 38)
(301/2, 76, 37)
(151, 74, 36)
(303/2, 73, 35)
(152, 71, 34)
(305/2, 70, 33)
(153, 74, 36)
(307/2, 73, 35)
(154, 71, 34)
(309/2, 69, 33)
(155, 67, 32)
(311/2, 66, 31)
(156, 71, 34)
(313/2, 67, 32)
(157, 66, 31)
(315/2, 64, 30)
(158, 62, 29)
(317/2, 61, 28)
(159, 59, 27)
(160, 83, 41)
(161, 83, 41)
(162, 83, 41)
(325/2, 81, 40)
(163, 79, 39)
(327/2, 78, 38)
(164, 76, 37)
(329/2, 75, 36)
(165, 79, 39)
(331/2, 78, 38)
(166, 76, 37)
(333/2, 75, 36)
(167, 73, 35)
(335/2, 71, 34)
(168, 76, 37)
(337/2, 72, 35)
(169, 71, 34)
(339/2, 69, 33)
(170, 67, 32)
(341/2, 66, 31)
(171, 64, 30)
(172, 79, 39)
(173, 79, 39)
(174, 79, 39)
(175, 78, 38)
(178, 78, 38)
(179, 78, 38)
(180, 78, 38)
(181, 76, 37)
(184, 74, 36)
(185, 74, 36)
(186, 73, 35)
(187, 61, 28)
(189, 74, 36)
(190, 62, 29)
(192, 70, 33)
(192, 76, 37)
(195, 76, 37)
(196, 79, 39)
(393/2, 78, 38)
(197, 76, 37)
(395/2, 74, 36)
(198, 73, 35)
(397/2, 74, 36)
(199, 76, 37)
(399/2, 73, 35)
(200, 74, 36)
(401/2, 76, 37)
(201, 74, 36)
(403/2, 76, 37)
(202, 78, 38)
(405/2, 74, 36)
(203, 76, 37)
(407/2, 78, 38)
(204, 70, 33)
(409/2, 71, 34)
(205, 73, 35)
(411/2, 70, 33)
(206, 71, 34)
(413/2, 73, 35)
(207, 71, 34)
(415/2, 73, 35)
(208, 74, 36)
(417/2, 71, 34)
(209, 73, 35)
(419/2, 74, 36)
(210, 73, 35)
(421/2, 74, 36)
(211, 76, 37)
(423/2, 73, 35)
(212, 74, 36)
(425/2, 76, 37)
(213, 71, 34)
(427/2, 74, 36)
(214, 78, 38)
(429/2, 71, 34)
(215, 74, 36)
(431/2, 78, 38)
(216, 79, 39)
(222, 66, 31)
(224, 67, 32)
(225, 68, 32)
(226, 69, 33)
(227, 71, 34)
(228, 72, 35)
(229, 71, 34)
(230, 69, 33)
(231, 79, 39)
(233, 78, 38)
(234, 66, 31)
(236, 67, 32)
(237, 68, 32)
(238, 69, 33)
(239, 71, 34)
(240, 72, 35)
(241, 74, 36)
(242, 78, 38)
(243, 83, 41)
(245, 81, 40)
(247, 79, 39)
(248, 75, 36)
(249, 75, 36)
(251, 76, 37)
(253, 79, 39)
(254, 75, 36)
(255, 75, 36)
(257, 76, 37)
(259, 76, 37)
(260, 71, 34)
(261, 71, 34)
(262, 72, 35)
(263, 68, 32)
(264, 68, 32)
(265, 69, 33)
(266, 64, 30)
(267, 67, 32)
(270, 66, 31)
(272, 67, 32)
(273, 68, 32)
(274, 69, 33)
(275, 71, 34)
(276, 71, 34)
(277, 71, 34)
(278, 69, 33)
(279, 79, 39)
(281, 78, 38)
(282, 71, 34)
(284, 72, 35)
(285, 73, 35)
(286, 74, 36)
(287, 76, 37)
(288, 77, 38)
(289, 76, 37)
(290, 74, 36)
(291, 84, 42)
(293, 83, 41)
(295, 84, 42)
(296, 80, 39)
(297, 83, 41)
(298, 81, 40)
(299, 76, 37)
(301, 81, 40)
(302, 76, 37)
(303, 79, 39)
(304, 78, 38)
(305, 73, 35)
(307, 78, 38)
(308, 73, 35)
(309, 76, 37)
(310, 74, 36)
(311, 69, 33)
(312, 72, 35)
(315, 71, 34)
(318, 71, 34)
(319, 69, 33)
(320, 67, 32)
(321, 66, 31)
(322, 67, 32)
(323, 64, 30)
(324, 62, 29)
(325, 67, 32)
(326, 71, 34)
(328, 69, 33)
(329, 62, 29)
(330, 74, 36)
(333, 73, 35)
(336, 72, 35)
(339, 71, 34)
(705/2, 62, 29)
(353, 67, 32)
(707/2, 71, 34)
(354, 71, 34)
(711/2, 69, 33)
(356, 67, 32)
(713/2, 66, 31)
(357, 72, 35)
(717/2, 71, 34)
(359, 69, 33)
(719/2, 68, 32)
(360, 76, 37)
(723/2, 72, 35)
(362, 71, 34)
(725/2, 69, 33)
(363, 76, 37)
(729/2, 73, 35)
(365, 71, 34)
(731/2, 69, 33)
(366, 79, 39)
(735/2, 78, 38)
(368, 76, 37)
(737/2, 74, 36)
(369, 73, 35)
(739/2, 74, 36)
(370, 76, 37)
(741/2, 78, 38)
(371, 79, 39)
(743/2, 81, 40)
(372, 83, 41)
(745/2, 79, 39)
(373, 78, 38)
(747/2, 81, 40)
(374, 79, 39)
(749/2, 74, 36)
(375, 79, 39)
(751/2, 74, 36)
(376, 72, 35)
(753/2, 76, 37)
(377, 74, 36)
(755/2, 71, 34)
(378, 76, 37)
(757/2, 73, 35)
(379, 70, 34)
(759/2, 69, 33)
(380, 70, 34)
(761/2, 67, 32)
(381, 66, 31)
(763/2, 69, 33)
(382, 72, 35)
(765/2, 74, 36)
(383, 78, 38)
(767/2, 81, 40)
(384, 83, 41)
(769/2, 79, 39)
(385, 78, 38)
(771/2, 81, 40)
(386, 79, 39)
(773/2, 74, 36)
(387, 79, 39)
(775/2, 74, 36)
(388, 72, 35)
(777/2, 76, 37)
(389, 74, 36)
(779/2, 71, 34)
(390, 76, 37)
(781/2, 73, 35)
(391, 70, 34)
(783/2, 69, 33)
(392, 70, 34)
(785/2, 67, 32)
(393, 66, 31)
(787/2, 69, 33)
(394, 72, 35)
(789/2, 74, 36)
(395, 78, 38)
(791/2, 81, 40)
(396, 83, 41)
(793/2, 79, 39)
(397, 78, 38)
(795/2, 81, 40)
(398, 79, 39)
(797/2, 78, 38)
(399, 79, 39)
(799/2, 76, 37)
(400, 75, 36)
(801/2, 78, 38)
(401, 76, 37)
(803/2, 71, 34)
(402, 84, 42)
(805/2, 81, 40)
(403, 79, 39)
(807/2, 83, 41)
(404, 81, 40)
(809/2, 79, 39)
(405, 81, 40)
(811/2, 78, 38)
(406, 76, 37)
(813/2, 79, 39)
(407, 78, 38)
(815/2, 74, 36)
(408, 86, 43)
(817/2, 83, 41)
(409, 81, 40)
(819/2, 84, 42)
(410, 83, 41)
(821/2, 79, 39)
(411, 83, 41)
(823/2, 79, 39)
(412, 78, 38)
(825/2, 81, 40)
(413, 79, 39)
(827/2, 76, 37)
(414, 79, 39)
(829/2, 76, 37)
(415, 74, 36)
(831/2, 77, 38)
(416, 76, 37)
(833/2, 72, 35)
(417, 76, 37)
(835/2, 72, 35)
(418, 71, 34)
(837/2, 74, 36)
(419, 72, 35)
(839/2, 69, 33)
(420, 66, 31)
(841/2, 69, 33)
(421, 69, 33)
(843/2, 72, 35)
(422, 72, 35)
(845/2, 75, 37)
(423, 75, 37)
(847/2, 78, 38)
(424, 78, 38)
(849/2, 81, 40)
(425, 81, 40)
(851/2, 84, 42)
(426, 84, 42)
(853/2, 81, 40)
(427, 81, 40)
(855/2, 84, 42)
(428, 84, 42)
(857/2, 87, 44)
(429, 87, 44)
(432, 64, 30)
(865/2, 67, 32)
(433, 67, 32)
(867/2, 70, 34)
(434, 70, 34)
(869/2, 73, 35)
(435, 73, 35)
(871/2, 76, 37)
(436, 76, 37)
(873/2, 79, 39)
(437, 79, 39)
(875/2, 82, 41)
(438, 82, 41)
(877/2, 85, 42)
(439, 85, 42)
(879/2, 88, 44)
(440, 88, 44)
(881/2, 91, 46)
(441, 91, 46)
(883/2, 88, 44)
(442, 88, 44)
(885/2, 91, 46)
(443, 91, 46)
(887/2, 94, 48)
(444, 94, 48)
(447, 73, 35)
(450, 74, 36)
(451, 76, 37)
(452, 78, 38)
(453, 79, 39)
(454, 81, 40)
(455, 83, 41)
(456, 84, 42)
(913/2, 81, 40)
(457, 78, 38)
(915/2, 74, 36)
(458, 72, 35)
(917/2, 69, 33)
(459, 66, 31)
(919/2, 69, 33)
(460, 72, 35)
(921/2, 74, 36)
(461, 78, 38)
(923/2, 81, 40)
(462, 83, 41)
(925/2, 79, 39)
(463, 78, 38)
(927/2, 81, 40)
(464, 79, 39)
(929/2, 74, 36)
(465, 79, 39)
(931/2, 74, 36)
(466, 72, 35)
(933/2, 76, 37)
(467, 74, 36)
(935/2, 71, 34)
(468, 76, 37)
(937/2, 73, 35)
(469, 70, 34)
(939/2, 69, 33)
(470, 70, 34)
(941/2, 67, 32)
(471, 62, 29)
(943/2, 69, 33)
(472, 72, 35)
(945/2, 74, 36)
(473, 78, 38)
(947/2, 81, 40)
(474, 83, 41)
(949/2, 79, 39)
(475, 78, 38)
(951/2, 81, 40)
(476, 79, 39)
(953/2, 74, 36)
(477, 79, 39)
(955/2, 74, 36)
(478, 72, 35)
(957/2, 76, 37)
(479, 74, 36)
(959/2, 71, 34)
(480, 73, 35)
(961/2, 76, 37)
(481, 70, 34)
(963/2, 69, 33)
(482, 70, 34)
(965/2, 67, 32)
(483, 62, 29)
(967/2, 69, 33)
(484, 72, 35)
(969/2, 74, 36)
(485, 78, 38)
(971/2, 81, 40)
(486, 83, 41)
(973/2, 79, 39)
(487, 78, 38)
(975/2, 81, 40)
(488, 79, 39)
(977/2, 78, 38)
(489, 79, 39)
(979/2, 76, 37)
(490, 75, 36)
(981/2, 78, 38)
(491, 76, 37)
(983/2, 71, 34)
(492, 83, 41)
(985/2, 79, 39)
(493, 78, 38)
(987/2, 81, 40)
(494, 79, 39)
(989/2, 78, 38)
(495, 79, 39)
(991/2, 76, 37)
(496, 75, 36)
(993/2, 78, 38)
(497, 76, 37)
(995/2, 71, 34)
(498, 73, 35)
(997/2, 76, 37)
(499, 79, 39)
(999/2, 83, 41)
(500, 81, 40)
(1001/2, 79, 39)
(501, 83, 41)
(1003/2, 81, 40)
(502, 79, 39)
(1005/2, 83, 41)
(503, 81, 40)
(1007/2, 79, 39)
(504, 85, 42)
(506, 86, 43)
(507, 88, 44)
(510, 72, 35)
(1021/2, 74, 36)
(511, 78, 38)
(1023/2, 81, 40)
(512, 79, 39)
(1025/2, 78, 38)
(513, 81, 40)
(1027/2, 79, 39)
(514, 78, 38)
(1029/2, 81, 40)
(515, 79, 39)
(1031/2, 78, 38)
(516, 83, 41)
(518, 84, 42)
(519, 86, 43)
(522, 76, 37)
(1045/2, 79, 39)
(523, 84, 42)
(1047/2, 88, 44)
(524, 91, 46)
(1049/2, 89, 45)
(525, 88, 44)
(1051/2, 84, 42)
(526, 79, 39)
(1053/2, 76, 37)
(527, 79, 39)
(1055/2, 77, 38)
(528, 76, 37)
(1057/2, 79, 39)
(529, 84, 42)
(1059/2, 76, 37)
(530, 79, 39)
(1061/2, 77, 38)
(531, 76, 37)
(1063/2, 72, 35)
(532, 67, 32)
(1065/2, 64, 30)
(533, 67, 32)
(1067/2, 65, 31)
(534, 64, 30)
(1069/2, 64, 30)
(535, 67, 32)
(1071/2, 65, 31)
(536, 64, 30)
(1073/2, 64, 30)
(537, 67, 32)
(1075/2, 65, 31)
(538, 64, 30)
(1077/2, 64, 30)
(539, 67, 32)
(1079/2, 65, 31)
(540, 64, 30)
(1081/2, 64, 30)
(541, 67, 32)
(1083/2, 65, 31)
(542, 64, 30)
(1085/2, 64, 30)
(543, 67, 32)
(1087/2, 65, 31)
(544, 64, 30)
(1089/2, 64, 30)
(545, 67, 32)
(1091/2, 65, 31)
(546, 64, 30)
(1095/2, 64, 30)
(548, 67, 32)
(1097/2, 65, 31)
(549, 64, 30)
(1107/2, 64, 30)
(554, 67, 32)
(1109/2, 66, 31)
(555, 64, 30)
(556, 64, 30)
(557, 64, 30)
(558, 71, 34)
(1119/2, 69, 33)
(560, 67, 32)
(1121/2, 66, 31)
(561, 64, 30)
(562, 64, 30)
(563, 64, 30)
(564, 71, 34)
(1131/2, 69, 33)
(566, 67, 32)
(1133/2, 66, 31)
(567, 64, 30)
(568, 64, 30)
(569, 64, 30)
(570, 76, 37)
(571, 72, 35)
(572, 71, 34)
(573, 71, 34)
(573, 69, 33)
(574, 67, 32)
(575, 66, 31)
(576, 66, 31)
(577, 67, 32)
(1163/2, 69, 33)
(582, 78, 38)
(1165/2, 76, 37)
(583, 75, 36)
(1167/2, 72, 35)
(584, 71, 34)
(1169/2, 69, 33)
(585, 67, 32)
(1175/2, 69, 33)
(588, 78, 38)
(1177/2, 76, 37)
(589, 75, 36)
(1179/2, 72, 35)
(590, 71, 34)
(1181/2, 69, 33)
(591, 67, 32)
(1183/2, 79, 39)
(592, 78, 38)
(1185/2, 76, 37)
(593, 74, 36)
(1187/2, 72, 35)
(594, 81, 40)
(1189/2, 72, 35)
(595, 81, 40)
(1191/2, 72, 35)
(596, 76, 37)
(1193/2, 79, 39)
(597, 69, 33)
(1195/2, 78, 38)
(598, 76, 37)
(1197/2, 67, 32)
(599, 71, 34)
(1199/2, 75, 36)
(600, 76, 37)
(1203/2, 59, 27)
(602, 64, 30)
(1205/2, 67, 32)
(603, 67, 32)
(1209/2, 66, 31)
(605, 64, 30)
(1211/2, 63, 29)
(606, 69, 33)
(1215/2, 66, 31)
(608, 64, 30)
(1217/2, 63, 29)
(609, 64, 30)
(1219/2, 67, 32)
(610, 71, 34)
(1221/2, 76, 37)
(611, 79, 39)
(1223/2, 78, 38)
(612, 75, 36)
(613, 76, 37)
(614, 71, 34)
(1229/2, 76, 37)
(615, 76, 37)
(1231/2, 75, 36)
(616, 78, 38)
(1233/2, 72, 35)
(617, 71, 34)
(1235/2, 69, 33)
(618, 69, 33)
(1237/2, 67, 32)
(619, 71, 34)
(1239/2, 67, 32)
(620, 66, 31)
(1241/2, 64, 30)
(621, 64, 30)
(1243/2, 63, 29)
(622, 66, 31)
(1245/2, 60, 28)
(623, 59, 27)
(1247/2, 57, 26)
(624, 55, 25)
(1249/2, 59, 27)
(625, 64, 30)
(1251/2, 67, 32)
(626, 71, 34)
(1253/2, 76, 37)
(627, 79, 39)
(1257/2, 78, 38)
(629, 76, 37)
(1259/2, 75, 36)
(630, 81, 40)
(1263/2, 78, 38)
(632, 76, 37)
(1265/2, 75, 36)
(633, 76, 37)
(1311/2, 78, 38)
(656, 78, 38)
(1313/2, 78, 38)
(657, 78, 38)
(1315/2, 83, 41)
(658, 86, 43)
(1317/2, 85, 42)
(659, 83, 41)
(1319/2, 78, 38)
(660, 83, 41)
(1321/2, 79, 39)
(661, 78, 38)
(1323/2, 74, 36)
(662, 78, 38)
(1325/2, 76, 37)
(663, 74, 36)
(1327/2, 71, 34)
(664, 74, 36)
(1329/2, 73, 35)
(665, 71, 34)
(1331/2, 66, 31)
(666, 71, 34)
(1333/2, 67, 32)
(667, 66, 31)
(1335/2, 64, 30)
(668, 62, 29)
(1337/2, 61, 28)
(669, 59, 27)
(1341/2, 67, 32)
(671, 71, 34)
(1343/2, 69, 33)
(672, 67, 32)
(1347/2, 71, 34)
(674, 74, 36)
(1349/2, 72, 35)
(675, 71, 34)
(1353/2, 74, 36)
(677, 77, 38)
(1355/2, 76, 37)
(678, 74, 36)
(679, 74, 36)
(680, 74, 36)
(681, 79, 39)
(1365/2, 72, 35)
(683, 76, 37)
(1367/2, 74, 36)
(684, 72, 35)
(685, 72, 35)
(686, 72, 35)
(687, 79, 39)
(1377/2, 72, 35)
(689, 76, 37)
(1379/2, 74, 36)
(690, 72, 35)
(691, 72, 35)
(692, 72, 35)
(693, 79, 39)
(695, 62, 29)
(696, 63, 30)
(699, 62, 29)
(702, 58, 27)
(705, 57, 26)
(1413/2, 57, 26)
(707, 61, 28)
(1415/2, 62, 29)
(708, 64, 30)
(1417/2, 62, 29)
(709, 61, 28)
(1419/2, 61, 28)
(710, 62, 29)
(1421/2, 64, 30)
(711, 65, 31)
(1423/2, 64, 30)
(712, 62, 29)
(1431/2, 71, 34)
(716, 72, 35)
(1433/2, 74, 36)
(717, 76, 37)
(1435/2, 74, 36)
(718, 72, 35)
(1437/2, 72, 35)
(719, 74, 36)
(1439/2, 76, 37)
(720, 77, 38)
(1441/2, 76, 37)
(721, 74, 36)
(1443/2, 74, 36)
(722, 76, 37)
(1445/2, 77, 38)
(723, 76, 37)
(1447/2, 74, 36)
(724, 72, 35)
(1449/2, 72, 35)
(725, 74, 36)
(1451/2, 76, 37)
(726, 77, 38)
(1453/2, 76, 37)
(727, 74, 36)
(1455/2, 74, 36)
(728, 76, 37)
(1457/2, 77, 38)
(729, 76, 37)
(1459/2, 72, 35)
(730, 71, 34)
(1461/2, 74, 36)
(731, 72, 35)
(1463/2, 69, 33)
(732, 72, 35)
(1465/2, 69, 33)
(733, 64, 30)
(1467/2, 62, 29)
(734, 64, 30)
(1469/2, 60, 28)
(735, 57, 26)
(1471/2, 59, 27)
(736, 60, 28)
(1473/2, 59, 27)
(737, 60, 28)
(1475/2, 57, 26)
(738, 59, 27)
(1477/2, 62, 29)
(739, 64, 30)
(1479/2, 68, 32)
(740, 71, 34)
(1481/2, 74, 36)
(741, 72, 35)
(742, 74, 36)
(743, 75, 36)
(744, 76, 37)
(745, 78, 38)
(746, 80, 39)
(747, 81, 40)
(748, 78, 38)
(749, 75, 37)
(750, 74, 36)
(752, 72, 35)
(753, 71, 34)
(754, 72, 35)
(755, 73, 35)
(756, 74, 36)
(757, 76, 37)
(758, 78, 38)
(759, 79, 39)
(760, 76, 37)
(761, 73, 36)
(762, 72, 35)
(764, 70, 34)
(765, 69, 33)
(1531/2, 65, 31)
(766, 64, 30)
(1533/2, 67, 32)
(767, 65, 31)
(1535/2, 60, 28)
(771, 76, 37)
(1543/2, 72, 35)
(772, 71, 34)
(1545/2, 74, 36)
(773, 72, 35)
(1547/2, 69, 33)
(777, 78, 38)
(1555/2, 72, 35)
(778, 71, 34)
(1557/2, 74, 36)
(779, 72, 35)
(1559/2, 69, 33)
(1563/2, 69, 33)
(782, 76, 37)
(1565/2, 79, 39)
(783, 79, 39)
(1569/2, 78, 38)
(785, 76, 37)
(1571/2, 75, 36)
(786, 81, 40)
(1575/2, 78, 38)
(788, 76, 37)
(1577/2, 75, 36)
(789, 76, 37)
(1579/2, 71, 34)
(790, 76, 37)
(1581/2, 79, 39)
(791, 83, 41)
(1583/2, 79, 39)
(792, 76, 37)
(1585/2, 75, 36)
(793, 76, 37)
(1587/2, 71, 34)
(794, 67, 32)
(1589/2, 64, 30)
(795, 67, 32)
(1593/2, 66, 31)
(797, 64, 30)
(1595/2, 63, 29)
(798, 69, 33)
(1599/2, 66, 31)
(800, 64, 30)
(1601/2, 63, 29)
(801, 64, 30)
(1603/2, 67, 32)
(802, 71, 34)
(1605/2, 76, 37)
(803, 79, 39)
(1607/2, 78, 38)
(804, 75, 36)
(805, 76, 37)
(806, 71, 34)
(1613/2, 76, 37)
(807, 76, 37)
(1615/2, 75, 36)
(808, 78, 38)
(1617/2, 72, 35)
(809, 71, 34)
(1619/2, 69, 33)
(810, 69, 33)
(1621/2, 67, 32)
(811, 71, 34)
(1623/2, 67, 32)
(812, 66, 31)
(1625/2, 64, 30)
(813, 64, 30)
(1627/2, 63, 29)
(814, 66, 31)
(1629/2, 60, 28)
(815, 59, 27)
(1631/2, 57, 26)
(816, 55, 25)
(1633/2, 59, 27)
(817, 64, 30)
(1635/2, 67, 32)
(818, 66, 31)
(1637/2, 64, 30)
(819, 72, 35)
(1641/2, 71, 34)
(821, 69, 33)
(1643/2, 67, 32)
(822, 67, 32)
(1645/2, 66, 31)
(823, 66, 31)
(1647/2, 67, 32)
(824, 66, 31)
(1649/2, 64, 30)
(825, 72, 35)
(1653/2, 71, 34)
(827, 69, 33)
(1655/2, 67, 32)
(828, 67, 32)
(1657/2, 66, 31)
(829, 66, 31)
(1659/2, 67, 32)
(830, 66, 31)
(1661/2, 64, 30)
(831, 63, 29)
(1663/2, 66, 31)
(832, 64, 30)
(1665/2, 67, 32)
(833, 66, 31)
(1667/2, 69, 33)
(834, 67, 32)
(1669/2, 71, 34)
(835, 69, 33)
(1671/2, 72, 35)
(836, 71, 34)
(1673/2, 76, 37)
(837, 66, 31)
(1675/2, 69, 33)
(838, 67, 32)
(1677/2, 71, 34)
(839, 69, 33)
(1679/2, 72, 35)
(840, 71, 34)
(1681/2, 76, 37)
(841, 75, 36)
(1683/2, 78, 38)
(842, 76, 37)
(1685/2, 79, 39)
(843, 79, 39)
(1689/2, 78, 38)
(845, 76, 37)
(1691/2, 75, 36)
(846, 81, 40)
(1695/2, 78, 38)
(848, 76, 37)
(1697/2, 75, 36)
(849, 76, 37)
(1699/2, 79, 39)
(850, 84, 42)
(1701/2, 88, 44)
(851, 91, 46)
(1703/2, 90, 45)
(852, 88, 44)
(1713/2, 76, 37)
(857, 79, 39)
(1715/2, 78, 38)
(858, 76, 37)
(1719/2, 64, 30)
(860, 67, 32)
(1721/2, 66, 31)
(861, 64, 30)
(862, 64, 30)
(863, 64, 30)
(864, 69, 33)
(1743/2, 64, 30)
(872, 67, 32)
(1745/2, 66, 31)
(873, 64, 30)
(874, 64, 30)
(875, 64, 30)
(876, 69, 33)
(1767/2, 62, 29)
(884, 66, 31)
(1769/2, 64, 30)
(885, 62, 29)
(886, 62, 29)
(887, 62, 29)
(888, 67, 32)
(1791/2, 62, 29)
(896, 65, 31)
(1793/2, 64, 30)
(897, 62, 29)
(898, 62, 29)
(899, 62, 29)
(900, 67, 32)
(903, 65, 31)
(906, 64, 30)
(909, 69, 33)
(912, 67, 32)
(915, 65, 31)
(918, 64, 30)
(921, 72, 35)
(924, 71, 34)
(927, 69, 33)
(930, 67, 32)
(933, 72, 35)
(936, 71, 34)
(939, 70, 33)
(942, 69, 33)
(945, 68, 32)
(948, 69, 33)
(950, 67, 32)
(951, 66, 31)
(953, 64, 30)
(954, 69, 33)
(956, 67, 32)
(957, 66, 31)
(959, 64, 30)
(960, 72, 35)
(962, 71, 34)
(963, 69, 33)
(965, 67, 32)
(966, 66, 31)
(969, 66, 31)
(972, 66, 31)
(978, 64, 30)
(984, 63, 29)
(986, 64, 30)
(987, 65, 30)
(988, 66, 31)
(989, 68, 32)
(990, 69, 33)
(991, 68, 32)
(992, 66, 31)
(993, 76, 37)
(995, 75, 36)
(996, 63, 29)
(998, 64, 30)
(999, 65, 30)
(1000, 66, 31)
(1001, 68, 32)
(1002, 69, 33)
(1003, 71, 34)
(1004, 75, 36)
(1005, 80, 39)
(1007, 78, 38)
(1009, 76, 37)
(1010, 72, 34)
(1011, 72, 34)
(1013, 73, 35)
(1015, 76, 37)
(1016, 72, 34)
(1017, 72, 34)
(1019, 73, 35)
(1021, 73, 35)
(1022, 68, 32)
(1023, 68, 32)
(1024, 69, 33)
(1025, 65, 30)
(1026, 65, 30)
(1027, 66, 31)
(1028, 61, 28)
(1029, 64, 30)
(1032, 63, 29)
(1034, 64, 30)
(1035, 65, 30)
(1036, 66, 31)
(1037, 68, 32)
(1038, 69, 33)
(1039, 68, 32)
(1040, 66, 31)
(1041, 76, 37)
(1043, 75, 36)
(1044, 68, 32)
(1046, 69, 33)
(1047, 70, 33)
(1048, 71, 34)
(1049, 73, 35)
(1050, 74, 36)
(1051, 76, 37)
(1052, 80, 39)
(1053, 85, 42)
(1055, 83, 41)
(1057, 81, 40)
(1058, 77, 37)
(1059, 80, 39)
(1060, 78, 38)
(1061, 73, 35)
(1063, 78, 38)
(1064, 73, 35)
(1065, 76, 37)
(1066, 75, 36)
(1067, 70, 33)
(1069, 75, 36)
(1070, 70, 33)
(1071, 73, 35)
(1072, 71, 34)
(1073, 66, 31)
(1074, 69, 33)
(1077, 68, 32)
(1081, 66, 31)
(1082, 64, 30)
(1083, 63, 29)
(1084, 64, 30)
(1085, 61, 28)
(1086, 59, 27)
(1087, 64, 30)
(1088, 68, 32)
(1089, 68, 32)
(1090, 66, 31)
(1091, 59, 27)
(1092, 71, 34)
(1095, 70, 33)
(1098, 69, 33)
(1101, 68, 32)
(2229/2, 59, 27)
(1115, 64, 30)
(2231/2, 68, 32)
(1116, 68, 32)
(2235/2, 66, 31)
(1118, 64, 30)
(2237/2, 63, 29)
(1119, 69, 33)
(2241/2, 68, 32)
(1121, 66, 31)
(2243/2, 65, 30)
(1122, 73, 35)
(2247/2, 69, 33)
(1124, 68, 32)
(2249/2, 66, 31)
(1125, 76, 37)
(2253/2, 73, 35)
(1127, 71, 34)
(2255/2, 70, 33)
(1128, 73, 35)
(2259/2, 71, 34)
(1130, 70, 33)
(2261/2, 71, 34)
(1131, 70, 33)
(2263/2, 71, 34)
(1132, 73, 35)
(2265/2, 75, 36)
(1133, 76, 37)
(2267/2, 78, 38)
(1134, 80, 39)
(2269/2, 76, 37)
(1135, 75, 36)
(2271/2, 78, 38)
(1136, 76, 37)
(2273/2, 71, 34)
(1137, 76, 37)
(2275/2, 71, 34)
(1138, 69, 33)
(2277/2, 73, 35)
(1139, 71, 34)
(2279/2, 68, 32)
(1140, 73, 35)
(2281/2, 70, 33)
(1141, 67, 32)
(2283/2, 66, 31)
(1142, 67, 32)
(2285/2, 64, 30)
(1143, 63, 29)
(2287/2, 66, 31)
(1144, 69, 33)
(2289/2, 71, 34)
(1145, 75, 36)
(2291/2, 78, 38)
(1146, 80, 39)
(2293/2, 76, 37)
(1147, 75, 36)
(2295/2, 78, 38)
(1148, 76, 37)
(2297/2, 71, 34)
(1149, 76, 37)
(2299/2, 71, 34)
(1150, 69, 33)
(2301/2, 73, 35)
(1151, 71, 34)
(2303/2, 68, 32)
(1152, 73, 35)
(2305/2, 70, 33)
(1153, 67, 32)
(2307/2, 66, 31)
(1154, 67, 32)
(2309/2, 64, 30)
(1155, 63, 29)
(2311/2, 66, 31)
(1156, 69, 33)
(2313/2, 71, 34)
(1157, 75, 36)
(2315/2, 78, 38)
(1158, 80, 39)
(2317/2, 76, 37)
(1159, 75, 36)
(2319/2, 78, 38)
(1160, 76, 37)
(2321/2, 75, 36)
(1161, 76, 37)
(2323/2, 73, 35)
(1162, 72, 34)
(2325/2, 75, 36)
(1163, 73, 35)
(2327/2, 69, 33)
(1164, 81, 40)
(2329/2, 78, 38)
(1165, 76, 37)
(2331/2, 80, 39)
(1166, 78, 38)
(2333/2, 76, 37)
(1167, 78, 38)
(2335/2, 75, 36)
(1168, 73, 35)
(2337/2, 76, 37)
(1169, 75, 36)
(2339/2, 71, 34)
(1170, 83, 41)
(2341/2, 80, 39)
(1171, 78, 38)
(2343/2, 81, 40)
(1172, 80, 39)
(2345/2, 76, 37)
(1173, 80, 39)
(2347/2, 76, 37)
(1174, 75, 36)
(2349/2, 78, 38)
(1175, 76, 37)
(2351/2, 71, 34)
(1176, 76, 37)
(2353/2, 71, 34)
(1177, 69, 33)
(2355/2, 73, 35)
(1178, 71, 34)
(2357/2, 68, 32)
(1179, 64, 30)
(2359/2, 68, 32)
(1180, 73, 35)
(2361/2, 72, 34)
(1181, 73, 35)
(2363/2, 76, 37)
(1182, 70, 33)
(2365/2, 73, 35)
(1183, 73, 35)
(2367/2, 76, 37)
(1184, 76, 37)
(2369/2, 79, 39)
(1185, 79, 39)
(2371/2, 82, 40)
(1186, 82, 40)
(2373/2, 85, 42)
(1187, 85, 42)
(2375/2, 88, 44)
(1188, 88, 44)
(2377/2, 82, 40)
(1189, 82, 40)
(2379/2, 85, 42)
(1190, 85, 42)
(2381/2, 88, 44)
(1191, 88, 44)
(2383/2, 85, 42)
(1192, 85, 42)
(2385/2, 88, 44)
(1193, 88, 44)
(2387/2, 91, 46)
(1194, 91, 46)
(1197, 70, 33)
(1200, 71, 34)
(1201, 73, 35)
(1202, 75, 36)
(1203, 76, 37)
(1204, 78, 38)
(1205, 80, 39)
(1206, 81, 40)
(2413/2, 78, 38)
(1207, 75, 36)
(2415/2, 71, 34)
(1208, 69, 33)
(2417/2, 66, 31)
(1209, 63, 29)
(2419/2, 66, 31)
(1210, 69, 33)
(2421/2, 71, 34)
(1211, 75, 36)
(2423/2, 78, 38)
(1212, 80, 39)
(2425/2, 76, 37)
(1213, 75, 36)
(2427/2, 78, 38)
(1214, 76, 37)
(2429/2, 71, 34)
(1215, 76, 37)
(2431/2, 71, 34)
(1216, 69, 33)
(2433/2, 73, 35)
(1217, 71, 34)
(2435/2, 68, 32)
(1218, 73, 35)
(2437/2, 70, 33)
(1219, 67, 32)
(2439/2, 66, 31)
(1220, 67, 32)
(2441/2, 64, 30)
(1221, 63, 29)
(2443/2, 66, 31)
(1222, 69, 33)
(2445/2, 71, 34)
(1223, 75, 36)
(2447/2, 78, 38)
(1224, 80, 39)
(2449/2, 76, 37)
(1225, 75, 36)
(2451/2, 78, 38)
(1226, 76, 37)
(2453/2, 71, 34)
(1227, 76, 37)
(2455/2, 71, 34)
(1228, 69, 33)
(2457/2, 73, 35)
(1229, 71, 34)
(2459/2, 68, 32)
(1230, 73, 35)
(2461/2, 70, 33)
(1231, 67, 32)
(2463/2, 66, 31)
(1232, 67, 32)
(2465/2, 64, 30)
(1233, 66, 31)
(2467/2, 69, 33)
(1234, 71, 34)
(2469/2, 75, 36)
(1235, 78, 38)
(2471/2, 75, 36)
(1236, 80, 39)
(2473/2, 76, 37)
(1237, 75, 36)
(2475/2, 78, 38)
(1238, 76, 37)
(2477/2, 75, 36)
(1239, 76, 37)
(2479/2, 73, 35)
(1240, 72, 34)
(2481/2, 75, 36)
(1241, 73, 35)
(2483/2, 76, 37)
(1242, 80, 39)
(2485/2, 76, 37)
(1243, 75, 36)
(2487/2, 78, 38)
(1244, 76, 37)
(2489/2, 75, 36)
(1245, 76, 37)
(2491/2, 73, 35)
(1246, 72, 34)
(2493/2, 75, 36)
(1247, 73, 35)
(2495/2, 76, 37)
(1248, 70, 33)
(2497/2, 73, 35)
(1249, 76, 37)
(2499/2, 80, 39)
(1250, 78, 38)
(2501/2, 76, 37)
(1251, 80, 39)
(2503/2, 78, 38)
(1252, 76, 37)
(2505/2, 80, 39)
(1253, 78, 38)
(2507/2, 76, 37)
(1254, 82, 40)
(1256, 83, 41)
(1257, 85, 42)
(1260, 70, 33)
(2521/2, 73, 35)
(1261, 76, 37)
(2523/2, 79, 39)
(1262, 78, 38)
(2525/2, 76, 37)
(1263, 79, 39)
(2527/2, 78, 38)
(1264, 76, 37)
(2529/2, 79, 39)
(1265, 78, 38)
(2531/2, 76, 37)
(1266, 82, 40)
(1268, 83, 41)
(1269, 85, 42)
(1272, 59, 27)
(2545/2, 66, 31)
(1273, 69, 33)
(2547/2, 72, 35)
(1274, 69, 33)
(2549/2, 72, 35)
(1275, 78, 38)
(2551/2, 76, 37)
(1276, 75, 36)
(2553/2, 72, 35)
(1277, 71, 34)
(2555/2, 69, 33)
(1278, 67, 32)
(2557/2, 71, 34)
(1279, 76, 37)
(2559/2, 75, 36)
(1280, 76, 37)
(2561/2, 79, 39)
(1281, 83, 41)
(2563/2, 79, 39)
(1282, 78, 38)
(2565/2, 81, 40)
(1283, 79, 39)
(2567/2, 76, 37)
(1284, 75, 36)
(2569/2, 72, 35)
(1285, 69, 33)
(2571/2, 72, 35)
(1286, 69, 33)
(2573/2, 72, 35)
(1287, 78, 38)
(2575/2, 76, 37)
(1288, 75, 36)
(2577/2, 72, 35)
(1289, 71, 34)
(2579/2, 69, 33)
(1290, 67, 32)
(2581/2, 71, 34)
(1291, 76, 37)
(2583/2, 75, 36)
(1292, 76, 37)
(2585/2, 79, 39)
(1293, 83, 41)
(2587/2, 79, 39)
(1294, 78, 38)
(2589/2, 81, 40)
(1295, 79, 39)
(2591/2, 76, 37)
(1296, 84, 42)
(2593/2, 81, 40)
(1297, 79, 39)
(2595/2, 83, 41)
(1298, 81, 40)
(2597/2, 78, 38)
(1299, 81, 40)
(2599/2, 78, 38)
(1300, 76, 37)
(2601/2, 79, 39)
(1301, 78, 38)
(2603/2, 75, 36)
(1302, 78, 38)
(2605/2, 75, 36)
(1303, 73, 35)
(2607/2, 76, 37)
(1304, 75, 36)
(2609/2, 71, 34)
(1305, 81, 40)
(2611/2, 78, 38)
(1306, 75, 36)
(2613/2, 71, 34)
(1307, 69, 33)
(2615/2, 66, 31)
(1308, 67, 32)
(2619/2, 59, 27)
(1310, 64, 30)
(2621/2, 67, 32)
(1311, 67, 32)
(2625/2, 66, 31)
(1313, 64, 30)
(2627/2, 63, 29)
(1314, 69, 33)
(2631/2, 67, 32)
(1316, 66, 31)
(2633/2, 64, 30)
(1317, 72, 35)
(2637/2, 69, 33)
(1319, 67, 32)
(2639/2, 66, 31)
(1320, 67, 32)
(1322, 64, 30)
(1323, 64, 30)
(1324, 63, 29)
(1326, 66, 31)
(1327, 64, 30)
(1329, 69, 33)
(1330, 66, 31)
(1332, 71, 34)
(1333, 67, 32)
(2667/2, 67, 32)
(1334, 69, 33)
(2669/2, 71, 34)
(1335, 72, 35)
(2671/2, 71, 34)
(1336, 69, 33)
(2673/2, 72, 35)
(1337, 71, 34)
(2675/2, 69, 33)
(1338, 74, 36)
(2677/2, 72, 35)
(1339, 71, 34)
(2679/2, 74, 36)
(1340, 72, 35)
(2681/2, 71, 34)
(1341, 76, 37)
(2683/2, 74, 36)
(1342, 72, 35)
(2685/2, 76, 37)
(1343, 74, 36)
(2687/2, 72, 35)
(1344, 77, 38)
(2689/2, 76, 37)
(1345, 74, 36)
(2691/2, 80, 39)
(1346, 78, 38)
(2693/2, 76, 37)
(1347, 81, 40)
(2695/2, 80, 39)
(1348, 78, 38)
(2697/2, 83, 41)
(1349, 81, 40)
(2699/2, 80, 39)
(1350, 84, 42)
(2701/2, 83, 41)
(1351, 81, 40)
(2703/2, 84, 42)
(1352, 83, 41)
(2705/2, 81, 40)
(1353, 84, 42)
(2707/2, 83, 41)
(1354, 81, 40)
(2709/2, 84, 42)
(1355, 83, 41)
(2711/2, 81, 40)
(1356, 84, 42)
(2713/2, 83, 41)
(1357, 81, 40)
(2715/2, 84, 42)
(1358, 83, 41)
(2717/2, 81, 40)
(1359, 84, 42)
(2719/2, 83, 41)
(1360, 81, 40)
(2721/2, 84, 42)
(1361, 83, 41)
(2723/2, 81, 40)
(1362, 79, 39)
(2725/2, 77, 38)
(1363, 76, 37)
(2727/2, 79, 39)
(1364, 77, 38)
(2729/2, 76, 37)
(1365, 77, 38)
(2731/2, 76, 37)
(1366, 74, 36)
(2733/2, 77, 38)
(1367, 76, 37)
(2735/2, 74, 36)
(1368, 72, 35)
(2737/2, 71, 34)
(1369, 69, 33)
(2739/2, 72, 35)
(1370, 71, 34)
(2741/2, 69, 33)
(1371, 76, 37)
(2743/2, 74, 36)
(1372, 72, 35)
(2745/2, 76, 37)
(1373, 74, 36)
(2747/2, 72, 35)
(1374, 71, 34)
(2749/2, 79, 39)
(1375, 78, 38)
(2751/2, 76, 37)
(1376, 74, 36)
(2753/2, 72, 35)
(1377, 71, 34)
(2755/2, 72, 35)
(1378, 71, 34)
(2757/2, 69, 33)
(1379, 67, 32)
(2759/2, 66, 31)
(1380, 64, 30)
(2763/2, 59, 27)
(1382, 64, 30)
(2765/2, 67, 32)
(1383, 67, 32)
(2769/2, 66, 31)
(1385, 64, 30)
(2771/2, 63, 29)
(1386, 69, 33)
(2775/2, 67, 32)
(1388, 66, 31)
(2777/2, 64, 30)
(1389, 72, 35)
(2781/2, 69, 33)
(1391, 67, 32)
(2783/2, 66, 31)
(1392, 67, 32)
(2785/2, 69, 33)
(1393, 71, 34)
(1394, 76, 37)
(1396, 75, 36)
(1397, 78, 38)
(1399, 76, 37)
(1400, 79, 39)
(1402, 78, 38)
(1403, 84, 42)
(1404, 83, 41)
(2811/2, 71, 34)
(1406, 69, 33)
(2813/2, 67, 32)
(1407, 72, 35)
(2815/2, 71, 34)
(1408, 69, 33)
(2817/2, 72, 35)
(1409, 71, 34)
(2819/2, 69, 33)
(1410, 74, 36)
(2821/2, 72, 35)
(1411, 71, 34)
(2823/2, 74, 36)
(1412, 72, 35)
(2825/2, 71, 34)
(1413, 76, 37)
(2827/2, 74, 36)
(1414, 72, 35)
(2829/2, 76, 37)
(1415, 74, 36)
(2831/2, 72, 35)
(1416, 77, 38)
(2833/2, 76, 37)
(1417, 74, 36)
(2835/2, 80, 39)
(1418, 78, 38)
(2837/2, 76, 37)
(1419, 81, 40)
(2839/2, 80, 39)
(1420, 78, 38)
(2841/2, 83, 41)
(1421, 81, 40)
(2843/2, 80, 39)
(1422, 84, 42)
(2845/2, 83, 41)
(1423, 81, 40)
(2847/2, 84, 42)
(1424, 83, 41)
(2849/2, 81, 40)
(1425, 84, 42)
(2851/2, 83, 41)
(1426, 81, 40)
(2853/2, 84, 42)
(1427, 83, 41)
(2855/2, 81, 40)
(1428, 84, 42)
(2857/2, 83, 41)
(1429, 81, 40)
(2859/2, 84, 42)
(1430, 83, 41)
(2861/2, 81, 40)
(1431, 84, 42)
(2863/2, 83, 41)
(1432, 81, 40)
(2865/2, 84, 42)
(1433, 83, 41)
(2867/2, 81, 40)
(1434, 79, 39)
(2869/2, 77, 38)
(1435, 76, 37)
(2871/2, 79, 39)
(1436, 77, 38)
(2873/2, 76, 37)
(1437, 77, 38)
(2875/2, 76, 37)
(1438, 74, 36)
(2877/2, 77, 38)
(1439, 76, 37)
(2879/2, 74, 36)
(1440, 72, 35)
(2881/2, 71, 34)
(1441, 69, 33)
(2883/2, 72, 35)
(1442, 71, 34)
(2885/2, 69, 33)
(1443, 76, 37)
(2887/2, 74, 36)
(1444, 72, 35)
(2889/2, 76, 37)
(1445, 74, 36)
(2891/2, 72, 35)
(1446, 71, 34)
(2893/2, 79, 39)
(1447, 78, 38)
(2895/2, 76, 37)
(1448, 74, 36)
(2897/2, 72, 35)
(1449, 71, 34)
(2899/2, 72, 35)
(1450, 71, 34)
(2901/2, 69, 33)
(1451, 67, 32)
(2903/2, 66, 31)
(1452, 64, 30)
(2907/2, 64, 30)
(1454, 67, 32)
(2909/2, 66, 31)
(1455, 64, 30)
(1456, 64, 30)
(1457, 64, 30)
(1458, 72, 35)
(2919/2, 71, 34)
(1460, 69, 33)
(2921/2, 67, 32)
(1461, 66, 31)
(1462, 66, 31)
(1463, 66, 31)
(1464, 71, 34)
(2931/2, 76, 37)
(1466, 79, 39)
(2933/2, 78, 38)
(1467, 76, 37)
(1468, 76, 37)
(1469, 76, 37)
(1470, 84, 42)
(2943/2, 83, 41)
(1472, 81, 40)
(2945/2, 79, 39)
(1473, 78, 38)
(1474, 78, 38)
(1475, 78, 38)
(1476, 83, 41)
(2955/2, 81, 40)
(1478, 79, 39)
(2957/2, 78, 38)
(1479, 76, 37)
(1480, 76, 37)
(1481, 76, 37)
(1482, 83, 41)
(2967/2, 81, 40)
(1484, 79, 39)
(2969/2, 78, 38)
(1485, 76, 37)
(1486, 76, 37)
(1487, 76, 37)
(1489, 64, 30)
(1489, 76, 37)
(1490, 64, 30)
(1490, 76, 37)
(1492, 64, 30)
(1492, 76, 37)
(1493, 64, 30)
(1493, 76, 37)
(1495, 64, 30)
(1495, 76, 37)
(1496, 64, 30)
(1496, 76, 37)
(1498, 76, 37)
(1498, 88, 44)
(1499, 76, 37)
(1499, 88, 44)
(1501, 76, 37)
(1501, 88, 44)
(1502, 76, 37)
(1502, 88, 44)
(1504, 76, 37)
(1504, 88, 44)
(1505, 76, 37)
(1505, 88, 44)
(3013/2, 59, 27)
(1507, 63, 29)
(3015/2, 64, 30)
(1508, 59, 27)
(3017/2, 63, 29)
(1509, 64, 30)
(3019/2, 64, 30)
(1510, 66, 31)
(3021/2, 67, 32)
(1511, 64, 30)
(3023/2, 66, 31)
(1512, 67, 32)
(3025/2, 67, 32)
(1513, 69, 33)
(3027/2, 71, 34)
(1514, 67, 32)
(3029/2, 69, 33)
(1515, 71, 34)
(3031/2, 71, 34)
(1516, 75, 36)
(3033/2, 76, 37)
(1517, 71, 34)
(3035/2, 75, 36)
(1518, 76, 37)
(3037/2, 76, 37)
(1519, 78, 38)
(3039/2, 79, 39)
(1520, 76, 37)
(3041/2, 78, 38)
(1521, 79, 39)
(3043/2, 79, 39)
(1522, 81, 40)
(3045/2, 83, 41)
(1523, 79, 39)
(3047/2, 81, 40)
(1524, 83, 41)
(3049/2, 83, 41)
(1525, 87, 43)
(3051/2, 88, 44)
(1526, 83, 41)
(3053/2, 87, 43)
(1527, 88, 44)
(3055/2, 83, 41)
(1528, 87, 43)
(3057/2, 88, 44)
(1529, 83, 41)
(3059/2, 87, 43)
(1530, 88, 44)
(1531, 90, 45)
(1532, 91, 46)
(1533, 90, 45)
(1534, 91, 46)
(1535, 90, 45)
(1536, 91, 46)
(1539, 66, 31)
(1539, 75, 36)
(1542, 64, 30)
(1542, 71, 34)
(1542, 76, 37)
(10000, 59, 27)
(20001/2, 59, 27)
(10001, 59, 27)
(10002, 59, 27)
(10003, 60, 28)
(20007/2, 60, 28)
(10004, 60, 28)
(10005, 60, 28)
(10006, 60, 28)
(20013/2, 60, 28)
(10007, 60, 28)
(10008, 60, 28)
(10009, 59, 27)
(20019/2, 59, 27)
(10010, 59, 27)
(10011, 59, 27)
(10012, 59, 27)
(20025/2, 59, 27)
(10013, 59, 27)
(20027/2, 64, 30)
(10014, 67, 32)
(20029/2, 71, 34)
(10015, 69, 33)
(10017, 66, 31)
(10018, 64, 30)
(10020, 59, 27)
(10021, 57, 26)
(10023, 66, 31)
(10024, 59, 27)
(10026, 64, 30)
(10027, 64, 30)
(20055/2, 64, 30)
(10028, 64, 30)
(10029, 64, 30)
(10030, 64, 30)
(20061/2, 64, 30)
(10031, 64, 30)
(10032, 64, 30)
(10033, 64, 30)
(20067/2, 64, 30)
(10034, 64, 30)
(10035, 64, 30)
(10036, 64, 30)
(20073/2, 64, 30)
(10037, 64, 30)
(10038, 60, 28)
(10039, 59, 27)
(20079/2, 59, 27)
(10040, 59, 27)
(10041, 63, 29)
(20083/2, 63, 29)
(10042, 64, 30)
(10043, 69, 33)
(20087/2, 69, 33)
(10044, 67, 32)
(10045, 66, 31)
(20091/2, 66, 31)
(10046, 64, 30)
(10047, 63, 29)
(20095/2, 63, 29)
(10048, 64, 30)
(10049, 69, 33)
(20099/2, 69, 33)
(10050, 67, 32)
(10051, 69, 33)
(20103/2, 69, 33)
(10052, 69, 33)
(10053, 69, 33)
(10054, 72, 35)
(20111/2, 69, 33)
(10056, 67, 32)
(20113/2, 66, 31)
(10057, 64, 30)
(10060, 64, 30)
(20123/2, 76, 37)
(10062, 79, 39)
(20125/2, 78, 38)
(10063, 76, 37)
(10069, 64, 30)
(10070, 64, 30)
(10071, 64, 30)
(10072, 63, 29)
(10075, 64, 30)
(10076, 64, 30)
(10077, 64, 30)
(10078, 63, 29)
(10081, 64, 30)
(10082, 64, 30)
(10083, 64, 30)
(10084, 64, 30)
(10085, 69, 33)
(10086, 67, 32)
(10087, 66, 31)
(10088, 64, 30)
(10089, 63, 29)
(10090, 63, 29)
(10091, 64, 30)
(20187/2, 64, 30)
(10094, 69, 33)
(20189/2, 67, 32)
(10095, 66, 31)
(20191/2, 64, 30)
(10096, 63, 29)
(20199/2, 64, 30)
(10100, 69, 33)
(20201/2, 67, 32)
(10101, 66, 31)
(20203/2, 64, 30)
(10102, 63, 29)
(20211/2, 64, 30)
(10106, 66, 31)
(20213/2, 67, 32)
(10107, 69, 33)
(20215/2, 71, 34)
(10108, 72, 35)
(10109, 63, 29)
(10110, 64, 30)
(10111, 60, 28)
(10112, 59, 27)
(10113, 57, 26)
(10114, 55, 25)
(20229/2, 59, 27)
(10115, 59, 27)
(10116, 59, 27)
(10117, 60, 28)
(20235/2, 60, 28)
(10118, 60, 28)
(10119, 60, 28)
(10120, 64, 30)
(20241/2, 64, 30)
(10121, 64, 30)
(10122, 59, 27)
(10123, 60, 28)
(20247/2, 60, 28)
(10124, 60, 28)
(10125, 60, 28)
(10126, 59, 27)
(20255/2, 59, 27)
(10128, 64, 30)
(20257/2, 67, 32)
(10129, 67, 32)
(20261/2, 66, 31)
(10131, 64, 30)
(20263/2, 63, 29)
(10132, 67, 32)
(20267/2, 67, 32)
(10134, 66, 31)
(20269/2, 64, 30)
(10135, 71, 34)
(20273/2, 69, 33)
(10137, 67, 32)
(20275/2, 66, 31)
(10138, 72, 35)
(10139, 71, 34)
(10140, 71, 34)
(10141, 71, 34)
(10142, 70, 33)
(10143, 73, 35)
(10144, 73, 35)
(10145, 71, 34)
(10146, 74, 36)
(10147, 74, 36)
(20297/2, 73, 35)
(10149, 71, 34)
(20299/2, 70, 33)
(10150, 78, 38)
(10151, 78, 38)
(10152, 78, 38)
(10153, 78, 38)
(20307/2, 76, 37)
(10154, 74, 36)
(20309/2, 73, 35)
(10155, 71, 34)
(20311/2, 70, 33)
(10156, 74, 36)
(20313/2, 73, 35)
(10157, 71, 34)
(20315/2, 69, 33)
(10158, 67, 32)
(20317/2, 66, 31)
(10159, 67, 32)
(20319/2, 66, 31)
(10160, 64, 30)
(20321/2, 63, 29)
(10161, 64, 30)
(20323/2, 66, 31)
(10162, 59, 27)
(10163, 83, 41)
(10164, 83, 41)
(10165, 83, 41)
(20331/2, 81, 40)
(10166, 79, 39)
(20333/2, 78, 38)
(10167, 76, 37)
(20335/2, 75, 36)
(10168, 79, 39)
(20337/2, 78, 38)
(10169, 76, 37)
(20339/2, 75, 36)
(10170, 76, 37)
(20341/2, 78, 38)
(10171, 71, 34)
(10172, 76, 37)
(10173, 76, 37)
(10174, 76, 37)
(10178, 74, 36)
(10179, 74, 36)
(10180, 74, 36)
(10181, 73, 35)
(10184, 71, 34)
(10185, 71, 34)
(10186, 73, 35)
(10187, 67, 32)
(10189, 74, 36)
(10190, 67, 32)
(10192, 67, 32)
(10196, 76, 37)
(20393/2, 74, 36)
(10197, 73, 35)
(20395/2, 71, 34)
(10198, 70, 33)
(20397/2, 71, 34)
(10199, 73, 35)
(20399/2, 70, 33)
(10200, 71, 34)
(20401/2, 73, 35)
(10201, 71, 34)
(20403/2, 73, 35)
(10202, 74, 36)
(20405/2, 71, 34)
(10203, 73, 35)
(20407/2, 74, 36)
(10204, 66, 31)
(20409/2, 68, 32)
(10205, 70, 33)
(20411/2, 66, 31)
(10206, 68, 32)
(20413/2, 70, 33)
(10207, 71, 34)
(10208, 66, 31)
(10209, 66, 31)
(10210, 67, 32)
(10211, 67, 32)
(10213, 66, 31)
(10214, 66, 31)
(10216, 58, 26)
(10222, 60, 28)
(20445/2, 62, 29)
(10223, 60, 28)
(20447/2, 62, 29)
(10224, 60, 28)
(20449/2, 62, 29)
(10225, 60, 28)
(20451/2, 62, 29)
(10226, 60, 28)
(20453/2, 62, 29)
(10227, 60, 28)
(20455/2, 62, 29)
(10228, 60, 28)
(20457/2, 62, 29)
(10229, 60, 28)
(20459/2, 62, 29)
(10230, 60, 28)
(20461/2, 62, 29)
(10231, 60, 28)
(20463/2, 62, 29)
(10232, 60, 28)
(20465/2, 62, 29)
(10233, 60, 28)
(20467/2, 62, 29)
(10234, 60, 28)
(20475/2, 62, 29)
(10238, 66, 31)
(20477/2, 62, 29)
(10239, 67, 32)
(20479/2, 62, 29)
(10240, 66, 31)
(20481/2, 62, 29)
(10241, 66, 31)
(20483/2, 62, 29)
(10242, 66, 31)
(20485/2, 62, 29)
(10243, 66, 31)
(20487/2, 62, 29)
(10244, 66, 31)
(20489/2, 62, 29)
(10245, 66, 31)
(20491/2, 62, 29)
(10246, 67, 32)
(10250, 67, 32)
(10251, 67, 32)
(10252, 67, 32)
(10256, 67, 32)
(10257, 67, 32)
(10258, 67, 32)
(10260, 65, 31)
(10261, 64, 30)
(10263, 62, 29)
(10264, 64, 30)
(10270, 60, 28)
(20541/2, 62, 29)
(10271, 60, 28)
(20543/2, 62, 29)
(10272, 60, 28)
(20545/2, 62, 29)
(10273, 60, 28)
(20547/2, 62, 29)
(10274, 60, 28)
(20549/2, 62, 29)
(10275, 60, 28)
(20551/2, 62, 29)
(10276, 60, 28)
(20553/2, 62, 29)
(10277, 60, 28)
(20555/2, 62, 29)
(10278, 60, 28)
(20557/2, 62, 29)
(10279, 60, 28)
(20559/2, 62, 29)
(10280, 60, 28)
(20561/2, 62, 29)
(10281, 60, 28)
(20563/2, 62, 29)
(10282, 59, 27)
(20565/2, 55, 25)
(10283, 59, 27)
(20567/2, 55, 25)
(10284, 59, 27)
(20569/2, 55, 25)
(10285, 59, 27)
(20571/2, 55, 25)
(10286, 59, 27)
(20573/2, 55, 25)
(10287, 60, 28)
(20575/2, 55, 25)
(10288, 62, 29)
(20577/2, 55, 25)
(10289, 62, 29)
(20579/2, 55, 25)
(10290, 62, 29)
(20581/2, 55, 25)
(10291, 62, 29)
(20583/2, 55, 25)
(10292, 62, 29)
(20585/2, 55, 25)
(10293, 62, 29)
(20587/2, 55, 25)
(10294, 60, 28)
(10298, 76, 37)
(10299, 71, 34)
(10300, 74, 36)
(10301, 72, 35)
(10304, 72, 35)
(10305, 67, 32)
(10306, 70, 34)
(10307, 69, 33)
(10315, 65, 31)
(10318, 64, 30)
(10324, 59, 27)
(10327, 62, 29)
(20663/2, 62, 29)
(10332, 67, 32)
(20665/2, 71, 34)
(10333, 71, 34)
(20669/2, 69, 33)
(10335, 67, 32)
(20671/2, 66, 31)
(10336, 64, 30)
(20673/2, 62, 29)
(10337, 64, 30)
(20675/2, 66, 31)
(10338, 67, 32)
(20677/2, 69, 33)
(10339, 71, 34)
(10340, 67, 32)
(10341, 62, 29)
(10342, 74, 36)
(10345, 73, 35)
(10348, 72, 35)
(10351, 71, 34)
(10353, 67, 32)
(10354, 64, 30)
(20709/2, 64, 30)
(10355, 64, 30)
(10357, 65, 31)
(20715/2, 65, 31)
(10358, 65, 31)
(10360, 64, 30)
(20721/2, 64, 30)
(10361, 64, 30)
(10363, 67, 32)
(20727/2, 67, 32)
(10364, 67, 32)
(10366, 62, 29)
(20733/2, 62, 29)
(10367, 62, 29)
(10372, 62, 29)
(10373, 62, 29)
(10374, 74, 36)
(10376, 72, 35)
(10377, 71, 34)
(10379, 67, 32)
(10380, 64, 30)
(10381, 62, 29)
(10382, 62, 29)
(10383, 62, 29)
(10384, 62, 29)
(10385, 62, 29)
(10386, 74, 36)
(10388, 72, 35)
(10389, 71, 34)
(10391, 67, 32)
(10392, 64, 30)
(10393, 62, 29)
(10394, 62, 29)
(10395, 62, 29)
(10396, 62, 29)
(10398, 63, 29)
(10399, 64, 30)
(10400, 59, 27)
(10401, 59, 27)
(10404, 60, 28)
(10405, 69, 33)
(10406, 69, 33)
(10407, 69, 33)
(10408, 67, 32)
(10411, 79, 39)
(20823/2, 76, 37)
(10412, 75, 36)
(20825/2, 78, 38)
(10413, 76, 37)
(20827/2, 71, 34)
(10414, 76, 37)
(20829/2, 72, 35)
(10415, 71, 34)
(20831/2, 74, 36)
(10416, 72, 35)
(20833/2, 67, 32)
(10417, 76, 37)
(20835/2, 72, 35)
(10418, 68, 32)
(20837/2, 71, 34)
(10419, 69, 33)
(20839/2, 64, 30)
(10420, 60, 28)
(10421, 60, 28)
(10421, 63, 30)
(10422, 60, 28)
(10422, 63, 30)
(10423, 60, 28)
(10423, 63, 30)
(10424, 60, 28)
(10424, 63, 30)
(10425, 60, 28)
(10425, 63, 30)
(10426, 60, 28)
(10426, 63, 30)
(10429, 60, 28)
(20859/2, 60, 28)
(10430, 60, 28)
(20861/2, 60, 28)
(10431, 60, 28)
(20863/2, 60, 28)
(10432, 61, 28)
(10433, 61, 28)
(10434, 61, 28)
(10435, 61, 28)
(10436, 61, 28)
(10437, 61, 28)
(10438, 61, 28)
(10447, 70, 34)
(10450, 71, 34)
(10451, 69, 33)
(10452, 74, 36)
(10453, 74, 36)
(10454, 62, 29)
(10454, 72, 35)
(10455, 62, 29)
(10455, 71, 34)
(10456, 62, 29)
(10456, 69, 33)
(10462, 71, 34)
(10463, 72, 35)
(10464, 73, 35)
(10465, 74, 36)
(10466, 76, 37)
(10467, 78, 38)
(10468, 79, 39)
(10469, 76, 37)
(10470, 73, 35)
(10471, 74, 36)
(10473, 72, 35)
(10474, 71, 34)
(10475, 72, 35)
(10476, 73, 35)
(10477, 74, 36)
(10478, 76, 37)
(10479, 78, 38)
(10480, 81, 40)
(10481, 79, 39)
(10482, 76, 37)
(10483, 74, 36)
(10485, 72, 35)
(10486, 71, 34)
(10487, 72, 35)
(10487, 72, 35)
(10488, 71, 34)
(10489, 71, 34)
(10491, 76, 37)
(10492, 71, 34)
(10493, 72, 35)
(10493, 72, 35)
(10494, 71, 34)
(10495, 71, 34)
(10497, 76, 37)
(10504, 73, 35)
(21009/2, 76, 37)
(10505, 79, 39)
(21011/2, 83, 41)
(10506, 81, 40)
(21013/2, 79, 39)
(10507, 83, 41)
(21015/2, 81, 40)
(10508, 79, 39)
(21017/2, 83, 41)
(10509, 81, 40)
(21019/2, 79, 39)
(10510, 78, 38)
(10516, 71, 34)
(21033/2, 74, 36)
(10517, 77, 38)
(21035/2, 81, 40)
(10518, 79, 39)
(21037/2, 77, 38)
(10519, 81, 40)
(21039/2, 79, 39)
(10520, 77, 38)
(21041/2, 81, 40)
(10521, 79, 39)
(21043/2, 77, 38)
(10522, 76, 37)
(21047/2, 76, 37)
(10524, 79, 39)
(21049/2, 77, 38)
(10525, 76, 37)
(21051/2, 76, 37)
(10526, 72, 35)
(21053/2, 67, 32)
(10527, 76, 37)
(21055/2, 74, 36)
(10528, 72, 35)
(21057/2, 76, 37)
(10529, 79, 39)
(21059/2, 72, 35)
(10530, 76, 37)
(21061/2, 74, 36)
(10531, 72, 35)
(21065/2, 60, 28)
(10533, 64, 30)
(21067/2, 62, 29)
(10534, 60, 28)
(10535, 59, 27)
(10536, 60, 28)
(10537, 59, 27)
(10538, 60, 28)
(10539, 59, 27)
(10540, 60, 28)
(21101/2, 64, 30)
(10551, 67, 32)
(21103/2, 66, 31)
(10552, 64, 30)
(10555, 64, 30)
(10556, 64, 30)
(10557, 64, 30)
(10558, 63, 29)
(10561, 64, 30)
(10562, 64, 30)
(10563, 64, 30)
(10564, 63, 29)
(10567, 64, 30)
(10568, 64, 30)
(10569, 64, 30)
(10570, 64, 30)
(10571, 63, 29)
(10572, 64, 30)
(10573, 66, 31)
(10574, 64, 30)
(10575, 63, 29)
(10576, 63, 29)
(10577, 64, 30)
(21159/2, 64, 30)
(10580, 69, 33)
(21161/2, 67, 32)
(10581, 66, 31)
(21163/2, 64, 30)
(10582, 63, 29)
(21171/2, 64, 30)
(10586, 69, 33)
(21173/2, 67, 32)
(10587, 66, 31)
(21175/2, 64, 30)
(10588, 63, 29)
(21183/2, 64, 30)
(10592, 66, 31)
(21185/2, 67, 32)
(10593, 69, 33)
(21187/2, 71, 34)
(10594, 72, 35)
(10595, 63, 29)
(10596, 64, 30)
(10597, 60, 28)
(10598, 59, 27)
(10599, 57, 26)
(10600, 55, 25)
(21201/2, 59, 27)
(10601, 59, 27)
(10602, 59, 27)
(10603, 60, 28)
(21207/2, 60, 28)
(10604, 60, 28)
(10605, 60, 28)
(10606, 60, 28)
(21213/2, 60, 28)
(10607, 60, 28)
(10608, 60, 28)
(10609, 59, 27)
(21219/2, 59, 27)
(10610, 59, 27)
(10611, 59, 27)
(10612, 59, 27)
(21225/2, 59, 27)
(10613, 59, 27)
(21227/2, 64, 30)
(10614, 67, 32)
(21229/2, 71, 34)
(10615, 69, 33)
(10617, 66, 31)
(10618, 64, 30)
(10620, 59, 27)
(10621, 57, 26)
(10623, 59, 27)
(10624, 59, 27)
(21251/2, 71, 34)
(10626, 71, 34)
(21253/2, 71, 34)
(10627, 72, 35)
(21255/2, 72, 35)
(10628, 72, 35)
(10629, 72, 35)
(10630, 72, 35)
(21261/2, 72, 35)
(10631, 72, 35)
(10632, 72, 35)
(10633, 71, 34)
(21269/2, 76, 37)
(10635, 79, 39)
(21271/2, 78, 38)
(10636, 76, 37)
(21275/2, 67, 32)
(10638, 71, 34)
(21277/2, 69, 33)
(10639, 67, 32)
(21281/2, 64, 30)
(10641, 67, 32)
(21283/2, 66, 31)
(10642, 64, 30)
(10643, 64, 30)
(10644, 64, 30)
(10645, 70, 33)
(10648, 78, 38)
(10652, 76, 37)
(10653, 73, 35)
(10654, 70, 33)
(10655, 71, 34)
(10656, 73, 35)
(10657, 74, 36)
(10669, 55, 25)
(10669, 67, 32)
(10672, 79, 39)
(10676, 74, 36)
(10677, 71, 34)
(10678, 67, 32)
(10679, 67, 32)
(10680, 67, 32)
(10681, 67, 32)
(10684, 69, 33)
(10685, 69, 33)
(10686, 69, 33)
(10687, 67, 32)
(10690, 66, 31)
(10691, 69, 33)
(10692, 66, 31)
(10693, 62, 29)
(21389/2, 67, 32)
(10695, 71, 34)
(21391/2, 69, 33)
(10696, 67, 32)
(10697, 67, 32)
(10698, 67, 32)
(10699, 74, 36)
(21401/2, 67, 32)
(10701, 71, 34)
(21403/2, 69, 33)
(10702, 67, 32)
(10703, 67, 32)
(10704, 67, 32)
(10705, 74, 36)
(21413/2, 62, 29)
(10707, 64, 30)
(21415/2, 65, 31)
(10708, 67, 32)
(21417/2, 65, 31)
(10709, 64, 30)
(21419/2, 64, 30)
(10710, 65, 31)
(21421/2, 67, 32)
(10711, 69, 33)
(21423/2, 67, 32)
(10712, 65, 31)
(21425/2, 65, 31)
(10713, 67, 32)
(21427/2, 69, 33)
(10714, 71, 34)
(21429/2, 69, 33)
(10715, 68, 32)
(21431/2, 68, 32)
(10716, 69, 33)
(21433/2, 71, 34)
(10717, 72, 35)
(21435/2, 71, 34)
(10718, 69, 33)
(21437/2, 69, 33)
(10719, 71, 34)
(21439/2, 72, 35)
(10720, 74, 36)
(21441/2, 72, 35)
(10721, 71, 34)
(21443/2, 71, 34)
(10722, 72, 35)
(21445/2, 74, 36)
(10723, 72, 35)
(21447/2, 71, 34)
(10724, 69, 33)
(21449/2, 69, 33)
(10725, 71, 34)
(21451/2, 72, 35)
(10726, 74, 36)
(21453/2, 72, 35)
(10727, 71, 34)
(21455/2, 71, 34)
(10728, 72, 35)
(21457/2, 74, 36)
(10729, 72, 35)
(10730, 74, 36)
(10731, 75, 36)
(10732, 76, 37)
(10733, 78, 38)
(10734, 80, 39)
(10735, 81, 40)
(10736, 78, 38)
(10737, 75, 36)
(10738, 76, 37)
(10740, 74, 36)
(10741, 76, 37)
(21483/2, 72, 35)
(10742, 71, 34)
(21485/2, 74, 36)
(10743, 72, 35)
(21487/2, 69, 33)
(10744, 72, 35)
(21489/2, 69, 33)
(10745, 64, 30)
(21491/2, 62, 29)
(10746, 64, 30)
(21493/2, 60, 28)
(10747, 57, 26)
(21495/2, 59, 27)
(10748, 60, 28)
(21497/2, 59, 27)
(10749, 60, 28)
(21499/2, 57, 26)
(10750, 66, 31)
(21501/2, 62, 29)
(10751, 66, 31)
(21503/2, 69, 33)
(10752, 66, 31)
(21505/2, 60, 28)
(10753, 59, 27)
(10754, 60, 28)
(10755, 61, 28)
(10756, 62, 29)
(10757, 64, 30)
(10758, 66, 31)
(10759, 67, 32)
(10760, 64, 30)
(10761, 61, 29)
(10762, 60, 28)
(10764, 58, 27)
(10765, 57, 26)
(10768, 69, 33)
(21537/2, 65, 31)
(10769, 64, 30)
(21539/2, 67, 32)
(10770, 65, 31)
(21541/2, 60, 28)
(10774, 76, 37)
(21549/2, 72, 35)
(10775, 71, 34)
(21551/2, 74, 36)
(10776, 72, 35)
(21553/2, 69, 33)
(10780, 78, 38)
(21561/2, 76, 37)
(10781, 75, 36)
(21563/2, 78, 38)
(10782, 76, 37)
(21565/2, 69, 33)
(10783, 69, 33)
(21567/2, 69, 33)
(10784, 69, 33)
(10785, 69, 33)
(10786, 69, 33)
(21573/2, 69, 33)
(10787, 69, 33)
(10788, 69, 33)
(10789, 67, 32)
(10790, 79, 39)
(10791, 76, 37)
(10792, 71, 34)
(10793, 67, 32)
(10794, 64, 30)
(10795, 59, 27)
(21591/2, 59, 27)
(10796, 59, 27)
(10797, 59, 27)
(10798, 63, 29)
(21597/2, 63, 29)
(10799, 63, 29)
(10800, 57, 26)
(10801, 59, 27)
(21603/2, 59, 27)
(10802, 59, 27)
(10803, 59, 27)
(10804, 59, 27)
(21609/2, 59, 27)
(10805, 59, 27)
(21611/2, 64, 30)
(10806, 67, 32)
(21613/2, 71, 34)
(10807, 69, 33)
(10809, 66, 31)
(10810, 64, 30)
(10812, 59, 27)
(10813, 57, 26)
(10819, 64, 30)
(21639/2, 64, 30)
(10820, 64, 30)
(10821, 64, 30)
(10822, 64, 30)
(21645/2, 64, 30)
(10823, 64, 30)
(10824, 64, 30)
(10825, 64, 30)
(21651/2, 64, 30)
(10826, 64, 30)
(10827, 64, 30)
(10828, 64, 30)
(21657/2, 64, 30)
(10829, 64, 30)
(10830, 60, 28)
(10831, 59, 27)
(21663/2, 59, 27)
(10832, 59, 27)
(10833, 59, 27)
(21667/2, 59, 27)
(10834, 59, 27)
(10835, 63, 29)
(21671/2, 63, 29)
(10836, 64, 30)
(10837, 66, 31)
(21675/2, 66, 31)
(10838, 64, 30)
(10839, 69, 33)
(21679/2, 69, 33)
(10840, 67, 32)
(10841, 71, 34)
(21683/2, 71, 34)
(10842, 71, 34)
(10843, 71, 34)
(21687/2, 71, 34)
(10844, 71, 34)
(10845, 71, 34)
(10846, 72, 35)
(21695/2, 72, 35)
(10848, 71, 34)
(21697/2, 69, 33)
(10849, 67, 32)
(21707/2, 76, 37)
(10854, 79, 39)
(21709/2, 78, 38)
(10855, 76, 37)
(10861, 60, 28)
(10862, 60, 28)
(10863, 60, 28)
(10864, 64, 30)
(21731/2, 76, 37)
(10866, 79, 39)
(21733/2, 78, 38)
(10867, 76, 37)
(10873, 57, 26)
(10874, 57, 26)
(10875, 57, 26)
(10876, 57, 26)
(21755/2, 66, 31)
(10878, 69, 33)
(21757/2, 67, 32)
(10879, 66, 31)
(10885, 57, 26)
(10886, 57, 26)
(10887, 57, 26)
(10888, 55, 25)
(21779/2, 62, 29)
(10890, 65, 31)
(21781/2, 64, 30)
(10891, 62, 29)
(10897, 59, 27)
(10898, 59, 27)
(10899, 59, 27)
(10900, 60, 28)
(21803/2, 60, 28)
(10902, 64, 30)
(21805/2, 62, 29)
(10903, 60, 28)
(21815/2, 60, 28)
(10908, 64, 30)
(21817/2, 62, 29)
(10909, 60, 28)
(10910, 60, 28)
(10911, 60, 28)
(10912, 67, 32)
(21827/2, 60, 28)
(10914, 64, 30)
(21829/2, 62, 29)
(10915, 60, 28)
(21839/2, 60, 28)
(10920, 64, 30)
(21841/2, 62, 29)
(10921, 60, 28)
(10922, 60, 28)
(10923, 60, 28)
(10924, 67, 32)
(21851/2, 64, 30)
(10926, 67, 32)
(21853/2, 66, 31)
(10927, 64, 30)
(21863/2, 64, 30)
(10932, 67, 32)
(21865/2, 66, 31)
(10933, 64, 30)
(10934, 64, 30)
(10935, 64, 30)
(10936, 71, 34)
(21875/2, 64, 30)
(10938, 67, 32)
(21877/2, 66, 31)
(10939, 64, 30)
(21887/2, 62, 29)
(10944, 65, 31)
(21889/2, 64, 30)
(10945, 62, 29)
(21899/2, 57, 26)
(10950, 60, 28)
(21901/2, 59, 27)
(10951, 57, 26)
(21905/2, 60, 28)
(10953, 64, 30)
(21907/2, 62, 29)
(10954, 60, 28)
(21911/2, 57, 26)
(10956, 60, 28)
(21913/2, 59, 27)
(10957, 57, 26)
(21917/2, 60, 28)
(10959, 64, 30)
(21919/2, 62, 29)
(10960, 60, 28)
(21923/2, 64, 30)
(10962, 67, 32)
(21925/2, 66, 31)
(10963, 64, 30)
(21929/2, 60, 28)
(10965, 64, 30)
(21931/2, 62, 29)
(10966, 60, 28)
(10969, 60, 28)
(10972, 60, 28)
(10978, 57, 26)
(21969/2, 59, 27)
(10985, 57, 26)
(21971/2, 59, 27)
(10986, 57, 26)
(21973/2, 59, 27)
(10987, 57, 26)
(21975/2, 59, 27)
(10988, 57, 26)
(21977/2, 59, 27)
(10989, 57, 26)
(21979/2, 59, 27)
(10990, 57, 26)
(21981/2, 59, 27)
(10991, 57, 26)
(21983/2, 59, 27)
(10992, 57, 26)
(21985/2, 59, 27)
(10993, 57, 26)
(21987/2, 59, 27)
(10994, 57, 26)
(21989/2, 59, 27)
(10995, 57, 26)
(21991/2, 59, 27)
(10996, 57, 26)
(21999/2, 59, 27)
(11000, 63, 29)
(22001/2, 59, 27)
(11001, 64, 30)
(22003/2, 59, 27)
(11002, 66, 31)
(22005/2, 59, 27)
(11003, 66, 31)
(22007/2, 59, 27)
(11004, 66, 31)
(22009/2, 59, 27)
(11005, 63, 29)
(22011/2, 59, 27)
(11006, 63, 29)
(22013/2, 59, 27)
(11007, 66, 31)
(22015/2, 59, 27)
(11008, 64, 30)
(11012, 64, 30)
(11013, 64, 30)
(11014, 64, 30)
(11018, 64, 30)
(11019, 64, 30)
(11020, 64, 30)
(11022, 62, 29)
(11023, 61, 28)
(11032, 57, 26)
(22065/2, 59, 27)
(11033, 57, 26)
(22067/2, 59, 27)
(11034, 57, 26)
(22069/2, 59, 27)
(11035, 57, 26)
(22071/2, 59, 27)
(11036, 57, 26)
(22073/2, 59, 27)
(11037, 57, 26)
(22075/2, 59, 27)
(11038, 57, 26)
(22077/2, 59, 27)
(11039, 57, 26)
(22079/2, 59, 27)
(11040, 57, 26)
(22081/2, 59, 27)
(11041, 57, 26)
(22083/2, 59, 27)
(11042, 57, 26)
(22085/2, 59, 27)
(11043, 57, 26)
(22087/2, 59, 27)
(11044, 56, 25)
(22089/2, 59, 27)
(11045, 56, 25)
(22091/2, 59, 27)
(11046, 56, 25)
(22093/2, 59, 27)
(11047, 56, 25)
(22095/2, 59, 27)
(11048, 56, 25)
(22097/2, 59, 27)
(11049, 56, 25)
(22099/2, 59, 27)
(11050, 56, 25)
(22101/2, 59, 27)
(11051, 56, 25)
(22103/2, 59, 27)
(11052, 56, 25)
(22105/2, 59, 27)
(11053, 56, 25)
(22107/2, 59, 27)
(11054, 56, 25)
(22109/2, 59, 27)
(11055, 56, 25)
(22111/2, 59, 27)
(11056, 57, 26)
(11060, 73, 35)
(11061, 68, 32)
(11062, 71, 34)
(11063, 69, 33)
(11066, 69, 33)
(11067, 64, 30)
(11068, 67, 32)
(11069, 66, 31)
(11074, 66, 31)
(11077, 62, 29)
(11080, 61, 28)
(11085, 57, 26)
(11086, 56, 25)
(11089, 59, 27)
(22187/2, 59, 27)
(11094, 64, 30)
(22189/2, 68, 32)
(11095, 68, 32)
(22193/2, 66, 31)
(11097, 64, 30)
(22195/2, 63, 29)
(11098, 61, 28)
(22197/2, 59, 27)
(11099, 61, 28)
(22199/2, 63, 29)
(11100, 64, 30)
(22201/2, 66, 31)
(11101, 68, 32)
(11102, 64, 30)
(11103, 68, 32)
(11104, 71, 34)
(11107, 70, 33)
(11110, 69, 33)
(11113, 68, 32)
(11115, 64, 30)
(11116, 64, 30)
(22233/2, 64, 30)
(11117, 64, 30)
(11119, 65, 30)
(22239/2, 65, 30)
(11120, 65, 30)
(11122, 66, 31)
(22245/2, 66, 31)
(11123, 66, 31)
(11125, 67, 32)
(22251/2, 67, 32)
(11126, 67, 32)
(11128, 57, 26)
(11128, 66, 31)
(22257/2, 57, 26)
(22257/2, 66, 31)
(11129, 57, 26)
(11129, 66, 31)
(11134, 56, 25)
(11134, 64, 30)
(11135, 71, 34)
(11138, 69, 33)
(11139, 68, 32)
(11141, 64, 30)
(11142, 61, 28)
(11143, 59, 27)
(11144, 59, 27)
(11145, 59, 27)
(11146, 59, 27)
(11147, 71, 34)
(11150, 69, 33)
(11151, 68, 32)
(11153, 64, 30)
(11154, 61, 28)
(11155, 59, 27)
(11156, 59, 27)
(11157, 59, 27)
(11158, 59, 27)
(11160, 66, 31)
(11161, 64, 30)
(11162, 66, 31)
(11163, 68, 32)
(11166, 69, 33)
(11168, 69, 33)
(11169, 69, 33)
(11170, 71, 34)
(11176, 71, 34)
(22353/2, 68, 32)
(11177, 66, 31)
(22355/2, 69, 33)
(11178, 68, 32)
(22357/2, 64, 30)
(11179, 68, 32)
(22359/2, 64, 30)
(11180, 63, 29)
(22361/2, 66, 31)
(11181, 64, 30)
(22363/2, 61, 28)
(11182, 61, 28)
(11183, 67, 32)
(11183, 70, 33)
(11184, 67, 32)
(11184, 70, 33)
(11185, 67, 32)
(11185, 70, 33)
(11186, 67, 32)
(11186, 70, 33)
(11187, 67, 32)
(11187, 70, 33)
(11188, 67, 32)
(11188, 70, 33)
(11197, 67, 32)
(11200, 68, 32)
(11201, 66, 31)
(11202, 71, 34)
(11203, 71, 34)
(11204, 69, 33)
(11205, 68, 32)
(11206, 66, 31)
(11206, 69, 33)
(11211, 69, 33)
(11212, 68, 32)
(11213, 69, 33)
(11214, 70, 33)
(11215, 71, 34)
(11216, 73, 35)
(11217, 75, 36)
(11218, 76, 37)
(11219, 73, 35)
(11220, 70, 33)
(11221, 71, 34)
(11223, 69, 33)
(11224, 68, 32)
(11225, 69, 33)
(11226, 70, 33)
(11227, 71, 34)
(11228, 73, 35)
(11229, 75, 36)
(11230, 78, 38)
(11231, 76, 37)
(11232, 73, 35)
(11233, 71, 34)
(11235, 69, 33)
(11236, 68, 32)
(11237, 71, 34)
(11237, 69, 33)
(11238, 68, 32)
(11239, 68, 32)
(11241, 73, 35)
(11242, 68, 32)
(11243, 71, 34)
(11243, 69, 33)
(11244, 68, 32)
(11245, 68, 32)
(11247, 73, 35)
(11254, 70, 33)
(22509/2, 73, 35)
(11255, 76, 37)
(22511/2, 80, 39)
(11256, 78, 38)
(22513/2, 76, 37)
(11257, 80, 39)
(22515/2, 78, 38)
(11258, 76, 37)
(22517/2, 80, 39)
(11259, 78, 38)
(22519/2, 76, 37)
(11266, 70, 33)
(22533/2, 73, 35)
(11267, 76, 37)
(22535/2, 79, 39)
(11268, 78, 38)
(22537/2, 76, 37)
(11269, 79, 39)
(22539/2, 78, 38)
(11270, 76, 37)
(22541/2, 79, 39)
(11271, 78, 38)
(22543/2, 76, 37)
(11272, 75, 36)
(11273, 76, 37)
(11274, 78, 38)
(11278, 83, 41)
(11279, 79, 39)
(11280, 76, 37)
(11284, 75, 36)
(11285, 76, 37)
(11286, 78, 38)
(11290, 71, 34)
(11291, 67, 32)
(11292, 64, 30)
(11296, 72, 35)
(11300, 71, 34)
(11301, 69, 33)
(11302, 66, 31)
(11303, 67, 32)
(11304, 69, 33)
(11305, 71, 34)
(22617/2, 59, 27)
(11309, 64, 30)
(22619/2, 62, 29)
(11310, 60, 28)
(22621/2, 59, 27)
(11311, 57, 26)
(22623/2, 59, 27)
(11312, 60, 28)
(22625/2, 57, 26)
(11313, 59, 27)
(22627/2, 60, 28)
(11314, 59, 27)
(22629/2, 63, 29)
(11315, 64, 30)
(22631/2, 59, 27)
(11316, 63, 29)
(22633/2, 64, 30)
(11317, 63, 29)
(22635/2, 64, 30)
(11318, 66, 31)
(22637/2, 63, 29)
(11319, 64, 30)
(22639/2, 66, 31)
(11320, 64, 30)
(22641/2, 66, 31)
(11321, 67, 32)
(22643/2, 59, 27)
(11322, 64, 30)
(22645/2, 67, 32)
(11323, 67, 32)
(22649/2, 66, 31)
(11325, 64, 30)
(22651/2, 63, 29)
(11326, 69, 33)
(22655/2, 67, 32)
(11328, 66, 31)
(22657/2, 64, 30)
(11329, 72, 35)
(22661/2, 69, 33)
(11331, 67, 32)
(22663/2, 66, 31)
(11332, 67, 32)
(22667/2, 59, 27)
(11334, 57, 26)
(22669/2, 55, 25)
(11335, 60, 28)
(22671/2, 59, 27)
(11336, 57, 26)
(22673/2, 60, 28)
(11337, 59, 27)
(22675/2, 57, 26)
(11338, 62, 29)
(22677/2, 60, 28)
(11339, 59, 27)
(22679/2, 62, 29)
(11340, 60, 28)
(22681/2, 59, 27)
(11341, 64, 30)
(22683/2, 62, 29)
(11342, 60, 28)
(22685/2, 64, 30)
(11343, 62, 29)
(22687/2, 60, 28)
(11344, 65, 31)
(22689/2, 64, 30)
(11345, 62, 29)
(22691/2, 68, 32)
(11346, 66, 31)
(22693/2, 64, 30)
(11347, 69, 33)
(22695/2, 68, 32)
(11348, 66, 31)
(22697/2, 71, 34)
(11349, 69, 33)
(22699/2, 68, 32)
(11350, 72, 35)
(22701/2, 71, 34)
(11351, 69, 33)
(11359, 65, 31)
(11362, 64, 30)
(11365, 59, 27)
(11368, 60, 28)
(11371, 55, 25)
(11374, 55, 25)
(11377, 57, 26)
(11380, 55, 25)
(22761/2, 59, 27)
(11381, 64, 30)
(22763/2, 62, 29)
(11382, 60, 28)
(22765/2, 59, 27)
(11383, 57, 26)
(22767/2, 59, 27)
(11384, 60, 28)
(22769/2, 57, 26)
(11385, 59, 27)
(22771/2, 60, 28)
(11386, 59, 27)
(22773/2, 63, 29)
(11387, 64, 30)
(22775/2, 59, 27)
(11388, 63, 29)
(22777/2, 64, 30)
(11389, 63, 29)
(22779/2, 64, 30)
(11390, 66, 31)
(22781/2, 63, 29)
(11391, 64, 30)
(22783/2, 66, 31)
(11392, 64, 30)
(22785/2, 66, 31)
(11393, 67, 32)
(22787/2, 59, 27)
(11394, 64, 30)
(22789/2, 67, 32)
(11395, 67, 32)
(22793/2, 66, 31)
(11397, 64, 30)
(22795/2, 63, 29)
(11398, 69, 33)
(22799/2, 67, 32)
(11400, 66, 31)
(22801/2, 64, 30)
(11401, 72, 35)
(22805/2, 69, 33)
(11403, 67, 32)
(22807/2, 66, 31)
(11404, 71, 34)
(22811/2, 71, 34)
(11406, 76, 37)
(22813/2, 79, 39)
(11407, 79, 39)
(22817/2, 78, 38)
(11409, 79, 39)
(22819/2, 81, 40)
(11410, 81, 40)
(22823/2, 80, 39)
(11412, 81, 40)
(22825/2, 83, 41)
(11413, 83, 41)
(22829/2, 81, 40)
(11415, 83, 41)
(22831/2, 84, 42)
(11416, 74, 36)
(22833/2, 74, 36)
(11417, 74, 36)
(22835/2, 74, 36)
(11418, 74, 36)
(22837/2, 74, 36)
(11419, 74, 36)
(22839/2, 74, 36)
(11420, 74, 36)
(22841/2, 74, 36)
(11421, 72, 35)
(22843/2, 71, 34)
(11422, 76, 37)
(22845/2, 74, 36)
(11423, 72, 35)
(11431, 65, 31)
(11432, 69, 33)
(11433, 72, 35)
(11434, 72, 35)
(11435, 67, 32)
(11436, 62, 29)
(11437, 62, 29)
(11438, 59, 27)
(11439, 65, 31)
(11440, 64, 30)
(11441, 60, 28)
(11442, 64, 30)
(11443, 55, 25)
(11444, 60, 28)
(11445, 64, 30)
(11446, 64, 30)
(11449, 63, 29)
(11452, 64, 30)
(11458, 64, 30)
(11461, 63, 29)
(11464, 64, 30)
(11470, 76, 37)
(11473, 75, 36)
(11476, 76, 37)
(11479, 72, 35)
(11480, 72, 35)
(11481, 72, 35)
(11482, 71, 34)
(11485, 72, 35)
(11486, 72, 35)
(11487, 72, 35)
(11488, 77, 38)
(11491, 77, 38)
(11492, 77, 38)
(11493, 77, 38)
(11497, 80, 39)
(11498, 80, 39)
(11499, 80, 39)
(11500, 81, 40)
(11503, 82, 40)
(11506, 71, 34)
(11506, 83, 41)
(11512, 79, 39)
(11515, 76, 37)
(11518, 71, 34)
(23037/2, 76, 37)
(11519, 78, 38)
(23039/2, 79, 39)
(11520, 76, 37)
(23041/2, 78, 38)
(11521, 79, 39)
(23043/2, 79, 39)
(11522, 81, 40)
(23045/2, 83, 41)
(11523, 79, 39)
(23047/2, 81, 40)
(11524, 83, 41)
(23049/2, 83, 41)
(11525, 87, 43)
(23051/2, 88, 44)
(11526, 83, 41)
(23053/2, 87, 43)
(11527, 88, 44)
(23055/2, 83, 41)
(11528, 87, 43)
(23057/2, 88, 44)
(11529, 83, 41)
(23059/2, 87, 43)
(11530, 88, 44)
(11531, 71, 34)
(11531, 83, 41)
(11532, 71, 34)
(11532, 83, 41)
(11533, 71, 34)
(11533, 83, 41)
(11534, 71, 34)
(11534, 83, 41)
(11535, 71, 34)
(11535, 83, 41)
(11536, 71, 34)
(11536, 83, 41)
(11539, 59, 27)
(11539, 69, 33)
(11539, 71, 34)
(11542, 59, 27)
(11542, 67, 32)
(11542, 71, 34)
(20000, 55, 25)
(40001/2, 55, 25)
(20001, 55, 25)
(20002, 55, 25)
(20003, 57, 26)
(40007/2, 57, 26)
(20004, 57, 26)
(20005, 57, 26)
(20006, 57, 26)
(40013/2, 57, 26)
(20007, 57, 26)
(20008, 57, 26)
(20009, 55, 25)
(40019/2, 55, 25)
(20010, 55, 25)
(20011, 55, 25)
(20012, 55, 25)
(40025/2, 55, 25)
(20013, 55, 25)
(40027/2, 59, 27)
(20014, 64, 30)
(40029/2, 67, 32)
(20015, 66, 31)
(20017, 63, 29)
(20018, 64, 30)
(20020, 55, 25)
(20021, 54, 24)
(20023, 51, 22)
(20024, 52, 23)
(20026, 52, 23)
(20027, 52, 23)
(40055/2, 52, 23)
(20028, 52, 23)
(20029, 52, 23)
(20030, 52, 23)
(40061/2, 52, 23)
(20031, 52, 23)
(20032, 52, 23)
(20033, 52, 23)
(40067/2, 52, 23)
(20034, 52, 23)
(20035, 52, 23)
(20036, 52, 23)
(40073/2, 52, 23)
(20037, 52, 23)
(20038, 57, 26)
(20039, 54, 24)
(40079/2, 54, 24)
(20040, 55, 25)
(20041, 59, 27)
(40083/2, 59, 27)
(20042, 59, 27)
(20043, 63, 29)
(40087/2, 63, 29)
(20044, 64, 30)
(20045, 59, 27)
(40091/2, 59, 27)
(20046, 59, 27)
(20047, 57, 26)
(40095/2, 57, 26)
(20048, 59, 27)
(20049, 60, 28)
(40099/2, 60, 28)
(20050, 59, 27)
(20051, 63, 29)
(40103/2, 63, 29)
(20052, 63, 29)
(20053, 63, 29)
(20054, 63, 29)
(40111/2, 72, 35)
(20056, 71, 34)
(40113/2, 69, 33)
(20057, 67, 32)
(40123/2, 64, 30)
(20062, 67, 32)
(40125/2, 66, 31)
(20063, 64, 30)
(20069, 55, 25)
(20070, 55, 25)
(20071, 55, 25)
(20072, 57, 26)
(20075, 55, 25)
(20076, 55, 25)
(20077, 55, 25)
(20078, 57, 26)
(20081, 55, 25)
(20082, 55, 25)
(20083, 55, 25)
(20084, 60, 28)
(20086, 55, 25)
(20087, 60, 28)
(20088, 59, 27)
(20089, 59, 27)
(20090, 59, 27)
(40183/2, 52, 23)
(20092, 55, 25)
(40185/2, 54, 24)
(20093, 52, 23)
(20094, 52, 23)
(20095, 52, 23)
(20096, 59, 27)
(40195/2, 57, 26)
(20098, 55, 25)
(40197/2, 54, 24)
(20099, 52, 23)
(20100, 52, 23)
(20101, 52, 23)
(20102, 59, 27)
(40207/2, 57, 26)
(20104, 55, 25)
(40209/2, 54, 24)
(20105, 52, 23)
(20106, 52, 23)
(20107, 52, 23)
(20108, 64, 30)
(20109, 60, 28)
(20110, 59, 27)
(20111, 59, 27)
(20111, 57, 26)
(20112, 55, 25)
(20113, 54, 24)
(20114, 52, 23)
(40229/2, 55, 25)
(20115, 55, 25)
(20116, 55, 25)
(20117, 57, 26)
(40235/2, 57, 26)
(20118, 57, 26)
(20119, 57, 26)
(20120, 59, 27)
(40241/2, 59, 27)
(20121, 59, 27)
(20122, 59, 27)
(20123, 57, 26)
(40247/2, 57, 26)
(20124, 57, 26)
(20125, 57, 26)
(20126, 64, 30)
(40267/2, 59, 27)
(20134, 64, 30)
(40269/2, 67, 32)
(20135, 67, 32)
(40273/2, 66, 31)
(20137, 64, 30)
(40275/2, 63, 29)
(20138, 69, 33)
(20139, 67, 32)
(40279/2, 67, 32)
(20140, 66, 31)
(40281/2, 64, 30)
(20141, 64, 30)
(40283/2, 67, 32)
(20142, 66, 31)
(40285/2, 64, 30)
(20143, 62, 29)
(40287/2, 61, 28)
(20144, 66, 31)
(40289/2, 69, 33)
(20145, 67, 32)
(40291/2, 66, 31)
(20146, 64, 30)
(40293/2, 62, 29)
(20147, 66, 31)
(20148, 70, 33)
(20149, 73, 35)
(20150, 71, 34)
(20154, 66, 31)
(20155, 66, 31)
(20156, 66, 31)
(40313/2, 64, 30)
(20157, 62, 29)
(40315/2, 61, 28)
(20158, 59, 27)
(40317/2, 64, 30)
(20159, 62, 29)
(40319/2, 61, 28)
(20160, 59, 27)
(40321/2, 57, 26)
(20161, 55, 25)
(40323/2, 54, 24)
(20162, 59, 27)
(20166, 71, 34)
(20167, 71, 34)
(20168, 71, 34)
(40337/2, 69, 33)
(20169, 67, 32)
(40339/2, 66, 31)
(20170, 64, 30)
(40341/2, 69, 33)
(20171, 67, 32)
(40343/2, 69, 33)
(20172, 67, 32)
(40345/2, 66, 31)
(20173, 64, 30)
(40347/2, 62, 29)
(20174, 61, 28)
(40349/2, 62, 29)
(20175, 64, 30)
(40351/2, 61, 28)
(20176, 62, 29)
(40353/2, 64, 30)
(20177, 62, 29)
(40355/2, 64, 30)
(20178, 66, 31)
(40357/2, 62, 29)
(20179, 64, 30)
(40359/2, 66, 31)
(20180, 58, 26)
(40361/2, 59, 27)
(20181, 61, 28)
(40363/2, 58, 26)
(20182, 59, 27)
(40365/2, 61, 28)
(20183, 59, 27)
(40367/2, 61, 28)
(20184, 62, 29)
(40369/2, 59, 27)
(20185, 61, 28)
(40371/2, 62, 29)
(20186, 58, 26)
(40373/2, 59, 27)
(20187, 61, 28)
(40375/2, 58, 26)
(20188, 59, 27)
(40377/2, 61, 28)
(20189, 59, 27)
(40379/2, 61, 28)
(20190, 62, 29)
(40381/2, 59, 27)
(20191, 61, 28)
(40383/2, 62, 29)
(20192, 64, 30)
(40385/2, 66, 31)
(20193, 67, 32)
(40387/2, 64, 30)
(20194, 66, 31)
(40389/2, 67, 32)
(20195, 64, 30)
(20196, 67, 32)
(20197, 67, 32)
(20198, 67, 32)
(20199, 66, 31)
(20202, 66, 31)
(20203, 66, 31)
(20204, 66, 31)
(20205, 64, 30)
(20208, 62, 29)
(20209, 62, 29)
(20210, 64, 30)
(20211, 70, 33)
(20213, 66, 31)
(20214, 71, 34)
(20216, 67, 32)
(40433/2, 66, 31)
(20217, 64, 30)
(40435/2, 67, 32)
(20218, 66, 31)
(40437/2, 64, 30)
(20219, 67, 32)
(40439/2, 66, 31)
(20220, 64, 30)
(40441/2, 67, 32)
(20221, 66, 31)
(40443/2, 64, 30)
(20234, 60, 28)
(40469/2, 62, 29)
(20235, 60, 28)
(40471/2, 62, 29)
(20236, 60, 28)
(40473/2, 62, 29)
(20237, 60, 28)
(40475/2, 62, 29)
(20238, 60, 28)
(40477/2, 62, 29)
(20239, 59, 27)
(40479/2, 62, 29)
(20240, 57, 26)
(40481/2, 62, 29)
(20241, 57, 26)
(40483/2, 62, 29)
(20242, 57, 26)
(40485/2, 62, 29)
(20243, 57, 26)
(40487/2, 62, 29)
(20244, 57, 26)
(40489/2, 62, 29)
(20245, 57, 26)
(40491/2, 62, 29)
(20246, 62, 29)
(20250, 48, 21)
(20251, 60, 28)
(20252, 60, 28)
(20254, 59, 27)
(20256, 48, 21)
(20257, 60, 28)
(20258, 60, 28)
(20260, 56, 25)
(20261, 57, 26)
(20263, 59, 27)
(20264, 60, 28)
(20270, 54, 24)
(20272, 55, 25)
(20273, 56, 25)
(20274, 57, 26)
(20275, 59, 27)
(20276, 60, 28)
(20277, 59, 27)
(20278, 57, 26)
(20279, 67, 32)
(20281, 66, 31)
(20282, 65, 31)
(40565/2, 67, 32)
(20283, 65, 31)
(40567/2, 67, 32)
(20284, 65, 31)
(40569/2, 67, 32)
(20285, 65, 31)
(40571/2, 67, 32)
(20286, 65, 31)
(40573/2, 67, 32)
(20287, 64, 30)
(40575/2, 67, 32)
(20288, 62, 29)
(40577/2, 67, 32)
(20289, 62, 29)
(40579/2, 67, 32)
(20290, 62, 29)
(40581/2, 67, 32)
(20291, 62, 29)
(40583/2, 67, 32)
(20292, 62, 29)
(40585/2, 67, 32)
(20293, 62, 29)
(40587/2, 67, 32)
(20294, 55, 25)
(20298, 72, 35)
(20299, 68, 32)
(20300, 71, 34)
(20301, 69, 33)
(20304, 69, 33)
(20305, 64, 30)
(20306, 67, 32)
(20307, 66, 31)
(20315, 62, 29)
(20318, 61, 28)
(20321, 60, 28)
(20324, 55, 25)
(20327, 54, 24)
(20329, 57, 26)
(20330, 55, 25)
(20331, 59, 27)
(20332, 62, 29)
(20334, 64, 30)
(20335, 69, 33)
(20337, 57, 26)
(20338, 62, 29)
(20340, 55, 25)
(40681/2, 62, 29)
(20341, 64, 30)
(40683/2, 66, 31)
(20342, 67, 32)
(40687/2, 62, 29)
(20344, 67, 32)
(40689/2, 71, 34)
(20345, 71, 34)
(40693/2, 69, 33)
(20347, 67, 32)
(40695/2, 66, 31)
(20348, 64, 30)
(40697/2, 62, 29)
(20349, 64, 30)
(40699/2, 66, 31)
(20350, 67, 32)
(40701/2, 69, 33)
(20351, 62, 29)
(20352, 67, 32)
(20354, 55, 25)
(40709/2, 55, 25)
(20355, 55, 25)
(20357, 62, 29)
(40715/2, 62, 29)
(20358, 62, 29)
(20360, 57, 26)
(40721/2, 57, 26)
(20361, 57, 26)
(20363, 57, 26)
(40727/2, 57, 26)
(20366, 60, 28)
(40733/2, 60, 28)
(20367, 60, 28)
(20372, 59, 27)
(20373, 72, 35)
(20374, 71, 34)
(20376, 66, 31)
(20377, 67, 32)
(20379, 64, 30)
(20380, 61, 28)
(20381, 60, 28)
(20382, 60, 28)
(20383, 60, 28)
(20384, 59, 27)
(20385, 72, 35)
(20386, 71, 34)
(20388, 66, 31)
(20389, 67, 32)
(20391, 64, 30)
(20392, 61, 28)
(20393, 60, 28)
(20394, 60, 28)
(20395, 60, 28)
(20396, 59, 27)
(20398, 59, 27)
(20400, 57, 26)
(20401, 55, 25)
(20404, 55, 25)
(20405, 60, 28)
(20406, 60, 28)
(20407, 60, 28)
(20408, 62, 29)
(20414, 72, 35)
(40829/2, 67, 32)
(20415, 65, 31)
(40831/2, 68, 33)
(20416, 67, 32)
(40833/2, 64, 30)
(20417, 60, 28)
(40835/2, 64, 30)
(20418, 65, 31)
(40837/2, 62, 29)
(20419, 64, 30)
(40839/2, 69, 33)
(20420, 69, 33)
(20421, 66, 31)
(20422, 66, 31)
(20423, 66, 31)
(20424, 66, 31)
(20425, 66, 31)
(20426, 66, 31)
(20429, 57, 26)
(40859/2, 57, 26)
(20430, 57, 26)
(40861/2, 57, 26)
(20431, 57, 26)
(40863/2, 57, 26)
(20432, 55, 25)
(20433, 55, 25)
(20433, 58, 27)
(20434, 55, 25)
(20434, 58, 27)
(20435, 55, 25)
(20435, 58, 27)
(20436, 55, 25)
(20436, 58, 27)
(20437, 55, 25)
(20437, 58, 27)
(20438, 55, 25)
(20438, 58, 27)
(20447, 67, 32)
(20451, 67, 32)
(20452, 69, 33)
(20453, 62, 29)
(20454, 66, 31)
(20455, 67, 32)
(20456, 69, 33)
(20462, 59, 27)
(20463, 60, 28)
(20464, 61, 28)
(20465, 62, 29)
(20466, 64, 30)
(20467, 66, 31)
(20468, 67, 32)
(20469, 64, 30)
(20470, 61, 28)
(20471, 62, 29)
(20473, 60, 28)
(20474, 59, 27)
(20475, 60, 28)
(20476, 61, 28)
(20477, 62, 29)
(20478, 64, 30)
(20479, 66, 31)
(20480, 69, 33)
(20481, 67, 32)
(20482, 64, 30)
(20483, 62, 29)
(20485, 60, 28)
(20486, 59, 27)
(20487, 62, 29)
(20487, 60, 28)
(20488, 59, 27)
(20489, 59, 27)
(20491, 64, 30)
(20492, 59, 27)
(20493, 60, 28)
(20493, 60, 28)
(20494, 59, 27)
(20495, 59, 27)
(20497, 64, 30)
(20498, 67, 32)
(20499, 67, 32)
(20499, 73, 35)
(20500, 67, 32)
(20500, 73, 35)
(20501, 67, 32)
(20501, 73, 35)
(20502, 67, 32)
(20502, 73, 35)
(20503, 67, 32)
(20503, 73, 35)
(20504, 67, 32)
(20504, 73, 35)
(20510, 69, 33)
(20510, 72, 35)
(20511, 69, 33)
(20511, 72, 35)
(20512, 69, 33)
(20512, 72, 35)
(20513, 69, 33)
(20513, 72, 35)
(20514, 69, 33)
(20514, 72, 35)
(20515, 69, 33)
(20515, 72, 35)
(20516, 71, 34)
(20522, 55, 25)
(41045/2, 60, 28)
(20523, 64, 30)
(41047/2, 67, 32)
(20524, 69, 33)
(41049/2, 71, 34)
(20525, 72, 35)
(41053/2, 59, 27)
(20527, 60, 28)
(41055/2, 62, 29)
(20528, 64, 30)
(41057/2, 60, 28)
(20529, 55, 25)
(41059/2, 55, 25)
(20530, 60, 28)
(41061/2, 62, 29)
(20531, 64, 30)
(41065/2, 55, 25)
(20533, 48, 21)
(41067/2, 50, 22)
(20534, 52, 23)
(20535, 50, 22)
(20536, 52, 23)
(20537, 50, 22)
(20538, 52, 23)
(20539, 50, 22)
(20540, 52, 23)
(41101/2, 52, 23)
(20551, 55, 25)
(41103/2, 54, 24)
(20552, 52, 23)
(20555, 55, 25)
(20556, 55, 25)
(20557, 55, 25)
(20558, 57, 26)
(20561, 55, 25)
(20562, 55, 25)
(20563, 55, 25)
(20564, 57, 26)
(20567, 55, 25)
(20568, 55, 25)
(20569, 55, 25)
(20570, 60, 28)
(20571, 57, 26)
(20572, 55, 25)
(20573, 60, 28)
(20574, 59, 27)
(20575, 59, 27)
(20576, 59, 27)
(41155/2, 52, 23)
(20578, 55, 25)
(41157/2, 54, 24)
(20579, 52, 23)
(20580, 52, 23)
(20581, 52, 23)
(20582, 59, 27)
(41167/2, 57, 26)
(20584, 55, 25)
(41169/2, 54, 24)
(20585, 52, 23)
(20586, 52, 23)
(20587, 52, 23)
(20588, 59, 27)
(41179/2, 57, 26)
(20590, 55, 25)
(41181/2, 54, 24)
(20591, 52, 23)
(20592, 52, 23)
(20593, 52, 23)
(20594, 64, 30)
(20595, 60, 28)
(20596, 59, 27)
(20597, 59, 27)
(20597, 57, 26)
(20598, 55, 25)
(20599, 54, 24)
(20600, 52, 23)
(41201/2, 55, 25)
(20601, 55, 25)
(20602, 55, 25)
(20603, 57, 26)
(41207/2, 57, 26)
(20604, 57, 26)
(20605, 57, 26)
(20606, 57, 26)
(41213/2, 57, 26)
(20607, 57, 26)
(20608, 57, 26)
(20609, 55, 25)
(41219/2, 55, 25)
(20610, 55, 25)
(20611, 55, 25)
(20612, 55, 25)
(41225/2, 55, 25)
(20613, 55, 25)
(41227/2, 59, 27)
(20614, 64, 30)
(41229/2, 67, 32)
(20615, 66, 31)
(20617, 63, 29)
(20618, 64, 30)
(20620, 55, 25)
(20621, 54, 24)
(20623, 51, 22)
(20624, 52, 23)
(41251/2, 67, 32)
(20626, 67, 32)
(41253/2, 67, 32)
(20627, 69, 33)
(41255/2, 69, 33)
(20628, 69, 33)
(20629, 69, 33)
(20630, 69, 33)
(41261/2, 69, 33)
(20631, 69, 33)
(20632, 69, 33)
(20633, 67, 32)
(41267/2, 71, 34)
(20634, 76, 37)
(41269/2, 72, 35)
(20635, 71, 34)
(41271/2, 67, 32)
(20636, 71, 34)
(41273/2, 69, 33)
(20637, 67, 32)
(41275/2, 64, 30)
(20638, 67, 32)
(41277/2, 66, 31)
(20639, 64, 30)
(41279/2, 59, 27)
(20640, 64, 30)
(41281/2, 60, 28)
(20641, 59, 27)
(41283/2, 55, 25)
(20642, 59, 27)
(41285/2, 57, 26)
(20643, 55, 25)
(41287/2, 54, 24)
(20644, 55, 25)
(41289/2, 52, 23)
(20645, 61, 28)
(41293/2, 70, 33)
(20647, 73, 35)
(41295/2, 71, 34)
(20648, 70, 33)
(41299/2, 73, 35)
(20650, 76, 37)
(41301/2, 74, 36)
(20651, 73, 35)
(41305/2, 64, 30)
(20653, 67, 32)
(41307/2, 66, 31)
(20654, 64, 30)
(20655, 64, 30)
(20656, 64, 30)
(20657, 62, 29)
(41317/2, 62, 29)
(20659, 66, 31)
(41319/2, 64, 30)
(20660, 62, 29)
(41329/2, 62, 29)
(20665, 66, 31)
(41331/2, 64, 30)
(20666, 62, 29)
(20667, 62, 29)
(20668, 62, 29)
(20669, 67, 32)
(20672, 65, 31)
(20676, 59, 27)
(20677, 62, 29)
(20678, 65, 31)
(20679, 62, 29)
(20680, 59, 27)
(20681, 55, 25)
(20684, 65, 31)
(20685, 65, 31)
(20686, 65, 31)
(20687, 64, 30)
(20690, 63, 30)
(20691, 63, 30)
(20692, 63, 30)
(20693, 62, 29)
(41389/2, 55, 25)
(20695, 57, 26)
(41391/2, 59, 27)
(20696, 60, 28)
(41393/2, 59, 27)
(20697, 57, 26)
(41395/2, 57, 26)
(20698, 59, 27)
(41397/2, 60, 28)
(20699, 62, 29)
(41399/2, 60, 28)
(20700, 59, 27)
(41401/2, 59, 27)
(20701, 60, 28)
(41403/2, 62, 29)
(20702, 64, 30)
(41405/2, 62, 29)
(20703, 61, 28)
(41407/2, 61, 28)
(20704, 62, 29)
(41409/2, 64, 30)
(20705, 65, 31)
(41411/2, 64, 30)
(20706, 62, 29)
(20708, 58, 27)
(20711, 57, 26)
(20714, 65, 31)
(20717, 64, 30)
(41437/2, 57, 26)
(20719, 60, 28)
(41439/2, 59, 27)
(20720, 57, 26)
(20721, 57, 26)
(20722, 57, 26)
(20723, 64, 30)
(41449/2, 57, 26)
(20725, 60, 28)
(41451/2, 59, 27)
(20726, 57, 26)
(20727, 57, 26)
(20728, 57, 26)
(20729, 64, 30)
(20752, 62, 29)
(20753, 74, 36)
(41507/2, 71, 34)
(20754, 69, 33)
(41509/2, 72, 35)
(20755, 71, 34)
(41511/2, 67, 32)
(20756, 71, 34)
(41513/2, 67, 32)
(20757, 62, 29)
(41515/2, 61, 28)
(20758, 62, 29)
(41517/2, 59, 27)
(20759, 67, 32)
(41519/2, 64, 30)
(20760, 58, 27)
(41521/2, 57, 26)
(20761, 58, 27)
(41523/2, 55, 25)
(20762, 52, 23)
(41525/2, 55, 25)
(20763, 58, 27)
(41527/2, 60, 28)
(20764, 64, 30)
(41529/2, 67, 32)
(20765, 69, 33)
(20766, 72, 35)
(20766, 70, 34)
(20767, 69, 33)
(20768, 69, 33)
(20770, 72, 35)
(20771, 69, 33)
(20772, 68, 32)
(20773, 69, 33)
(20774, 69, 33)
(20776, 72, 35)
(20777, 71, 34)
(20777, 69, 33)
(20778, 68, 32)
(20779, 69, 33)
(20780, 69, 33)
(20782, 76, 37)
(20783, 75, 36)
(20785, 66, 31)
(20786, 66, 31)
(41573/2, 66, 31)
(20787, 66, 31)
(20788, 66, 31)
(20789, 64, 30)
(20790, 76, 37)
(20791, 71, 34)
(20792, 67, 32)
(20793, 64, 30)
(20794, 59, 27)
(20795, 57, 26)
(41591/2, 57, 26)
(20796, 57, 26)
(20797, 57, 26)
(20798, 57, 26)
(41597/2, 57, 26)
(20799, 57, 26)
(20800, 57, 26)
(20801, 55, 25)
(41603/2, 55, 25)
(20802, 55, 25)
(20803, 55, 25)
(20804, 55, 25)
(41609/2, 55, 25)
(20805, 55, 25)
(41611/2, 59, 27)
(20806, 64, 30)
(41613/2, 67, 32)
(20807, 66, 31)
(20809, 63, 29)
(20810, 64, 30)
(20812, 55, 25)
(20813, 54, 24)
(20815, 54, 24)
(20816, 52, 23)
(41635/2, 59, 27)
(20818, 57, 26)
(41637/2, 55, 25)
(20819, 54, 24)
(41639/2, 54, 24)
(20820, 54, 24)
(20821, 55, 25)
(20822, 57, 26)
(41647/2, 59, 27)
(20824, 57, 26)
(41649/2, 55, 25)
(20825, 54, 24)
(41651/2, 54, 24)
(20826, 54, 24)
(20827, 55, 25)
(20828, 57, 26)
(20830, 57, 26)
(20831, 57, 26)
(41663/2, 57, 26)
(20832, 55, 25)
(20833, 51, 22)
(41667/2, 51, 22)
(20834, 52, 23)
(20835, 54, 24)
(41671/2, 54, 24)
(20836, 55, 25)
(20837, 59, 27)
(41675/2, 59, 27)
(20838, 59, 27)
(20839, 63, 29)
(41679/2, 63, 29)
(20840, 64, 30)
(20841, 69, 33)
(41683/2, 69, 33)
(20842, 67, 32)
(20843, 63, 29)
(20843, 69, 33)
(41687/2, 63, 29)
(41687/2, 69, 33)
(20844, 63, 29)
(20844, 69, 33)
(20845, 63, 29)
(20845, 69, 33)
(20846, 69, 33)
(41695/2, 69, 33)
(20848, 67, 32)
(41697/2, 66, 31)
(20849, 64, 30)
(41707/2, 64, 30)
(20854, 67, 32)
(41709/2, 66, 31)
(20855, 64, 30)
(20861, 55, 25)
(20862, 55, 25)
(20863, 55, 25)
(20864, 52, 23)
(20864, 55, 25)
(41737/2, 64, 30)
(20869, 67, 32)
(41739/2, 66, 31)
(20870, 64, 30)
(20873, 61, 28)
(20874, 61, 28)
(20875, 61, 28)
(20876, 57, 26)
(20876, 62, 29)
(41761/2, 62, 29)
(20881, 66, 31)
(41763/2, 64, 30)
(20882, 62, 29)
(20885, 54, 24)
(20886, 54, 24)
(20887, 54, 24)
(20888, 53, 24)
(41785/2, 55, 25)
(20893, 59, 27)
(41787/2, 57, 26)
(20894, 55, 25)
(20897, 55, 25)
(20898, 55, 25)
(20899, 55, 25)
(20900, 55, 25)
(41809/2, 48, 21)
(20905, 52, 23)
(41811/2, 50, 22)
(20906, 48, 21)
(41815/2, 48, 21)
(20908, 52, 23)
(41817/2, 50, 22)
(20909, 48, 21)
(20910, 48, 21)
(20911, 48, 21)
(20912, 55, 25)
(41833/2, 48, 21)
(20917, 52, 23)
(41835/2, 50, 22)
(20918, 48, 21)
(41839/2, 48, 21)
(20920, 52, 23)
(41841/2, 50, 22)
(20921, 48, 21)
(20922, 48, 21)
(20923, 48, 21)
(41857/2, 52, 23)
(20929, 55, 25)
(41859/2, 54, 24)
(20930, 52, 23)
(41863/2, 52, 23)
(20932, 55, 25)
(41865/2, 54, 24)
(20933, 52, 23)
(20934, 52, 23)
(20935, 52, 23)
(20936, 59, 27)
(41881/2, 63, 29)
(20941, 66, 31)
(41883/2, 64, 30)
(20942, 63, 29)
(41893/2, 60, 28)
(20947, 64, 30)
(41895/2, 62, 29)
(20948, 60, 28)
(20949, 52, 23)
(20952, 52, 23)
(20955, 52, 23)
(20958, 52, 23)
(20961, 52, 23)
(20961, 64, 30)
(20964, 52, 23)
(20964, 64, 30)
(20966, 52, 23)
(20966, 64, 30)
(20969, 52, 23)
(20969, 64, 30)
(20972, 52, 23)
(20972, 64, 30)
(20978, 52, 23)
(20978, 57, 26)
(20996, 57, 26)
(41993/2, 59, 27)
(20997, 57, 26)
(41995/2, 59, 27)
(20998, 57, 26)
(41997/2, 59, 27)
(20999, 57, 26)
(41999/2, 59, 27)
(21000, 57, 26)
(42001/2, 59, 27)
(21001, 57, 26)
(42003/2, 59, 27)
(21002, 57, 26)
(42005/2, 59, 27)
(21003, 57, 26)
(42007/2, 59, 27)
(21004, 57, 26)
(42009/2, 59, 27)
(21005, 57, 26)
(42011/2, 59, 27)
(21006, 57, 26)
(42013/2, 59, 27)
(21007, 63, 29)
(42015/2, 59, 27)
(21008, 59, 27)
(21012, 64, 30)
(21013, 61, 28)
(21014, 61, 28)
(21016, 60, 27)
(21018, 64, 30)
(21019, 61, 28)
(21020, 61, 28)
(21022, 59, 27)
(21023, 57, 26)
(21025, 59, 27)
(21026, 57, 26)
(21032, 51, 22)
(21034, 52, 23)
(21035, 53, 23)
(21036, 54, 24)
(21037, 56, 25)
(21038, 57, 26)
(21039, 56, 25)
(21040, 54, 24)
(21041, 64, 30)
(21043, 63, 29)
(21044, 64, 30)
(42089/2, 68, 32)
(21045, 64, 30)
(42091/2, 68, 32)
(21046, 64, 30)
(42093/2, 68, 32)
(21047, 64, 30)
(42095/2, 68, 32)
(21048, 64, 30)
(42097/2, 68, 32)
(21049, 64, 30)
(42099/2, 68, 32)
(21050, 64, 30)
(42101/2, 68, 32)
(21051, 64, 30)
(42103/2, 68, 32)
(21052, 64, 30)
(42105/2, 68, 32)
(21053, 64, 30)
(42107/2, 68, 32)
(21054, 64, 30)
(42109/2, 68, 32)
(21055, 64, 30)
(42111/2, 68, 32)
(21056, 64, 30)
(21060, 69, 33)
(21061, 65, 30)
(21062, 68, 32)
(21063, 66, 31)
(21066, 66, 31)
(21067, 61, 28)
(21068, 64, 30)
(21069, 63, 29)
(21074, 60, 28)
(21077, 59, 27)
(21080, 58, 26)
(21083, 57, 26)
(21086, 52, 23)
(21089, 51, 22)
(21093, 52, 23)
(21094, 59, 27)
(21096, 61, 28)
(21097, 66, 31)
(21099, 54, 24)
(21100, 59, 27)
(42211/2, 59, 27)
(21106, 64, 30)
(42213/2, 68, 32)
(21107, 68, 32)
(42217/2, 66, 31)
(21109, 64, 30)
(42219/2, 63, 29)
(21110, 61, 28)
(42221/2, 59, 27)
(21111, 61, 28)
(42223/2, 63, 29)
(21112, 64, 30)
(42225/2, 66, 31)
(21113, 59, 27)
(21114, 64, 30)
(21116, 61, 28)
(42233/2, 61, 28)
(21117, 61, 28)
(21119, 62, 29)
(42239/2, 62, 29)
(21120, 62, 29)
(21122, 61, 28)
(42245/2, 61, 28)
(21123, 61, 28)
(21125, 64, 30)
(42251/2, 64, 30)
(21126, 64, 30)
(21128, 59, 27)
(42257/2, 59, 27)
(21129, 59, 27)
(21134, 59, 27)
(21135, 69, 33)
(21136, 68, 32)
(21138, 63, 29)
(21139, 64, 30)
(21141, 61, 28)
(21142, 58, 26)
(21143, 57, 26)
(21144, 57, 26)
(21145, 57, 26)
(21146, 56, 25)
(21147, 69, 33)
(21148, 68, 32)
(21150, 63, 29)
(21151, 64, 30)
(21153, 61, 28)
(21154, 58, 26)
(21155, 57, 26)
(21156, 57, 26)
(21157, 57, 26)
(21158, 56, 25)
(21160, 56, 25)
(21162, 56, 25)
(21163, 61, 28)
(21166, 57, 26)
(21168, 57, 26)
(21169, 57, 26)
(21170, 64, 30)
(21173, 71, 34)
(42347/2, 68, 32)
(21174, 66, 31)
(42349/2, 69, 33)
(21175, 68, 32)
(42351/2, 64, 30)
(21176, 68, 32)
(42353/2, 64, 30)
(21177, 66, 31)
(42355/2, 63, 29)
(21178, 64, 30)
(42357/2, 68, 32)
(21179, 61, 28)
(21180, 63, 29)
(21181, 64, 30)
(21183, 64, 30)
(21184, 64, 30)
(21185, 64, 30)
(21186, 64, 30)
(21187, 64, 30)
(21188, 64, 30)
(21197, 64, 30)
(21200, 64, 30)
(21201, 64, 30)
(21202, 66, 31)
(21203, 59, 27)
(21204, 63, 29)
(21205, 64, 30)
(21206, 59, 27)
(21211, 57, 26)
(21212, 56, 25)
(21213, 57, 26)
(21214, 58, 26)
(21215, 59, 27)
(21216, 61, 28)
(21217, 63, 29)
(21218, 64, 30)
(21219, 61, 28)
(21220, 58, 26)
(21221, 59, 27)
(21223, 57, 26)
(21224, 56, 25)
(21225, 57, 26)
(21226, 58, 26)
(21227, 59, 27)
(21228, 61, 28)
(21230, 66, 31)
(21231, 64, 30)
(21232, 61, 28)
(21233, 59, 27)
(21235, 57, 26)
(21236, 56, 25)
(21237, 59, 27)
(21237, 57, 26)
(21238, 56, 25)
(21239, 56, 25)
(21241, 61, 28)
(21242, 56, 25)
(21243, 59, 27)
(21243, 57, 26)
(21244, 56, 25)
(21245, 56, 25)
(21247, 61, 28)
(21248, 64, 30)
(21249, 64, 30)
(21249, 70, 33)
(21250, 64, 30)
(21250, 70, 33)
(21251, 64, 30)
(21251, 70, 33)
(21252, 64, 30)
(21252, 70, 33)
(21253, 64, 30)
(21253, 70, 33)
(21254, 64, 30)
(21254, 70, 33)
(21260, 64, 30)
(21260, 70, 33)
(21261, 64, 30)
(21261, 70, 33)
(21262, 64, 30)
(21262, 70, 33)
(21263, 64, 30)
(21263, 70, 33)
(21264, 64, 30)
(21264, 70, 33)
(21265, 64, 30)
(21265, 70, 33)
(21266, 64, 30)
(21266, 70, 33)
(21275, 63, 29)
(21276, 64, 30)
(21277, 66, 31)
(21281, 71, 34)
(21282, 74, 36)
(21282, 72, 35)
(21283, 71, 34)
(21287, 63, 29)
(21288, 64, 30)
(21289, 66, 31)
(21293, 59, 27)
(21294, 62, 29)
(21294, 60, 28)
(21295, 59, 27)
(21296, 54, 24)
(21297, 55, 25)
(21298, 57, 26)
(21299, 57, 26)
(21300, 59, 27)
(21301, 60, 28)
(21302, 63, 29)
(21303, 64, 30)
(21304, 66, 31)
(21305, 66, 31)
(21305, 69, 33)
(42641/2, 59, 27)
(21321, 64, 30)
(42643/2, 62, 29)
(21322, 60, 28)
(42645/2, 59, 27)
(21323, 57, 26)
(42647/2, 59, 27)
(21324, 60, 28)
(42649/2, 57, 26)
(21325, 59, 27)
(42651/2, 60, 28)
(21326, 59, 27)
(42653/2, 63, 29)
(21327, 64, 30)
(42655/2, 59, 27)
(21328, 63, 29)
(42657/2, 64, 30)
(21329, 63, 29)
(42659/2, 64, 30)
(21330, 66, 31)
(42661/2, 63, 29)
(21331, 64, 30)
(42663/2, 66, 31)
(21332, 64, 30)
(42665/2, 66, 31)
(21333, 67, 32)
(42667/2, 59, 27)
(21334, 64, 30)
(42669/2, 67, 32)
(21335, 67, 32)
(42673/2, 66, 31)
(21337, 67, 32)
(42675/2, 69, 33)
(21338, 69, 33)
(42679/2, 68, 32)
(21340, 69, 33)
(42681/2, 71, 34)
(21341, 71, 34)
(42685/2, 69, 33)
(21343, 71, 34)
(42687/2, 72, 35)
(21344, 72, 35)
(42689/2, 72, 35)
(21345, 71, 34)
(42691/2, 71, 34)
(21346, 74, 36)
(42693/2, 74, 36)
(21347, 74, 36)
(42695/2, 74, 36)
(21348, 74, 36)
(42697/2, 74, 36)
(21349, 74, 36)
(42699/2, 74, 36)
(21350, 72, 35)
(42701/2, 74, 36)
(21351, 76, 37)
(21359, 57, 26)
(21362, 60, 28)
(21365, 53, 24)
(21368, 52, 23)
(21374, 52, 23)
(21377, 51, 22)
(21380, 52, 23)
(42785/2, 59, 27)
(21393, 64, 30)
(42787/2, 62, 29)
(21394, 60, 28)
(42789/2, 59, 27)
(21395, 57, 26)
(42791/2, 59, 27)
(21396, 60, 28)
(42793/2, 57, 26)
(21397, 59, 27)
(42795/2, 60, 28)
(21398, 59, 27)
(42797/2, 63, 29)
(21399, 64, 30)
(42799/2, 59, 27)
(21400, 63, 29)
(42801/2, 64, 30)
(21401, 63, 29)
(42803/2, 64, 30)
(21402, 66, 31)
(42805/2, 63, 29)
(21403, 64, 30)
(42807/2, 66, 31)
(21404, 67, 32)
(42811/2, 59, 27)
(21406, 64, 30)
(42813/2, 67, 32)
(21407, 67, 32)
(42817/2, 66, 31)
(21409, 67, 32)
(42819/2, 69, 33)
(21410, 69, 33)
(42823/2, 68, 32)
(21412, 69, 33)
(42825/2, 71, 34)
(21413, 71, 34)
(42829/2, 69, 33)
(21415, 71, 34)
(42831/2, 72, 35)
(21416, 74, 36)
(42833/2, 72, 35)
(21417, 71, 34)
(42835/2, 71, 34)
(21418, 71, 34)
(42837/2, 71, 34)
(21419, 69, 33)
(42839/2, 71, 34)
(21420, 72, 35)
(42841/2, 71, 34)
(21421, 72, 35)
(42843/2, 74, 36)
(21422, 72, 35)
(42845/2, 74, 36)
(21423, 76, 37)
(21431, 57, 26)
(21432, 60, 28)
(21433, 65, 31)
(21434, 64, 30)
(21435, 60, 28)
(21436, 55, 25)
(21437, 59, 27)
(21438, 53, 24)
(21439, 59, 27)
(21440, 52, 23)
(21441, 57, 26)
(21442, 60, 28)
(21443, 52, 23)
(21444, 55, 25)
(21445, 60, 28)
(21446, 55, 25)
(21449, 54, 24)
(21452, 52, 23)
(42907/2, 52, 23)
(21454, 55, 25)
(42909/2, 54, 24)
(21455, 52, 23)
(21456, 52, 23)
(21457, 52, 23)
(21458, 60, 28)
(42919/2, 59, 27)
(21460, 57, 26)
(42921/2, 55, 25)
(21461, 54, 24)
(21462, 54, 24)
(21463, 54, 24)
(21464, 59, 27)
(42931/2, 64, 30)
(21466, 67, 32)
(42933/2, 66, 31)
(21467, 64, 30)
(21468, 64, 30)
(21469, 64, 30)
(21470, 72, 35)
(42943/2, 71, 34)
(21472, 69, 33)
(42945/2, 67, 32)
(21473, 66, 31)
(21474, 66, 31)
(21475, 66, 31)
(21476, 71, 34)
(42955/2, 69, 33)
(21478, 67, 32)
(42957/2, 66, 31)
(21479, 64, 30)
(21480, 64, 30)
(21481, 64, 30)
(21482, 71, 34)
(42967/2, 69, 33)
(21484, 67, 32)
(42969/2, 66, 31)
(21485, 64, 30)
(21486, 64, 30)
(21487, 64, 30)
(21488, 65, 31)
(21491, 65, 31)
(21492, 65, 31)
(21493, 65, 31)
(21494, 68, 32)
(21497, 68, 32)
(21498, 68, 32)
(21499, 68, 32)
(21500, 69, 33)
(21503, 70, 33)
(21506, 71, 34)
(21509, 71, 34)
(21512, 67, 32)
(21515, 64, 30)
(21518, 59, 27)
(43037/2, 64, 30)
(21519, 66, 31)
(43039/2, 67, 32)
(21520, 64, 30)
(43041/2, 66, 31)
(21521, 67, 32)
(43043/2, 67, 32)
(21522, 69, 33)
(43045/2, 71, 34)
(21523, 67, 32)
(43047/2, 69, 33)
(21524, 71, 34)
(43049/2, 71, 34)
(21525, 75, 36)
(43051/2, 76, 37)
(21526, 71, 34)
(43053/2, 75, 36)
(21527, 76, 37)
(43055/2, 71, 34)
(21528, 75, 36)
(43057/2, 76, 37)
(21529, 71, 34)
(43059/2, 75, 36)
(21530, 76, 37)
(21531, 75, 36)
(21532, 76, 37)
(21533, 75, 36)
(21534, 76, 37)
(21535, 75, 36)
(21536, 76, 37)
(21539, 59, 27)
(21542, 52, 23)
(21542, 55, 25)
(30000, 40, 16)
(60001/2, 40, 16)
(30001, 40, 16)
(60051/2, 40, 16)
(30026, 42, 17)
(60053/2, 43, 18)
(30027, 45, 19)
(30029, 47, 20)
(30030, 48, 21)
(60063/2, 40, 16)
(30032, 42, 17)
(60065/2, 43, 18)
(30033, 45, 19)
(30035, 47, 20)
(30036, 48, 21)
(60075/2, 42, 17)
(30038, 43, 18)
(60077/2, 45, 19)
(30039, 47, 20)
(60079/2, 47, 20)
(30040, 47, 20)
(30041, 47, 20)
(60083/2, 47, 20)
(30042, 52, 23)
(30043, 54, 24)
(60087/2, 54, 24)
(30044, 55, 25)
(30045, 51, 22)
(60091/2, 51, 22)
(30046, 52, 23)
(30047, 54, 24)
(60095/2, 54, 24)
(30048, 55, 25)
(30049, 54, 24)
(60099/2, 54, 24)
(30050, 55, 25)
(60101/2, 52, 23)
(30051, 59, 27)
(60103/2, 59, 27)
(30052, 59, 27)
(30053, 59, 27)
(30054, 59, 27)
(60109/2, 59, 27)
(30055, 59, 27)
(30056, 59, 27)
(30057, 60, 28)
(60123/2, 64, 30)
(30062, 67, 32)
(60125/2, 66, 31)
(30063, 64, 30)
(30069, 48, 21)
(30070, 48, 21)
(30071, 48, 21)
(30072, 47, 20)
(30075, 48, 21)
(30076, 48, 21)
(30077, 48, 21)
(30078, 47, 20)
(30081, 48, 21)
(30082, 48, 21)
(30083, 48, 21)
(30084, 42, 17)
(30086, 43, 18)
(30087, 45, 19)
(30088, 47, 20)
(30089, 47, 20)
(30090, 40, 16)
(30093, 48, 21)
(30094, 48, 21)
(30095, 48, 21)
(30096, 47, 20)
(30099, 48, 21)
(30100, 48, 21)
(30101, 48, 21)
(30102, 47, 20)
(30105, 48, 21)
(30106, 48, 21)
(30107, 48, 21)
(30108, 42, 17)
(30110, 43, 18)
(30111, 45, 19)
(30112, 47, 20)
(30113, 47, 20)
(30114, 40, 16)
(60229/2, 40, 16)
(30115, 40, 16)
(30116, 52, 23)
(30117, 45, 19)
(60235/2, 45, 19)
(30118, 45, 19)
(30119, 52, 23)
(30120, 43, 18)
(60241/2, 43, 18)
(30121, 43, 18)
(30122, 52, 23)
(30123, 45, 19)
(60247/2, 45, 19)
(30124, 45, 19)
(30125, 55, 25)
(30126, 43, 18)
(30127, 52, 23)
(30128, 55, 25)
(30129, 59, 27)
(60279/2, 52, 23)
(30140, 59, 27)
(60281/2, 62, 29)
(30141, 62, 29)
(60285/2, 61, 28)
(30143, 59, 27)
(60287/2, 58, 26)
(30144, 64, 30)
(60291/2, 62, 29)
(30146, 61, 28)
(60293/2, 59, 27)
(30147, 66, 31)
(60297/2, 64, 30)
(30149, 62, 29)
(60299/2, 61, 28)
(30150, 62, 29)
(30157, 59, 27)
(30158, 59, 27)
(30159, 59, 27)
(60319/2, 57, 26)
(30160, 55, 25)
(60321/2, 54, 24)
(30161, 52, 23)
(60323/2, 51, 22)
(30162, 55, 25)
(60325/2, 54, 24)
(30163, 52, 23)
(60327/2, 51, 22)
(30164, 49, 21)
(60329/2, 47, 20)
(30165, 52, 23)
(30169, 64, 30)
(30170, 64, 30)
(30171, 64, 30)
(60343/2, 66, 31)
(30172, 64, 30)
(60345/2, 62, 29)
(30173, 61, 28)
(60347/2, 59, 27)
(30174, 58, 26)
(60349/2, 59, 27)
(30175, 61, 28)
(60351/2, 58, 26)
(30176, 59, 27)
(60353/2, 61, 28)
(30177, 59, 27)
(60355/2, 61, 28)
(30178, 62, 29)
(60357/2, 59, 27)
(30179, 61, 28)
(60359/2, 62, 29)
(30180, 54, 24)
(60361/2, 56, 25)
(30181, 58, 26)
(60363/2, 54, 24)
(30182, 58, 26)
(60365/2, 58, 26)
(30183, 55, 25)
(60367/2, 57, 26)
(30184, 59, 27)
(60369/2, 55, 25)
(30185, 57, 26)
(60371/2, 59, 27)
(30186, 52, 23)
(30187, 64, 30)
(30189, 50, 22)
(30190, 62, 29)
(30192, 49, 21)
(60385/2, 50, 22)
(30193, 52, 23)
(60387/2, 49, 21)
(30194, 50, 22)
(60389/2, 52, 23)
(30195, 49, 21)
(30196, 64, 30)
(30197, 64, 30)
(30198, 64, 30)
(30202, 62, 29)
(30203, 62, 29)
(30204, 62, 29)
(30205, 61, 28)
(30208, 59, 27)
(30209, 59, 27)
(30210, 52, 23)
(30211, 64, 30)
(30213, 50, 22)
(30214, 62, 29)
(30216, 49, 21)
(60433/2, 50, 22)
(30217, 52, 23)
(60435/2, 49, 21)
(30218, 50, 22)
(60437/2, 52, 23)
(30219, 49, 21)
(60439/2, 50, 22)
(30220, 52, 23)
(60441/2, 49, 21)
(30221, 50, 22)
(60443/2, 52, 23)
(30222, 50, 22)
(30234, 38, 15)
(30243, 48, 21)
(30246, 47, 20)
(30270, 38, 15)
(30280, 38, 15)
(30281, 38, 15)
(30282, 43, 18)
(30286, 43, 18)
(30287, 43, 18)
(30288, 55, 25)
(30291, 53, 24)
(60583/2, 55, 25)
(30292, 53, 24)
(60585/2, 55, 25)
(30293, 53, 24)
(60587/2, 55, 25)
(30294, 52, 23)
(30315, 56, 25)
(30318, 57, 26)
(30321, 48, 21)
(30324, 50, 22)
(30327, 48, 21)
(30330, 47, 20)
(30333, 45, 19)
(30336, 42, 17)
(30339, 43, 18)
(60681/2, 54, 24)
(30341, 55, 25)
(60683/2, 57, 26)
(30342, 59, 27)
(30344, 55, 25)
(30345, 52, 23)
(30347, 57, 26)
(30348, 54, 24)
(60699/2, 50, 22)
(30350, 52, 23)
(60701/2, 54, 24)
(30351, 55, 25)
(60703/2, 54, 24)
(30352, 55, 25)
(60705/2, 54, 24)
(30353, 52, 23)
(60707/2, 50, 22)
(30354, 48, 21)
(60709/2, 48, 21)
(30355, 48, 21)
(30357, 50, 22)
(60715/2, 50, 22)
(30358, 50, 22)
(30360, 48, 21)
(60721/2, 48, 21)
(30361, 48, 21)
(30363, 49, 21)
(60727/2, 49, 21)
(30364, 49, 21)
(30366, 50, 22)
(60733/2, 50, 22)
(30367, 50, 22)
(30372, 43, 18)
(30373, 55, 25)
(30375, 43, 18)
(30376, 55, 25)
(30378, 43, 18)
(30379, 55, 25)
(30381, 43, 18)
(30382, 43, 18)
(30383, 43, 18)
(30384, 43, 18)
(30387, 43, 18)
(30388, 55, 25)
(30390, 43, 18)
(30391, 55, 25)
(30393, 43, 18)
(30394, 43, 18)
(30395, 43, 18)
(30396, 43, 18)
(30398, 47, 20)
(30399, 52, 23)
(30400, 54, 24)
(30401, 55, 25)
(30404, 52, 23)
(30405, 54, 24)
(30406, 55, 25)
(30407, 57, 26)
(30408, 59, 27)
(30417, 57, 26)
(60835/2, 52, 23)
(30418, 50, 22)
(60837/2, 53, 24)
(30419, 52, 23)
(60839/2, 48, 21)
(30420, 45, 19)
(30421, 57, 26)
(30422, 57, 26)
(30423, 57, 26)
(30424, 57, 26)
(30425, 57, 26)
(30426, 57, 26)
(30432, 52, 23)
(30433, 52, 23)
(30434, 52, 23)
(30435, 52, 23)
(30436, 52, 23)
(30437, 52, 23)
(30438, 52, 23)
(30447, 64, 30)
(30450, 62, 29)
(30451, 61, 28)
(30452, 60, 28)
(30453, 59, 27)
(30454, 57, 26)
(30455, 55, 25)
(30456, 54, 24)
(30462, 43, 18)
(30465, 47, 20)
(30468, 40, 16)
(30471, 42, 17)
(30474, 43, 18)
(30477, 47, 20)
(30480, 40, 16)
(30483, 42, 17)
(30486, 39, 15)
(30489, 40, 16)
(30492, 51, 22)
(30495, 52, 23)
(30498, 52, 23)
(30499, 64, 30)
(30500, 64, 30)
(30501, 64, 30)
(30502, 64, 30)
(30503, 64, 30)
(30504, 64, 30)
(30506, 67, 32)
(30507, 61, 28)
(30510, 50, 22)
(30511, 62, 29)
(30512, 62, 29)
(30513, 62, 29)
(30514, 62, 29)
(30515, 62, 29)
(30516, 62, 29)
(30518, 65, 31)
(30519, 59, 27)
(30522, 48, 21)
(61045/2, 52, 23)
(30523, 55, 25)
(61047/2, 60, 28)
(30524, 64, 30)
(61049/2, 62, 29)
(30525, 60, 28)
(61051/2, 55, 25)
(30526, 52, 23)
(61053/2, 55, 25)
(30527, 57, 26)
(61055/2, 59, 27)
(30528, 60, 28)
(61057/2, 55, 25)
(30529, 52, 23)
(61059/2, 43, 18)
(30530, 45, 19)
(61061/2, 47, 20)
(30531, 48, 21)
(61063/2, 43, 18)
(30532, 40, 16)
(61065/2, 43, 18)
(30533, 45, 19)
(61067/2, 47, 20)
(30534, 48, 21)
(30535, 43, 18)
(30536, 36, 14)
(30537, 43, 18)
(30538, 36, 14)
(30539, 43, 18)
(30540, 36, 14)
(30555, 48, 21)
(30556, 48, 21)
(30557, 48, 21)
(30558, 47, 20)
(30561, 48, 21)
(30562, 48, 21)
(30563, 48, 21)
(30564, 47, 20)
(30567, 48, 21)
(30568, 48, 21)
(30569, 48, 21)
(30570, 42, 17)
(30572, 43, 18)
(30573, 45, 19)
(30574, 47, 20)
(30575, 47, 20)
(30576, 40, 16)
(30579, 48, 21)
(30580, 48, 21)
(30581, 48, 21)
(30582, 47, 20)
(30585, 48, 21)
(30586, 48, 21)
(30587, 48, 21)
(30588, 47, 20)
(30591, 48, 21)
(30592, 48, 21)
(30593, 48, 21)
(30594, 42, 17)
(30596, 43, 18)
(30597, 45, 19)
(30598, 47, 20)
(30599, 47, 20)
(30600, 40, 16)
(30613, 55, 25)
(30614, 52, 23)
(30615, 59, 27)
(61251/2, 64, 30)
(30626, 64, 30)
(61253/2, 64, 30)
(30627, 64, 30)
(61255/2, 64, 30)
(30628, 64, 30)
(30629, 64, 30)
(30630, 64, 30)
(61261/2, 64, 30)
(30631, 64, 30)
(30632, 64, 30)
(30633, 64, 30)
(30634, 52, 23)
(30645, 61, 28)
(61291/2, 64, 30)
(30646, 67, 32)
(61293/2, 66, 31)
(30647, 64, 30)
(61295/2, 61, 28)
(30648, 64, 30)
(61297/2, 62, 29)
(30649, 61, 28)
(61299/2, 58, 26)
(30650, 61, 28)
(61301/2, 59, 27)
(30651, 58, 26)
(61303/2, 54, 24)
(30652, 55, 25)
(61305/2, 54, 24)
(30653, 52, 23)
(61307/2, 50, 22)
(30654, 49, 21)
(61309/2, 47, 20)
(30655, 46, 19)
(61311/2, 43, 18)
(30656, 42, 17)
(61313/2, 46, 19)
(30657, 47, 20)
(61317/2, 47, 20)
(30659, 50, 22)
(61319/2, 49, 21)
(30660, 47, 20)
(61323/2, 59, 27)
(30662, 62, 29)
(61325/2, 61, 28)
(30663, 59, 27)
(61329/2, 47, 20)
(30665, 50, 22)
(61331/2, 49, 21)
(30666, 47, 20)
(30667, 47, 20)
(30668, 47, 20)
(30669, 59, 27)
(61339/2, 62, 29)
(30670, 65, 31)
(61341/2, 64, 30)
(30671, 62, 29)
(61343/2, 59, 27)
(30672, 62, 29)
(61345/2, 60, 28)
(30673, 59, 27)
(61347/2, 55, 25)
(30674, 59, 27)
(61349/2, 57, 26)
(30675, 55, 25)
(61351/2, 52, 23)
(30676, 53, 24)
(61353/2, 52, 23)
(30677, 50, 22)
(61355/2, 48, 21)
(30678, 47, 20)
(61357/2, 48, 21)
(30679, 47, 20)
(61359/2, 45, 19)
(30680, 43, 18)
(61361/2, 41, 17)
(30681, 40, 16)
(61363/2, 38, 15)
(30682, 36, 14)
(61365/2, 36, 14)
(30683, 38, 15)
(61367/2, 40, 16)
(30684, 41, 17)
(61369/2, 40, 16)
(30685, 38, 15)
(61371/2, 38, 15)
(30686, 40, 16)
(61373/2, 41, 17)
(30687, 43, 18)
(61375/2, 41, 17)
(30688, 40, 16)
(61377/2, 40, 16)
(30689, 41, 17)
(61379/2, 43, 18)
(30690, 45, 19)
(61381/2, 43, 18)
(30691, 42, 17)
(61383/2, 42, 17)
(30692, 43, 18)
(61385/2, 45, 19)
(30693, 47, 20)
(61387/2, 45, 19)
(30694, 43, 18)
(30695, 55, 25)
(30696, 45, 19)
(30698, 55, 25)
(30699, 47, 20)
(30701, 55, 25)
(30702, 49, 21)
(30703, 55, 25)
(30704, 49, 21)
(30705, 50, 22)
(61413/2, 50, 22)
(30707, 53, 24)
(61415/2, 52, 23)
(30708, 50, 22)
(30709, 50, 22)
(30710, 50, 22)
(30711, 57, 26)
(61425/2, 50, 22)
(30713, 53, 24)
(61427/2, 52, 23)
(30714, 50, 22)
(30715, 50, 22)
(30716, 50, 22)
(30717, 57, 26)
(61437/2, 57, 26)
(30719, 60, 28)
(61439/2, 59, 27)
(30720, 57, 26)
(30721, 57, 26)
(30722, 57, 26)
(30723, 45, 19)
(61449/2, 57, 26)
(30725, 60, 28)
(61451/2, 59, 27)
(30726, 57, 26)
(30727, 57, 26)
(30728, 57, 26)
(30729, 45, 19)
(30732, 57, 26)
(30735, 54, 24)
(30738, 56, 25)
(30741, 57, 26)
(30744, 45, 19)
(30747, 42, 17)
(30750, 50, 22)
(30753, 43, 18)
(30756, 43, 18)
(30759, 40, 16)
(30762, 48, 21)
(30765, 41, 17)
(30768, 53, 24)
(30771, 52, 23)
(30774, 52, 23)
(30777, 51, 22)
(30783, 47, 20)
(61567/2, 47, 20)
(30784, 47, 20)
(30785, 47, 20)
(30786, 47, 20)
(61573/2, 47, 20)
(30787, 47, 20)
(30788, 47, 20)
(30789, 47, 20)
(30798, 60, 28)
(30801, 59, 27)
(30802, 55, 25)
(30803, 52, 23)
(30804, 47, 20)
(30805, 43, 18)
(30806, 40, 16)
(30807, 47, 20)
(30815, 51, 22)
(30816, 52, 23)
(61635/2, 40, 16)
(30818, 42, 17)
(61637/2, 43, 18)
(30819, 45, 19)
(30821, 47, 20)
(30822, 48, 21)
(61647/2, 40, 16)
(30824, 42, 17)
(61649/2, 43, 18)
(30825, 45, 19)
(30827, 47, 20)
(30828, 48, 21)
(61659/2, 42, 17)
(30830, 43, 18)
(61661/2, 45, 19)
(30831, 47, 20)
(30837, 51, 22)
(61675/2, 51, 22)
(30838, 52, 23)
(30839, 54, 24)
(61679/2, 54, 24)
(30840, 55, 25)
(30841, 54, 24)
(61683/2, 54, 24)
(30842, 55, 25)
(61685/2, 52, 23)
(30843, 59, 27)
(61687/2, 59, 27)
(30844, 59, 27)
(30845, 59, 27)
(30846, 59, 27)
(61693/2, 59, 27)
(30847, 59, 27)
(30848, 59, 27)
(30849, 60, 28)
(30861, 48, 21)
(30862, 48, 21)
(30863, 48, 21)
(30864, 49, 21)
(30873, 43, 18)
(30874, 43, 18)
(30875, 43, 18)
(30876, 42, 17)
(30885, 48, 21)
(30886, 48, 21)
(30887, 48, 21)
(30888, 47, 20)
(30888, 50, 22)
(30897, 41, 17)
(30898, 41, 17)
(30899, 41, 17)
(30900, 40, 16)
(30903, 45, 19)
(30906, 43, 18)
(30909, 41, 17)
(30912, 40, 16)
(30915, 45, 19)
(30918, 43, 18)
(30921, 45, 19)
(30924, 47, 20)
(30927, 48, 21)
(30930, 47, 20)
(30933, 45, 19)
(30936, 43, 18)
(30939, 42, 17)
(30942, 47, 20)
(30945, 40, 16)
(30948, 45, 19)
(30950, 40, 16)
(30951, 48, 21)
(30953, 47, 20)
(30954, 45, 19)
(30956, 40, 16)
(30957, 48, 21)
(30959, 47, 20)
(30960, 45, 19)
(30962, 43, 18)
(30963, 48, 21)
(30965, 47, 20)
(30966, 45, 19)
(30969, 45, 19)
(30972, 45, 19)
(30978, 48, 21)
(30984, 47, 20)
(30996, 47, 20)
(31005, 45, 19)
(31008, 44, 18)
(31012, 45, 19)
(31013, 57, 26)
(31014, 57, 26)
(31016, 56, 25)
(31018, 45, 19)
(31019, 57, 26)
(31020, 57, 26)
(31022, 53, 23)
(31023, 54, 24)
(31025, 56, 25)
(31026, 57, 26)
(31032, 47, 20)
(31042, 47, 20)
(31043, 49, 21)
(31044, 50, 22)
(62089/2, 52, 23)
(31045, 50, 22)
(62091/2, 52, 23)
(31046, 50, 22)
(62093/2, 52, 23)
(31047, 50, 22)
(62095/2, 52, 23)
(31048, 50, 22)
(62097/2, 52, 23)
(31049, 50, 22)
(62099/2, 52, 23)
(31050, 50, 22)
(62101/2, 52, 23)
(31051, 50, 22)
(62103/2, 52, 23)
(31052, 50, 22)
(62105/2, 52, 23)
(31053, 50, 22)
(62107/2, 52, 23)
(31054, 50, 22)
(62109/2, 52, 23)
(31055, 50, 22)
(62111/2, 52, 23)
(31056, 49, 21)
(31074, 51, 22)
(31077, 53, 23)
(31080, 54, 24)
(31083, 45, 19)
(31086, 47, 20)
(31089, 45, 19)
(31092, 44, 18)
(31095, 42, 17)
(31098, 51, 22)
(31101, 52, 23)
(62205/2, 61, 28)
(31103, 59, 27)
(62207/2, 57, 26)
(31104, 56, 25)
(31106, 52, 23)
(31107, 49, 21)
(31109, 54, 24)
(31110, 51, 22)
(62223/2, 47, 20)
(31112, 49, 21)
(62225/2, 51, 22)
(31113, 52, 23)
(62227/2, 51, 22)
(31114, 52, 23)
(62229/2, 51, 22)
(31115, 49, 21)
(62231/2, 47, 20)
(31116, 45, 19)
(62233/2, 45, 19)
(31117, 45, 19)
(31119, 47, 20)
(62239/2, 47, 20)
(31120, 47, 20)
(31122, 45, 19)
(62245/2, 45, 19)
(31123, 45, 19)
(31125, 49, 21)
(62251/2, 49, 21)
(31126, 49, 21)
(31128, 51, 22)
(62257/2, 51, 22)
(31129, 51, 22)
(31134, 40, 16)
(31137, 40, 16)
(31140, 40, 16)
(31143, 47, 20)
(31144, 47, 20)
(31145, 47, 20)
(31146, 40, 16)
(31149, 40, 16)
(31152, 40, 16)
(31155, 47, 20)
(31156, 47, 20)
(31157, 47, 20)
(31158, 52, 23)
(31160, 48, 20)
(31161, 49, 21)
(31162, 51, 22)
(31163, 52, 23)
(31166, 49, 21)
(31167, 51, 22)
(31168, 52, 23)
(31169, 54, 24)
(31170, 56, 25)
(31179, 61, 28)
(62359/2, 56, 25)
(31180, 54, 24)
(62361/2, 57, 26)
(31181, 56, 25)
(62363/2, 52, 23)
(31182, 49, 21)
(31183, 61, 28)
(31184, 61, 28)
(31185, 61, 28)
(31186, 61, 28)
(31187, 61, 28)
(31188, 61, 28)
(31197, 60, 28)
(31200, 59, 27)
(31201, 58, 26)
(31202, 57, 26)
(31203, 56, 25)
(31204, 54, 24)
(31205, 52, 23)
(31206, 51, 22)
(31212, 40, 16)
(31218, 49, 21)
(31221, 51, 22)
(31224, 52, 23)
(31227, 56, 25)
(31230, 49, 21)
(31233, 51, 22)
(31236, 48, 20)
(31239, 49, 21)
(31242, 48, 20)
(31245, 49, 21)
(31248, 61, 28)
(31249, 61, 28)
(31250, 61, 28)
(31251, 61, 28)
(31252, 61, 28)
(31253, 61, 28)
(31254, 61, 28)
(31256, 64, 30)
(31257, 58, 26)
(31260, 61, 28)
(31261, 61, 28)
(31262, 61, 28)
(31263, 61, 28)
(31264, 61, 28)
(31265, 61, 28)
(31266, 61, 28)
(31268, 64, 30)
(31269, 58, 26)
(31272, 47, 20)
(31278, 47, 20)
(31284, 47, 20)
(31290, 47, 20)
(31296, 51, 22)
(31297, 52, 23)
(31298, 54, 24)
(31299, 54, 24)
(31300, 55, 25)
(31301, 57, 26)
(31302, 59, 27)
(31305, 63, 29)
(31308, 40, 16)
(31311, 40, 16)
(31314, 40, 16)
(31317, 40, 16)
(31320, 40, 16)
(31321, 52, 23)
(31323, 40, 16)
(31324, 52, 23)
(31326, 40, 16)
(31327, 52, 23)
(31329, 40, 16)
(31330, 52, 23)
(62665/2, 47, 20)
(31333, 52, 23)
(62667/2, 50, 22)
(31334, 48, 21)
(62669/2, 47, 20)
(31335, 45, 19)
(62671/2, 47, 20)
(31336, 48, 21)
(62673/2, 45, 19)
(31337, 47, 20)
(62675/2, 48, 21)
(31338, 47, 20)
(62677/2, 48, 21)
(31339, 50, 22)
(62679/2, 47, 20)
(31340, 48, 21)
(62681/2, 50, 22)
(31341, 48, 21)
(62683/2, 50, 22)
(31342, 52, 23)
(62685/2, 48, 21)
(31343, 50, 22)
(62687/2, 52, 23)
(31344, 50, 22)
(62689/2, 52, 23)
(31345, 53, 24)
(62691/2, 52, 23)
(31346, 54, 24)
(62693/2, 56, 25)
(31347, 54, 24)
(62695/2, 56, 25)
(31348, 57, 26)
(62697/2, 56, 25)
(31349, 57, 26)
(62699/2, 59, 27)
(31350, 57, 26)
(62701/2, 59, 27)
(31351, 60, 28)
(31359, 41, 17)
(31362, 43, 18)
(31365, 44, 18)
(31368, 45, 19)
(31371, 46, 19)
(31374, 47, 20)
(31377, 47, 20)
(31380, 40, 16)
(31381, 52, 23)
(31383, 40, 16)
(31384, 52, 23)
(31386, 40, 16)
(31387, 52, 23)
(31389, 40, 16)
(31390, 52, 23)
(31392, 40, 16)
(31394, 52, 23)
(31395, 40, 16)
(31397, 52, 23)
(31398, 40, 16)
(31400, 52, 23)
(31401, 40, 16)
(62809/2, 47, 20)
(31405, 52, 23)
(62811/2, 50, 22)
(31406, 48, 21)
(62813/2, 47, 20)
(31407, 45, 19)
(62815/2, 47, 20)
(31408, 48, 21)
(62817/2, 45, 19)
(31409, 47, 20)
(62819/2, 48, 21)
(31410, 47, 20)
(62821/2, 48, 21)
(31411, 50, 22)
(62823/2, 47, 20)
(31412, 48, 21)
(62825/2, 50, 22)
(31413, 48, 21)
(62827/2, 50, 22)
(31414, 52, 23)
(62829/2, 48, 21)
(31415, 50, 22)
(62831/2, 52, 23)
(31416, 50, 22)
(62833/2, 52, 23)
(31417, 53, 24)
(62835/2, 52, 23)
(31418, 54, 24)
(62837/2, 56, 25)
(31419, 54, 24)
(62839/2, 56, 25)
(31420, 57, 26)
(62841/2, 56, 25)
(31421, 57, 26)
(62843/2, 59, 27)
(31422, 57, 26)
(62845/2, 59, 27)
(31423, 60, 28)
(31431, 41, 17)
(31434, 43, 18)
(31437, 44, 18)
(31440, 45, 19)
(31443, 46, 19)
(31446, 47, 20)
(31449, 45, 19)
(31452, 43, 18)
(62905/2, 47, 20)
(31453, 52, 23)
(62907/2, 55, 25)
(31454, 52, 23)
(62909/2, 50, 22)
(31455, 48, 21)
(62911/2, 50, 22)
(31456, 52, 23)
(62913/2, 50, 22)
(31457, 48, 21)
(62915/2, 47, 20)
(31458, 45, 19)
(62917/2, 47, 20)
(31459, 48, 21)
(62919/2, 42, 17)
(31460, 43, 18)
(62921/2, 45, 19)
(31461, 47, 20)
(62923/2, 45, 19)
(31462, 47, 20)
(62925/2, 48, 21)
(31463, 47, 20)
(62927/2, 45, 19)
(31464, 43, 18)
(62929/2, 47, 20)
(31465, 52, 23)
(62931/2, 55, 25)
(31466, 52, 23)
(62933/2, 50, 22)
(31467, 48, 21)
(62935/2, 50, 22)
(31468, 52, 23)
(62937/2, 50, 22)
(31469, 48, 21)
(62939/2, 47, 20)
(31470, 45, 19)
(62941/2, 47, 20)
(31471, 48, 21)
(62943/2, 42, 17)
(31472, 43, 18)
(62945/2, 45, 19)
(31473, 47, 20)
(62947/2, 45, 19)
(31474, 47, 20)
(62949/2, 48, 21)
(31475, 47, 20)
(62951/2, 45, 19)
(31476, 43, 18)
(62953/2, 45, 19)
(31477, 47, 20)
(62955/2, 40, 16)
(31478, 42, 17)
(62957/2, 43, 18)
(31479, 45, 19)
(62959/2, 47, 20)
(31480, 48, 21)
(62961/2, 45, 19)
(31481, 47, 20)
(62963/2, 48, 21)
(31482, 43, 18)
(62965/2, 45, 19)
(31483, 47, 20)
(62967/2, 40, 16)
(31484, 42, 17)
(62969/2, 43, 18)
(31485, 45, 19)
(62971/2, 47, 20)
(31486, 48, 21)
(62973/2, 45, 19)
(31487, 47, 20)
(62975/2, 48, 21)
(31488, 45, 19)
(62977/2, 47, 20)
(31489, 48, 21)
(62979/2, 45, 19)
(31490, 47, 20)
(62981/2, 48, 21)
(31491, 45, 19)
(62983/2, 47, 20)
(31492, 48, 21)
(62985/2, 45, 19)
(31493, 47, 20)
(62987/2, 48, 21)
(31494, 47, 20)
(62989/2, 48, 21)
(31495, 50, 22)
(62991/2, 47, 20)
(31496, 48, 21)
(62993/2, 50, 22)
(31497, 47, 20)
(62995/2, 48, 21)
(31498, 50, 22)
(62997/2, 47, 20)
(31499, 48, 21)
(62999/2, 50, 22)
(31500, 48, 21)
(63001/2, 50, 22)
(31501, 52, 23)
(63003/2, 48, 21)
(31502, 50, 22)
(63005/2, 52, 23)
(31503, 48, 21)
(63007/2, 50, 22)
(31504, 52, 23)
(63009/2, 48, 21)
(31505, 50, 22)
(63011/2, 52, 23)
(31506, 47, 20)
(63037/2, 52, 23)
(31519, 54, 24)
(63039/2, 55, 25)
(31520, 52, 23)
(63041/2, 54, 24)
(31521, 55, 25)
(63043/2, 55, 25)
(31522, 57, 26)
(63045/2, 59, 27)
(31523, 55, 25)
(63047/2, 57, 26)
(31524, 59, 27)
(63049/2, 59, 27)
(31525, 63, 29)
(63051/2, 64, 30)
(31526, 59, 27)
(63053/2, 63, 29)
(31527, 64, 30)
(63055/2, 59, 27)
(31528, 63, 29)
(63057/2, 64, 30)
(31529, 59, 27)
(63059/2, 63, 29)
(31530, 64, 30)
(31531, 59, 27)
(31532, 64, 30)
(31533, 59, 27)
(31534, 64, 30)
(31535, 59, 27)
(31536, 64, 30)
(31539, 47, 20)
(31542, 40, 16)
