(0, 67, 32)
(3, 67, 32)
(11/2, 67, 32)
(6, 67, 32)
(17/2, 67, 32)
(9, 67, 32)
(19/2, 65, 31)
(10, 63, 30)
(12, 67, 32)
(29/2, 62, 29)
(15, 63, 30)
(31/2, 62, 29)
(16, 63, 30)
(33/2, 63, 30)
(18, 67, 32)
(37/2, 67, 32)
(19, 69, 33)
(39/2, 67, 32)
(20, 69, 33)
(21, 70, 34)
(43/2, 70, 34)
(27, 60, 28)
(27, 72, 35)
(30, 67, 32)
(65/2, 67, 32)
(33, 67, 32)
(67/2, 65, 31)
(34, 63, 30)
(36, 67, 32)
(75/2, 67, 32)
(77/2, 62, 29)
(39, 63, 30)
(79/2, 62, 29)
(40, 63, 30)
(81/2, 63, 30)
(42, 67, 32)
(85/2, 65, 31)
(43, 67, 32)
(87/2, 70, 34)
(44, 68, 33)
(45, 67, 32)
(91/2, 68, 33)
(46, 67, 32)
(93/2, 67, 32)
(48, 63, 30)
(97/2, 65, 31)
(49, 62, 29)
(99/2, 60, 28)
(51, 67, 32)
(54, 67, 32)
(113/2, 67, 32)
(57, 67, 32)
(119/2, 67, 32)
(60, 67, 32)
(121/2, 68, 33)
(61, 70, 34)
(123/2, 68, 33)
(62, 67, 32)
(125/2, 64, 30)
(63, 67, 32)
(131/2, 67, 32)
(66, 68, 33)
(133/2, 67, 32)
(67, 68, 33)
(135/2, 70, 34)
(68, 68, 33)
(137/2, 70, 34)
(69, 72, 35)
(139/2, 70, 34)
(70, 72, 35)
(141/2, 73, 36)
(71, 73, 36)
(147/2, 70, 34)
(75, 69, 33)
(78, 69, 33)
(159/2, 69, 33)
(81, 69, 33)
(163/2, 70, 34)
(82, 72, 35)
(165/2, 70, 34)
(83, 69, 33)
(84, 69, 33)
(87, 70, 34)
(87, 70, 34)
(175/2, 70, 34)
(88, 70, 34)
(177/2, 72, 35)
(90, 74, 36)
(181/2, 72, 35)
(91, 74, 36)
(365/4, 75, 37)
(93, 74, 36)
(187/2, 75, 37)
(94, 72, 35)
(189/2, 74, 36)
(96, 74, 36)
(197/2, 74, 36)
(99, 74, 36)
(199/2, 74, 36)
(102, 69, 33)
(105, 68, 33)
(211/2, 67, 32)
(106, 70, 34)
(213/2, 72, 35)
(109, 74, 36)
(221/2, 74, 36)
(111, 74, 36)
(223/2, 74, 36)
(114, 68, 33)
(117, 68, 33)
(118, 77, 38)
(120, 69, 33)
(249/2, 69, 33)
(251/2, 74, 36)
(126, 74, 36)
(127, 70, 34)
(129, 70, 34)
(259/2, 72, 35)
(261/2, 74, 36)
(132, 74, 36)
(133, 70, 34)
(267/2, 70, 34)
(135, 72, 35)
(271/2, 72, 35)
(138, 70, 34)
(139, 67, 32)
(279/2, 67, 32)
(141, 74, 36)
(143, 67, 32)
(287/2, 68, 33)
(144, 70, 34)
(145, 67, 32)
(291/2, 67, 32)
(293/2, 68, 33)
(147, 67, 32)
(295/2, 68, 33)
(148, 65, 31)
(149, 67, 32)
(150, 55, 25)
(151, 55, 25)
(151, 67, 32)
(153, 55, 25)
(153, 67, 32)
(311/2, 55, 25)
(311/2, 67, 32)
(156, 55, 25)
(156, 67, 32)
(313/2, 65, 31)
(157, 63, 30)
(315/2, 65, 31)
(158, 67, 32)
(317/2, 68, 33)
(159, 67, 32)
(323/2, 62, 29)
(162, 63, 30)
(325/2, 62, 29)
(163, 63, 30)
(327/2, 65, 31)
(164, 63, 30)
(329/2, 65, 31)
(165, 67, 32)
(331/2, 65, 31)
(166, 67, 32)
(333/2, 67, 32)
(167, 68, 33)
(168, 70, 34)
(337/2, 69, 33)
(171, 74, 36)
(347/2, 74, 36)
(174, 74, 36)
(353/2, 74, 36)
(355/2, 75, 37)
(180, 74, 36)
(363/2, 72, 35)
(183, 70, 34)
(184, 68, 33)
(371/2, 72, 35)
(186, 68, 33)
(375/2, 67, 32)
(377/2, 72, 35)
(189, 68, 33)
(381/2, 67, 32)
(383/2, 72, 35)
(192, 65, 31)
(387/2, 67, 32)
(195, 60, 28)
(393/2, 63, 30)
(197, 67, 32)
(395/2, 75, 37)
(198, 74, 36)
(401/2, 74, 36)
(201, 77, 38)
(405/2, 75, 37)
(409/2, 73, 36)
(207, 72, 35)
(208, 70, 34)
(209, 72, 35)
(210, 68, 33)
(423/2, 67, 32)
(425/2, 72, 35)
(213, 68, 33)
(429/2, 67, 32)
(431/2, 72, 35)
(216, 65, 31)
(435/2, 67, 32)
(219, 60, 28)
(443/2, 59, 27)
(222, 60, 28)
(449/2, 59, 27)
(225, 60, 28)
(455/2, 56, 26)
(228, 60, 28)
(457/2, 63, 30)
(229, 67, 32)
(459/2, 72, 35)
(230, 75, 37)
(461/2, 79, 39)
(231, 84, 42)
(257, 74, 36)
(515/2, 79, 39)
(258, 75, 37)
(260, 63, 30)
(260, 72, 35)
(261, 74, 36)
(263, 70, 34)
(527/2, 74, 36)
(264, 72, 35)
(529/2, 70, 34)
(265, 72, 35)
(531/2, 69, 33)
(266, 70, 34)
(533/2, 72, 35)
(267, 70, 34)
(535/2, 69, 33)
(268, 70, 34)
(537/2, 74, 36)
(541/2, 75, 37)
(271, 74, 36)
(543/2, 72, 35)
(547/2, 74, 36)
(274, 72, 35)
(549/2, 70, 34)
(275, 72, 35)
(551/2, 70, 34)
(276, 69, 33)
(553/2, 67, 32)
(277, 69, 33)
(555/2, 66, 31)
(278, 67, 32)
(557/2, 69, 33)
(279, 70, 34)
(559/2, 69, 33)
(280, 70, 34)
(282, 72, 35)
(565/2, 70, 34)
(283, 72, 35)
(567/2, 69, 33)
(284, 70, 34)
(569/2, 72, 35)
(285, 74, 36)
(571/2, 74, 36)
(286, 70, 34)
(573/2, 72, 35)
(287, 74, 36)
(288, 74, 36)
(288, 75, 37)
(288, 77, 38)
(288, 75, 37)
(294, 72, 35)
(295, 74, 36)
(591/2, 72, 35)
(296, 70, 34)
(593/2, 70, 34)
(297, 69, 33)
(595/2, 74, 36)
(298, 78, 38)
(597/2, 81, 40)
(299, 78, 38)
(599/2, 74, 36)
(300, 74, 36)
(601/2, 76, 37)
(301, 79, 39)
(603/2, 76, 37)
(302, 72, 35)
(303, 73, 35)
(607/2, 69, 33)
(304, 74, 36)
(609/2, 78, 38)
(305, 74, 36)
(611/2, 69, 33)
(309, 69, 33)
(619/2, 74, 36)
(310, 78, 38)
(621/2, 80, 40)
(311, 78, 38)
(623/2, 74, 36)
(312, 74, 36)
(937/3, 73, 35)
(938/3, 76, 37)
(313, 79, 39)
(314, 76, 37)
(629/2, 73, 35)
(317, 69, 33)
(635/2, 74, 36)
(318, 73, 35)
(321, 73, 34)
(321, 73, 35)
(321, 74, 36)
(643/2, 69, 33)
(322, 74, 36)
(645/2, 78, 38)
(323, 78, 38)
(647/2, 74, 36)
(324, 81, 40)
(655/2, 69, 33)
(328, 74, 36)
(657/2, 78, 38)
(329, 78, 38)
(659/2, 74, 36)
(330, 81, 40)
(667/2, 60, 28)
(667/2, 74, 36)
(669/2, 66, 31)
(673/2, 66, 31)
(337, 69, 33)
(337, 62, 29)
(679/2, 62, 29)
(340, 66, 31)
(681/2, 57, 26)
(689/2, 62, 29)
(345, 74, 36)
(693/2, 70, 34)
(348, 69, 33)
(699/2, 67, 32)
(351, 66, 31)
(705/2, 69, 33)
(354, 72, 35)
(711/2, 75, 37)
(357, 74, 36)
(719/2, 70, 34)
(360, 69, 33)
(723/2, 67, 32)
(363, 66, 31)
(729/2, 69, 33)
(366, 72, 35)
(735/2, 75, 37)
(369, 74, 36)
(743/2, 70, 34)
(372, 82, 41)
(1491/4, 82, 41)
(375, 70, 34)
(753/2, 45, 19)
(753/2, 49, 21)
(753/2, 52, 23)
(753/2, 70, 34)
(755/2, 70, 34)
(378, 70, 34)
(381, 70, 34)
(765/2, 70, 34)
(767/2, 70, 34)
(384, 70, 34)
(393, 69, 33)
(791/2, 62, 29)
(396, 67, 32)
(793/2, 69, 33)
(397, 70, 34)
(795/2, 69, 33)
(398, 67, 32)
(797/2, 62, 29)
(399, 67, 32)
(799/2, 69, 33)
(400, 70, 34)
(801/2, 69, 33)
(401, 67, 32)
(803/2, 64, 30)
(402, 69, 33)
(805/2, 70, 34)
(403, 72, 35)
(807/2, 70, 34)
(404, 69, 33)
(809/2, 63, 30)
(405, 68, 33)
(811/2, 70, 34)
(406, 72, 35)
(813/2, 70, 34)
(407, 68, 33)
(815/2, 66, 31)
(408, 70, 34)
(817/2, 67, 32)
(409, 62, 29)
(411, 67, 32)
(823/2, 69, 33)
(412, 70, 34)
(825/2, 69, 33)
(413, 64, 30)
(414, 69, 33)
(829/2, 70, 34)
(415, 70, 34)
(831/2, 69, 33)
(417, 69, 33)
(835/2, 70, 34)
(418, 72, 35)
(837/2, 70, 34)
(419, 69, 33)
(839/2, 66, 31)
(420, 67, 32)
(841/2, 69, 33)
(421, 70, 34)
(843/2, 69, 33)
(422, 67, 32)
(423, 82, 41)
(1695/4, 82, 41)
(426, 70, 34)
(426, 82, 41)
(857/2, 70, 34)
(857/2, 82, 41)
(429, 70, 34)
(429, 82, 41)
(861/2, 70, 34)
(861/2, 82, 41)
(432, 82, 41)
(1731/4, 82, 41)
(1733/4, 55, 25)
(435, 61, 28)
(1306/3, 62, 29)
(1307/3, 63, 30)
(1307/3, 63, 30)
(436, 62, 29)
(873/2, 61, 28)
(438, 60, 28)
(440, 62, 29)
(881/2, 64, 30)
(441, 61, 28)
(883/2, 62, 29)
(442, 62, 29)
(442, 64, 30)
(885/2, 61, 28)
(443, 55, 25)
(444, 74, 36)
(444, 66, 31)
(889/2, 69, 33)
(445, 74, 36)
(893/2, 60, 28)
(447, 59, 27)
(895/2, 60, 28)
(448, 62, 29)
(450, 62, 29)
(901/2, 60, 28)
(451, 59, 27)
(903/2, 56, 26)
(453, 60, 28)
(453, 70, 34)
(907/2, 62, 29)
(454, 70, 34)
(456, 60, 28)
(913/2, 63, 30)
(457, 67, 32)
(458, 72, 35)
(459, 60, 28)
(459, 62, 29)
(919/2, 63, 30)
(460, 62, 29)
(462, 56, 26)
(925/2, 55, 25)
(465, 58, 26)
(931/2, 58, 27)
(466, 58, 26)
(466, 62, 29)
(468, 67, 32)
(937/2, 53, 24)
(471, 74, 36)
(472, 60, 28)
(473, 72, 35)
(474, 70, 34)
(475, 74, 36)
(481, 60, 28)
(963/2, 60, 28)
(484, 70, 34)
(485, 67, 32)
(971/2, 67, 32)
(973/2, 68, 33)
(487, 68, 33)
(975/2, 67, 32)
(488, 65, 31)
(489, 70, 34)
(490, 70, 34)
(491, 67, 32)
(983/2, 67, 32)
(985/2, 68, 33)
(493, 68, 33)
(987/2, 67, 32)
(494, 68, 33)
(989/2, 62, 29)
(991/2, 68, 33)
(496, 68, 33)
(993/2, 67, 32)
(498, 68, 33)
(502, 63, 30)
(1009/2, 63, 30)
(505, 63, 30)
(1015/2, 63, 30)
(508, 63, 30)
(2035/4, 62, 29)
(1019/2, 60, 28)
(2041/4, 63, 30)
(511, 63, 30)
(1027/2, 63, 30)
(514, 63, 30)
(1033/2, 63, 30)
(517, 63, 30)
(1039/2, 63, 30)
(520, 63, 30)
(1041/2, 62, 29)
(521, 60, 28)
(1043/2, 62, 29)
(522, 63, 30)
(1045/2, 63, 30)
(523, 64, 30)
(1051/2, 64, 30)
(526, 65, 31)
(529, 65, 31)
(532, 65, 31)
(1065/2, 62, 29)
(533, 63, 30)
(535, 63, 30)
(538, 67, 32)
(541, 55, 25)
(544, 67, 32)
(1089/2, 55, 25)
(545, 55, 25)
(545, 63, 30)
(1091/2, 55, 25)
(1091/2, 65, 31)
(546, 55, 25)
(546, 67, 32)
(1093/2, 55, 25)
(547, 55, 25)
(547, 67, 32)
(550, 63, 30)
(1651/3, 62, 29)
(1652/3, 63, 30)
(551, 63, 30)
(553, 67, 32)
(1107/2, 67, 32)
(554, 69, 33)
(559, 74, 36)
(1121/2, 74, 36)
(562, 79, 39)
(1129/2, 75, 37)
(565, 74, 36)
(568, 70, 34)
(1139/2, 74, 36)
(571, 77, 38)
(1145/2, 80, 40)
(574, 79, 39)
(577, 74, 36)
(580, 70, 34)
(1163/2, 74, 36)
(583, 80, 40)
(586, 79, 39)
(1177/2, 87, 44)
(589, 87, 44)
(1181/2, 87, 44)
(592, 87, 44)
(593, 87, 44)
(598, 87, 44)
(601, 87, 44)
(1203/2, 84, 42)
(602, 77, 38)
(1205/2, 80, 40)
(604, 78, 38)
(1209/2, 72, 35)
(605, 69, 33)
(1211/2, 72, 35)
(606, 66, 31)
(607, 63, 30)
(1215/2, 68, 33)
(1219/2, 63, 30)
(610, 55, 25)
(611, 55, 25)
(611, 62, 29)
(611, 72, 34)
(611, 79, 39)
(613, 87, 44)
(1229/2, 87, 44)
(616, 87, 44)
(1235/2, 87, 44)
(1237/2, 87, 44)
(619, 87, 44)
(1241/2, 87, 44)
(622, 87, 44)
(1247/2, 87, 44)
(625, 87, 44)
(1251/2, 81, 40)
(626, 78, 38)
(1253/2, 81, 40)
(627, 75, 37)
(628, 78, 38)
(1257/2, 72, 35)
(629, 75, 37)
(1259/2, 69, 33)
(1261/2, 63, 30)
(1261/2, 65, 31)
(631, 69, 33)
(1263/2, 63, 30)
(1263/2, 67, 32)
(1263/2, 65, 31)
(1263/2, 72, 35)
(632, 69, 33)
(1265/2, 63, 30)
(1267/2, 66, 31)
(634, 63, 30)
(1271/2, 60, 28)
(1273/2, 55, 25)
(638, 63, 30)
(638, 75, 37)
(1279/2, 62, 29)
(1279/2, 74, 36)
(641, 55, 25)
(641, 62, 29)
(641, 71, 34)
(641, 79, 39)
(1285/2, 55, 25)
(1285/2, 63, 30)
(1285/2, 72, 35)
(668, 74, 36)
(1337/2, 65, 31)
(1337/2, 79, 39)
(1339/2, 75, 37)
(4027/6, 72, 35)
(1343/2, 75, 37)
(1345/2, 74, 36)
(1349/2, 71, 34)
(675, 74, 36)
(1351/2, 72, 35)
(676, 70, 34)
(1353/2, 60, 28)
(2723/4, 67, 32)
(1363/2, 67, 32)
(1365/2, 63, 30)
(683, 67, 32)
(1369/2, 65, 31)
(1371/2, 64, 30)
(1373/2, 69, 33)
(4121/6, 70, 34)
(4123/6, 72, 35)
(1375/2, 70, 34)
(688, 70, 34)
(1377/2, 67, 32)
(689, 68, 33)
(1381/2, 67, 32)
(691, 63, 30)
(1383/2, 65, 31)
(692, 67, 32)
(1385/2, 74, 36)
(4157/6, 75, 37)
(4159/6, 77, 38)
(1387/2, 75, 37)
(694, 74, 36)
(1389/2, 75, 37)
(695, 72, 35)
(1391/2, 73, 36)
(696, 75, 37)
(1393/2, 73, 36)
(697, 72, 35)
(1395/2, 73, 36)
(698, 72, 35)
(1397/2, 73, 36)
(699, 75, 37)
(1399/2, 73, 36)
(700, 72, 35)
(1401/2, 73, 36)
(701, 71, 34)
(1403/2, 72, 35)
(702, 74, 36)
(1405/2, 72, 35)
(703, 71, 34)
(1407/2, 67, 32)
(707, 72, 35)
(1417/2, 71, 34)
(710, 70, 34)
(1423/2, 69, 33)
(713, 68, 33)
(1429/2, 67, 32)
(1433/2, 67, 32)
(717, 72, 35)
(1435/2, 69, 33)
(1439/2, 65, 31)
(721, 68, 33)
(1447/2, 65, 31)
(724, 63, 30)
(1449/2, 65, 31)
(725, 67, 32)
(1451/2, 65, 31)
(726, 67, 32)
(1453/2, 61, 29)
(1453/2, 72, 35)
(727, 58, 27)
(1459/2, 60, 28)
(730, 58, 27)
(1461/2, 60, 28)
(731, 65, 31)
(1463/2, 63, 30)
(732, 61, 29)
(1465/2, 63, 30)
(733, 62, 29)
(1467/2, 63, 30)
(734, 66, 32)
(1469/2, 65, 31)
(735, 63, 30)
(1471/2, 65, 31)
(736, 63, 30)
(1473/2, 65, 31)
(737, 68, 33)
(1475/2, 67, 32)
(738, 65, 31)
(1477/2, 67, 32)
(739, 65, 31)
(1479/2, 67, 32)
(740, 72, 35)
(1481/2, 70, 34)
(741, 68, 33)
(1483/2, 70, 34)
(742, 68, 33)
(1485/2, 70, 34)
(743, 73, 36)
(1487/2, 70, 34)
(1489/2, 72, 35)
(746, 75, 37)
(1493/2, 74, 36)
(1495/2, 77, 38)
(748, 74, 36)
(749, 65, 31)
(1499/2, 62, 29)
(1501/2, 63, 30)
(753, 67, 32)
(1507/2, 67, 32)
(1515/2, 67, 32)
(1519/2, 67, 32)
(761, 67, 32)
(1525/2, 67, 32)
(765, 67, 32)
(1537/2, 63, 30)
(771, 63, 30)
(772, 62, 29)
(1549/2, 60, 28)
(777, 67, 32)
(1555/2, 67, 32)
(779, 67, 32)
(1561/2, 67, 32)
(783, 67, 32)
(1567/2, 67, 32)
(785, 67, 32)
(1573/2, 67, 32)
(789, 67, 32)
(1585/2, 63, 30)
(795, 63, 30)
(1591/2, 62, 29)
(797, 62, 29)
(1609/2, 72, 35)
(805, 74, 36)
(1615/2, 67, 32)
(1615/2, 77, 38)
(1635/2, 74, 36)
(818, 79, 39)
(1637/2, 79, 39)
(1639/2, 75, 37)
(820, 84, 42)
(1645/2, 87, 44)
(823, 86, 43)
(1647/2, 79, 39)
(1649/2, 72, 35)
(1651/2, 67, 32)
(826, 63, 30)
(1653/2, 79, 39)
(1653/2, 80, 40)
(1657/2, 67, 32)
(831, 72, 35)
(1663/2, 67, 32)
(1669/2, 67, 32)
(5009/6, 65, 31)
(5011/6, 63, 30)
(1671/2, 63, 30)
(836, 62, 29)
(1675/2, 63, 30)
(838, 62, 29)
(1677/2, 63, 30)
(1681/2, 67, 32)
(841, 67, 32)
(1683/2, 65, 31)
(1687/2, 62, 29)
(844, 63, 30)
(1689/2, 62, 29)
(1693/2, 65, 31)
(847, 62, 29)
(1695/2, 63, 30)
(848, 62, 29)
(1697/2, 60, 28)
(1699/2, 62, 29)
(850, 60, 28)
(1701/2, 59, 27)
(3405/4, 59, 27)
(1705/2, 55, 25)
(5117/6, 60, 28)
(5119/6, 56, 26)
(1707/2, 55, 25)
(1711/2, 55, 25)
(1715/2, 59, 27)
(858, 60, 28)
(1717/2, 65, 31)
(859, 63, 30)
(1719/2, 62, 29)
(860, 60, 28)
(1721/2, 58, 27)
(861, 56, 26)
(1723/2, 55, 25)
(862, 60, 28)
(1725/2, 56, 26)
(863, 55, 25)
(1729/2, 55, 25)
(1731/2, 70, 34)
(1733/2, 70, 34)
(1741/2, 67, 32)
(1747/2, 62, 29)
(874, 58, 27)
(1753/2, 55, 25)
(877, 55, 25)
(1759/2, 55, 25)
(880, 55, 25)
(1761/2, 55, 25)
(3525/4, 56, 26)
(3527/4, 56, 26)
(1767/2, 56, 26)
(5303/6, 56, 26)
(5305/6, 56, 26)
(1769/2, 58, 27)
(885, 58, 27)
(1771/2, 60, 28)
(886, 60, 28)
(1773/2, 60, 28)
(887, 62, 29)
(1775/2, 62, 29)
(888, 62, 29)
(1777/2, 60, 28)
(889, 62, 29)
(1779/2, 63, 30)
(890, 60, 28)
(1781/2, 62, 29)
(891, 63, 30)
(1783/2, 60, 28)
(892, 63, 30)
(1789/2, 60, 28)
(895, 62, 29)
(1791/2, 63, 30)
(1795/2, 67, 32)
(899, 58, 27)
(1801/2, 60, 28)
(1807/2, 60, 28)
(1813/2, 60, 28)
(10000, 62, 29)
(10003, 63, 30)
(20011/2, 62, 29)
(10006, 63, 30)
(20015/2, 62, 29)
(10009, 63, 30)
(20019/2, 62, 29)
(10010, 60, 28)
(20021/2, 62, 29)
(10011, 63, 30)
(10012, 63, 30)
(20027/2, 63, 30)
(20029/2, 58, 27)
(10015, 60, 28)
(20031/2, 58, 27)
(10016, 60, 28)
(20033/2, 62, 29)
(10017, 60, 28)
(20035/2, 62, 29)
(10018, 63, 30)
(10019, 67, 32)
(10021, 67, 32)
(20043/2, 66, 31)
(10022, 67, 32)
(20045/2, 69, 33)
(10023, 67, 32)
(20047/2, 69, 33)
(10024, 70, 34)
(10027, 72, 35)
(10030, 63, 30)
(20065/2, 62, 29)
(10033, 63, 30)
(20067/2, 62, 29)
(10034, 60, 28)
(20069/2, 62, 29)
(10035, 63, 30)
(10036, 63, 30)
(10038, 59, 27)
(10039, 60, 28)
(20079/2, 58, 27)
(20083/2, 60, 28)
(10042, 63, 30)
(20085/2, 62, 29)
(10043, 67, 32)
(10045, 63, 30)
(20091/2, 65, 31)
(10046, 63, 30)
(20093/2, 62, 29)
(10047, 63, 30)
(20095/2, 62, 29)
(10048, 60, 28)
(20097/2, 62, 29)
(10049, 58, 27)
(20099/2, 60, 28)
(10051, 64, 30)
(10054, 64, 30)
(20113/2, 64, 30)
(10057, 64, 30)
(20119/2, 64, 30)
(10063, 64, 30)
(10066, 63, 30)
(20133/2, 67, 32)
(10067, 67, 32)
(10069, 67, 32)
(20139/2, 68, 33)
(10070, 70, 34)
(20141/2, 72, 35)
(10072, 70, 34)
(20145/2, 68, 33)
(10073, 67, 32)
(10078, 67, 32)
(10081, 66, 31)
(10087, 67, 32)
(20175/2, 67, 32)
(10088, 68, 33)
(20177/2, 67, 32)
(10089, 68, 33)
(10090, 70, 34)
(20181/2, 68, 33)
(20181/2, 67, 32)
(10091, 70, 34)
(20183/2, 72, 35)
(10092, 72, 35)
(10093, 70, 34)
(20189/2, 68, 33)
(10096, 71, 34)
(20197/2, 71, 34)
(10099, 72, 34)
(20201/2, 72, 34)
(20203/2, 67, 32)
(10105, 67, 32)
(20211/2, 67, 32)
(10106, 67, 32)
(10108, 71, 34)
(20221/2, 71, 34)
(10111, 71, 34)
(20225/2, 72, 35)
(10114, 65, 31)
(10118, 65, 31)
(10123, 66, 31)
(20249/2, 66, 31)
(20251/2, 69, 33)
(10126, 69, 33)
(10127, 67, 32)
(20255/2, 67, 32)
(20257/2, 69, 33)
(10129, 70, 34)
(10130, 70, 33)
(30391/3, 67, 32)
(30392/3, 70, 33)
(10131, 65, 31)
(10132, 68, 33)
(10133, 67, 32)
(20267/2, 67, 32)
(10135, 70, 34)
(20271/2, 69, 33)
(10136, 67, 32)
(20273/2, 69, 33)
(20275/2, 67, 32)
(10138, 67, 32)
(10139, 63, 30)
(20279/2, 63, 30)
(10141, 65, 31)
(20283/2, 63, 30)
(10142, 62, 29)
(10143, 67, 32)
(10144, 67, 32)
(10145, 63, 30)
(30436/3, 63, 30)
(10146, 74, 36)
(10147, 67, 32)
(20295/2, 62, 29)
(20297/2, 60, 28)
(20297/2, 63, 30)
(10150, 60, 28)
(10151, 60, 28)
(10151, 63, 30)
(10152, 60, 28)
(10152, 63, 30)
(10153, 60, 28)
(10153, 63, 30)
(20311/2, 60, 28)
(20311/2, 63, 30)
(10156, 60, 28)
(10156, 63, 30)
(20313/2, 62, 29)
(10157, 60, 28)
(20315/2, 62, 29)
(10158, 63, 30)
(20317/2, 65, 31)
(10159, 63, 30)
(20323/2, 58, 27)
(10162, 60, 28)
(20325/2, 59, 27)
(10163, 60, 28)
(20327/2, 62, 29)
(10164, 60, 28)
(20329/2, 62, 29)
(10165, 63, 30)
(10166, 67, 32)
(20333/2, 66, 31)
(10167, 67, 32)
(20335/2, 66, 31)
(10168, 67, 32)
(20337/2, 66, 31)
(10169, 67, 32)
(20339/2, 69, 33)
(10171, 70, 34)
(20347/2, 70, 34)
(10174, 71, 34)
(40703/4, 71, 34)
(10177, 74, 36)
(10180, 70, 34)
(10183, 67, 32)
(20369/2, 65, 31)
(10186, 65, 31)
(20375/2, 63, 30)
(20377/2, 60, 28)
(10189, 65, 31)
(20381/2, 63, 30)
(20383/2, 63, 30)
(10192, 62, 29)
(20387/2, 62, 29)
(10195, 60, 28)
(10198, 68, 33)
(20399/2, 68, 33)
(10201, 74, 36)
(20405/2, 72, 35)
(10204, 72, 35)
(20411/2, 70, 34)
(10207, 68, 33)
(20417/2, 67, 32)
(20419/2, 67, 32)
(10210, 65, 31)
(20423/2, 63, 30)
(20425/2, 60, 28)
(10213, 65, 31)
(10215, 63, 30)
(10216, 62, 29)
(20435/2, 62, 29)
(10219, 60, 28)
(10222, 55, 25)
(20449/2, 55, 25)
(10225, 55, 25)
(20455/2, 55, 25)
(10228, 55, 25)
(20457/2, 60, 28)
(10229, 63, 30)
(20459/2, 67, 32)
(10230, 72, 35)
(10231, 79, 39)
(10245, 67, 32)
(10247, 65, 31)
(20495/2, 68, 33)
(10249, 67, 32)
(10251, 63, 30)
(20503/2, 67, 32)
(10252, 65, 31)
(20505/2, 63, 30)
(10253, 65, 31)
(20507/2, 62, 29)
(10254, 65, 31)
(10255, 63, 30)
(20511/2, 62, 29)
(10256, 62, 29)
(10258, 60, 28)
(20517/2, 60, 28)
(10259, 63, 30)
(20519/2, 67, 32)
(10261, 62, 29)
(20523/2, 67, 32)
(20529/2, 69, 33)
(10265, 67, 32)
(20531/2, 66, 31)
(10266, 67, 32)
(20533/2, 69, 33)
(10267, 67, 32)
(20535/2, 66, 31)
(10268, 67, 32)
(20537/2, 62, 29)
(10269, 58, 27)
(20539/2, 55, 25)
(10270, 60, 28)
(10271, 58, 27)
(20543/2, 57, 26)
(10272, 55, 25)
(20545/2, 57, 26)
(10273, 58, 27)
(10276, 63, 30)
(20553/2, 62, 29)
(10277, 63, 30)
(20555/2, 60, 28)
(10278, 62, 29)
(20557/2, 63, 30)
(10279, 67, 32)
(20559/2, 66, 31)
(10280, 67, 32)
(20561/2, 62, 29)
(10281, 66, 31)
(20563/2, 67, 32)
(10282, 69, 33)
(20565/2, 67, 32)
(10283, 69, 33)
(20567/2, 66, 31)
(10284, 67, 32)
(20569/2, 69, 33)
(10285, 70, 34)
(20571/2, 69, 33)
(10286, 70, 34)
(20573/2, 67, 32)
(10287, 69, 33)
(20575/2, 70, 34)
(10288, 72, 35)
(20577/2, 70, 34)
(10289, 72, 35)
(20579/2, 69, 33)
(10290, 70, 34)
(20581/2, 72, 35)
(10291, 74, 36)
(20583/2, 72, 35)
(10292, 74, 36)
(20585/2, 70, 34)
(10293, 72, 35)
(20587/2, 74, 36)
(10294, 69, 33)
(20589/2, 70, 34)
(10295, 69, 33)
(20591/2, 67, 32)
(10296, 67, 32)
(10297, 66, 31)
(20595/2, 69, 33)
(10298, 74, 36)
(20597/2, 75, 37)
(20601/2, 76, 37)
(10301, 79, 39)
(20603/2, 82, 41)
(20607/2, 74, 36)
(10304, 76, 38)
(20609/2, 81, 40)
(10306, 61, 28)
(20613/2, 62, 29)
(10307, 61, 28)
(20615/2, 64, 30)
(10308, 62, 29)
(20617/2, 61, 28)
(10309, 62, 29)
(20619/2, 66, 31)
(10310, 69, 33)
(20621/2, 74, 36)
(20625/2, 64, 30)
(10313, 67, 32)
(20627/2, 70, 34)
(20631/2, 62, 29)
(10316, 66, 31)
(20633/2, 69, 33)
(10318, 63, 30)
(10321, 62, 29)
(10321, 63, 30)
(10321, 62, 29)
(20649/2, 62, 29)
(10325, 66, 31)
(20651/2, 70, 34)
(10326, 70, 34)
(20653/2, 67, 32)
(10327, 74, 36)
(20661/2, 62, 29)
(10331, 66, 31)
(20663/2, 70, 34)
(10332, 70, 34)
(20665/2, 67, 32)
(10333, 74, 36)
(10335, 62, 29)
(20671/2, 66, 31)
(10336, 57, 26)
(10339, 57, 26)
(20689/2, 62, 29)
(10345, 58, 27)
(10345, 62, 29)
(10354, 60, 28)
(10354, 62, 29)
(10357, 58, 27)
(10357, 62, 29)
(10363, 60, 28)
(10363, 62, 29)
(10369, 58, 27)
(10369, 62, 29)
(20767/2, 67, 32)
(10384, 67, 32)
(10393, 63, 30)
(10393, 66, 31)
(10396, 58, 27)
(10396, 62, 29)
(10399, 61, 28)
(10399, 64, 30)
(10402, 60, 28)
(10402, 62, 29)
(10405, 63, 30)
(10408, 60, 28)
(10412, 61, 28)
(10412, 64, 30)
(10418, 60, 28)
(10418, 63, 30)
(10421, 58, 27)
(20847/2, 62, 29)
(10424, 65, 31)
(20849/2, 67, 32)
(10425, 68, 33)
(20851/2, 67, 32)
(10426, 65, 31)
(10427, 67, 32)
(20855/2, 68, 33)
(10428, 70, 34)
(10429, 68, 33)
(10430, 65, 31)
(20861/2, 67, 32)
(10431, 68, 33)
(20863/2, 67, 32)
(10432, 65, 31)
(20865/2, 62, 29)
(10433, 67, 32)
(20867/2, 68, 33)
(10434, 70, 34)
(20869/2, 68, 33)
(10435, 67, 32)
(20871/2, 64, 30)
(10436, 64, 30)
(10445, 62, 29)
(20895/2, 62, 29)
(10448, 62, 29)
(10454, 62, 29)
(10457, 67, 32)
(10461, 67, 32)
(20923/2, 63, 30)
(10463, 60, 28)
(20927/2, 67, 32)
(10464, 68, 33)
(20929/2, 70, 34)
(20929/2, 84, 42)
(20933/2, 62, 29)
(10467, 62, 29)
(31417/3, 67, 32)
(31418/3, 67, 32)
(10475, 70, 34)
(20951/2, 69, 33)
(10476, 67, 32)
(10477, 69, 33)
(10478, 69, 33)
(10479, 67, 32)
(20959/2, 67, 32)
(10481, 68, 33)
(20963/2, 68, 33)
(10482, 63, 30)
(10483, 65, 31)
(10484, 67, 32)
(10487, 63, 30)
(20975/2, 62, 29)
(62929/6, 67, 32)
(10490, 67, 32)
(10491, 63, 30)
(20983/2, 63, 30)
(10493, 65, 31)
(10494, 62, 29)
(10496, 62, 29)
(10499, 65, 31)
(20999/2, 62, 29)
(42003/4, 60, 28)
(10502, 60, 28)
(21007/2, 60, 28)
(21009/2, 60, 28)
(10505, 60, 28)
(21015/2, 60, 28)
(10508, 60, 28)
(21017/2, 58, 27)
(10509, 56, 26)
(10511, 61, 29)
(21025/2, 61, 29)
(21027/2, 61, 29)
(10514, 60, 28)
(21031/2, 60, 28)
(21033/2, 60, 28)
(10517, 60, 28)
(21039/2, 60, 28)
(10520, 60, 28)
(21041/2, 58, 27)
(10521, 56, 26)
(21043/2, 58, 27)
(42089/4, 60, 28)
(10523, 58, 27)
(21047/2, 60, 28)
(10524, 62, 29)
(21049/2, 60, 28)
(10526, 62, 29)
(21055/2, 62, 29)
(21057/2, 62, 29)
(10529, 62, 29)
(21063/2, 62, 29)
(10532, 62, 29)
(21065/2, 60, 28)
(21071/2, 62, 29)
(10536, 56, 26)
(10538, 60, 28)
(21077/2, 62, 29)
(10539, 63, 30)
(21079/2, 60, 28)
(10540, 55, 25)
(10541, 60, 28)
(21083/2, 62, 29)
(10542, 63, 30)
(21085/2, 62, 29)
(10543, 60, 28)
(10544, 60, 28)
(21089/2, 62, 29)
(10545, 63, 30)
(21091/2, 60, 28)
(10546, 55, 25)
(10547, 60, 28)
(21095/2, 62, 29)
(10548, 62, 29)
(21097/2, 60, 28)
(10549, 55, 25)
(10550, 60, 28)
(21101/2, 59, 27)
(10551, 60, 28)
(21103/2, 62, 29)
(10552, 60, 28)
(21105/2, 62, 29)
(10553, 63, 30)
(10554, 67, 32)
(10556, 67, 32)
(10556, 67, 32)
(21113/2, 67, 32)
(10557, 67, 32)
(10562, 67, 32)
(10565, 67, 32)
(21135/2, 67, 32)
(10568, 67, 32)
(21137/2, 65, 31)
(10569, 62, 29)
(21139/2, 67, 32)
(10570, 68, 33)
(10571, 67, 32)
(21147/2, 67, 32)
(10574, 67, 32)
(21151/2, 67, 32)
(21153/2, 67, 32)
(10577, 67, 32)
(10580, 77, 38)
(10583, 67, 32)
(21171/2, 55, 25)
(10586, 63, 30)
(21173/2, 63, 30)
(10587, 55, 25)
(10589, 63, 30)
(21181/2, 63, 30)
(10591, 55, 25)
(10592, 60, 28)
(21185/2, 63, 30)
(10593, 62, 29)
(21187/2, 56, 26)
(10595, 60, 28)
(21191/2, 62, 29)
(10596, 60, 28)
(21193/2, 58, 27)
(10597, 55, 25)
(10598, 60, 28)
(21197/2, 63, 30)
(10599, 62, 29)
(21199/2, 60, 28)
(10600, 58, 27)
(21213/2, 60, 28)
(10607, 60, 28)
(10610, 55, 25)
(21223/2, 55, 25)
(21223/2, 62, 29)
(21223/2, 71, 34)
(10613, 60, 28)
(21227/2, 61, 29)
(10614, 63, 30)
(21229/2, 61, 29)
(10615, 60, 28)
(21231/2, 55, 25)
(10616, 61, 29)
(21233/2, 63, 30)
(10617, 61, 29)
(21235/2, 60, 28)
(10618, 55, 25)
(10619, 60, 28)
(21241/2, 62, 29)
(10621, 60, 28)
(10622, 60, 28)
(21245/2, 62, 29)
(10623, 60, 28)
(21247/2, 58, 27)
(10625, 57, 26)
(10630, 72, 35)
(21261/2, 74, 36)
(10631, 75, 37)
(21263/2, 69, 33)
(10632, 72, 35)
(21265/2, 66, 31)
(10633, 69, 33)
(21267/2, 63, 30)
(10634, 66, 31)
(21269/2, 60, 28)
(10635, 63, 30)
(21271/2, 57, 26)
(21273/2, 58, 27)
(10638, 60, 28)
(10638, 67, 32)
(10638, 75, 37)
(21279/2, 60, 28)
(21279/2, 68, 33)
(21279/2, 75, 37)
(21289/2, 70, 34)
(10645, 75, 37)
(21291/2, 72, 35)
(21295/2, 68, 33)
(10648, 72, 35)
(21297/2, 70, 34)
(21301/2, 67, 32)
(10651, 70, 34)
(21303/2, 68, 33)
(63911/6, 67, 32)
(63913/6, 68, 33)
(21305/2, 65, 31)
(10653, 67, 32)
(21307/2, 68, 33)
(21309/2, 67, 32)
(10655, 65, 31)
(21311/2, 67, 32)
(10656, 63, 30)
(10659, 63, 30)
(21321/2, 62, 29)
(10662, 61, 29)
(21327/2, 60, 28)
(10665, 59, 28)
(21333/2, 58, 27)
(21339/2, 55, 25)
(21345/2, 53, 24)
(21353/2, 55, 25)
(21365/2, 62, 29)
(21371/2, 67, 32)
(21377/2, 65, 31)
(10690, 63, 30)
(21389/2, 70, 34)
(10696, 69, 33)
(21395/2, 68, 33)
(21401/2, 68, 33)
(10702, 67, 32)
(10702, 77, 38)
(21407/2, 67, 32)
(10704, 65, 31)
(21409/2, 67, 32)
(10705, 63, 30)
(21411/2, 65, 31)
(10706, 67, 32)
(21413/2, 63, 30)
(10707, 65, 31)
(21415/2, 62, 29)
(10714, 77, 38)
(21431/2, 70, 34)
(10717, 79, 39)
(21437/2, 78, 38)
(21449/2, 74, 36)
(10725, 75, 37)
(21451/2, 74, 36)
(10726, 73, 36)
(21455/2, 72, 35)
(10729, 63, 30)
(21461/2, 65, 31)
(10732, 67, 32)
(21467/2, 68, 33)
(21473/2, 70, 34)
(10738, 71, 34)
(21479/2, 72, 35)
(10741, 74, 36)
(21491/2, 78, 38)
(21497/2, 79, 39)
(10750, 79, 39)
(21509/2, 62, 29)
(10756, 62, 29)
(21515/2, 63, 30)
(10760, 63, 30)
(21521/2, 62, 29)
(10762, 62, 29)
(21527/2, 60, 28)
(21541/2, 60, 28)
(10773, 58, 27)
(21551/2, 60, 28)
(10778, 63, 30)
(21557/2, 62, 29)
(21563/2, 63, 30)
(10784, 63, 30)
(21581/2, 61, 29)
(10800, 55, 25)
(21601/2, 74, 36)
(21605/2, 60, 28)
(10803, 60, 28)
(21607/2, 63, 30)
(10804, 62, 29)
(10814, 62, 29)
(21629/2, 60, 28)
(10815, 55, 25)
(21631/2, 60, 28)
(10816, 62, 29)
(21633/2, 63, 30)
(10817, 62, 29)
(21635/2, 67, 32)
(10823, 62, 29)
(21647/2, 63, 30)
(10824, 67, 32)
(21649/2, 65, 31)
(10825, 63, 30)
(21651/2, 60, 28)
(21659/2, 67, 32)
(10830, 63, 30)
(21661/2, 60, 28)
(21665/2, 63, 30)
(10833, 67, 32)
(21667/2, 63, 30)
(10834, 60, 28)
(21671/2, 63, 30)
(10836, 67, 32)
(21673/2, 67, 32)
(10837, 68, 33)
(21677/2, 67, 32)
(10839, 67, 32)
(21679/2, 68, 33)
(21683/2, 68, 33)
(10842, 67, 32)
(21685/2, 64, 30)
(21689/2, 62, 29)
(10845, 62, 29)
(21691/2, 60, 28)
(21695/2, 63, 30)
(10848, 62, 29)
(21697/2, 62, 29)
(10849, 60, 28)
(21701/2, 62, 29)
(10851, 60, 28)
(21703/2, 58, 27)
(10852, 58, 27)
(21707/2, 55, 25)
(10854, 60, 28)
(21709/2, 55, 25)
(10855, 60, 28)
(21711/2, 56, 26)
(21719/2, 65, 31)
(10860, 63, 30)
(21721/2, 62, 29)
(10861, 60, 28)
(43447/4, 58, 27)
(21725/2, 60, 28)
(10863, 60, 28)
(21727/2, 56, 26)
(21731/2, 56, 26)
(10866, 55, 25)
(21733/2, 56, 26)
(21743/2, 67, 32)
(10872, 65, 31)
(21745/2, 63, 30)
(21749/2, 62, 29)
(10875, 60, 28)
(43503/4, 58, 27)
(21761/2, 58, 27)
(10881, 58, 27)
(21763/2, 58, 27)
(10882, 59, 27)
(21765/2, 59, 27)
(10883, 59, 27)
(21767/2, 60, 28)
(10884, 60, 28)
(21769/2, 60, 28)
(10885, 62, 29)
(21771/2, 62, 29)
(10886, 62, 29)
(21773/2, 63, 30)
(10887, 63, 30)
(21775/2, 63, 30)
(10888, 64, 30)
(21777/2, 64, 30)
(10889, 64, 30)
(21779/2, 65, 31)
(10890, 65, 31)
(21785/2, 65, 31)
(10893, 65, 31)
(21787/2, 65, 31)
(21791/2, 67, 32)
(10900, 55, 25)
(21803/2, 60, 28)
(21809/2, 60, 28)
(21815/2, 60, 28)
(20003, 60, 28)
(40011/2, 59, 27)
(20006, 60, 28)
(40017/2, 59, 27)
(20009, 60, 28)
(40019/2, 67, 32)
(20012, 60, 28)
(40029/2, 62, 29)
(20015, 60, 28)
(40033/2, 60, 28)
(20017, 58, 27)
(60052/3, 60, 28)
(60053/3, 58, 27)
(20018, 63, 30)
(40037/2, 63, 30)
(20019, 63, 30)
(20021, 67, 32)
(40043/2, 67, 32)
(20024, 70, 34)
(40049/2, 68, 33)
(20025, 67, 32)
(40051/2, 65, 31)
(40051/2, 67, 32)
(20027, 63, 30)
(20030, 60, 28)
(40063/2, 60, 28)
(40065/2, 58, 27)
(20033, 60, 28)
(40067/2, 67, 32)
(20036, 60, 28)
(40075/2, 60, 28)
(40077/2, 62, 29)
(20039, 60, 28)
(40079/2, 62, 29)
(20040, 58, 27)
(40081/2, 60, 28)
(20041, 58, 27)
(20042, 63, 30)
(40085/2, 63, 30)
(20043, 51, 22)
(20045, 63, 30)
(40091/2, 62, 29)
(20046, 63, 30)
(40093/2, 65, 31)
(20047, 63, 30)
(20048, 53, 24)
(40097/2, 55, 25)
(20049, 48, 21)
(20054, 60, 28)
(40109/2, 61, 29)
(20055, 60, 28)
(40111/2, 58, 27)
(20057, 58, 27)
(40115/2, 60, 28)
(20058, 62, 29)
(40117/2, 60, 28)
(20059, 58, 27)
(20060, 58, 27)
(40121/2, 60, 28)
(20063, 60, 28)
(40127/2, 62, 29)
(20064, 60, 28)
(40129/2, 58, 27)
(20066, 60, 28)
(40133/2, 62, 29)
(20067, 60, 28)
(40135/2, 58, 27)
(20068, 60, 28)
(40137/2, 58, 27)
(20069, 56, 26)
(20075, 60, 28)
(40151/2, 63, 30)
(20076, 62, 29)
(40153/2, 60, 28)
(20077, 57, 26)
(20078, 60, 28)
(40157/2, 63, 30)
(20079, 62, 29)
(40159/2, 60, 28)
(20080, 57, 26)
(20081, 60, 28)
(40165/2, 62, 29)
(20083, 60, 28)
(40167/2, 57, 26)
(20084, 60, 28)
(40169/2, 62, 29)
(20085, 60, 28)
(40171/2, 57, 26)
(20087, 51, 23)
(40175/2, 51, 23)
(20088, 60, 28)
(40177/2, 62, 29)
(20090, 58, 27)
(40191/2, 60, 28)
(20096, 67, 32)
(40193/2, 67, 32)
(20099, 67, 32)
(40199/2, 53, 24)
(20100, 51, 23)
(20102, 60, 28)
(40205/2, 62, 29)
(20103, 60, 28)
(40209/2, 58, 26)
(20105, 60, 28)
(40213/2, 50, 22)
(20107, 50, 22)
(20108, 68, 33)
(20108, 58, 27)
(40217/2, 67, 32)
(20111, 68, 33)
(40223/2, 67, 32)
(20112, 63, 30)
(20114, 60, 28)
(40229/2, 62, 29)
(20115, 63, 30)
(40231/2, 62, 29)
(20116, 60, 28)
(40233/2, 58, 26)
(20117, 60, 28)
(40235/2, 62, 29)
(20118, 60, 28)
(40237/2, 56, 26)
(20120, 60, 28)
(40241/2, 62, 29)
(20121, 63, 30)
(40243/2, 60, 28)
(20122, 56, 26)
(20123, 60, 28)
(40249/2, 62, 29)
(40253/2, 62, 29)
(20127, 62, 29)
(20129, 63, 30)
(40261/2, 62, 29)
(40263/2, 62, 29)
(20132, 62, 29)
(20133, 62, 29)
(20134, 63, 30)
(20135, 63, 30)
(40273/2, 62, 29)
(40275/2, 62, 29)
(20138, 62, 29)
(20139, 63, 30)
(40279/2, 63, 30)
(40281/2, 60, 28)
(20141, 60, 28)
(20142, 62, 29)
(20143, 58, 27)
(20144, 58, 27)
(20145, 56, 26)
(20147, 56, 26)
(40297/2, 56, 26)
(20150, 60, 28)
(20151, 62, 29)
(40303/2, 60, 28)
(20153, 60, 28)
(40307/2, 62, 29)
(20154, 63, 30)
(40309/2, 62, 29)
(20155, 60, 28)
(40311/2, 55, 25)
(20156, 60, 28)
(40313/2, 62, 29)
(20157, 63, 30)
(40315/2, 62, 29)
(20158, 60, 28)
(40317/2, 55, 25)
(20159, 60, 28)
(40319/2, 62, 29)
(20160, 60, 28)
(40321/2, 55, 25)
(40347/2, 62, 29)
(20174, 65, 31)
(40349/2, 67, 32)
(20175, 70, 34)
(40351/2, 67, 32)
(20176, 65, 31)
(40353/2, 62, 29)
(20177, 68, 33)
(40355/2, 70, 34)
(20178, 68, 33)
(40357/2, 67, 32)
(20179, 68, 33)
(40359/2, 67, 32)
(20180, 65, 31)
(40361/2, 67, 32)
(20181, 63, 30)
(40363/2, 65, 31)
(20183, 61, 29)
(40367/2, 63, 30)
(20184, 61, 29)
(40369/2, 60, 28)
(20185, 61, 29)
(40371/2, 60, 28)
(20186, 60, 28)
(60559/3, 59, 27)
(60560/3, 60, 28)
(20187, 60, 28)
(40375/2, 62, 29)
(40377/2, 60, 28)
(20189, 60, 28)
(40379/2, 59, 27)
(20190, 60, 28)
(40381/2, 60, 28)
(20191, 62, 29)
(40383/2, 60, 28)
(20192, 60, 28)
(40385/2, 60, 28)
(20195, 60, 28)
(40395/2, 60, 28)
(20198, 65, 31)
(40397/2, 67, 32)
(20199, 68, 33)
(40399/2, 67, 32)
(20201, 68, 33)
(40403/2, 68, 33)
(20202, 68, 33)
(40405/2, 67, 32)
(20204, 65, 31)
(40409/2, 64, 30)
(20205, 65, 31)
(40411/2, 67, 32)
(20206, 65, 31)
(20207, 63, 30)
(40415/2, 65, 31)
(20208, 63, 30)
(40417/2, 63, 30)
(20209, 62, 29)
(20210, 60, 28)
(40421/2, 59, 27)
(20211, 60, 28)
(40423/2, 60, 28)
(20212, 63, 30)
(40425/2, 60, 28)
(20213, 60, 28)
(40427/2, 59, 27)
(20214, 60, 28)
(40429/2, 60, 28)
(20215, 62, 29)
(40431/2, 60, 28)
(20216, 60, 28)
(40433/2, 62, 29)
(20217, 60, 28)
(40435/2, 57, 26)
(20219, 60, 28)
(40439/2, 55, 25)
(20220, 51, 23)
(40441/2, 48, 21)
(40443/2, 50, 22)
(20222, 51, 23)
(40449/2, 50, 22)
(20225, 51, 23)
(40453/2, 51, 23)
(40455/2, 50, 22)
(20228, 51, 23)
(40457/2, 55, 25)
(20229, 60, 28)
(40459/2, 63, 30)
(20230, 67, 32)
(40461/2, 72, 35)
(40467/2, 67, 32)
(20234, 68, 33)
(20236, 65, 31)
(40473/2, 68, 33)
(20237, 67, 32)
(20239, 63, 30)
(40479/2, 67, 32)
(20240, 63, 30)
(40481/2, 62, 29)
(20241, 63, 30)
(40483/2, 65, 31)
(20243, 63, 30)
(40487/2, 62, 29)
(20244, 63, 30)
(40489/2, 60, 28)
(20246, 53, 24)
(40493/2, 56, 26)
(20247, 60, 28)
(20249, 51, 23)
(40499/2, 51, 23)
(20250, 55, 25)
(40501/2, 60, 28)
(20252, 62, 29)
(40505/2, 60, 28)
(20253, 59, 27)
(20254, 55, 25)
(40509/2, 59, 27)
(20255, 60, 28)
(40513/2, 60, 28)
(20257, 59, 27)
(20258, 67, 32)
(40517/2, 69, 33)
(20259, 65, 31)
(40519/2, 67, 32)
(20260, 63, 30)
(40521/2, 60, 28)
(20264, 57, 26)
(40531/2, 62, 29)
(20267, 55, 25)
(20269, 62, 29)
(40539/2, 67, 32)
(20270, 63, 30)
(20272, 60, 28)
(40545/2, 63, 30)
(20273, 62, 29)
(20275, 58, 27)
(40551/2, 62, 29)
(20276, 60, 28)
(40553/2, 58, 27)
(20277, 60, 28)
(40555/2, 57, 26)
(20278, 58, 27)
(40557/2, 60, 28)
(20279, 62, 29)
(40559/2, 60, 28)
(20280, 62, 29)
(40561/2, 58, 27)
(20281, 60, 28)
(40563/2, 62, 29)
(20282, 63, 30)
(40565/2, 62, 29)
(20283, 63, 30)
(40567/2, 60, 28)
(20284, 62, 29)
(40569/2, 63, 30)
(20285, 67, 32)
(40571/2, 62, 29)
(20286, 67, 32)
(40573/2, 62, 29)
(20287, 67, 32)
(40575/2, 62, 29)
(20288, 68, 33)
(60865/3, 67, 32)
(60866/3, 68, 33)
(20289, 65, 31)
(40579/2, 67, 32)
(20290, 68, 33)
(20291, 70, 34)
(40583/2, 69, 33)
(20292, 70, 34)
(40585/2, 70, 34)
(20293, 69, 33)
(40587/2, 70, 34)
(20294, 72, 35)
(40589/2, 70, 34)
(20295, 72, 35)
(40591/2, 73, 35)
(20296, 73, 35)
(40593/2, 73, 35)
(20297, 74, 36)
(40595/2, 66, 31)
(20298, 69, 33)
(40597/2, 74, 36)
(20299, 69, 33)
(40599/2, 66, 31)
(20300, 67, 32)
(20302, 67, 32)
(40605/2, 63, 30)
(20303, 66, 31)
(20305, 69, 33)
(20306, 64, 30)
(40613/2, 62, 29)
(20307, 64, 30)
(40615/2, 58, 27)
(40615/2, 60, 28)
(40615/2, 62, 29)
(20308, 62, 29)
(40617/2, 64, 30)
(20309, 57, 26)
(40619/2, 57, 26)
(20310, 62, 29)
(40621/2, 66, 31)
(20311, 69, 33)
(40623/2, 66, 31)
(20312, 67, 32)
(20314, 67, 32)
(40629/2, 63, 30)
(20315, 66, 31)
(20317, 62, 29)
(40635/2, 62, 29)
(20318, 58, 27)
(40637/2, 58, 27)
(20321, 57, 26)
(40651/2, 58, 27)
(20327, 57, 26)
(40663/2, 58, 27)
(20336, 57, 26)
(20338, 57, 26)
(40677/2, 62, 29)
(20339, 54, 24)
(20341, 54, 24)
(40683/2, 57, 26)
(20342, 50, 22)
(20345, 55, 25)
(40691/2, 58, 27)
(20346, 56, 26)
(40693/2, 55, 25)
(81387/4, 50, 22)
(20348, 55, 25)
(40697/2, 56, 26)
(20349, 58, 27)
(40699/2, 56, 26)
(20350, 50, 22)
(20351, 57, 26)
(20354, 57, 26)
(40713/2, 50, 22)
(20357, 55, 25)
(40715/2, 56, 26)
(20358, 58, 27)
(40717/2, 56, 26)
(20359, 55, 25)
(20360, 55, 25)
(40721/2, 58, 26)
(20361, 58, 27)
(40723/2, 58, 26)
(20362, 55, 25)
(40725/2, 50, 22)
(20363, 56, 26)
(40727/2, 58, 27)
(20364, 60, 28)
(40729/2, 58, 27)
(20365, 56, 26)
(40731/2, 50, 22)
(20366, 57, 26)
(40733/2, 60, 28)
(40735/2, 58, 27)
(20368, 57, 26)
(40737/2, 50, 22)
(20369, 58, 27)
(40739/2, 60, 28)
(20370, 62, 29)
(40741/2, 60, 28)
(20371, 58, 27)
(40743/2, 55, 25)
(20372, 65, 31)
(40745/2, 67, 32)
(20373, 68, 33)
(40747/2, 67, 32)
(20374, 65, 31)
(40749/2, 62, 29)
(20375, 67, 32)
(40751/2, 70, 34)
(20376, 68, 33)
(40753/2, 67, 32)
(20377, 63, 30)
(20378, 65, 31)
(40757/2, 67, 32)
(20379, 67, 32)
(40761/2, 62, 29)
(20381, 68, 33)
(40763/2, 68, 33)
(20382, 67, 32)
(40765/2, 64, 30)
(20384, 64, 30)
(20393, 66, 31)
(40791/2, 50, 22)
(20396, 62, 29)
(81591/4, 58, 27)
(20399, 57, 26)
(40801/2, 55, 25)
(20402, 54, 24)
(40807/2, 56, 26)
(20405, 60, 28)
(20408, 62, 29)
(20409, 58, 27)
(20411, 57, 26)
(40825/2, 55, 25)
(20414, 56, 26)
(20417, 60, 28)
(40837/2, 63, 30)
(40843/2, 62, 29)
(40869/2, 58, 27)
(20435, 58, 27)
(20444, 57, 26)
(20444, 58, 27)
(20444, 57, 26)
(40893/2, 56, 26)
(20450, 56, 26)
(20453, 65, 31)
(20459, 55, 25)
(20462, 54, 24)
(40927/2, 55, 25)
(20465, 60, 28)
(40933/2, 60, 28)
(20468, 62, 29)
(40937/2, 67, 32)
(20474, 63, 30)
(20476, 62, 29)
(40967/2, 60, 28)
(40971/2, 60, 28)
(20486, 60, 28)
(40975/2, 60, 28)
(20489, 58, 27)
(40983/2, 60, 28)
(20492, 60, 28)
(40987/2, 58, 27)
(20496, 59, 27)
(20498, 60, 28)
(20501, 56, 26)
(41003/2, 58, 27)
(20502, 60, 28)
(41005/2, 56, 26)
(20504, 56, 26)
(41009/2, 60, 28)
(41011/2, 51, 23)
(20507, 56, 26)
(20510, 58, 27)
(20513, 56, 26)
(41027/2, 58, 27)
(20514, 60, 28)
(41029/2, 58, 27)
(20515, 56, 26)
(41031/2, 51, 23)
(20516, 56, 26)
(82067/4, 60, 28)
(41035/2, 58, 27)
(82073/4, 56, 26)
(20519, 56, 26)
(82079/4, 60, 28)
(41041/2, 56, 26)
(82085/4, 51, 23)
(20522, 55, 25)
(20525, 58, 27)
(82103/4, 60, 28)
(41053/2, 60, 28)
(82109/4, 53, 24)
(20528, 60, 28)
(41057/2, 53, 24)
(20531, 60, 28)
(41063/2, 58, 27)
(20532, 53, 24)
(20534, 58, 26)
(41071/2, 58, 26)
(41073/2, 60, 28)
(20537, 60, 28)
(20537, 63, 30)
(41075/2, 60, 28)
(41075/2, 63, 30)
(41077/2, 60, 28)
(20540, 60, 28)
(20540, 63, 30)
(41085/2, 60, 28)
(41085/2, 63, 30)
(20543, 60, 28)
(20543, 63, 30)
(41087/2, 62, 29)
(20544, 62, 29)
(20546, 63, 30)
(41095/2, 63, 30)
(41097/2, 62, 29)
(20549, 60, 28)
(41103/2, 58, 27)
(20552, 63, 30)
(41107/2, 63, 30)
(20555, 67, 32)
(41111/2, 68, 33)
(20556, 67, 32)
(41113/2, 67, 32)
(20558, 70, 34)
(41117/2, 68, 33)
(20559, 68, 33)
(41119/2, 67, 32)
(20561, 63, 30)
(41127/2, 63, 30)
(20564, 63, 30)
(41131/2, 63, 30)
(41133/2, 63, 30)
(20567, 65, 31)
(20570, 65, 31)
(20573, 63, 30)
(41151/2, 63, 30)
(41167/2, 59, 27)
(20585, 60, 28)
(41171/2, 62, 29)
(20586, 60, 28)
(20588, 60, 28)
(41177/2, 62, 29)
(20589, 60, 28)
(20591, 56, 26)
(41187/2, 56, 26)
(20594, 50, 22)
(20597, 56, 26)
(20600, 53, 24)
(20609, 55, 25)
(41221/2, 55, 25)
(41221/2, 62, 29)
(20612, 56, 26)
(20614, 51, 23)
(20615, 56, 26)
(20617, 51, 23)
(20618, 56, 26)
(41241/2, 51, 23)
(20621, 51, 23)
(20624, 51, 23)
(20629, 72, 35)
(41259/2, 74, 36)
(20630, 75, 37)
(41261/2, 69, 33)
(20631, 65, 31)
(41263/2, 69, 33)
(20632, 63, 30)
(20633, 67, 32)
(20634, 60, 28)
(41269/2, 63, 30)
(20635, 56, 26)
(61906/3, 60, 28)
(61907/3, 56, 26)
(41273/2, 56, 26)
(41273/2, 63, 30)
(20639, 56, 26)
(41281/2, 55, 25)
(41281/2, 65, 31)
(41281/2, 71, 34)
(20642, 55, 25)
(20642, 63, 30)
(20642, 72, 35)
(20656, 67, 32)
(41313/2, 72, 35)
(20657, 68, 33)
(41317/2, 65, 31)
(20659, 56, 26)
(20659, 68, 33)
(20660, 67, 32)
(20662, 63, 30)
(41325/2, 67, 32)
(20663, 65, 31)
(41327/2, 63, 30)
(20664, 65, 31)
(41329/2, 62, 29)
(20665, 63, 30)
(41331/2, 65, 31)
(20666, 63, 30)
(41333/2, 62, 29)
(20667, 63, 30)
(41335/2, 60, 28)
(41341/2, 67, 32)
(20672, 66, 31)
(41347/2, 65, 31)
(20675, 64, 30)
(41353/2, 63, 30)
(20678, 62, 29)
(20685, 63, 30)
(20687, 62, 29)
(41377/2, 60, 28)
(20690, 59, 27)
(41383/2, 68, 33)
(20693, 67, 32)
(41389/2, 67, 32)
(20696, 65, 31)
(41395/2, 63, 30)
(20699, 65, 31)
(41399/2, 63, 30)
(20700, 65, 31)
(41401/2, 62, 29)
(20701, 63, 30)
(41403/2, 65, 31)
(20702, 63, 30)
(41405/2, 62, 29)
(20703, 63, 30)
(41407/2, 60, 28)
(20704, 62, 29)
(41409/2, 63, 30)
(20705, 62, 29)
(41411/2, 60, 28)
(20706, 62, 29)
(41413/2, 62, 29)
(20707, 65, 31)
(41415/2, 62, 29)
(20708, 55, 25)
(41417/2, 55, 25)
(20709, 61, 29)
(20711, 59, 28)
(20714, 58, 27)
(41431/2, 60, 28)
(20716, 57, 26)
(20721, 67, 32)
(20722, 68, 33)
(41445/2, 67, 32)
(20727, 68, 33)
(20748, 51, 23)
(41501/2, 60, 28)
(41501/2, 63, 30)
(41507/2, 59, 27)
(20755, 59, 27)
(41513/2, 60, 28)
(20759, 60, 28)
(41521/2, 58, 27)
(41525/2, 60, 28)
(41535/2, 69, 32)
(41537/2, 56, 26)
(20769, 56, 26)
(41543/2, 53, 24)
(20772, 53, 24)
(41545/2, 53, 24)
(20778, 58, 27)
(41561/2, 60, 28)
(20783, 60, 28)
(41579/2, 56, 26)
(20790, 58, 27)
(41581/2, 60, 28)
(20791, 58, 27)
(41583/2, 56, 26)
(20792, 53, 24)
(41585/2, 67, 32)
(41587/2, 51, 23)
(41591/2, 67, 32)
(41591/2, 67, 32)
(83189/4, 53, 24)
(83189/4, 67, 32)
(41609/2, 55, 25)
(20805, 60, 28)
(41615/2, 60, 28)
(20808, 67, 32)
(83235/4, 67, 32)
(41621/2, 67, 32)
(20816, 67, 32)
(41633/2, 63, 30)
(124901/6, 74, 36)
(124903/6, 75, 37)
(41635/2, 74, 36)
(41639/2, 72, 35)
(20820, 74, 36)
(41641/2, 79, 39)
(41645/2, 72, 35)
(20825, 67, 32)
(41651/2, 60, 28)
(20826, 67, 32)
(41657/2, 63, 30)
(20831, 67, 32)
(41663/2, 63, 30)
(20832, 62, 29)
(41669/2, 63, 30)
(20836, 60, 28)
(41675/2, 60, 28)
(20839, 68, 33)
(41681/2, 68, 33)
(41683/2, 67, 32)
(41687/2, 63, 30)
(20844, 62, 29)
(41689/2, 63, 30)
(41693/2, 53, 24)
(41697/2, 62, 29)
(20849, 60, 28)
(41699/2, 62, 29)
(20850, 56, 26)
(41701/2, 57, 26)
(20851, 57, 26)
(41705/2, 60, 28)
(20853, 56, 26)
(41707/2, 60, 28)
(20854, 56, 26)
(41711/2, 67, 32)
(41711/2, 68, 33)
(83423/4, 60, 28)
(83425/4, 62, 29)
(41717/2, 60, 28)
(20859, 56, 26)
(41723/2, 60, 28)
(41733/2, 56, 26)
(20867, 55, 25)
(41735/2, 57, 26)
(20868, 60, 28)
(41737/2, 62, 29)
(41745/2, 60, 28)
(20873, 59, 27)
(41747/2, 58, 27)
(20874, 56, 26)
(20875, 56, 26)
(41751/2, 55, 25)
(20876, 55, 25)
(41757/2, 55, 25)
(20879, 55, 25)
(41763/2, 55, 25)
(20882, 55, 25)
(41765/2, 55, 25)
(41769/2, 67, 32)
(41775/2, 53, 24)
(20888, 53, 24)
(41777/2, 51, 23)
(20889, 51, 23)
(41779/2, 51, 23)
(41781/2, 50, 22)
(20891, 50, 22)
(41783/2, 50, 22)
(41785/2, 48, 21)
(125357/6, 48, 21)
(125359/6, 48, 21)
(41799/2, 48, 21)
(41805/2, 48, 21)
(41811/2, 48, 21)
(30000, 43, 18)
(30003, 48, 21)
(60007/2, 50, 22)
(30004, 51, 23)
(60009/2, 50, 22)
(30005, 48, 21)
(60011/2, 43, 18)
(30006, 48, 21)
(60013/2, 50, 22)
(30007, 51, 23)
(60015/2, 50, 22)
(30008, 43, 18)
(30009, 48, 21)
(60019/2, 50, 22)
(30010, 50, 22)
(30012, 48, 21)
(60025/2, 50, 22)
(30013, 51, 23)
(60027/2, 50, 22)
(30014, 48, 21)
(60029/2, 43, 18)
(30015, 36, 14)
(60053/2, 43, 18)
(30027, 48, 21)
(60055/2, 50, 22)
(30028, 51, 23)
(60057/2, 50, 22)
(30029, 48, 21)
(60059/2, 43, 18)
(30030, 48, 21)
(60061/2, 50, 22)
(30031, 51, 23)
(60063/2, 50, 22)
(30032, 43, 18)
(30033, 48, 21)
(60067/2, 50, 22)
(30034, 51, 23)
(60069/2, 50, 22)
(30035, 43, 18)
(30036, 50, 22)
(30036, 60, 28)
(30037, 50, 22)
(60075/2, 48, 21)
(30038, 43, 18)
(30039, 36, 14)
(30043, 39, 16)
(60087/2, 41, 17)
(30044, 39, 16)
(60089/2, 41, 17)
(30045, 43, 18)
(60091/2, 41, 17)
(30046, 43, 18)
(60093/2, 43, 18)
(30048, 43, 18)
(60097/2, 44, 19)
(30049, 43, 18)
(60099/2, 36, 14)
(30051, 43, 18)
(30054, 48, 21)
(60111/2, 36, 14)
(30057, 48, 21)
(60117/2, 36, 14)
(30061, 36, 14)
(30063, 48, 21)
(60131/2, 58, 27)
(30066, 56, 26)
(60133/2, 58, 27)
(30067, 56, 26)
(60135/2, 55, 25)
(30068, 56, 26)
(30069, 53, 24)
(60139/2, 55, 25)
(30070, 53, 24)
(30072, 48, 21)
(30075, 50, 22)
(120307/4, 38, 15)
(30078, 50, 22)
(60159/2, 50, 22)
(60161/2, 38, 15)
(30081, 50, 22)
(60165/2, 38, 15)
(30084, 50, 22)
(30087, 58, 27)
(60175/2, 60, 28)
(30088, 58, 27)
(60177/2, 57, 26)
(30089, 58, 27)
(30090, 55, 25)
(60181/2, 55, 25)
(60181/2, 56, 26)
(30091, 48, 21)
(30093, 50, 22)
(60189/2, 51, 23)
(30096, 43, 18)
(30097, 43, 18)
(30099, 43, 18)
(30102, 38, 15)
(30105, 38, 15)
(60213/2, 43, 18)
(30110, 43, 18)
(30111, 43, 18)
(60225/2, 48, 21)
(30114, 38, 15)
(30117, 38, 15)
(30120, 38, 15)
(60251/2, 51, 23)
(60251/2, 55, 25)
(30126, 54, 24)
(60257/2, 48, 21)
(30129, 50, 22)
(30130, 54, 24)
(30132, 53, 24)
(30133, 45, 18)
(30134, 48, 21)
(30135, 48, 21)
(30137, 43, 18)
(30138, 43, 18)
(30139, 48, 21)
(30140, 41, 17)
(30141, 41, 17)
(30144, 43, 18)
(30145, 48, 21)
(60291/2, 48, 21)
(60297/2, 41, 17)
(60299/2, 43, 18)
(30150, 43, 18)
(30151, 43, 18)
(30153, 43, 18)
(60311/2, 43, 18)
(30156, 43, 18)
(60313/2, 43, 18)
(30157, 43, 18)
(60315/2, 43, 18)
(30158, 43, 18)
(60317/2, 43, 18)
(30159, 43, 18)
(60323/2, 55, 25)
(30162, 60, 28)
(60325/2, 60, 28)
(30163, 58, 27)
(60327/2, 60, 28)
(30164, 58, 27)
(30165, 63, 30)
(60331/2, 65, 31)
(30166, 63, 30)
(60333/2, 62, 29)
(30167, 63, 30)
(60335/2, 62, 29)
(30168, 67, 32)
(60337/2, 69, 33)
(30169, 67, 32)
(60339/2, 63, 30)
(60339/2, 67, 32)
(60341/2, 41, 17)
(30171, 46, 20)
(60343/2, 48, 21)
(30172, 46, 20)
(60345/2, 44, 19)
(30173, 46, 20)
(60347/2, 44, 19)
(30174, 43, 18)
(30177, 47, 20)
(60357/2, 48, 21)
(30180, 50, 22)
(60363/2, 51, 23)
(30183, 52, 23)
(60369/2, 53, 24)
(30186, 41, 17)
(60375/2, 43, 18)
(60377/2, 48, 21)
(30189, 41, 17)
(60381/2, 43, 18)
(60383/2, 48, 21)
(30192, 44, 19)
(60387/2, 43, 18)
(30195, 48, 21)
(30198, 47, 20)
(60401/2, 47, 20)
(30201, 47, 20)
(60405/2, 48, 21)
(30204, 49, 22)
(60411/2, 38, 15)
(30207, 39, 16)
(60417/2, 40, 16)
(30210, 43, 18)
(120845/4, 48, 21)
(30213, 41, 17)
(60429/2, 43, 18)
(60431/2, 48, 21)
(30216, 44, 19)
(60435/2, 43, 18)
(30219, 48, 21)
(60443/2, 43, 18)
(30222, 48, 21)
(60445/2, 50, 22)
(30223, 51, 23)
(60447/2, 50, 22)
(30224, 48, 21)
(60449/2, 43, 18)
(30225, 48, 21)
(60451/2, 50, 22)
(30226, 51, 23)
(60453/2, 50, 22)
(30227, 48, 21)
(60455/2, 43, 18)
(30228, 48, 21)
(60457/2, 55, 25)
(30229, 51, 23)
(60459/2, 43, 18)
(30230, 39, 16)
(30231, 36, 14)
(30299, 57, 26)
(60599/2, 62, 29)
(30300, 58, 27)
(30302, 58, 27)
(30303, 57, 26)
(30305, 54, 24)
(60611/2, 57, 26)
(30306, 55, 25)
(60613/2, 54, 24)
(30307, 55, 25)
(60615/2, 52, 23)
(30308, 54, 24)
(60617/2, 55, 25)
(30309, 54, 24)
(60619/2, 52, 23)
(30310, 54, 24)
(60621/2, 50, 22)
(30311, 45, 19)
(60623/2, 50, 22)
(30312, 46, 20)
(30314, 43, 18)
(60629/2, 46, 20)
(30315, 45, 19)
(30317, 42, 17)
(60635/2, 45, 19)
(30318, 43, 18)
(60637/2, 41, 17)
(30319, 43, 18)
(60639/2, 40, 16)
(30320, 41, 17)
(60641/2, 43, 18)
(30321, 42, 17)
(60643/2, 40, 16)
(30322, 42, 17)
(60645/2, 38, 15)
(60651/2, 43, 18)
(30327, 42, 17)
(60655/2, 40, 16)
(30328, 42, 17)
(60657/2, 38, 15)
(60663/2, 43, 18)
(60663/2, 43, 18)
(30333, 42, 17)
(30336, 42, 17)
(60675/2, 51, 23)
(30339, 42, 17)
(60685/2, 54, 24)
(30343, 56, 26)
(60687/2, 50, 22)
(30344, 45, 19)
(30348, 38, 15)
(30348, 41, 17)
(30351, 38, 15)
(60713/2, 38, 15)
(30357, 43, 18)
(60715/2, 44, 19)
(30358, 46, 20)
(60717/2, 44, 19)
(30359, 43, 18)
(60719/2, 38, 15)
(30360, 45, 19)
(60721/2, 46, 20)
(30361, 45, 19)
(60723/2, 43, 18)
(30363, 45, 19)
(60727/2, 46, 20)
(30364, 48, 21)
(60729/2, 46, 20)
(30365, 45, 19)
(60731/2, 38, 15)
(30366, 45, 19)
(60733/2, 46, 20)
(30367, 48, 21)
(60735/2, 46, 20)
(30368, 45, 19)
(60737/2, 38, 15)
(30369, 46, 20)
(60739/2, 48, 21)
(30370, 50, 22)
(60741/2, 48, 21)
(30371, 46, 20)
(60743/2, 43, 18)
(30372, 46, 20)
(30372, 50, 22)
(60747/2, 46, 20)
(60747/2, 50, 22)
(30375, 46, 20)
(30375, 51, 23)
(30378, 46, 20)
(30378, 50, 22)
(60759/2, 46, 20)
(60759/2, 50, 22)
(30381, 46, 20)
(30381, 51, 23)
(30382, 46, 20)
(60767/2, 43, 18)
(30384, 49, 21)
(60769/2, 50, 22)
(30385, 52, 23)
(121543/4, 43, 18)
(30387, 49, 21)
(60779/2, 51, 23)
(30390, 49, 21)
(60781/2, 50, 22)
(30391, 52, 23)
(60783/2, 50, 22)
(30392, 49, 21)
(60785/2, 43, 18)
(30393, 50, 22)
(60787/2, 51, 23)
(30394, 50, 22)
(60789/2, 48, 21)
(30395, 44, 19)
(60791/2, 38, 15)
(30396, 50, 22)
(121591/4, 46, 20)
(60799/2, 43, 18)
(30402, 42, 17)
(30403, 44, 19)
(30405, 48, 21)
(60813/2, 51, 23)
(30408, 50, 22)
(121639/4, 46, 20)
(30411, 45, 19)
(60825/2, 43, 18)
(30414, 42, 17)
(60831/2, 45, 19)
(30417, 48, 21)
(30422, 50, 22)
(30423, 46, 20)
(30423, 50, 22)
(30426, 46, 20)
(30426, 51, 23)
(60857/2, 46, 20)
(60857/2, 51, 23)
(30429, 46, 20)
(30429, 50, 22)
(60861/2, 46, 20)
(60861/2, 50, 22)
(30432, 46, 20)
(30432, 51, 23)
(30433, 46, 20)
(30434, 55, 25)
(30438, 55, 25)
(30447, 53, 24)
(30456, 52, 23)
(60917/2, 51, 23)
(30459, 51, 23)
(30462, 50, 22)
(30465, 48, 21)
(60933/2, 50, 22)
(30471, 54, 24)
(30474, 48, 21)
(60951/2, 50, 22)
(30477, 54, 24)
(30480, 48, 21)
(30482, 43, 18)
(30483, 43, 18)
(60969/2, 41, 17)
(30486, 41, 17)
(30488, 43, 18)
(30489, 43, 18)
(30490, 48, 21)
(60981/2, 48, 21)
(30492, 41, 17)
(60987/2, 41, 17)
(30495, 41, 17)
(30498, 41, 17)
(30504, 39, 16)
(61013/2, 39, 16)
(30507, 39, 16)
(30509, 39, 16)
(30510, 43, 18)
(122043/4, 46, 20)
(61023/2, 44, 19)
(30512, 43, 18)
(61025/2, 39, 16)
(30513, 39, 16)
(61031/2, 39, 16)
(30516, 39, 16)
(30526, 41, 17)
(30527, 41, 17)
(30534, 39, 16)
(30537, 43, 18)
(61077/2, 43, 18)
(61079/2, 43, 18)
(30540, 43, 18)
(30543, 43, 18)
(30546, 43, 18)
(61095/2, 43, 18)
(30561, 63, 30)
(61123/2, 62, 29)
(30564, 60, 28)
(61129/2, 60, 28)
(30565, 61, 29)
(30567, 62, 29)
(61135/2, 63, 30)
(30568, 65, 31)
(61137/2, 63, 30)
(30569, 62, 29)
(30570, 62, 29)
(61141/2, 63, 30)
(30571, 65, 31)
(61143/2, 63, 30)
(30573, 48, 21)
(61147/2, 50, 22)
(30574, 51, 23)
(61149/2, 50, 22)
(30575, 48, 21)
(30576, 48, 21)
(61153/2, 50, 22)
(30577, 50, 22)
(30579, 53, 24)
(61163/2, 43, 18)
(30582, 50, 22)
(61165/2, 51, 23)
(30583, 50, 22)
(61167/2, 43, 18)
(30585, 51, 23)
(30588, 39, 16)
(122355/4, 39, 16)
(30591, 44, 19)
(30594, 39, 16)
(61191/2, 39, 16)
(30598, 42, 17)
(30603, 41, 17)
(30609, 43, 18)
(30612, 44, 19)
(30615, 39, 16)
(30618, 44, 19)
(30621, 44, 19)
(61243/2, 46, 20)
(30622, 43, 18)
(61245/2, 44, 19)
(30623, 43, 18)
(30624, 42, 17)
(30629, 60, 28)
(61259/2, 62, 29)
(30630, 63, 30)
(91891/3, 57, 26)
(91892/3, 60, 28)
(30631, 54, 24)
(61263/2, 57, 26)
(61265/2, 51, 23)
(30633, 51, 23)
(30634, 53, 24)
(91903/3, 48, 21)
(91904/3, 51, 23)
(30635, 48, 21)
(61271/2, 44, 19)
(30636, 43, 18)
(61275/2, 44, 19)
(30639, 41, 17)
(61281/2, 43, 18)
(30704, 55, 25)
(61409/2, 60, 28)
(30705, 56, 26)
(30707, 53, 24)
(61415/2, 56, 26)
(30708, 55, 25)
(30710, 43, 18)
(30711, 53, 24)
(61423/2, 52, 23)
(30712, 53, 24)
(61425/2, 50, 22)
(30713, 52, 23)
(30714, 51, 23)
(61429/2, 50, 22)
(30715, 51, 23)
(61433/2, 51, 23)
(30717, 50, 22)
(61435/2, 50, 22)
(30718, 47, 20)
(30720, 48, 21)
(61441/2, 46, 20)
(61443/2, 44, 19)
(30722, 43, 18)
(30723, 51, 23)
(61447/2, 51, 23)
(30724, 51, 23)
(61449/2, 39, 16)
(30725, 39, 16)
(61451/2, 39, 16)
(30726, 44, 19)
(30728, 43, 18)
(61457/2, 39, 16)
(30729, 44, 19)
(61465/2, 48, 21)
(61471/2, 50, 22)
(30736, 53, 24)
(30738, 51, 23)
(30740, 53, 24)
(30741, 55, 25)
(30743, 39, 16)
(30744, 56, 26)
(30746, 41, 17)
(61497/2, 43, 18)
(30750, 50, 22)
(61501/2, 51, 23)
(30751, 50, 22)
(61503/2, 48, 21)
(30752, 43, 18)
(30755, 51, 23)
(61511/2, 53, 24)
(30759, 39, 16)
(61519/2, 39, 16)
(30760, 51, 23)
(30762, 41, 17)
(61531/2, 41, 17)
(30768, 43, 18)
(61541/2, 43, 18)
(30771, 43, 18)
(30774, 50, 22)
(61549/2, 51, 23)
(30779, 60, 28)
(30780, 60, 28)
(123135/4, 60, 28)
(123141/4, 43, 18)
(30786, 50, 22)
(123147/4, 51, 23)
(61575/2, 50, 22)
(30788, 48, 21)
(61577/2, 36, 14)
(30789, 41, 17)
(30792, 43, 18)
(30795, 43, 18)
(30798, 60, 28)
(30801, 39, 16)
(30804, 60, 28)
(30810, 48, 21)
(61621/2, 50, 22)
(61623/2, 50, 22)
(30812, 43, 18)
(30815, 60, 28)
(61631/2, 62, 29)
(30816, 63, 30)
(61643/2, 55, 25)
(30822, 60, 28)
(61645/2, 63, 30)
(30823, 62, 29)
(61647/2, 55, 25)
(30825, 60, 28)
(61655/2, 55, 25)
(30828, 60, 28)
(61657/2, 62, 29)
(30831, 60, 28)
(61663/2, 62, 29)
(30832, 44, 19)
(30832, 46, 20)
(30834, 60, 28)
(61669/2, 62, 29)
(30835, 63, 30)
(61671/2, 62, 29)
(30837, 63, 30)
(61675/2, 62, 29)
(30838, 68, 33)
(30840, 68, 33)
(61681/2, 67, 32)
(30841, 67, 32)
(61683/2, 65, 31)
(30842, 63, 30)
(30843, 65, 31)
(61687/2, 61, 29)
(30844, 63, 30)
(61689/2, 61, 29)
(30845, 60, 28)
(30846, 65, 31)
(61693/2, 63, 30)
(30847, 60, 28)
(30849, 62, 29)
(92548/3, 60, 28)
(92549/3, 59, 27)
(30850, 59, 27)
(30852, 60, 28)
(61705/2, 56, 26)
(61707/2, 60, 28)
(30854, 56, 26)
(30855, 55, 25)
(61711/2, 57, 26)
(30856, 60, 28)
(61713/2, 62, 29)
(30857, 63, 30)
(30858, 65, 31)
(61717/2, 61, 29)
(30859, 60, 28)
(123439/4, 58, 27)
(123441/4, 56, 26)
(30861, 56, 26)
(61725/2, 60, 28)
(30863, 56, 26)
(30864, 43, 18)
(61731/2, 60, 28)
(30866, 56, 26)
(30867, 57, 26)
(30868, 60, 28)
(61737/2, 63, 30)
(30870, 65, 31)
(61741/2, 64, 31)
(30873, 62, 29)
(61747/2, 60, 28)
(30874, 58, 27)
(61749/2, 58, 27)
(30877, 53, 24)
(30877, 55, 25)
(61755/2, 53, 24)
(30879, 53, 24)
(92638/3, 51, 23)
(92639/3, 51, 23)
(30885, 48, 21)
(61771/2, 48, 21)
(30886, 46, 20)
(61773/2, 46, 20)
(30887, 46, 20)
(30891, 56, 26)
(30892, 44, 19)
(30894, 43, 18)
(61797/2, 43, 18)
(30900, 36, 14)
(30903, 36, 14)
(30906, 36, 14)
