(0, 67, 32)
(1/2, 67, 32)
(3, 67, 32)
(7/2, 67, 32)
(6, 67, 32)
(13/2, 67, 32)
(7, 65, 31)
(15/2, 63, 30)
(8, 65, 31)
(17/2, 67, 32)
(9, 68, 33)
(19/2, 67, 32)
(12, 62, 29)
(25/2, 63, 30)
(13, 62, 29)
(27/2, 63, 30)
(14, 65, 31)
(29/2, 63, 30)
(15, 65, 31)
(31/2, 67, 32)
(16, 65, 31)
(33/2, 67, 32)
(17, 69, 33)
(35/2, 67, 32)
(18, 69, 33)
(37/2, 70, 34)
(19, 68, 33)
(39/2, 70, 34)
(20, 72, 35)
(41/2, 70, 34)
(21, 72, 35)
(43/2, 74, 36)
(47/2, 75, 37)
(24, 74, 36)
(49/2, 72, 35)
(27, 67, 32)
(55/2, 67, 32)
(30, 67, 32)
(61/2, 67, 32)
(31, 65, 31)
(63/2, 63, 30)
(32, 65, 31)
(65/2, 67, 32)
(33, 68, 33)
(67/2, 67, 32)
(35, 67, 32)
(36, 62, 29)
(73/2, 63, 30)
(37, 62, 29)
(75/2, 63, 30)
(38, 65, 31)
(77/2, 63, 30)
(39, 65, 31)
(79/2, 67, 32)
(40, 65, 31)
(81/2, 67, 32)
(41, 68, 33)
(83/2, 70, 34)
(42, 68, 33)
(85/2, 67, 32)
(43, 68, 33)
(87/2, 67, 32)
(44, 65, 31)
(89/2, 67, 32)
(45, 65, 31)
(91/2, 63, 30)
(46, 65, 31)
(93/2, 62, 29)
(47, 60, 28)
(97/2, 67, 32)
(49, 67, 32)
(103/2, 67, 32)
(52, 67, 32)
(109/2, 67, 32)
(55, 67, 32)
(111/2, 68, 33)
(56, 70, 34)
(113/2, 68, 33)
(57, 67, 32)
(115/2, 64, 30)
(58, 67, 32)
(121/2, 67, 32)
(61, 68, 33)
(123/2, 67, 32)
(62, 68, 33)
(125/2, 70, 34)
(63, 68, 33)
(127/2, 70, 34)
(64, 72, 35)
(129/2, 70, 34)
(65, 72, 35)
(131/2, 73, 36)
(66, 75, 37)
(133/2, 73, 36)
(67, 72, 35)
(135/2, 73, 36)
(68, 72, 35)
(137/2, 70, 34)
(69, 72, 35)
(139/2, 70, 34)
(70, 69, 33)
(145/2, 69, 33)
(73, 69, 33)
(151/2, 69, 33)
(76, 69, 33)
(153/2, 70, 34)
(77, 72, 35)
(155/2, 70, 34)
(78, 69, 33)
(157/2, 66, 31)
(79, 69, 33)
(163/2, 69, 33)
(82, 70, 34)
(165/2, 69, 33)
(83, 70, 34)
(167/2, 72, 35)
(84, 70, 34)
(169/2, 72, 35)
(85, 74, 36)
(171/2, 72, 35)
(86, 74, 36)
(173/2, 75, 37)
(87, 77, 38)
(175/2, 75, 37)
(88, 74, 36)
(177/2, 75, 37)
(89, 74, 36)
(179/2, 72, 35)
(90, 74, 36)
(181/2, 72, 35)
(91, 74, 36)
(187/2, 74, 36)
(94, 74, 36)
(189/2, 77, 38)
(95, 75, 37)
(191/2, 74, 36)
(96, 72, 35)
(193/2, 70, 34)
(97, 69, 33)
(199/2, 69, 33)
(100, 69, 33)
(201/2, 70, 34)
(101, 69, 33)
(203/2, 67, 32)
(102, 71, 34)
(205/2, 72, 35)
(103, 74, 36)
(211/2, 74, 36)
(106, 74, 36)
(213/2, 77, 38)
(107, 75, 37)
(215/2, 74, 36)
(108, 72, 35)
(217/2, 70, 34)
(109, 69, 33)
(223/2, 69, 33)
(112, 69, 33)
(229/2, 69, 33)
(115, 69, 33)
(241/2, 74, 36)
(121, 74, 36)
(122, 70, 34)
(245/2, 70, 34)
(247/2, 72, 35)
(124, 74, 36)
(124, 72, 35)
(249/2, 70, 34)
(125, 72, 35)
(251/2, 69, 33)
(253/2, 74, 36)
(127, 74, 36)
(128, 70, 34)
(257/2, 70, 34)
(259/2, 72, 35)
(130, 74, 36)
(130, 72, 35)
(261/2, 70, 34)
(131, 72, 35)
(263/2, 69, 33)
(265/2, 70, 34)
(133, 70, 34)
(134, 67, 32)
(269/2, 67, 32)
(271/2, 68, 33)
(136, 70, 34)
(136, 68, 33)
(273/2, 67, 32)
(137, 68, 33)
(275/2, 65, 31)
(277/2, 70, 34)
(139, 70, 34)
(140, 67, 32)
(281/2, 67, 32)
(283/2, 68, 33)
(142, 70, 34)
(142, 68, 33)
(285/2, 67, 32)
(143, 68, 33)
(287/2, 65, 31)
(289/2, 55, 25)
(289/2, 67, 32)
(145, 55, 25)
(145, 67, 32)
(295/2, 55, 25)
(295/2, 67, 32)
(148, 55, 25)
(148, 67, 32)
(301/2, 55, 25)
(301/2, 67, 32)
(151, 55, 25)
(151, 67, 32)
(303/2, 65, 31)
(152, 63, 30)
(305/2, 65, 31)
(153, 67, 32)
(307/2, 68, 33)
(154, 67, 32)
(313/2, 62, 29)
(157, 63, 30)
(315/2, 62, 29)
(158, 63, 30)
(317/2, 65, 31)
(159, 63, 30)
(319/2, 65, 31)
(160, 67, 32)
(321/2, 65, 31)
(161, 67, 32)
(323/2, 69, 33)
(162, 67, 32)
(325/2, 69, 33)
(163, 70, 34)
(327/2, 69, 33)
(164, 70, 34)
(329/2, 72, 35)
(165, 70, 34)
(331/2, 72, 35)
(166, 74, 36)
(337/2, 74, 36)
(169, 74, 36)
(343/2, 74, 36)
(172, 77, 38)
(347/2, 75, 37)
(175, 74, 36)
(353/2, 72, 35)
(178, 70, 34)
(359/2, 68, 33)
(361/2, 72, 35)
(181, 68, 33)
(365/2, 67, 32)
(367/2, 72, 35)
(184, 68, 33)
(371/2, 67, 32)
(373/2, 72, 35)
(187, 65, 31)
(377/2, 67, 32)
(190, 60, 28)
(381/2, 63, 30)
(191, 67, 32)
(383/2, 72, 35)
(192, 79, 39)
(385/2, 75, 37)
(193, 74, 36)
(391/2, 74, 36)
(196, 77, 38)
(395/2, 75, 37)
(199, 75, 37)
(401/2, 73, 36)
(202, 72, 35)
(407/2, 70, 34)
(409/2, 72, 35)
(205, 68, 33)
(413/2, 67, 32)
(415/2, 72, 35)
(208, 68, 33)
(419/2, 67, 32)
(421/2, 72, 35)
(211, 65, 31)
(425/2, 67, 32)
(214, 60, 28)
(433/2, 59, 27)
(217, 60, 28)
(439/2, 59, 27)
(220, 60, 28)
(445/2, 59, 27)
(223, 60, 28)
(447/2, 63, 30)
(224, 67, 32)
(449/2, 72, 35)
(225, 75, 37)
(451/2, 79, 39)
(226, 84, 42)
(252, 74, 36)
(505/2, 79, 39)
(253, 75, 37)
(255, 72, 35)
(511/2, 75, 37)
(256, 74, 36)
(258, 70, 34)
(517/2, 74, 36)
(259, 72, 35)
(519/2, 70, 34)
(260, 72, 35)
(521/2, 69, 33)
(261, 70, 34)
(523/2, 72, 35)
(262, 70, 34)
(525/2, 69, 33)
(263, 70, 34)
(527/2, 74, 36)
(531/2, 75, 37)
(266, 74, 36)
(533/2, 72, 35)
(537/2, 74, 36)
(269, 72, 35)
(539/2, 70, 34)
(270, 72, 35)
(541/2, 70, 34)
(271, 69, 33)
(543/2, 67, 32)
(272, 69, 33)
(545/2, 66, 31)
(273, 67, 32)
(547/2, 69, 33)
(274, 70, 34)
(549/2, 69, 33)
(275, 70, 34)
(551/2, 67, 32)
(276, 69, 33)
(553/2, 70, 34)
(277, 72, 35)
(555/2, 70, 34)
(278, 72, 35)
(557/2, 69, 33)
(279, 70, 34)
(559/2, 72, 35)
(280, 74, 36)
(561/2, 72, 35)
(281, 74, 36)
(563/2, 70, 34)
(282, 72, 35)
(565/2, 74, 36)
(283, 74, 36)
(283, 75, 37)
(283, 77, 38)
(283, 75, 37)
(286, 74, 36)
(286, 75, 37)
(286, 74, 36)
(288, 75, 37)
(577/2, 74, 36)
(289, 72, 35)
(579/2, 74, 36)
(290, 72, 35)
(581/2, 70, 34)
(291, 72, 35)
(583/2, 70, 34)
(292, 69, 33)
(585/2, 74, 36)
(293, 78, 38)
(587/2, 81, 40)
(294, 78, 38)
(589/2, 74, 36)
(295, 74, 36)
(591/2, 73, 35)
(296, 76, 37)
(593/2, 79, 39)
(297, 76, 37)
(595/2, 73, 35)
(298, 73, 35)
(597/2, 69, 33)
(299, 74, 36)
(599/2, 78, 38)
(300, 74, 36)
(601/2, 69, 33)
(301, 70, 34)
(304, 69, 33)
(304, 70, 34)
(304, 69, 33)
(609/2, 74, 36)
(305, 78, 38)
(611/2, 81, 40)
(306, 78, 38)
(613/2, 74, 36)
(307, 74, 36)
(615/2, 73, 35)
(308, 75, 37)
(617/2, 79, 39)
(309, 75, 37)
(619/2, 73, 35)
(310, 73, 35)
(621/2, 69, 33)
(311, 74, 36)
(623/2, 78, 38)
(312, 74, 36)
(625/2, 69, 33)
(313, 73, 35)
(316, 71, 34)
(316, 73, 35)
(316, 74, 36)
(633/2, 69, 33)
(317, 74, 36)
(635/2, 78, 38)
(318, 78, 38)
(637/2, 74, 36)
(319, 81, 40)
(645/2, 69, 33)
(323, 74, 36)
(647/2, 78, 38)
(324, 78, 38)
(649/2, 74, 36)
(325, 81, 40)
(657/2, 69, 33)
(329, 74, 36)
(659/2, 66, 31)
(663/2, 66, 31)
(332, 69, 33)
(665/2, 62, 29)
(669/2, 62, 29)
(335, 66, 31)
(671/2, 57, 26)
(679/2, 62, 29)
(340, 74, 36)
(685/2, 70, 34)
(343, 69, 33)
(689/2, 67, 32)
(346, 66, 31)
(695/2, 69, 33)
(349, 72, 35)
(701/2, 75, 37)
(352, 74, 36)
(709/2, 70, 34)
(355, 69, 33)
(713/2, 67, 32)
(358, 66, 31)
(719/2, 69, 33)
(361, 72, 35)
(725/2, 75, 37)
(364, 74, 36)
(733/2, 70, 34)
(733/2, 82, 41)
(367, 70, 34)
(367, 82, 41)
(737/2, 70, 34)
(737/2, 82, 41)
(370, 70, 34)
(370, 82, 41)
(745/2, 70, 34)
(745/2, 82, 41)
(373, 70, 34)
(373, 82, 41)
(749/2, 70, 34)
(749/2, 82, 41)
(376, 70, 34)
(376, 82, 41)
(757/2, 70, 34)
(379, 70, 34)
(388, 69, 33)
(781/2, 62, 29)
(391, 67, 32)
(783/2, 69, 33)
(392, 70, 34)
(785/2, 69, 33)
(393, 67, 32)
(787/2, 62, 29)
(394, 67, 32)
(789/2, 69, 33)
(395, 70, 34)
(791/2, 69, 33)
(396, 67, 32)
(793/2, 64, 30)
(397, 69, 33)
(795/2, 70, 34)
(398, 72, 35)
(797/2, 70, 34)
(399, 69, 33)
(799/2, 66, 31)
(400, 69, 33)
(801/2, 70, 34)
(401, 72, 35)
(803/2, 70, 34)
(402, 69, 33)
(805/2, 66, 31)
(403, 67, 32)
(807/2, 69, 33)
(404, 70, 34)
(809/2, 69, 33)
(405, 67, 32)
(811/2, 62, 29)
(406, 67, 32)
(813/2, 69, 33)
(407, 70, 34)
(815/2, 69, 33)
(408, 67, 32)
(817/2, 64, 30)
(409, 69, 33)
(819/2, 70, 34)
(410, 72, 35)
(821/2, 70, 34)
(411, 69, 33)
(823/2, 66, 31)
(412, 69, 33)
(825/2, 70, 34)
(413, 72, 35)
(827/2, 70, 34)
(414, 69, 33)
(829/2, 66, 31)
(415, 67, 32)
(831/2, 69, 33)
(416, 70, 34)
(833/2, 69, 33)
(417, 67, 32)
(835/2, 70, 34)
(835/2, 82, 41)
(418, 70, 34)
(418, 82, 41)
(839/2, 70, 34)
(839/2, 82, 41)
(421, 70, 34)
(421, 82, 41)
(847/2, 70, 34)
(847/2, 82, 41)
(424, 70, 34)
(424, 82, 41)
(851/2, 70, 34)
(851/2, 82, 41)
(427, 70, 34)
(427, 82, 41)
(859/2, 55, 25)
(430, 61, 28)
(861/2, 62, 29)
(431, 64, 30)
(863/2, 62, 29)
(432, 61, 28)
(865/2, 55, 25)
(433, 61, 28)
(867/2, 62, 29)
(434, 64, 30)
(869/2, 62, 29)
(435, 61, 28)
(871/2, 55, 25)
(436, 61, 28)
(873/2, 62, 29)
(437, 64, 30)
(875/2, 62, 29)
(438, 61, 28)
(877/2, 55, 25)
(439, 62, 29)
(879/2, 66, 31)
(440, 69, 33)
(881/2, 74, 36)
(883/2, 60, 28)
(442, 59, 27)
(885/2, 60, 28)
(443, 62, 29)
(887/2, 60, 28)
(444, 59, 27)
(889/2, 56, 26)
(445, 59, 27)
(891/2, 60, 28)
(446, 62, 29)
(893/2, 60, 28)
(447, 59, 27)
(895/2, 56, 26)
(448, 59, 27)
(897/2, 60, 28)
(449, 62, 29)
(899/2, 60, 28)
(450, 59, 27)
(901/2, 56, 26)
(451, 60, 28)
(903/2, 64, 30)
(452, 67, 32)
(905/2, 72, 35)
(907/2, 55, 25)
(454, 60, 28)
(909/2, 62, 29)
(455, 63, 30)
(911/2, 62, 29)
(456, 60, 28)
(913/2, 55, 25)
(457, 57, 26)
(915/2, 58, 27)
(458, 60, 28)
(917/2, 58, 27)
(459, 57, 26)
(919/2, 55, 25)
(460, 57, 26)
(921/2, 58, 27)
(461, 60, 28)
(923/2, 57, 26)
(462, 62, 29)
(925/2, 66, 31)
(463, 67, 32)
(927/2, 62, 29)
(464, 58, 27)
(929/2, 55, 25)
(931/2, 74, 36)
(466, 74, 36)
(467, 70, 34)
(935/2, 70, 34)
(937/2, 72, 35)
(469, 74, 36)
(469, 72, 35)
(939/2, 70, 34)
(470, 72, 35)
(941/2, 69, 33)
(943/2, 74, 36)
(472, 74, 36)
(473, 70, 34)
(947/2, 70, 34)
(949/2, 72, 35)
(475, 74, 36)
(475, 72, 35)
(951/2, 70, 34)
(476, 72, 35)
(953/2, 69, 33)
(955/2, 70, 34)
(478, 70, 34)
(479, 67, 32)
(959/2, 67, 32)
(961/2, 68, 33)
(481, 70, 34)
(481, 68, 33)
(963/2, 67, 32)
(482, 68, 33)
(965/2, 65, 31)
(967/2, 70, 34)
(484, 70, 34)
(485, 67, 32)
(971/2, 67, 32)
(973/2, 68, 33)
(487, 70, 34)
(487, 68, 33)
(975/2, 67, 32)
(488, 68, 33)
(977/2, 62, 29)
(979/2, 68, 33)
(490, 70, 34)
(490, 68, 33)
(981/2, 67, 32)
(491, 68, 33)
(983/2, 62, 29)
(985/2, 68, 33)
(493, 70, 34)
(493, 68, 33)
(987/2, 67, 32)
(494, 68, 33)
(989/2, 62, 29)
(991/2, 63, 30)
(496, 63, 30)
(997/2, 63, 30)
(499, 63, 30)
(1003/2, 63, 30)
(502, 63, 30)
(1005/2, 61, 29)
(503, 60, 28)
(1007/2, 61, 29)
(504, 63, 30)
(1009/2, 63, 30)
(505, 63, 30)
(1015/2, 63, 30)
(508, 63, 30)
(1021/2, 63, 30)
(511, 63, 30)
(1027/2, 63, 30)
(514, 63, 30)
(1029/2, 61, 29)
(515, 60, 28)
(1031/2, 61, 29)
(516, 63, 30)
(1033/2, 63, 30)
(517, 64, 30)
(1039/2, 64, 30)
(520, 65, 31)
(1045/2, 65, 31)
(523, 65, 31)
(1051/2, 65, 31)
(526, 65, 31)
(1053/2, 63, 30)
(527, 62, 29)
(1055/2, 63, 30)
(528, 65, 31)
(1057/2, 65, 31)
(529, 66, 31)
(1063/2, 66, 31)
(532, 55, 25)
(532, 67, 32)
(1069/2, 55, 25)
(1069/2, 67, 32)
(535, 55, 25)
(535, 67, 32)
(1075/2, 55, 25)
(1075/2, 67, 32)
(538, 55, 25)
(538, 67, 32)
(1077/2, 55, 25)
(1077/2, 65, 31)
(539, 55, 25)
(539, 63, 30)
(1079/2, 55, 25)
(1079/2, 65, 31)
(540, 55, 25)
(540, 67, 32)
(1081/2, 55, 25)
(1081/2, 68, 33)
(541, 55, 25)
(541, 67, 32)
(1087/2, 67, 32)
(544, 63, 30)
(1089/2, 62, 29)
(545, 63, 30)
(1091/2, 65, 31)
(546, 63, 30)
(1093/2, 65, 31)
(547, 67, 32)
(1095/2, 65, 31)
(548, 67, 32)
(1097/2, 69, 33)
(549, 67, 32)
(1099/2, 69, 33)
(550, 70, 34)
(1101/2, 69, 33)
(551, 70, 34)
(1103/2, 72, 35)
(552, 70, 34)
(1105/2, 72, 35)
(553, 74, 36)
(1111/2, 67, 32)
(556, 79, 39)
(1117/2, 75, 37)
(559, 74, 36)
(1121/2, 72, 35)
(562, 71, 34)
(1127/2, 74, 36)
(565, 77, 38)
(1133/2, 80, 40)
(568, 79, 39)
(1141/2, 75, 37)
(571, 74, 36)
(1145/2, 72, 35)
(574, 71, 34)
(1151/2, 74, 36)
(577, 77, 38)
(1157/2, 80, 40)
(580, 79, 39)
(1165/2, 87, 44)
(583, 87, 44)
(1169/2, 87, 44)
(586, 87, 44)
(1177/2, 87, 44)
(589, 87, 44)
(1181/2, 87, 44)
(592, 87, 44)
(1189/2, 87, 44)
(595, 87, 44)
(1191/2, 81, 40)
(596, 84, 42)
(1193/2, 78, 38)
(597, 81, 40)
(1195/2, 75, 37)
(598, 78, 38)
(1197/2, 72, 35)
(599, 75, 37)
(1199/2, 69, 33)
(600, 72, 35)
(1201/2, 66, 31)
(601, 69, 33)
(1203/2, 63, 30)
(602, 66, 31)
(1205/2, 60, 28)
(603, 63, 30)
(1207/2, 60, 28)
(604, 55, 25)
(1211/2, 55, 25)
(1211/2, 62, 29)
(1211/2, 70, 34)
(1211/2, 79, 39)
(607, 87, 44)
(1219/2, 87, 44)
(610, 87, 44)
(1225/2, 87, 44)
(613, 87, 44)
(1231/2, 87, 44)
(616, 87, 44)
(1235/2, 87, 44)
(619, 87, 44)
(1239/2, 81, 40)
(620, 84, 42)
(1241/2, 78, 38)
(621, 81, 40)
(1243/2, 75, 37)
(622, 78, 38)
(1245/2, 72, 35)
(623, 75, 37)
(1247/2, 69, 33)
(624, 72, 35)
(1249/2, 66, 31)
(625, 75, 37)
(1251/2, 69, 33)
(626, 72, 35)
(1253/2, 66, 31)
(627, 69, 33)
(1255/2, 63, 30)
(628, 66, 31)
(1257/2, 60, 28)
(629, 63, 30)
(1259/2, 57, 26)
(630, 60, 28)
(1261/2, 56, 26)
(631, 55, 25)
(1265/2, 63, 30)
(1265/2, 75, 37)
(634, 62, 29)
(634, 74, 36)
(1271/2, 55, 25)
(1271/2, 62, 29)
(1271/2, 71, 34)
(1271/2, 79, 39)
(637, 55, 25)
(637, 63, 30)
(637, 72, 35)
(663, 74, 36)
(1327/2, 79, 39)
(664, 75, 37)
(666, 72, 35)
(1333/2, 75, 37)
(667, 74, 36)
(669, 71, 34)
(1339/2, 74, 36)
(670, 72, 35)
(1341/2, 71, 34)
(671, 72, 35)
(1343/2, 69, 33)
(672, 71, 34)
(1345/2, 72, 35)
(673, 71, 34)
(1347/2, 69, 33)
(674, 71, 34)
(1349/2, 67, 32)
(675, 68, 33)
(1351/2, 70, 34)
(676, 68, 33)
(1353/2, 67, 32)
(677, 68, 33)
(1355/2, 64, 30)
(678, 65, 31)
(1357/2, 67, 32)
(679, 65, 31)
(1359/2, 64, 30)
(680, 65, 31)
(1361/2, 69, 33)
(681, 70, 34)
(1363/2, 72, 35)
(682, 70, 34)
(1365/2, 69, 33)
(683, 70, 34)
(1367/2, 66, 31)
(684, 67, 32)
(1369/2, 69, 33)
(685, 67, 32)
(1371/2, 66, 31)
(686, 67, 32)
(1373/2, 74, 36)
(687, 75, 37)
(1375/2, 78, 38)
(688, 75, 37)
(1377/2, 74, 36)
(689, 75, 37)
(1379/2, 72, 35)
(690, 73, 36)
(1381/2, 75, 37)
(691, 73, 36)
(1383/2, 72, 35)
(692, 73, 36)
(1385/2, 72, 35)
(693, 73, 36)
(1387/2, 75, 37)
(694, 73, 36)
(1389/2, 72, 35)
(695, 73, 36)
(1391/2, 71, 34)
(696, 72, 35)
(1393/2, 74, 36)
(697, 72, 35)
(1395/2, 71, 34)
(698, 72, 35)
(1397/2, 67, 32)
(1403/2, 72, 35)
(703, 71, 34)
(1409/2, 70, 34)
(706, 69, 33)
(1415/2, 68, 33)
(709, 67, 32)
(711, 67, 32)
(1423/2, 72, 35)
(712, 69, 33)
(714, 65, 31)
(1429/2, 68, 33)
(715, 67, 32)
(717, 63, 30)
(1435/2, 68, 33)
(718, 65, 31)
(1437/2, 63, 30)
(719, 65, 31)
(1439/2, 67, 32)
(720, 65, 31)
(1441/2, 67, 32)
(721, 68, 33)
(1443/2, 63, 30)
(722, 60, 28)
(1445/2, 61, 29)
(723, 60, 28)
(1447/2, 58, 27)
(724, 60, 28)
(1449/2, 58, 27)
(725, 60, 28)
(1451/2, 65, 31)
(726, 63, 30)
(1453/2, 61, 29)
(727, 63, 30)
(1455/2, 62, 29)
(728, 63, 30)
(1457/2, 66, 32)
(729, 65, 31)
(1459/2, 63, 30)
(730, 65, 31)
(1461/2, 63, 30)
(731, 65, 31)
(1463/2, 68, 33)
(732, 67, 32)
(1465/2, 65, 31)
(733, 67, 32)
(1467/2, 65, 31)
(734, 67, 32)
(1469/2, 71, 35)
(735, 70, 34)
(1471/2, 68, 33)
(736, 70, 34)
(1473/2, 68, 33)
(737, 70, 34)
(1475/2, 73, 36)
(738, 72, 35)
(1477/2, 70, 34)
(739, 72, 35)
(1479/2, 71, 34)
(740, 72, 35)
(1481/2, 75, 37)
(741, 74, 36)
(1483/2, 72, 35)
(742, 77, 38)
(1485/2, 74, 36)
(743, 71, 34)
(1487/2, 67, 32)
(744, 65, 31)
(1489/2, 62, 29)
(745, 63, 30)
(1495/2, 67, 32)
(748, 67, 32)
(1499/2, 67, 32)
(751, 67, 32)
(1507/2, 67, 32)
(754, 67, 32)
(1511/2, 67, 32)
(757, 67, 32)
(1519/2, 67, 32)
(760, 65, 31)
(1523/2, 65, 31)
(763, 63, 30)
(1531/2, 63, 30)
(766, 62, 29)
(1535/2, 62, 29)
(769, 60, 28)
(1543/2, 67, 32)
(772, 67, 32)
(1547/2, 67, 32)
(775, 67, 32)
(1555/2, 67, 32)
(778, 67, 32)
(1559/2, 67, 32)
(781, 67, 32)
(1567/2, 67, 32)
(784, 65, 31)
(1571/2, 65, 31)
(787, 63, 30)
(1579/2, 63, 30)
(790, 62, 29)
(1583/2, 62, 29)
(793, 60, 28)
(1597/2, 67, 32)
(799, 72, 35)
(1599/2, 74, 36)
(800, 75, 37)
(1601/2, 74, 36)
(801, 72, 35)
(1603/2, 67, 32)
(802, 63, 30)
(1605/2, 67, 32)
(803, 72, 35)
(1607/2, 74, 36)
(804, 75, 37)
(1609/2, 79, 39)
(805, 75, 37)
(1611/2, 74, 36)
(806, 72, 35)
(1613/2, 67, 32)
(1621/2, 67, 32)
(811, 72, 35)
(1623/2, 74, 36)
(812, 75, 37)
(1625/2, 79, 39)
(813, 84, 42)
(1627/2, 79, 39)
(814, 75, 37)
(1629/2, 79, 39)
(815, 84, 42)
(1631/2, 86, 43)
(816, 87, 44)
(1633/2, 91, 46)
(817, 87, 44)
(1635/2, 86, 43)
(818, 84, 42)
(1637/2, 79, 39)
(1639/2, 72, 35)
(820, 67, 32)
(1641/2, 65, 31)
(821, 63, 30)
(1643/2, 65, 31)
(822, 67, 32)
(1645/2, 72, 35)
(823, 67, 32)
(1651/2, 72, 35)
(826, 67, 32)
(1653/2, 65, 31)
(827, 63, 30)
(1655/2, 65, 31)
(828, 67, 32)
(1657/2, 72, 35)
(829, 67, 32)
(1659/2, 65, 31)
(830, 63, 30)
(1661/2, 65, 31)
(831, 63, 30)
(1663/2, 62, 29)
(832, 63, 30)
(1665/2, 62, 29)
(833, 63, 30)
(1667/2, 65, 31)
(834, 67, 32)
(1669/2, 68, 33)
(835, 68, 33)
(1671/2, 67, 32)
(836, 66, 31)
(1673/2, 67, 32)
(837, 65, 31)
(1675/2, 64, 30)
(838, 65, 31)
(1677/2, 63, 30)
(839, 62, 29)
(1679/2, 63, 30)
(840, 62, 29)
(1681/2, 60, 28)
(841, 65, 31)
(1683/2, 63, 30)
(842, 62, 29)
(1685/2, 63, 30)
(843, 62, 29)
(1687/2, 60, 28)
(844, 62, 29)
(1689/2, 60, 28)
(845, 59, 27)
(1691/2, 58, 27)
(846, 57, 26)
(1693/2, 56, 26)
(847, 55, 25)
(1695/2, 60, 28)
(848, 56, 26)
(1697/2, 55, 25)
(849, 60, 28)
(1699/2, 56, 26)
(850, 55, 25)
(1701/2, 57, 26)
(851, 59, 27)
(1703/2, 60, 28)
(852, 62, 29)
(1705/2, 63, 30)
(853, 65, 31)
(1707/2, 63, 30)
(854, 62, 29)
(1709/2, 60, 28)
(855, 58, 27)
(1711/2, 56, 26)
(856, 55, 25)
(1713/2, 60, 28)
(857, 56, 26)
(1715/2, 55, 25)
(858, 60, 28)
(1717/2, 56, 26)
(859, 55, 25)
(1719/2, 60, 28)
(860, 56, 26)
(1721/2, 55, 25)
(861, 60, 28)
(1723/2, 56, 26)
(862, 55, 25)
(1725/2, 57, 26)
(863, 59, 27)
(1727/2, 60, 28)
(864, 62, 29)
(1729/2, 63, 30)
(865, 65, 31)
(1731/2, 67, 32)
(866, 68, 33)
(1733/2, 67, 32)
(867, 65, 31)
(1735/2, 63, 30)
(868, 62, 29)
(1737/2, 60, 28)
(869, 59, 27)
(1739/2, 58, 27)
(870, 57, 26)
(1741/2, 56, 26)
(871, 55, 25)
(1743/2, 55, 25)
(872, 55, 25)
(1745/2, 55, 25)
(873, 55, 25)
(1747/2, 55, 25)
(874, 55, 25)
(1749/2, 55, 25)
(875, 55, 25)
(1751/2, 56, 26)
(876, 56, 26)
(1753/2, 56, 26)
(877, 57, 26)
(1755/2, 57, 26)
(878, 57, 26)
(1757/2, 59, 27)
(879, 59, 27)
(1759/2, 59, 27)
(880, 60, 28)
(1761/2, 60, 28)
(881, 60, 28)
(1763/2, 61, 29)
(882, 61, 29)
(1765/2, 61, 29)
(883, 60, 28)
(1767/2, 62, 29)
(884, 63, 30)
(1769/2, 60, 28)
(885, 62, 29)
(1771/2, 63, 30)
(886, 60, 28)
(1773/2, 62, 29)
(887, 63, 30)
(1775/2, 60, 28)
(888, 62, 29)
(1777/2, 63, 30)
(889, 60, 28)
(1779/2, 62, 29)
(890, 63, 30)
(1781/2, 62, 29)
(891, 60, 28)
(1783/2, 55, 25)
(892, 67, 32)
(1787/2, 59, 27)
(895, 60, 28)
(898, 60, 28)
(901, 60, 28)
(10000, 62, 29)
(20001/2, 63, 30)
(10003, 62, 29)
(20007/2, 63, 30)
(10006, 62, 29)
(20013/2, 63, 30)
(10007, 62, 29)
(20015/2, 60, 28)
(10008, 62, 29)
(20017/2, 63, 30)
(10009, 65, 31)
(20019/2, 63, 30)
(10012, 59, 27)
(20025/2, 60, 28)
(10013, 59, 27)
(20027/2, 60, 28)
(10014, 62, 29)
(20029/2, 60, 28)
(10015, 62, 29)
(20031/2, 63, 30)
(20033/2, 67, 32)
(10017, 66, 31)
(20035/2, 67, 32)
(10018, 66, 31)
(20037/2, 67, 32)
(10019, 66, 31)
(20039/2, 67, 32)
(10020, 69, 33)
(20041/2, 67, 32)
(10021, 69, 33)
(20043/2, 70, 34)
(10023, 71, 34)
(20049/2, 72, 35)
(10027, 62, 29)
(20055/2, 63, 30)
(10030, 62, 29)
(20061/2, 63, 30)
(10031, 62, 29)
(20063/2, 60, 28)
(10032, 62, 29)
(20065/2, 63, 30)
(10033, 65, 31)
(20067/2, 63, 30)
(10036, 59, 27)
(20073/2, 60, 28)
(10037, 59, 27)
(20075/2, 60, 28)
(10038, 62, 29)
(20077/2, 60, 28)
(10039, 62, 29)
(20079/2, 63, 30)
(10040, 62, 29)
(20081/2, 67, 32)
(10041, 65, 31)
(20083/2, 67, 32)
(10042, 65, 31)
(20085/2, 63, 30)
(10043, 65, 31)
(20087/2, 63, 30)
(10044, 62, 29)
(20089/2, 63, 30)
(10045, 62, 29)
(20091/2, 60, 28)
(10046, 62, 29)
(20093/2, 59, 27)
(10047, 60, 28)
(20097/2, 64, 30)
(10049, 64, 30)
(20103/2, 64, 30)
(10052, 64, 30)
(20109/2, 64, 30)
(10055, 64, 30)
(10058, 64, 30)
(10061, 65, 31)
(20123/2, 63, 30)
(10062, 65, 31)
(20125/2, 67, 32)
(10063, 65, 31)
(20127/2, 67, 32)
(10064, 68, 33)
(20129/2, 67, 32)
(10065, 68, 33)
(20131/2, 70, 34)
(10066, 72, 35)
(20133/2, 70, 34)
(10067, 68, 33)
(20135/2, 70, 34)
(10068, 68, 33)
(20137/2, 67, 32)
(10070, 66, 31)
(20145/2, 66, 31)
(10073, 66, 31)
(20151/2, 66, 31)
(10076, 66, 31)
(10082, 67, 32)
(20165/2, 66, 31)
(10083, 67, 32)
(20167/2, 69, 33)
(10084, 67, 32)
(20169/2, 69, 33)
(10085, 70, 34)
(20171/2, 69, 33)
(10086, 70, 34)
(20173/2, 72, 35)
(10087, 74, 36)
(20175/2, 72, 35)
(10088, 70, 34)
(20177/2, 72, 35)
(10089, 70, 34)
(20179/2, 69, 33)
(10090, 70, 34)
(20181/2, 69, 33)
(10091, 71, 34)
(20187/2, 71, 34)
(10094, 71, 34)
(10096, 72, 35)
(20193/2, 67, 32)
(10097, 66, 31)
(20199/2, 66, 31)
(10100, 66, 31)
(20203/2, 67, 32)
(10102, 67, 32)
(20205/2, 67, 32)
(10103, 71, 34)
(20211/2, 71, 34)
(10106, 71, 34)
(10108, 72, 35)
(20217/2, 67, 32)
(10109, 66, 31)
(20223/2, 66, 31)
(10112, 66, 31)
(20229/2, 66, 31)
(10115, 66, 31)
(20241/2, 69, 33)
(10121, 69, 33)
(10122, 67, 32)
(20245/2, 67, 32)
(20247/2, 69, 33)
(10124, 70, 34)
(10124, 69, 33)
(20249/2, 67, 32)
(10125, 69, 33)
(20251/2, 66, 31)
(20253/2, 69, 33)
(10127, 69, 33)
(10128, 67, 32)
(20257/2, 67, 32)
(20259/2, 69, 33)
(10130, 70, 34)
(10130, 69, 33)
(20261/2, 67, 32)
(10131, 69, 33)
(20263/2, 66, 31)
(20265/2, 69, 33)
(10133, 67, 32)
(10134, 63, 30)
(20269/2, 63, 30)
(20271/2, 65, 31)
(10136, 67, 32)
(10136, 65, 31)
(20273/2, 63, 30)
(10137, 65, 31)
(20275/2, 62, 29)
(20277/2, 67, 32)
(10139, 67, 32)
(10140, 63, 30)
(20281/2, 63, 30)
(20283/2, 65, 31)
(10142, 67, 32)
(10142, 65, 31)
(20285/2, 63, 30)
(10143, 65, 31)
(20287/2, 62, 29)
(20289/2, 60, 28)
(20289/2, 63, 30)
(10145, 60, 28)
(10145, 63, 30)
(20295/2, 60, 28)
(20295/2, 63, 30)
(10148, 60, 28)
(10148, 63, 30)
(20301/2, 60, 28)
(20301/2, 63, 30)
(10151, 60, 28)
(10151, 63, 30)
(20303/2, 62, 29)
(10152, 60, 28)
(20305/2, 62, 29)
(10153, 63, 30)
(20307/2, 65, 31)
(10154, 63, 30)
(20313/2, 59, 27)
(10157, 60, 28)
(20315/2, 59, 27)
(10158, 60, 28)
(20317/2, 62, 29)
(10159, 60, 28)
(20319/2, 62, 29)
(10160, 63, 30)
(10161, 67, 32)
(20323/2, 66, 31)
(10162, 67, 32)
(20325/2, 66, 31)
(10163, 67, 32)
(20327/2, 66, 31)
(10164, 67, 32)
(20329/2, 69, 33)
(10165, 67, 32)
(20331/2, 69, 33)
(10166, 70, 34)
(20337/2, 70, 34)
(10169, 71, 34)
(20343/2, 71, 34)
(10172, 74, 36)
(20347/2, 72, 35)
(10175, 71, 34)
(20353/2, 67, 32)
(10178, 67, 32)
(20359/2, 65, 31)
(20361/2, 68, 33)
(10181, 65, 31)
(20365/2, 63, 30)
(20367/2, 60, 28)
(10184, 65, 31)
(20371/2, 63, 30)
(20373/2, 63, 30)
(10187, 62, 29)
(20377/2, 62, 29)
(10190, 60, 28)
(10193, 68, 33)
(20391/2, 68, 33)
(10196, 74, 36)
(20395/2, 72, 35)
(10199, 72, 35)
(20401/2, 70, 34)
(10202, 68, 33)
(20407/2, 67, 32)
(20409/2, 67, 32)
(10205, 65, 31)
(20413/2, 63, 30)
(20415/2, 60, 28)
(10208, 65, 31)
(20419/2, 63, 30)
(20421/2, 63, 30)
(10211, 62, 29)
(20425/2, 62, 29)
(10214, 60, 28)
(20433/2, 55, 25)
(10217, 55, 25)
(20439/2, 55, 25)
(10220, 55, 25)
(20445/2, 55, 25)
(10223, 55, 25)
(20447/2, 60, 28)
(10224, 63, 30)
(20449/2, 67, 32)
(10225, 72, 35)
(20451/2, 75, 37)
(10226, 79, 39)
(10240, 67, 32)
(20481/2, 72, 35)
(10241, 68, 33)
(10243, 65, 31)
(20487/2, 68, 33)
(10244, 67, 32)
(10246, 63, 30)
(20493/2, 67, 32)
(10247, 65, 31)
(20495/2, 63, 30)
(10248, 65, 31)
(20497/2, 62, 29)
(10249, 63, 30)
(20499/2, 65, 31)
(10250, 63, 30)
(20501/2, 62, 29)
(10251, 63, 30)
(20503/2, 60, 28)
(10252, 62, 29)
(20505/2, 59, 27)
(10253, 60, 28)
(20507/2, 60, 28)
(10254, 63, 30)
(20509/2, 67, 32)
(10256, 58, 27)
(20513/2, 58, 27)
(10257, 62, 29)
(20515/2, 67, 32)
(20519/2, 69, 33)
(10260, 67, 32)
(20521/2, 66, 31)
(10261, 67, 32)
(20523/2, 69, 33)
(10262, 67, 32)
(20525/2, 66, 31)
(10263, 67, 32)
(20527/2, 62, 29)
(10264, 58, 27)
(20529/2, 55, 25)
(10265, 60, 28)
(10266, 58, 27)
(20533/2, 57, 26)
(10267, 55, 25)
(20535/2, 57, 26)
(10268, 58, 27)
(10270, 62, 29)
(20541/2, 62, 29)
(10271, 63, 30)
(20543/2, 62, 29)
(10272, 63, 30)
(20545/2, 60, 28)
(10273, 62, 29)
(20547/2, 63, 30)
(10274, 67, 32)
(20549/2, 66, 31)
(10275, 67, 32)
(20551/2, 62, 29)
(10276, 66, 31)
(20553/2, 67, 32)
(10277, 69, 33)
(20555/2, 67, 32)
(10278, 69, 33)
(20557/2, 66, 31)
(10279, 67, 32)
(20559/2, 69, 33)
(10280, 70, 34)
(20561/2, 69, 33)
(10281, 70, 34)
(20563/2, 67, 32)
(10282, 69, 33)
(20565/2, 70, 34)
(10283, 72, 35)
(20567/2, 70, 34)
(10284, 72, 35)
(20569/2, 69, 33)
(10285, 70, 34)
(20571/2, 72, 35)
(10286, 74, 36)
(20573/2, 72, 35)
(10287, 74, 36)
(20575/2, 70, 34)
(10288, 72, 35)
(20577/2, 74, 36)
(10289, 69, 33)
(20579/2, 70, 34)
(10290, 69, 33)
(20581/2, 67, 32)
(10291, 69, 33)
(20583/2, 67, 32)
(10292, 66, 31)
(20585/2, 69, 33)
(10293, 74, 36)
(20587/2, 78, 38)
(20591/2, 76, 37)
(10296, 79, 39)
(20593/2, 82, 41)
(20597/2, 74, 36)
(10299, 78, 38)
(20599/2, 81, 40)
(10301, 61, 28)
(20603/2, 62, 29)
(10302, 61, 28)
(20605/2, 64, 30)
(10303, 62, 29)
(20607/2, 61, 28)
(10304, 62, 29)
(20609/2, 66, 31)
(10305, 69, 33)
(20611/2, 74, 36)
(20615/2, 64, 30)
(10308, 67, 32)
(20617/2, 70, 34)
(20621/2, 62, 29)
(10311, 66, 31)
(20623/2, 69, 33)
(10313, 64, 30)
(10316, 62, 29)
(10316, 64, 30)
(10316, 62, 29)
(20639/2, 62, 29)
(10320, 66, 31)
(20641/2, 70, 34)
(10321, 70, 34)
(20643/2, 67, 32)
(10322, 74, 36)
(20651/2, 62, 29)
(10326, 66, 31)
(20653/2, 70, 34)
(10327, 70, 34)
(20655/2, 67, 32)
(10328, 74, 36)
(10330, 62, 29)
(20661/2, 66, 31)
(10331, 57, 26)
(10334, 57, 26)
(20679/2, 62, 29)
(10340, 58, 27)
(10340, 62, 29)
(10346, 60, 28)
(10346, 62, 29)
(10352, 58, 27)
(10352, 62, 29)
(10358, 60, 28)
(10358, 62, 29)
(10364, 58, 27)
(10364, 62, 29)
(20757/2, 67, 32)
(10379, 67, 32)
(10388, 66, 31)
(10391, 58, 27)
(10391, 62, 29)
(10394, 61, 28)
(10394, 64, 30)
(10397, 60, 28)
(10397, 62, 29)
(10400, 63, 30)
(10403, 58, 27)
(10403, 62, 29)
(10406, 61, 28)
(10406, 64, 30)
(10409, 60, 28)
(10409, 62, 29)
(10412, 63, 30)
(10415, 58, 27)
(10415, 62, 29)
(20835/2, 62, 29)
(10418, 65, 31)
(20837/2, 67, 32)
(10419, 68, 33)
(20839/2, 67, 32)
(10420, 65, 31)
(20841/2, 62, 29)
(10421, 67, 32)
(20843/2, 68, 33)
(10422, 70, 34)
(20845/2, 68, 33)
(10423, 67, 32)
(20847/2, 63, 30)
(10424, 65, 31)
(20849/2, 67, 32)
(10425, 68, 33)
(20851/2, 67, 32)
(10426, 65, 31)
(20853/2, 62, 29)
(10427, 67, 32)
(20855/2, 68, 33)
(10428, 70, 34)
(20857/2, 68, 33)
(10429, 67, 32)
(20859/2, 64, 30)
(10430, 64, 30)
(10439, 62, 29)
(10439, 64, 30)
(10439, 62, 29)
(20883/2, 62, 29)
(10442, 62, 29)
(10451, 60, 28)
(10451, 62, 29)
(10451, 60, 28)
(10455, 67, 32)
(20911/2, 72, 35)
(10456, 74, 36)
(20913/2, 75, 37)
(10457, 74, 36)
(20915/2, 72, 35)
(10458, 69, 33)
(20917/2, 67, 32)
(10459, 69, 33)
(20919/2, 70, 34)
(10460, 69, 33)
(20921/2, 67, 32)
(10461, 69, 33)
(20923/2, 62, 29)
(10462, 62, 29)
(20925/2, 60, 28)
(10463, 58, 27)
(20931/2, 69, 33)
(10466, 69, 33)
(10467, 67, 32)
(20935/2, 67, 32)
(20937/2, 69, 33)
(10469, 70, 34)
(10469, 69, 33)
(20939/2, 67, 32)
(10470, 69, 33)
(20941/2, 66, 31)
(20943/2, 69, 33)
(10472, 69, 33)
(10473, 67, 32)
(20947/2, 67, 32)
(20949/2, 69, 33)
(10475, 70, 34)
(10475, 69, 33)
(20951/2, 67, 32)
(10476, 69, 33)
(20953/2, 66, 31)
(20955/2, 67, 32)
(10478, 67, 32)
(10479, 63, 30)
(20959/2, 63, 30)
(20961/2, 65, 31)
(10481, 67, 32)
(10481, 65, 31)
(20963/2, 63, 30)
(10482, 65, 31)
(20965/2, 62, 29)
(20967/2, 67, 32)
(10484, 67, 32)
(10485, 63, 30)
(20971/2, 63, 30)
(20973/2, 65, 31)
(10487, 67, 32)
(10487, 65, 31)
(20975/2, 63, 30)
(10488, 65, 31)
(20977/2, 58, 27)
(20979/2, 65, 31)
(10490, 67, 32)
(10490, 65, 31)
(20981/2, 63, 30)
(10491, 65, 31)
(20983/2, 58, 27)
(20985/2, 65, 31)
(10493, 67, 32)
(10493, 65, 31)
(20987/2, 63, 30)
(10494, 65, 31)
(20989/2, 58, 27)
(20991/2, 60, 28)
(10496, 60, 28)
(20997/2, 60, 28)
(10499, 60, 28)
(21003/2, 60, 28)
(10502, 60, 28)
(21005/2, 58, 27)
(10503, 56, 26)
(21007/2, 58, 27)
(10504, 60, 28)
(21009/2, 56, 26)
(10505, 61, 29)
(21015/2, 61, 29)
(10508, 60, 28)
(21021/2, 60, 28)
(10511, 60, 28)
(21027/2, 60, 28)
(10514, 60, 28)
(21029/2, 58, 27)
(10515, 56, 26)
(21031/2, 58, 27)
(10516, 60, 28)
(21033/2, 56, 26)
(10517, 58, 27)
(21035/2, 60, 28)
(10518, 61, 29)
(21037/2, 60, 28)
(10519, 58, 27)
(21039/2, 55, 25)
(10520, 62, 29)
(21045/2, 62, 29)
(10523, 62, 29)
(21051/2, 62, 29)
(10526, 62, 29)
(21053/2, 60, 28)
(10527, 58, 27)
(21055/2, 60, 28)
(10528, 62, 29)
(21057/2, 58, 27)
(10529, 60, 28)
(21059/2, 62, 29)
(10530, 63, 30)
(21061/2, 62, 29)
(10531, 60, 28)
(21063/2, 57, 26)
(10532, 60, 28)
(21065/2, 62, 29)
(10533, 63, 30)
(21067/2, 62, 29)
(10534, 60, 28)
(21069/2, 55, 25)
(10535, 60, 28)
(21071/2, 62, 29)
(10536, 63, 30)
(21073/2, 62, 29)
(10537, 60, 28)
(21075/2, 55, 25)
(10538, 60, 28)
(21077/2, 62, 29)
(10539, 63, 30)
(21079/2, 62, 29)
(10540, 60, 28)
(21081/2, 55, 25)
(10541, 60, 28)
(21083/2, 62, 29)
(10542, 63, 30)
(21085/2, 62, 29)
(10543, 60, 28)
(21087/2, 55, 25)
(10544, 60, 28)
(21089/2, 59, 27)
(10545, 60, 28)
(21091/2, 62, 29)
(10546, 60, 28)
(21093/2, 62, 29)
(10547, 63, 30)
(10548, 67, 32)
(21097/2, 66, 31)
(10549, 67, 32)
(21099/2, 66, 31)
(10550, 67, 32)
(21101/2, 66, 31)
(10551, 67, 32)
(21103/2, 69, 33)
(10552, 67, 32)
(21105/2, 69, 33)
(10553, 70, 34)
(21109/2, 71, 34)
(10556, 72, 35)
(21117/2, 67, 32)
(10559, 67, 32)
(21123/2, 67, 32)
(10562, 67, 32)
(21125/2, 65, 31)
(10563, 62, 29)
(21127/2, 65, 31)
(10564, 67, 32)
(21129/2, 68, 33)
(10565, 67, 32)
(21135/2, 67, 32)
(10568, 67, 32)
(21141/2, 67, 32)
(10571, 67, 32)
(21147/2, 67, 32)
(10574, 67, 32)
(21149/2, 65, 31)
(10575, 62, 29)
(21151/2, 65, 31)
(10576, 67, 32)
(21153/2, 68, 33)
(10577, 67, 32)
(21159/2, 55, 25)
(10580, 63, 30)
(21161/2, 65, 31)
(10581, 67, 32)
(21163/2, 65, 31)
(10582, 63, 30)
(21165/2, 55, 25)
(10583, 61, 29)
(21167/2, 63, 30)
(10584, 65, 31)
(21169/2, 63, 30)
(10585, 61, 29)
(21171/2, 55, 25)
(10586, 60, 28)
(21173/2, 61, 29)
(10587, 63, 30)
(21175/2, 61, 29)
(10588, 60, 28)
(21177/2, 56, 26)
(10589, 58, 27)
(21179/2, 60, 28)
(10590, 61, 29)
(21181/2, 60, 28)
(10591, 58, 27)
(21183/2, 55, 25)
(10592, 60, 28)
(21185/2, 61, 29)
(10593, 63, 30)
(21187/2, 61, 29)
(10594, 60, 28)
(21189/2, 58, 27)
(10595, 57, 26)
(21201/2, 60, 28)
(10601, 60, 28)
(10604, 59, 27)
(10604, 60, 28)
(10604, 55, 25)
(21211/2, 55, 25)
(21211/2, 62, 29)
(21211/2, 71, 34)
(10607, 60, 28)
(21215/2, 61, 29)
(10608, 63, 30)
(21217/2, 61, 29)
(10609, 60, 28)
(21219/2, 55, 25)
(10610, 60, 28)
(21221/2, 61, 29)
(10611, 63, 30)
(21223/2, 61, 29)
(10612, 60, 28)
(21225/2, 55, 25)
(10613, 60, 28)
(21227/2, 61, 29)
(10614, 63, 30)
(21229/2, 61, 29)
(10615, 60, 28)
(21231/2, 55, 25)
(10616, 60, 28)
(21233/2, 61, 29)
(10617, 60, 28)
(21235/2, 58, 27)
(10618, 60, 28)
(21237/2, 58, 27)
(10619, 57, 26)
(10624, 72, 35)
(21249/2, 74, 36)
(10625, 75, 37)
(21251/2, 69, 33)
(10626, 72, 35)
(21253/2, 66, 31)
(10627, 69, 33)
(21255/2, 63, 30)
(10628, 66, 31)
(21257/2, 60, 28)
(10629, 63, 30)
(21259/2, 57, 26)
(10630, 60, 28)
(21261/2, 56, 26)
(10631, 55, 25)
(21265/2, 56, 26)
(21265/2, 63, 30)
(21265/2, 72, 35)
(10634, 56, 26)
(10634, 65, 31)
(10634, 72, 35)
(10639, 67, 32)
(21279/2, 72, 35)
(10640, 68, 33)
(10642, 65, 31)
(21285/2, 68, 33)
(10643, 67, 32)
(10645, 63, 30)
(21291/2, 67, 32)
(10646, 65, 31)
(21293/2, 63, 30)
(10647, 65, 31)
(21295/2, 62, 29)
(10648, 63, 30)
(21297/2, 65, 31)
(10649, 63, 30)
(21299/2, 62, 29)
(10650, 63, 30)
(21301/2, 60, 28)
(21307/2, 60, 28)
(10655, 59, 27)
(21313/2, 58, 27)
(10658, 57, 26)
(21319/2, 56, 26)
(10661, 55, 25)
(21349/2, 64, 31)
(10676, 63, 30)
(21355/2, 61, 29)
(10679, 60, 28)
(21361/2, 66, 32)
(10682, 65, 31)
(21367/2, 63, 30)
(10685, 62, 29)
(21373/2, 71, 35)
(10688, 70, 34)
(21379/2, 69, 33)
(10691, 68, 33)
(21391/2, 65, 31)
(10696, 67, 32)
(21393/2, 68, 33)
(10697, 67, 32)
(21395/2, 65, 31)
(10698, 67, 32)
(21397/2, 63, 30)
(10699, 65, 31)
(21399/2, 67, 32)
(10700, 65, 31)
(21401/2, 63, 30)
(10701, 65, 31)
(21403/2, 62, 29)
(21415/2, 77, 38)
(10709, 70, 34)
(21421/2, 79, 39)
(10712, 78, 38)
(21427/2, 77, 38)
(10715, 76, 37)
(21433/2, 75, 37)
(10718, 74, 36)
(21437/2, 75, 37)
(10719, 74, 36)
(21439/2, 73, 36)
(10720, 75, 37)
(21441/2, 73, 36)
(10721, 72, 35)
(21445/2, 63, 30)
(10724, 65, 31)
(21451/2, 67, 32)
(10727, 68, 33)
(21457/2, 69, 33)
(10730, 70, 34)
(21463/2, 71, 34)
(10733, 72, 35)
(21469/2, 74, 36)
(10736, 75, 37)
(21475/2, 76, 37)
(10739, 77, 38)
(21481/2, 78, 38)
(10742, 79, 39)
(21487/2, 79, 39)
(10745, 79, 39)
(21495/2, 63, 30)
(10748, 62, 29)
(21499/2, 62, 29)
(10751, 63, 30)
(21507/2, 63, 30)
(10754, 62, 29)
(21511/2, 62, 29)
(10757, 60, 28)
(21519/2, 63, 30)
(10760, 61, 29)
(21523/2, 61, 29)
(10763, 60, 28)
(21531/2, 60, 28)
(10766, 59, 27)
(21535/2, 59, 27)
(10769, 60, 28)
(21543/2, 63, 30)
(10772, 62, 29)
(21547/2, 62, 29)
(10775, 63, 30)
(21555/2, 63, 30)
(10778, 65, 31)
(21559/2, 65, 31)
(10781, 63, 30)
(10784, 61, 29)
(10787, 60, 28)
(10790, 59, 27)
(21587/2, 55, 25)
(10794, 60, 28)
(21589/2, 62, 29)
(10795, 63, 30)
(21591/2, 62, 29)
(10796, 60, 28)
(21593/2, 55, 25)
(10797, 60, 28)
(21595/2, 62, 29)
(10798, 63, 30)
(21597/2, 62, 29)
(10799, 60, 28)
(21611/2, 55, 25)
(10806, 60, 28)
(21613/2, 62, 29)
(10807, 63, 30)
(21615/2, 62, 29)
(10808, 60, 28)
(21617/2, 55, 25)
(10809, 60, 28)
(21619/2, 62, 29)
(10810, 63, 30)
(21621/2, 62, 29)
(10811, 67, 32)
(21633/2, 62, 29)
(10817, 63, 30)
(21635/2, 65, 31)
(10818, 67, 32)
(21637/2, 65, 31)
(10819, 63, 30)
(21639/2, 60, 28)
(10820, 63, 30)
(21645/2, 60, 28)
(10823, 63, 30)
(21647/2, 65, 31)
(10824, 67, 32)
(21649/2, 65, 31)
(10825, 63, 30)
(21651/2, 60, 28)
(10826, 63, 30)
(21653/2, 65, 31)
(10827, 67, 32)
(21655/2, 65, 31)
(10828, 63, 30)
(21657/2, 60, 28)
(10829, 63, 30)
(21659/2, 65, 31)
(10830, 67, 32)
(21661/2, 65, 31)
(10831, 67, 32)
(21663/2, 68, 33)
(10832, 67, 32)
(21665/2, 65, 31)
(10833, 63, 30)
(21667/2, 65, 31)
(10834, 67, 32)
(21669/2, 68, 33)
(10835, 68, 33)
(21671/2, 67, 32)
(10836, 66, 31)
(21673/2, 67, 32)
(10837, 65, 31)
(21675/2, 64, 30)
(10838, 65, 31)
(21677/2, 63, 30)
(10839, 62, 29)
(21679/2, 63, 30)
(10840, 62, 29)
(21681/2, 60, 28)
(10841, 65, 31)
(21683/2, 63, 30)
(10842, 62, 29)
(21685/2, 63, 30)
(10843, 62, 29)
(21687/2, 60, 28)
(10844, 62, 29)
(21689/2, 60, 28)
(10845, 59, 27)
(21691/2, 58, 27)
(10846, 57, 26)
(21693/2, 56, 26)
(10847, 55, 25)
(21695/2, 60, 28)
(10848, 56, 26)
(21697/2, 55, 25)
(10849, 60, 28)
(21699/2, 56, 26)
(10850, 55, 25)
(21701/2, 57, 26)
(10851, 59, 27)
(21703/2, 60, 28)
(10852, 62, 29)
(21705/2, 63, 30)
(10853, 65, 31)
(21707/2, 63, 30)
(10854, 62, 29)
(21709/2, 60, 28)
(10855, 58, 27)
(21711/2, 56, 26)
(10856, 55, 25)
(21713/2, 60, 28)
(10857, 56, 26)
(21715/2, 55, 25)
(10858, 60, 28)
(21717/2, 56, 26)
(10859, 55, 25)
(21719/2, 60, 28)
(10860, 56, 26)
(21721/2, 55, 25)
(10861, 60, 28)
(21723/2, 56, 26)
(10862, 55, 25)
(21725/2, 57, 26)
(10863, 59, 27)
(21727/2, 60, 28)
(10864, 62, 29)
(21729/2, 63, 30)
(10865, 65, 31)
(21731/2, 67, 32)
(10866, 68, 33)
(21733/2, 67, 32)
(10867, 65, 31)
(21735/2, 63, 30)
(10868, 62, 29)
(21737/2, 60, 28)
(10869, 59, 27)
(21739/2, 58, 27)
(10870, 57, 26)
(21741/2, 56, 26)
(10871, 55, 25)
(21743/2, 55, 25)
(10872, 55, 25)
(21745/2, 57, 26)
(10873, 57, 26)
(21747/2, 57, 26)
(10874, 58, 27)
(21749/2, 58, 27)
(10875, 58, 27)
(21751/2, 59, 27)
(10876, 59, 27)
(21753/2, 59, 27)
(10877, 60, 28)
(21755/2, 60, 28)
(10878, 60, 28)
(21757/2, 62, 29)
(10879, 62, 29)
(21759/2, 62, 29)
(10880, 63, 30)
(21761/2, 63, 30)
(10881, 63, 30)
(21763/2, 64, 30)
(10882, 64, 30)
(21765/2, 64, 30)
(10883, 65, 31)
(21767/2, 65, 31)
(10884, 65, 31)
(21769/2, 65, 31)
(10885, 65, 31)
(21771/2, 65, 31)
(10886, 66, 31)
(21773/2, 66, 31)
(10887, 66, 31)
(21775/2, 66, 31)
(10888, 66, 31)
(21777/2, 66, 31)
(10889, 67, 32)
(21787/2, 55, 25)
(10895, 60, 28)
(10898, 60, 28)
(10901, 60, 28)
(20000, 59, 27)
(40001/2, 60, 28)
(20003, 59, 27)
(40007/2, 60, 28)
(20006, 59, 27)
(40013/2, 60, 28)
(20007, 55, 25)
(40015/2, 55, 25)
(20008, 55, 25)
(40017/2, 55, 25)
(20009, 59, 27)
(40019/2, 60, 28)
(20012, 62, 29)
(40025/2, 60, 28)
(20013, 62, 29)
(40027/2, 60, 28)
(20014, 58, 27)
(40029/2, 60, 28)
(20015, 58, 27)
(40031/2, 63, 30)
(20016, 65, 31)
(40033/2, 63, 30)
(20017, 62, 29)
(40035/2, 63, 30)
(20018, 62, 29)
(40037/2, 67, 32)
(20019, 69, 33)
(40039/2, 67, 32)
(20020, 65, 31)
(40041/2, 67, 32)
(20021, 65, 31)
(40043/2, 70, 34)
(20022, 69, 33)
(40045/2, 68, 33)
(20023, 67, 32)
(40047/2, 66, 31)
(20024, 65, 31)
(40049/2, 63, 30)
(20026, 63, 30)
(20027, 59, 27)
(40055/2, 60, 28)
(20030, 59, 27)
(40061/2, 60, 28)
(20031, 55, 25)
(40063/2, 55, 25)
(20032, 55, 25)
(40065/2, 55, 25)
(20033, 59, 27)
(40067/2, 60, 28)
(20036, 62, 29)
(40073/2, 60, 28)
(20037, 62, 29)
(40075/2, 60, 28)
(20038, 58, 27)
(40077/2, 60, 28)
(20039, 58, 27)
(40079/2, 63, 30)
(20040, 65, 31)
(40081/2, 63, 30)
(20041, 62, 29)
(40083/2, 60, 28)
(20042, 62, 29)
(40085/2, 63, 30)
(20043, 62, 29)
(40087/2, 63, 30)
(20044, 65, 31)
(40089/2, 63, 30)
(20045, 65, 31)
(40091/2, 55, 25)
(20046, 53, 24)
(40093/2, 55, 25)
(20047, 48, 21)
(40097/2, 55, 25)
(20049, 58, 27)
(40099/2, 60, 28)
(20050, 61, 29)
(40101/2, 60, 28)
(20051, 58, 27)
(40103/2, 55, 25)
(20052, 58, 27)
(40105/2, 60, 28)
(20053, 61, 29)
(40107/2, 60, 28)
(20054, 58, 27)
(40109/2, 55, 25)
(20055, 58, 27)
(40111/2, 60, 28)
(20056, 61, 29)
(40113/2, 60, 28)
(20057, 58, 27)
(40115/2, 55, 25)
(20058, 58, 27)
(40117/2, 60, 28)
(20059, 61, 29)
(40119/2, 60, 28)
(20060, 58, 27)
(40121/2, 55, 25)
(20061, 60, 28)
(40123/2, 61, 29)
(20062, 60, 28)
(40125/2, 58, 27)
(20063, 60, 28)
(40127/2, 58, 27)
(20064, 56, 26)
(40139/2, 55, 25)
(20070, 60, 28)
(40141/2, 62, 29)
(20071, 63, 30)
(40143/2, 62, 29)
(20072, 60, 28)
(40145/2, 57, 26)
(20073, 60, 28)
(40147/2, 62, 29)
(20074, 63, 30)
(40149/2, 62, 29)
(20075, 60, 28)
(40151/2, 57, 26)
(20076, 60, 28)
(40153/2, 62, 29)
(20077, 63, 30)
(40155/2, 62, 29)
(20078, 60, 28)
(40157/2, 57, 26)
(20079, 60, 28)
(40159/2, 62, 29)
(20080, 63, 30)
(40161/2, 62, 29)
(20081, 60, 28)
(40163/2, 57, 26)
(20082, 62, 29)
(40165/2, 63, 30)
(20083, 62, 29)
(40167/2, 60, 28)
(20084, 62, 29)
(40169/2, 60, 28)
(20085, 58, 27)
(40181/2, 60, 28)
(20091, 65, 31)
(40183/2, 67, 32)
(20092, 68, 33)
(40185/2, 67, 32)
(20093, 65, 31)
(40187/2, 62, 29)
(20094, 65, 31)
(40189/2, 68, 33)
(20095, 67, 32)
(40191/2, 65, 31)
(20096, 63, 30)
(40193/2, 62, 29)
(20097, 60, 28)
(40195/2, 62, 29)
(20098, 63, 30)
(40197/2, 62, 29)
(20099, 60, 28)
(40199/2, 56, 26)
(20100, 60, 28)
(40201/2, 62, 29)
(20101, 60, 28)
(40203/2, 59, 27)
(20102, 62, 29)
(40205/2, 63, 30)
(20103, 65, 31)
(40207/2, 67, 32)
(20104, 68, 33)
(40209/2, 67, 32)
(20105, 65, 31)
(40211/2, 62, 29)
(20106, 65, 31)
(40213/2, 68, 33)
(20107, 67, 32)
(40215/2, 65, 31)
(20108, 63, 30)
(40217/2, 62, 29)
(20109, 60, 28)
(40219/2, 62, 29)
(20110, 63, 30)
(40221/2, 62, 29)
(20111, 60, 28)
(40223/2, 57, 26)
(20112, 60, 28)
(40225/2, 62, 29)
(20113, 63, 30)
(40227/2, 62, 29)
(20114, 60, 28)
(40229/2, 57, 26)
(20115, 60, 28)
(40231/2, 62, 29)
(20116, 63, 30)
(40233/2, 62, 29)
(20117, 60, 28)
(40235/2, 57, 26)
(20118, 60, 28)
(40237/2, 62, 29)
(20119, 63, 30)
(40239/2, 62, 29)
(40241/2, 62, 29)
(20121, 62, 29)
(20122, 62, 29)
(40245/2, 62, 29)
(40247/2, 63, 30)
(20124, 63, 30)
(40251/2, 62, 29)
(40253/2, 62, 29)
(20127, 62, 29)
(20128, 62, 29)
(40257/2, 62, 29)
(40259/2, 63, 30)
(20130, 63, 30)
(40263/2, 62, 29)
(40265/2, 62, 29)
(20133, 62, 29)
(20134, 63, 30)
(40269/2, 63, 30)
(40271/2, 60, 28)
(20136, 60, 28)
(40275/2, 62, 29)
(40277/2, 58, 27)
(20139, 58, 27)
(20140, 60, 28)
(40281/2, 60, 28)
(40283/2, 56, 26)
(20142, 56, 26)
(40289/2, 55, 25)
(20145, 60, 28)
(40291/2, 62, 29)
(20146, 63, 30)
(40293/2, 62, 29)
(20147, 60, 28)
(40295/2, 55, 25)
(20148, 60, 28)
(40297/2, 62, 29)
(20149, 63, 30)
(40299/2, 62, 29)
(20150, 60, 28)
(40301/2, 55, 25)
(20151, 60, 28)
(40303/2, 62, 29)
(20152, 63, 30)
(40305/2, 62, 29)
(20153, 60, 28)
(40307/2, 55, 25)
(20154, 60, 28)
(40309/2, 62, 29)
(20155, 63, 30)
(40311/2, 62, 29)
(20156, 60, 28)
(40313/2, 55, 25)
(20157, 48, 21)
(40337/2, 62, 29)
(20169, 65, 31)
(40339/2, 67, 32)
(20170, 70, 34)
(40341/2, 67, 32)
(20171, 65, 31)
(40343/2, 62, 29)
(20172, 68, 33)
(40345/2, 70, 34)
(20173, 68, 33)
(40347/2, 67, 32)
(20174, 68, 33)
(40349/2, 67, 32)
(20175, 65, 31)
(40351/2, 67, 32)
(20176, 65, 31)
(40353/2, 63, 30)
(20177, 65, 31)
(40355/2, 63, 30)
(20178, 61, 29)
(40357/2, 63, 30)
(20179, 61, 29)
(40359/2, 60, 28)
(20180, 61, 29)
(40361/2, 60, 28)
(20181, 60, 28)
(40363/2, 59, 27)
(20182, 60, 28)
(40365/2, 60, 28)
(20183, 62, 29)
(40367/2, 60, 28)
(20184, 60, 28)
(40369/2, 59, 27)
(20185, 60, 28)
(40371/2, 60, 28)
(20186, 62, 29)
(40373/2, 60, 28)
(20187, 60, 28)
(40375/2, 62, 29)
(20188, 60, 28)
(40377/2, 59, 27)
(20189, 57, 26)
(40379/2, 59, 27)
(20190, 60, 28)
(40385/2, 60, 28)
(20193, 65, 31)
(40387/2, 67, 32)
(20194, 68, 33)
(40389/2, 67, 32)
(20195, 65, 31)
(40391/2, 62, 29)
(20196, 68, 33)
(40393/2, 70, 34)
(20197, 68, 33)
(40395/2, 67, 32)
(20198, 68, 33)
(40397/2, 67, 32)
(20199, 65, 31)
(40399/2, 64, 30)
(20200, 65, 31)
(40401/2, 65, 31)
(20201, 67, 32)
(40403/2, 65, 31)
(20202, 63, 30)
(40405/2, 65, 31)
(20203, 63, 30)
(40407/2, 61, 29)
(20204, 63, 30)
(40409/2, 61, 29)
(20205, 60, 28)
(40411/2, 59, 27)
(20206, 60, 28)
(40413/2, 60, 28)
(20207, 62, 29)
(40415/2, 60, 28)
(20208, 60, 28)
(40417/2, 59, 27)
(20209, 60, 28)
(40419/2, 60, 28)
(20210, 62, 29)
(40421/2, 60, 28)
(20211, 60, 28)
(40423/2, 62, 29)
(20212, 60, 28)
(40425/2, 59, 27)
(20213, 57, 26)
(40427/2, 59, 27)
(20214, 60, 28)
(40429/2, 55, 25)
(20215, 51, 23)
(40431/2, 48, 21)
(40433/2, 50, 22)
(20217, 51, 23)
(40439/2, 50, 22)
(20220, 51, 23)
(40445/2, 50, 22)
(20223, 51, 23)
(40447/2, 55, 25)
(20224, 60, 28)
(40449/2, 63, 30)
(20225, 67, 32)
(40451/2, 72, 35)
(20226, 75, 37)
(20228, 67, 32)
(40457/2, 72, 35)
(20229, 68, 33)
(20231, 65, 31)
(40463/2, 68, 33)
(20232, 67, 32)
(20234, 63, 30)
(40469/2, 67, 32)
(20235, 65, 31)
(40471/2, 63, 30)
(20236, 65, 31)
(40473/2, 62, 29)
(20237, 63, 30)
(40475/2, 65, 31)
(20238, 63, 30)
(40477/2, 62, 29)
(20239, 63, 30)
(40479/2, 60, 28)
(20240, 59, 27)
(40481/2, 60, 28)
(20241, 53, 24)
(40483/2, 53, 24)
(20242, 56, 26)
(40485/2, 60, 28)
(20244, 51, 23)
(40489/2, 51, 23)
(20245, 55, 25)
(40491/2, 60, 28)
(20247, 62, 29)
(40495/2, 60, 28)
(20248, 62, 29)
(40497/2, 59, 27)
(20249, 55, 25)
(40499/2, 59, 27)
(20250, 60, 28)
(40503/2, 60, 28)
(20252, 59, 27)
(40505/2, 55, 25)
(20253, 67, 32)
(40507/2, 69, 33)
(20254, 66, 31)
(40509/2, 67, 32)
(20255, 63, 30)
(40511/2, 60, 28)
(20256, 67, 32)
(40513/2, 69, 33)
(20257, 66, 31)
(40515/2, 67, 32)
(20258, 62, 29)
(40517/2, 58, 27)
(20259, 57, 26)
(40521/2, 62, 29)
(20262, 55, 25)
(20264, 62, 29)
(40529/2, 67, 32)
(20265, 63, 30)
(20267, 60, 28)
(40535/2, 63, 30)
(20268, 62, 29)
(20270, 58, 27)
(40541/2, 62, 29)
(20271, 60, 28)
(40543/2, 58, 27)
(20272, 60, 28)
(40545/2, 57, 26)
(20273, 58, 27)
(40547/2, 60, 28)
(20274, 62, 29)
(40549/2, 60, 28)
(20275, 62, 29)
(40551/2, 58, 27)
(20276, 60, 28)
(40553/2, 62, 29)
(20277, 63, 30)
(40555/2, 62, 29)
(20278, 63, 30)
(40557/2, 60, 28)
(20279, 62, 29)
(40559/2, 63, 30)
(20280, 67, 32)
(40561/2, 62, 29)
(20281, 67, 32)
(40563/2, 62, 29)
(20282, 67, 32)
(40565/2, 62, 29)
(20283, 69, 33)
(40567/2, 67, 32)
(20284, 69, 33)
(40569/2, 65, 31)
(20285, 67, 32)
(40571/2, 69, 33)
(20286, 70, 34)
(40573/2, 69, 33)
(20287, 70, 34)
(40575/2, 70, 34)
(20288, 69, 33)
(40577/2, 70, 34)
(20289, 72, 35)
(40579/2, 70, 34)
(20290, 72, 35)
(40581/2, 73, 35)
(20291, 73, 35)
(40583/2, 73, 35)
(20292, 74, 36)
(40585/2, 66, 31)
(20293, 69, 33)
(40587/2, 74, 36)
(20294, 69, 33)
(40589/2, 66, 31)
(20295, 67, 32)
(20297, 67, 32)
(40595/2, 64, 30)
(20298, 66, 31)
(20300, 69, 33)
(40601/2, 62, 29)
(20301, 64, 30)
(40603/2, 62, 29)
(20302, 64, 30)
(40605/2, 61, 28)
(20303, 62, 29)
(40607/2, 64, 30)
(20304, 57, 26)
(40609/2, 57, 26)
(20305, 62, 29)
(40611/2, 66, 31)
(20306, 69, 33)
(40613/2, 66, 31)
(20307, 67, 32)
(20309, 67, 32)
(40619/2, 64, 30)
(20310, 66, 31)
(20312, 62, 29)
(40625/2, 62, 29)
(20313, 58, 27)
(40627/2, 57, 26)
(20314, 58, 27)
(40629/2, 55, 25)
(20315, 57, 26)
(40631/2, 58, 27)
(20316, 57, 26)
(40641/2, 58, 27)
(20322, 57, 26)
(40653/2, 58, 27)
(20328, 57, 26)
(20331, 57, 26)
(20333, 57, 26)
(40667/2, 62, 29)
(20334, 54, 24)
(20336, 54, 24)
(40673/2, 57, 26)
(20337, 50, 22)
(40679/2, 50, 22)
(20340, 55, 25)
(40681/2, 57, 26)
(20341, 58, 27)
(40683/2, 57, 26)
(20342, 55, 25)
(40685/2, 50, 22)
(20343, 55, 25)
(40687/2, 57, 26)
(20344, 58, 27)
(40689/2, 57, 26)
(20345, 55, 25)
(40691/2, 50, 22)
(20346, 57, 26)
(40693/2, 58, 27)
(20347, 60, 28)
(40695/2, 58, 27)
(20348, 57, 26)
(40697/2, 50, 22)
(20349, 57, 26)
(40699/2, 58, 27)
(20350, 60, 28)
(40701/2, 58, 27)
(20351, 57, 26)
(40703/2, 50, 22)
(20352, 55, 25)
(40705/2, 57, 26)
(20353, 58, 27)
(40707/2, 57, 26)
(20354, 55, 25)
(40709/2, 50, 22)
(20355, 55, 25)
(40711/2, 57, 26)
(20356, 58, 27)
(40713/2, 57, 26)
(20357, 55, 25)
(40715/2, 50, 22)
(20358, 57, 26)
(40717/2, 58, 27)
(20359, 60, 28)
(40719/2, 58, 27)
(20360, 57, 26)
(40721/2, 50, 22)
(20361, 57, 26)
(40723/2, 58, 27)
(20362, 60, 28)
(40725/2, 58, 27)
(20363, 57, 26)
(40727/2, 50, 22)
(20364, 58, 27)
(40729/2, 60, 28)
(20365, 62, 29)
(40731/2, 60, 28)
(20366, 58, 27)
(40733/2, 55, 25)
(20367, 65, 31)
(40735/2, 67, 32)
(20368, 68, 33)
(40737/2, 67, 32)
(20369, 65, 31)
(40739/2, 62, 29)
(20370, 67, 32)
(40741/2, 68, 33)
(20371, 70, 34)
(40743/2, 68, 33)
(20372, 67, 32)
(40745/2, 63, 30)
(20373, 65, 31)
(40747/2, 67, 32)
(20374, 68, 33)
(40749/2, 67, 32)
(20375, 65, 31)
(40751/2, 62, 29)
(20376, 67, 32)
(40753/2, 68, 33)
(20377, 70, 34)
(40755/2, 68, 33)
(20378, 67, 32)
(40757/2, 64, 30)
(20379, 64, 30)
(20388, 62, 29)
(20388, 64, 30)
(20388, 66, 31)
(40781/2, 50, 22)
(20391, 62, 29)
(40787/2, 58, 27)
(20394, 57, 26)
(40791/2, 55, 25)
(20397, 54, 24)
(40797/2, 57, 26)
(20400, 60, 28)
(40803/2, 63, 30)
(20403, 62, 29)
(40811/2, 58, 27)
(20406, 57, 26)
(40815/2, 55, 25)
(20409, 54, 24)
(40821/2, 57, 26)
(20412, 60, 28)
(40827/2, 63, 30)
(20415, 62, 29)
(40859/2, 58, 27)
(20430, 58, 27)
(20439, 57, 26)
(20439, 58, 27)
(20439, 57, 26)
(40883/2, 56, 26)
(20442, 56, 26)
(20451, 55, 25)
(20451, 56, 26)
(20451, 55, 25)
(40907/2, 55, 25)
(20454, 55, 25)
(20457, 54, 24)
(20457, 55, 25)
(20457, 54, 24)
(40917/2, 55, 25)
(40919/2, 55, 25)
(20460, 60, 28)
(40921/2, 62, 29)
(20461, 63, 30)
(40923/2, 62, 29)
(20462, 60, 28)
(40925/2, 57, 26)
(20463, 55, 25)
(40927/2, 58, 27)
(20464, 62, 29)
(40929/2, 67, 32)
(40931/2, 62, 29)
(20466, 62, 29)
(20467, 62, 29)
(40935/2, 62, 29)
(40937/2, 63, 30)
(20469, 63, 30)
(40941/2, 62, 29)
(40943/2, 62, 29)
(20472, 62, 29)
(20473, 62, 29)
(40947/2, 62, 29)
(40949/2, 63, 30)
(20475, 63, 30)
(40953/2, 62, 29)
(40955/2, 62, 29)
(20478, 62, 29)
(20479, 60, 28)
(40959/2, 60, 28)
(40961/2, 60, 28)
(20481, 60, 28)
(40965/2, 59, 28)
(40967/2, 58, 27)
(20484, 58, 27)
(20485, 60, 28)
(40971/2, 60, 28)
(40973/2, 60, 28)
(20487, 60, 28)
(40977/2, 59, 27)
(20490, 60, 28)
(40983/2, 59, 27)
(20493, 60, 28)
(40989/2, 59, 27)
(40991/2, 60, 28)
(20496, 56, 26)
(40993/2, 58, 27)
(20497, 60, 28)
(40995/2, 58, 27)
(20498, 56, 26)
(40997/2, 51, 23)
(20499, 56, 26)
(40999/2, 58, 27)
(20500, 60, 28)
(41001/2, 58, 27)
(20501, 56, 26)
(41003/2, 51, 23)
(20502, 56, 26)
(41005/2, 58, 27)
(20503, 60, 28)
(41007/2, 58, 27)
(20504, 56, 26)
(41009/2, 51, 23)
(20505, 58, 27)
(41015/2, 51, 23)
(20508, 56, 26)
(41017/2, 58, 27)
(20509, 60, 28)
(41019/2, 58, 27)
(20510, 56, 26)
(41021/2, 51, 23)
(20511, 56, 26)
(41023/2, 58, 27)
(20512, 60, 28)
(41025/2, 58, 27)
(20513, 56, 26)
(41027/2, 51, 23)
(20514, 56, 26)
(41029/2, 58, 27)
(20515, 60, 28)
(41031/2, 58, 27)
(20516, 56, 26)
(41033/2, 51, 23)
(20517, 55, 25)
(41039/2, 55, 25)
(20520, 58, 27)
(41041/2, 60, 28)
(20521, 62, 29)
(41043/2, 60, 28)
(20522, 58, 27)
(41045/2, 53, 24)
(20523, 58, 27)
(41047/2, 60, 28)
(20524, 62, 29)
(41049/2, 60, 28)
(20525, 58, 27)
(41051/2, 53, 24)
(20526, 58, 27)
(41053/2, 60, 28)
(20527, 62, 29)
(41055/2, 60, 28)
(20528, 58, 27)
(41057/2, 53, 24)
(20529, 57, 26)
(41063/2, 60, 28)
(20532, 60, 28)
(20532, 63, 30)
(41069/2, 60, 28)
(41069/2, 63, 30)
(20535, 60, 28)
(20535, 63, 30)
(41075/2, 60, 28)
(41075/2, 63, 30)
(20538, 60, 28)
(20538, 63, 30)
(41077/2, 62, 29)
(20539, 60, 28)
(41079/2, 62, 29)
(20540, 63, 30)
(41081/2, 65, 31)
(20541, 63, 30)
(41087/2, 62, 29)
(20544, 60, 28)
(41089/2, 62, 29)
(20545, 60, 28)
(41091/2, 58, 27)
(20546, 60, 28)
(41093/2, 58, 27)
(20547, 63, 30)
(41095/2, 65, 31)
(20548, 63, 30)
(41097/2, 62, 29)
(20549, 63, 30)
(41099/2, 62, 29)
(20550, 67, 32)
(41101/2, 69, 33)
(20551, 67, 32)
(41103/2, 65, 31)
(20552, 67, 32)
(41105/2, 65, 31)
(20553, 70, 34)
(41107/2, 69, 33)
(20554, 68, 33)
(41109/2, 67, 32)
(20555, 66, 31)
(41111/2, 65, 31)
(20556, 63, 30)
(41117/2, 63, 30)
(20559, 63, 30)
(41123/2, 63, 30)
(20562, 65, 31)
(20565, 65, 31)
(41135/2, 65, 31)
(20568, 63, 30)
(41141/2, 63, 30)
(20571, 63, 30)
(41147/2, 63, 30)
(20574, 65, 31)
(20577, 65, 31)
(41159/2, 59, 27)
(20580, 60, 28)
(41161/2, 62, 29)
(20581, 63, 30)
(41163/2, 62, 29)
(20582, 60, 28)
(41165/2, 55, 25)
(20583, 58, 27)
(41167/2, 60, 28)
(20584, 61, 29)
(41169/2, 60, 28)
(20585, 58, 27)
(41171/2, 55, 25)
(20586, 56, 26)
(41173/2, 58, 27)
(20587, 60, 28)
(41175/2, 58, 27)
(20588, 56, 26)
(41177/2, 51, 23)
(20589, 55, 25)
(41181/2, 55, 25)
(20592, 56, 26)
(41189/2, 54, 24)
(20595, 54, 24)
(20604, 55, 25)
(41211/2, 55, 25)
(41211/2, 62, 29)
(20607, 56, 26)
(41219/2, 51, 23)
(20610, 56, 26)
(41225/2, 51, 23)
(20613, 56, 26)
(41231/2, 51, 23)
(20616, 51, 23)
(41235/2, 51, 23)
(20619, 51, 23)
(20624, 72, 35)
(41249/2, 74, 36)
(20625, 75, 37)
(41251/2, 69, 33)
(20626, 72, 35)
(41253/2, 66, 31)
(20627, 69, 33)
(41255/2, 63, 30)
(20628, 66, 31)
(41257/2, 60, 28)
(20629, 63, 30)
(41259/2, 57, 26)
(20630, 60, 28)
(41261/2, 56, 26)
(20631, 55, 25)
(41265/2, 56, 26)
(41265/2, 63, 30)
(20634, 56, 26)
(20634, 65, 31)
(41271/2, 55, 25)
(41271/2, 65, 31)
(41271/2, 71, 34)
(20637, 55, 25)
(20637, 63, 30)
(20637, 72, 35)
(20651, 67, 32)
(41303/2, 72, 35)
(20652, 68, 33)
(20654, 65, 31)
(41309/2, 68, 33)
(20655, 67, 32)
(20657, 64, 30)
(41315/2, 67, 32)
(20658, 65, 31)
(41317/2, 64, 30)
(20659, 65, 31)
(41319/2, 62, 29)
(20660, 63, 30)
(41321/2, 65, 31)
(20661, 63, 30)
(41323/2, 62, 29)
(20662, 63, 30)
(41325/2, 60, 28)
(41331/2, 67, 32)
(20667, 66, 31)
(41337/2, 65, 31)
(20670, 64, 30)
(41343/2, 63, 30)
(20673, 62, 29)
(41349/2, 61, 29)
(20676, 60, 28)
(41355/2, 58, 27)
(20679, 57, 26)
(41361/2, 63, 30)
(20682, 62, 29)
(41367/2, 60, 28)
(20685, 59, 27)
(41373/2, 68, 33)
(20688, 67, 32)
(41379/2, 66, 32)
(20691, 65, 31)
(41385/2, 63, 30)
(20693, 65, 31)
(41387/2, 66, 32)
(20694, 65, 31)
(41389/2, 63, 30)
(20695, 65, 31)
(41391/2, 62, 29)
(20696, 63, 30)
(41393/2, 65, 31)
(20697, 63, 30)
(41395/2, 62, 29)
(20698, 63, 30)
(41397/2, 60, 28)
(20699, 62, 29)
(41399/2, 63, 30)
(20700, 62, 29)
(41401/2, 60, 28)
(20701, 62, 29)
(41403/2, 62, 29)
(20702, 65, 31)
(41405/2, 62, 29)
(20703, 55, 25)
(41407/2, 59, 27)
(20704, 55, 25)
(41409/2, 61, 29)
(20706, 60, 28)
(41415/2, 59, 28)
(20709, 58, 27)
(41421/2, 57, 26)
(20711, 60, 28)
(41423/2, 57, 26)
(20712, 62, 29)
(41425/2, 63, 30)
(20713, 62, 29)
(41427/2, 62, 29)
(20714, 63, 30)
(41429/2, 62, 29)
(20715, 67, 32)
(41431/2, 68, 33)
(20716, 67, 32)
(41433/2, 72, 35)
(20718, 71, 34)
(41439/2, 70, 34)
(20721, 68, 33)
(20742, 59, 27)
(20742, 62, 29)
(20745, 60, 28)
(20745, 63, 30)
(41495/2, 60, 28)
(20748, 59, 27)
(41499/2, 59, 27)
(20751, 60, 28)
(41507/2, 60, 28)
(20754, 59, 27)
(41511/2, 59, 27)
(20757, 60, 28)
(41519/2, 55, 25)
(20760, 56, 26)
(41521/2, 58, 27)
(20761, 60, 28)
(41523/2, 58, 27)
(20762, 56, 26)
(41525/2, 53, 24)
(20763, 55, 25)
(41527/2, 56, 26)
(20764, 58, 27)
(41529/2, 56, 26)
(20765, 55, 25)
(41531/2, 51, 23)
(20766, 53, 24)
(41533/2, 51, 23)
(20767, 53, 24)
(41535/2, 50, 22)
(20768, 51, 23)
(41537/2, 53, 24)
(20769, 51, 23)
(41543/2, 60, 28)
(20772, 59, 27)
(41547/2, 59, 27)
(20775, 60, 28)
(41555/2, 60, 28)
(20778, 62, 29)
(41559/2, 62, 29)
(20781, 60, 28)
(41567/2, 55, 25)
(20784, 56, 26)
(41569/2, 58, 27)
(20785, 60, 28)
(41571/2, 58, 27)
(20786, 56, 26)
(41573/2, 53, 24)
(20787, 55, 25)
(41575/2, 56, 26)
(20788, 58, 27)
(41577/2, 56, 26)
(20789, 55, 25)
(41579/2, 51, 23)
(20790, 53, 24)
(41581/2, 55, 25)
(20791, 56, 26)
(41583/2, 55, 25)
(20792, 53, 24)
(41585/2, 55, 25)
(20793, 51, 23)
(41597/2, 55, 25)
(20799, 51, 23)
(41599/2, 55, 25)
(20800, 60, 28)
(41601/2, 62, 29)
(20801, 63, 30)
(41603/2, 62, 29)
(20802, 60, 28)
(41605/2, 62, 29)
(20803, 63, 30)
(41607/2, 67, 32)
(20804, 72, 35)
(41609/2, 67, 32)
(20805, 67, 32)
(41621/2, 67, 32)
(20811, 63, 30)
(41623/2, 67, 32)
(20812, 72, 35)
(41625/2, 74, 36)
(20813, 75, 37)
(41627/2, 74, 36)
(20814, 72, 35)
(41629/2, 74, 36)
(20815, 75, 37)
(41631/2, 79, 39)
(20816, 75, 37)
(41633/2, 74, 36)
(20817, 72, 35)
(41639/2, 67, 32)
(20820, 63, 30)
(41641/2, 62, 29)
(20821, 60, 28)
(41643/2, 62, 29)
(20822, 63, 30)
(41645/2, 67, 32)
(20823, 63, 30)
(41651/2, 67, 32)
(20826, 63, 30)
(41653/2, 62, 29)
(20827, 60, 28)
(41655/2, 62, 29)
(20828, 63, 30)
(41657/2, 67, 32)
(20829, 63, 30)
(41659/2, 62, 29)
(20830, 60, 28)
(41661/2, 62, 29)
(20831, 60, 28)
(41663/2, 59, 27)
(20832, 60, 28)
(41665/2, 62, 29)
(20833, 63, 30)
(41667/2, 65, 31)
(20834, 67, 32)
(41669/2, 68, 33)
(20835, 68, 33)
(41671/2, 67, 32)
(20836, 66, 31)
(41673/2, 67, 32)
(20837, 65, 31)
(41675/2, 64, 30)
(20838, 65, 31)
(41677/2, 63, 30)
(20839, 62, 29)
(41679/2, 63, 30)
(20840, 62, 29)
(41681/2, 60, 28)
(20841, 65, 31)
(41683/2, 63, 30)
(20842, 62, 29)
(41685/2, 63, 30)
(20843, 62, 29)
(41687/2, 60, 28)
(20844, 62, 29)
(41689/2, 60, 28)
(20845, 59, 27)
(41691/2, 58, 27)
(20846, 57, 26)
(41693/2, 56, 26)
(20847, 55, 25)
(41695/2, 60, 28)
(20848, 56, 26)
(41697/2, 55, 25)
(20849, 60, 28)
(41699/2, 56, 26)
(20850, 55, 25)
(41701/2, 57, 26)
(20851, 59, 27)
(41703/2, 60, 28)
(20852, 62, 29)
(41705/2, 63, 30)
(20853, 65, 31)
(41707/2, 63, 30)
(20854, 62, 29)
(41709/2, 60, 28)
(20855, 58, 27)
(41711/2, 56, 26)
(20856, 55, 25)
(41713/2, 60, 28)
(20857, 56, 26)
(41715/2, 55, 25)
(20858, 60, 28)
(41717/2, 56, 26)
(20859, 55, 25)
(41719/2, 60, 28)
(20860, 56, 26)
(41721/2, 55, 25)
(20861, 60, 28)
(41723/2, 56, 26)
(20862, 55, 25)
(41725/2, 57, 26)
(20863, 59, 27)
(41727/2, 60, 28)
(20864, 62, 29)
(41729/2, 63, 30)
(20865, 65, 31)
(41731/2, 67, 32)
(20866, 68, 33)
(41733/2, 67, 32)
(20867, 65, 31)
(41735/2, 63, 30)
(20868, 62, 29)
(41737/2, 60, 28)
(20869, 59, 27)
(41739/2, 58, 27)
(20870, 57, 26)
(41741/2, 56, 26)
(20871, 55, 25)
(41743/2, 55, 25)
(20872, 55, 25)
(41745/2, 55, 25)
(20873, 55, 25)
(41747/2, 55, 25)
(20874, 55, 25)
(41749/2, 55, 25)
(20875, 55, 25)
(41751/2, 55, 25)
(20876, 55, 25)
(41753/2, 55, 25)
(20877, 55, 25)
(41755/2, 55, 25)
(20878, 55, 25)
(41757/2, 55, 25)
(20879, 55, 25)
(41759/2, 55, 25)
(20880, 55, 25)
(41761/2, 55, 25)
(20881, 55, 25)
(41763/2, 55, 25)
(20882, 55, 25)
(41765/2, 55, 25)
(20883, 53, 24)
(41767/2, 53, 24)
(20884, 53, 24)
(41769/2, 51, 23)
(20885, 51, 23)
(41771/2, 51, 23)
(20886, 50, 22)
(41773/2, 50, 22)
(20887, 50, 22)
(41775/2, 48, 21)
(20888, 48, 21)
(41777/2, 48, 21)
(20889, 55, 25)
(41787/2, 50, 22)
(20895, 48, 21)
(20898, 48, 21)
(20901, 48, 21)
(30000, 43, 18)
(60001/2, 48, 21)
(30001, 50, 22)
(60003/2, 51, 23)
(30002, 50, 22)
(60005/2, 48, 21)
(30003, 43, 18)
(60007/2, 48, 21)
(30004, 50, 22)
(60009/2, 51, 23)
(30005, 50, 22)
(60011/2, 48, 21)
(30006, 43, 18)
(60013/2, 48, 21)
(30007, 50, 22)
(60015/2, 51, 23)
(30008, 50, 22)
(60017/2, 48, 21)
(30009, 43, 18)
(60019/2, 48, 21)
(30010, 50, 22)
(60021/2, 51, 23)
(30011, 50, 22)
(60023/2, 48, 21)
(30012, 43, 18)
(60025/2, 36, 14)
(30024, 43, 18)
(60049/2, 48, 21)
(30025, 50, 22)
(60051/2, 51, 23)
(30026, 50, 22)
(60053/2, 48, 21)
(30027, 43, 18)
(60055/2, 48, 21)
(30028, 50, 22)
(60057/2, 51, 23)
(30029, 50, 22)
(60059/2, 48, 21)
(30030, 43, 18)
(60061/2, 48, 21)
(30031, 50, 22)
(60063/2, 51, 23)
(30032, 50, 22)
(60065/2, 48, 21)
(30033, 43, 18)
(60067/2, 48, 21)
(30034, 50, 22)
(60069/2, 51, 23)
(30035, 50, 22)
(60071/2, 48, 21)
(30036, 43, 18)
(60073/2, 36, 14)
(60081/2, 39, 16)
(30041, 41, 17)
(60083/2, 39, 16)
(30042, 41, 17)
(60085/2, 43, 18)
(30043, 41, 17)
(60087/2, 43, 18)
(30044, 44, 19)
(60089/2, 43, 18)
(30045, 44, 19)
(60091/2, 43, 18)
(30046, 44, 19)
(60093/2, 43, 18)
(30047, 36, 14)
(60097/2, 43, 18)
(30049, 48, 21)
(60103/2, 36, 14)
(30052, 48, 21)
(60109/2, 36, 14)
(30055, 48, 21)
(60113/2, 36, 14)
(30058, 48, 21)
(60121/2, 58, 27)
(30061, 56, 26)
(60123/2, 58, 27)
(30062, 56, 26)
(60125/2, 55, 25)
(30063, 56, 26)
(60127/2, 55, 25)
(30064, 53, 24)
(60129/2, 55, 25)
(30065, 53, 24)
(60131/2, 46, 20)
(30067, 48, 21)
(60137/2, 49, 21)
(30070, 50, 22)
(60145/2, 38, 15)
(30073, 50, 22)
(60151/2, 38, 15)
(30076, 50, 22)
(60155/2, 38, 15)
(30079, 50, 22)
(60163/2, 60, 28)
(30082, 58, 27)
(60165/2, 60, 28)
(30083, 58, 27)
(60167/2, 57, 26)
(30084, 58, 27)
(60169/2, 57, 26)
(30085, 55, 25)
(60171/2, 57, 26)
(30086, 55, 25)
(60173/2, 48, 21)
(30088, 50, 22)
(60179/2, 51, 23)
(30091, 43, 18)
(60187/2, 43, 18)
(30094, 43, 18)
(60191/2, 48, 21)
(30097, 38, 15)
(60199/2, 38, 15)
(30100, 38, 15)
(60203/2, 43, 18)
(30103, 43, 18)
(60211/2, 43, 18)
(30106, 43, 18)
(60215/2, 48, 21)
(30109, 38, 15)
(30112, 38, 15)
(30115, 38, 15)
(60241/2, 54, 24)
(30121, 54, 24)
(30122, 55, 25)
(60245/2, 55, 25)
(60247/2, 48, 21)
(30124, 48, 21)
(60251/2, 50, 22)
(60253/2, 54, 24)
(30127, 54, 24)
(30128, 55, 25)
(60257/2, 55, 25)
(60259/2, 48, 21)
(30130, 48, 21)
(60263/2, 50, 22)
(60265/2, 43, 18)
(30133, 43, 18)
(30134, 48, 21)
(60269/2, 48, 21)
(60271/2, 41, 17)
(30136, 41, 17)
(60277/2, 43, 18)
(30139, 43, 18)
(30140, 48, 21)
(60281/2, 48, 21)
(60283/2, 41, 17)
(30142, 41, 17)
(60289/2, 43, 18)
(30145, 43, 18)
(60295/2, 43, 18)
(30148, 43, 18)
(60301/2, 43, 18)
(30151, 43, 18)
(60303/2, 43, 18)
(30152, 43, 18)
(60305/2, 43, 18)
(30153, 43, 18)
(60307/2, 43, 18)
(30154, 43, 18)
(60313/2, 55, 25)
(30157, 60, 28)
(60315/2, 62, 29)
(30158, 60, 28)
(60317/2, 58, 27)
(30159, 60, 28)
(60319/2, 58, 27)
(30160, 63, 30)
(60321/2, 65, 31)
(30161, 63, 30)
(60323/2, 62, 29)
(30162, 63, 30)
(60325/2, 62, 29)
(30163, 67, 32)
(60327/2, 69, 33)
(30164, 67, 32)
(60329/2, 65, 31)
(60331/2, 41, 17)
(30166, 46, 20)
(60333/2, 48, 21)
(30167, 46, 20)
(60335/2, 44, 19)
(30168, 46, 20)
(60337/2, 44, 19)
(30169, 43, 18)
(30172, 47, 20)
(60347/2, 48, 21)
(30175, 50, 22)
(60353/2, 51, 23)
(30178, 52, 23)
(60359/2, 53, 24)
(30181, 41, 17)
(60365/2, 43, 18)
(60367/2, 48, 21)
(30184, 41, 17)
(60371/2, 43, 18)
(60373/2, 48, 21)
(30187, 44, 19)
(60377/2, 43, 18)
(30190, 48, 21)
(30193, 47, 20)
(60391/2, 47, 20)
(30196, 47, 20)
(60395/2, 48, 21)
(30199, 49, 22)
(60401/2, 37, 15)
(30202, 39, 16)
(60407/2, 40, 16)
(30205, 41, 17)
(60413/2, 43, 18)
(60415/2, 48, 21)
(30208, 41, 17)
(60419/2, 43, 18)
(60421/2, 48, 21)
(30211, 44, 19)
(60425/2, 43, 18)
(30214, 48, 21)
(60433/2, 43, 18)
(30217, 48, 21)
(60435/2, 50, 22)
(30218, 51, 23)
(60437/2, 50, 22)
(30219, 48, 21)
(60439/2, 43, 18)
(30220, 48, 21)
(60441/2, 50, 22)
(30221, 51, 23)
(60443/2, 50, 22)
(30222, 48, 21)
(60445/2, 43, 18)
(30223, 48, 21)
(60447/2, 55, 25)
(30224, 51, 23)
(60449/2, 48, 21)
(30225, 43, 18)
(60451/2, 39, 16)
(30226, 36, 14)
(30294, 57, 26)
(60589/2, 62, 29)
(30295, 58, 27)
(30297, 55, 25)
(60595/2, 58, 27)
(30298, 57, 26)
(30300, 54, 24)
(60601/2, 57, 26)
(30301, 55, 25)
(60603/2, 54, 24)
(30302, 55, 25)
(60605/2, 52, 23)
(30303, 54, 24)
(60607/2, 55, 25)
(30304, 54, 24)
(60609/2, 52, 23)
(30305, 54, 24)
(60611/2, 50, 22)
(30306, 45, 19)
(60613/2, 50, 22)
(30307, 46, 20)
(30309, 43, 18)
(60619/2, 46, 20)
(30310, 45, 19)
(30312, 42, 17)
(60625/2, 45, 19)
(30313, 43, 18)
(60627/2, 41, 17)
(30314, 43, 18)
(60629/2, 40, 16)
(30315, 41, 17)
(60631/2, 43, 18)
(30316, 42, 17)
(60633/2, 40, 16)
(30317, 42, 17)
(60635/2, 38, 15)
(60641/2, 43, 18)
(30322, 42, 17)
(60645/2, 40, 16)
(30323, 42, 17)
(60647/2, 38, 15)
(60653/2, 43, 18)
(30328, 42, 17)
(30331, 42, 17)
(30334, 42, 17)
(60675/2, 54, 24)
(30338, 57, 26)
(60677/2, 50, 22)
(30339, 42, 17)
(60679/2, 45, 19)
(30340, 38, 15)
(60703/2, 38, 15)
(30352, 43, 18)
(60705/2, 45, 19)
(30353, 46, 20)
(60707/2, 45, 19)
(30354, 43, 18)
(60709/2, 38, 15)
(30355, 43, 18)
(60711/2, 45, 19)
(30356, 46, 20)
(60713/2, 45, 19)
(30357, 43, 18)
(60715/2, 38, 15)
(30358, 45, 19)
(60717/2, 46, 20)
(30359, 48, 21)
(60719/2, 46, 20)
(30360, 45, 19)
(60721/2, 38, 15)
(30361, 45, 19)
(60723/2, 46, 20)
(30362, 48, 21)
(60725/2, 46, 20)
(30363, 45, 19)
(60727/2, 38, 15)
(30364, 46, 20)
(60729/2, 48, 21)
(30365, 50, 22)
(60731/2, 48, 21)
(30366, 46, 20)
(60733/2, 43, 18)
(30367, 46, 20)
(30367, 50, 22)
(60737/2, 46, 20)
(60737/2, 50, 22)
(30370, 46, 20)
(30370, 51, 23)
(60745/2, 46, 20)
(60745/2, 51, 23)
(30373, 46, 20)
(30373, 50, 22)
(60749/2, 46, 20)
(60749/2, 50, 22)
(30376, 46, 20)
(30376, 51, 23)
(60757/2, 43, 18)
(30379, 49, 21)
(60759/2, 50, 22)
(30380, 52, 23)
(60761/2, 50, 22)
(30381, 49, 21)
(60763/2, 43, 18)
(30382, 49, 21)
(60765/2, 50, 22)
(30383, 52, 23)
(60767/2, 50, 22)
(30384, 49, 21)
(60769/2, 43, 18)
(30385, 49, 21)
(60771/2, 50, 22)
(30386, 52, 23)
(60773/2, 50, 22)
(30387, 49, 21)
(60775/2, 43, 18)
(30388, 50, 22)
(60777/2, 51, 23)
(30389, 50, 22)
(60779/2, 48, 21)
(30390, 45, 19)
(60781/2, 38, 15)
(30391, 50, 22)
(60787/2, 46, 20)
(30394, 45, 19)
(60791/2, 43, 18)
(30397, 42, 17)
(60797/2, 45, 19)
(30400, 48, 21)
(60803/2, 51, 23)
(30403, 50, 22)
(60811/2, 46, 20)
(30406, 45, 19)
(60815/2, 43, 18)
(30409, 42, 17)
(60821/2, 45, 19)
(30412, 48, 21)
(60827/2, 51, 23)
(30415, 50, 22)
(60835/2, 46, 20)
(60835/2, 50, 22)
(30418, 46, 20)
(30418, 50, 22)
(60839/2, 46, 20)
(60839/2, 50, 22)
(30421, 46, 20)
(30421, 51, 23)
(60847/2, 46, 20)
(60847/2, 51, 23)
(30424, 46, 20)
(30424, 50, 22)
(60851/2, 46, 20)
(60851/2, 50, 22)
(30427, 46, 20)
(30427, 51, 23)
(60859/2, 55, 25)
(30430, 55, 25)
(30439, 54, 24)
(30439, 55, 25)
(30439, 54, 24)
(60883/2, 53, 24)
(30442, 53, 24)
(30451, 52, 23)
(30451, 53, 24)
(30451, 52, 23)
(60907/2, 51, 23)
(30454, 51, 23)
(30457, 50, 22)
(30457, 51, 23)
(30457, 50, 22)
(60917/2, 51, 23)
(30460, 48, 21)
(60923/2, 50, 22)
(30463, 43, 18)
(60931/2, 54, 24)
(30466, 54, 24)
(30467, 55, 25)
(60935/2, 55, 25)
(60937/2, 48, 21)
(30469, 48, 21)
(60941/2, 50, 22)
(60943/2, 54, 24)
(30472, 54, 24)
(30473, 55, 25)
(60947/2, 55, 25)
(60949/2, 48, 21)
(30475, 48, 21)
(60953/2, 50, 22)
(60955/2, 43, 18)
(30478, 43, 18)
(30479, 48, 21)
(60959/2, 48, 21)
(60961/2, 41, 17)
(30481, 41, 17)
(60967/2, 43, 18)
(30484, 43, 18)
(30485, 48, 21)
(60971/2, 48, 21)
(60973/2, 41, 17)
(30487, 41, 17)
(60979/2, 41, 17)
(30490, 41, 17)
(60985/2, 41, 17)
(30493, 41, 17)
(60991/2, 39, 16)
(30496, 39, 16)
(60997/2, 39, 16)
(30499, 39, 16)
(61003/2, 39, 16)
(30502, 39, 16)
(61009/2, 39, 16)
(30505, 43, 18)
(61011/2, 44, 19)
(30506, 46, 20)
(61013/2, 44, 19)
(30507, 43, 18)
(61015/2, 39, 16)
(30508, 39, 16)
(61021/2, 39, 16)
(30511, 39, 16)
(61027/2, 39, 16)
(30514, 39, 16)
(30517, 37, 15)
(61039/2, 36, 14)
(30520, 41, 17)
(61045/2, 41, 17)
(30523, 41, 17)
(61051/2, 41, 17)
(30526, 41, 17)
(30529, 39, 16)
(61063/2, 38, 15)
(30532, 43, 18)
(61069/2, 43, 18)
(30535, 43, 18)
(61075/2, 43, 18)
(30538, 43, 18)
(30541, 43, 18)
(61111/2, 55, 25)
(30556, 60, 28)
(61113/2, 62, 29)
(30557, 63, 30)
(61115/2, 62, 29)
(30558, 60, 28)
(61117/2, 55, 25)
(30559, 60, 28)
(61119/2, 62, 29)
(30560, 63, 30)
(61121/2, 62, 29)
(30561, 60, 28)
(61123/2, 55, 25)
(30562, 62, 29)
(61125/2, 63, 30)
(30563, 65, 31)
(61127/2, 63, 30)
(30564, 62, 29)
(61129/2, 55, 25)
(30565, 62, 29)
(61131/2, 63, 30)
(30566, 65, 31)
(61133/2, 63, 30)
(30567, 62, 29)
(61135/2, 55, 25)
(30568, 48, 21)
(61137/2, 50, 22)
(30569, 51, 23)
(61139/2, 50, 22)
(30570, 48, 21)
(61141/2, 43, 18)
(30571, 48, 21)
(61143/2, 50, 22)
(30572, 51, 23)
(61145/2, 50, 22)
(30573, 48, 21)
(61147/2, 43, 18)
(30574, 50, 22)
(61149/2, 51, 23)
(30575, 53, 24)
(61151/2, 51, 23)
(30576, 50, 22)
(61153/2, 43, 18)
(30577, 50, 22)
(61155/2, 51, 23)
(30578, 53, 24)
(61157/2, 51, 23)
(30579, 50, 22)
(61159/2, 43, 18)
(30580, 51, 23)
(61165/2, 39, 16)
(30583, 39, 16)
(61169/2, 39, 16)
(30586, 44, 19)
(61177/2, 44, 19)
(30589, 39, 16)
(61181/2, 39, 16)
(30592, 44, 19)
(61189/2, 42, 17)
(30595, 42, 17)
(30604, 43, 18)
(61211/2, 55, 25)
(30607, 44, 19)
(61219/2, 39, 16)
(30610, 44, 19)
(61225/2, 39, 16)
(30613, 44, 19)
(61231/2, 39, 16)
(30616, 44, 19)
(61233/2, 46, 20)
(30617, 44, 19)
(61235/2, 43, 18)
(30618, 44, 19)
(61237/2, 43, 18)
(30619, 42, 17)
(30624, 60, 28)
(61249/2, 62, 29)
(30625, 63, 30)
(61251/2, 57, 26)
(30626, 60, 28)
(61253/2, 54, 24)
(30627, 57, 26)
(61255/2, 51, 23)
(30628, 54, 24)
(61257/2, 48, 21)
(30629, 51, 23)
(61259/2, 45, 19)
(30630, 48, 21)
(61261/2, 44, 19)
(30631, 43, 18)
(61265/2, 44, 19)
(30634, 41, 17)
(61271/2, 43, 18)
(30637, 36, 14)
(30699, 55, 25)
(61399/2, 60, 28)
(30700, 56, 26)
(30702, 53, 24)
(61405/2, 56, 26)
(30703, 55, 25)
(30705, 52, 23)
(61411/2, 55, 25)
(30706, 53, 24)
(61413/2, 52, 23)
(30707, 53, 24)
(61415/2, 50, 22)
(30708, 51, 23)
(61417/2, 53, 24)
(30709, 51, 23)
(61419/2, 50, 22)
(30710, 51, 23)
(61421/2, 51, 23)
(30711, 53, 24)
(61423/2, 51, 23)
(30712, 50, 22)
(61425/2, 48, 21)
(30713, 50, 22)
(61427/2, 47, 20)
(30714, 48, 21)
(61429/2, 47, 20)
(30715, 48, 21)
(61431/2, 47, 20)
(30716, 48, 21)
(61433/2, 44, 19)
(30717, 43, 18)
(61435/2, 44, 19)
(30718, 51, 23)
(61437/2, 51, 23)
(30719, 51, 23)
(61439/2, 39, 16)
(30720, 39, 16)
(61441/2, 39, 16)
(30721, 44, 19)
(30723, 43, 18)
(61447/2, 39, 16)
(30724, 44, 19)
(30726, 46, 20)
(61453/2, 43, 18)
(30727, 48, 21)
(30729, 48, 21)
(61459/2, 44, 19)
(30730, 49, 22)
(61461/2, 48, 21)
(30731, 49, 22)
(61463/2, 53, 24)
(30732, 51, 23)
(61465/2, 50, 22)
(30733, 51, 23)
(30735, 53, 24)
(61471/2, 50, 22)
(30736, 55, 25)
(30738, 55, 25)
(61477/2, 48, 21)
(30739, 56, 26)
(30741, 57, 26)
(61483/2, 50, 22)
(30742, 59, 27)
(61489/2, 43, 18)
(30745, 48, 21)
(61491/2, 50, 22)
(30746, 51, 23)
(61493/2, 50, 22)
(30747, 48, 21)
(61495/2, 43, 18)
(30748, 50, 22)
(61497/2, 51, 23)
(30749, 53, 24)
(61499/2, 51, 23)
(30750, 50, 22)
(61501/2, 43, 18)
(30751, 48, 21)
(61503/2, 50, 22)
(30752, 51, 23)
(61505/2, 50, 22)
(30753, 48, 21)
(61507/2, 43, 18)
(30754, 50, 22)
(61509/2, 51, 23)
(30755, 53, 24)
(61511/2, 51, 23)
(30756, 50, 22)
(61513/2, 43, 18)
(30757, 51, 23)
(61515/2, 53, 24)
(30758, 55, 25)
(61517/2, 53, 24)
(30759, 51, 23)
(61519/2, 48, 21)
(30760, 41, 17)
(61523/2, 41, 17)
(30763, 43, 18)
(61531/2, 43, 18)
(30766, 43, 18)
(61537/2, 43, 18)
(30769, 48, 21)
(61539/2, 50, 22)
(30770, 51, 23)
(61541/2, 50, 22)
(30771, 48, 21)
(61543/2, 43, 18)
(30772, 50, 22)
(61545/2, 51, 23)
(30773, 53, 24)
(61547/2, 51, 23)
(30774, 50, 22)
(61549/2, 43, 18)
(30775, 48, 21)
(61551/2, 50, 22)
(30776, 51, 23)
(61553/2, 50, 22)
(30777, 48, 21)
(61555/2, 43, 18)
(30778, 47, 20)
(61557/2, 48, 21)
(30779, 50, 22)
(61559/2, 48, 21)
(30780, 47, 20)
(61561/2, 43, 18)
(30781, 48, 21)
(61563/2, 50, 22)
(30782, 51, 23)
(61565/2, 50, 22)
(30783, 48, 21)
(61567/2, 36, 14)
(30784, 41, 17)
(30787, 43, 18)
(30790, 43, 18)
(61585/2, 43, 18)
(30793, 48, 21)
(61587/2, 50, 22)
(30794, 51, 23)
(61589/2, 50, 22)
(30795, 48, 21)
(61591/2, 43, 18)
(30796, 48, 21)
(61593/2, 50, 22)
(30797, 51, 23)
(61595/2, 55, 25)
(30798, 60, 28)
(61597/2, 55, 25)
(30799, 60, 28)
(61609/2, 43, 18)
(30805, 48, 21)
(61611/2, 50, 22)
(30806, 51, 23)
(61613/2, 50, 22)
(30807, 48, 21)
(61615/2, 43, 18)
(30808, 48, 21)
(61617/2, 50, 22)
(30809, 51, 23)
(61619/2, 55, 25)
(30810, 60, 28)
(61621/2, 62, 29)
(30811, 63, 30)
(61633/2, 55, 25)
(30817, 60, 28)
(61635/2, 62, 29)
(30818, 63, 30)
(61637/2, 62, 29)
(30819, 60, 28)
(61639/2, 55, 25)
(30820, 60, 28)
(61645/2, 55, 25)
(30823, 60, 28)
(61647/2, 62, 29)
(30824, 63, 30)
(61649/2, 62, 29)
(30825, 60, 28)
(61651/2, 55, 25)
(30826, 60, 28)
(61653/2, 62, 29)
(30827, 63, 30)
(61655/2, 62, 29)
(30828, 60, 28)
(61657/2, 55, 25)
(30829, 60, 28)
(61659/2, 62, 29)
(30830, 63, 30)
(61661/2, 62, 29)
(30831, 63, 30)
(61663/2, 65, 31)
(30832, 63, 30)
(61665/2, 62, 29)
(30833, 63, 30)
(61667/2, 65, 31)
(30834, 67, 32)
(61669/2, 68, 33)
(30835, 68, 33)
(61671/2, 67, 32)
(30836, 66, 31)
(61673/2, 67, 32)
(30837, 65, 31)
(61675/2, 64, 30)
(30838, 65, 31)
(61677/2, 63, 30)
(30839, 62, 29)
(61679/2, 63, 30)
(30840, 62, 29)
(61681/2, 60, 28)
(30841, 65, 31)
(61683/2, 63, 30)
(30842, 62, 29)
(61685/2, 63, 30)
(30843, 62, 29)
(61687/2, 60, 28)
(30844, 62, 29)
(61689/2, 60, 28)
(30845, 59, 27)
(61691/2, 58, 27)
(30846, 57, 26)
(61693/2, 56, 26)
(30847, 55, 25)
(61695/2, 60, 28)
(30848, 56, 26)
(61697/2, 55, 25)
(30849, 60, 28)
(61699/2, 56, 26)
(30850, 55, 25)
(61701/2, 57, 26)
(30851, 59, 27)
(61703/2, 60, 28)
(30852, 62, 29)
(61705/2, 63, 30)
(30853, 65, 31)
(61707/2, 63, 30)
(30854, 62, 29)
(61709/2, 60, 28)
(30855, 58, 27)
(61711/2, 56, 26)
(30856, 55, 25)
(61713/2, 60, 28)
(30857, 56, 26)
(61715/2, 55, 25)
(30858, 60, 28)
(61717/2, 56, 26)
(30859, 55, 25)
(61719/2, 60, 28)
(30860, 56, 26)
(61721/2, 55, 25)
(30861, 60, 28)
(61723/2, 56, 26)
(30862, 55, 25)
(61725/2, 57, 26)
(30863, 59, 27)
(61727/2, 60, 28)
(30864, 62, 29)
(61729/2, 63, 30)
(30865, 65, 31)
(61731/2, 67, 32)
(30866, 68, 33)
(61733/2, 67, 32)
(30867, 65, 31)
(61735/2, 63, 30)
(30868, 62, 29)
(61737/2, 60, 28)
(30869, 59, 27)
(61739/2, 58, 27)
(30870, 57, 26)
(61741/2, 56, 26)
(30871, 55, 25)
(61743/2, 55, 25)
(30872, 56, 26)
(61745/2, 54, 24)
(30873, 54, 24)
(61747/2, 54, 24)
(30874, 53, 24)
(61749/2, 53, 24)
(30875, 53, 24)
(61751/2, 52, 23)
(30876, 52, 23)
(61753/2, 52, 23)
(30877, 51, 23)
(61755/2, 51, 23)
(30878, 51, 23)
(61757/2, 50, 22)
(30879, 50, 22)
(61759/2, 50, 22)
(30880, 48, 21)
(61761/2, 48, 21)
(30881, 48, 21)
(61763/2, 46, 20)
(30882, 46, 20)
(61765/2, 46, 20)
(30883, 45, 19)
(61767/2, 45, 19)
(30884, 45, 19)
(61769/2, 45, 19)
(30885, 45, 19)
(61771/2, 45, 19)
(30886, 44, 19)
(61773/2, 44, 19)
(30887, 44, 19)
(61775/2, 44, 19)
(30888, 44, 19)
(61777/2, 44, 19)
(30889, 43, 18)
(61787/2, 43, 18)
(30895, 36, 14)
(30898, 36, 14)
(30901, 36, 14)
