(0, 58, 27)
(1/4, 60, 28)
(1/2, 58, 27)
(3/4, 55, 25)
(4, 63, 30)
(9, 67, 32)
(10, 58, 27)
(41/4, 60, 28)
(21/2, 58, 27)
(43/4, 55, 25)
(12, 63, 30)
(19, 63, 30)
(77/4, 65, 31)
(39/2, 63, 30)
(79/4, 58, 27)
(20, 67, 32)
(83/4, 65, 31)
(21, 65, 31)
(23, 65, 31)
(93/4, 67, 32)
(47/2, 65, 31)
(95/4, 62, 29)
(24, 70, 34)
(51/2, 69, 33)
(103/4, 69, 33)
(27, 69, 33)
(109/4, 70, 34)
(55/2, 69, 33)
(111/4, 65, 31)
(28, 75, 37)
(115/4, 74, 36)
(117/4, 74, 36)
(119/4, 79, 39)
(30, 79, 39)
(123/4, 77, 38)
(31, 77, 38)
(127/4, 84, 42)
(32, 82, 41)
(129/4, 82, 41)
(135/4, 79, 39)
(137/4, 75, 37)
(139/4, 72, 35)
(36, 70, 34)
(73/2, 67, 32)
(37, 58, 27)
(75/2, 63, 30)
(38, 62, 29)
(77/2, 63, 30)
(40, 70, 34)
(42, 58, 27)
(169/4, 60, 28)
(85/2, 55, 25)
(44, 61, 29)
(48, 60, 28)
(193/4, 58, 27)
(97/2, 55, 25)
(52, 61, 29)
(57, 64, 30)
(229/4, 65, 31)
(115/2, 64, 30)
(231/4, 60, 28)
(60, 70, 34)
(243/4, 68, 33)
(245/4, 68, 33)
(253/4, 65, 31)
(127/2, 67, 32)
(255/4, 62, 29)
(64, 60, 28)
(64, 70, 34)
(257/4, 70, 34)
(265/4, 67, 32)
(133/2, 68, 33)
(267/4, 67, 32)
(68, 73, 36)
(275/4, 75, 37)
(553/8, 73, 36)
(555/8, 73, 36)
(561/8, 77, 38)
(72, 77, 38)
(291/4, 75, 37)
(73, 75, 37)
(75, 70, 34)
(76, 70, 34)
(153/2, 68, 33)
(80, 75, 37)
(84, 70, 34)
(169/2, 68, 33)
(85, 64, 30)
(86, 65, 31)
(87, 65, 31)
(88, 75, 37)
(181/2, 73, 36)
(91, 72, 35)
(183/2, 70, 34)
(92, 72, 35)
(187/2, 72, 35)
(94, 74, 36)
(189/2, 75, 37)
(95, 77, 38)
(96, 77, 38)
(193/2, 75, 37)
(97, 74, 36)
(195/2, 72, 35)
(197/2, 75, 37)
(199/2, 72, 35)
(100, 70, 34)
(203/2, 70, 34)
(102, 72, 35)
(207/2, 70, 34)
(104, 70, 34)
(211/2, 70, 34)
(107, 72, 35)
(108, 70, 34)
(217/2, 67, 32)
(109, 62, 29)
(219/2, 63, 30)
(110, 68, 33)
(221/2, 60, 28)
(111, 62, 29)
(112, 63, 30)
(225/2, 63, 30)
(113, 67, 32)
(227/2, 70, 34)
(114, 75, 37)
(229/2, 72, 35)
(115, 69, 33)
(231/2, 70, 34)
(118, 70, 34)
(237/2, 69, 33)
(119, 70, 34)
(120, 70, 34)
(243/2, 70, 34)
(122, 75, 37)
(245/2, 69, 33)
(123, 70, 34)
(124, 70, 34)
(249/2, 67, 32)
(125, 62, 29)
(251/2, 63, 30)
(126, 68, 33)
(253/2, 65, 31)
(127, 60, 28)
(255/2, 62, 29)
(130, 65, 31)
(521/4, 67, 32)
(261/2, 65, 31)
(523/4, 62, 29)
(132, 70, 34)
(133, 70, 34)
(533/4, 72, 35)
(267/2, 70, 34)
(535/4, 67, 32)
(134, 70, 34)
(135, 77, 38)
(541/4, 79, 39)
(271/2, 77, 38)
(543/4, 70, 34)
(136, 79, 39)
(138, 77, 38)
(553/4, 79, 39)
(277/2, 77, 38)
(555/4, 74, 36)
(140, 82, 41)
(141, 82, 41)
(565/4, 84, 42)
(283/2, 79, 39)
(567/4, 82, 41)
(571/4, 77, 38)
(143, 79, 39)
(573/4, 77, 38)
(287/2, 70, 34)
(144, 79, 39)
(145, 82, 41)
(581/4, 84, 42)
(291/2, 79, 39)
(583/4, 87, 44)
(149, 79, 39)
(597/4, 81, 40)
(299/2, 79, 39)
(599/4, 76, 37)
(150, 88, 44)
(152, 60, 28)
(154, 60, 28)
(313/2, 64, 30)
(157, 69, 33)
(315/2, 72, 35)
(158, 76, 37)
(317/2, 78, 39)
(159, 81, 40)
(319/2, 88, 44)
(160, 86, 43)
(641/4, 88, 44)
(321/2, 86, 43)
(643/4, 82, 41)
(161, 84, 42)
(645/4, 82, 41)
(323/2, 77, 38)
(647/4, 77, 38)
(162, 79, 39)
(649/4, 77, 38)
(325/2, 74, 36)
(651/4, 74, 36)
(163, 76, 37)
(653/4, 74, 36)
(327/2, 70, 34)
(164, 69, 33)
(329/2, 64, 30)
(165, 69, 33)
(331/2, 72, 35)
(166, 76, 37)
(333/2, 78, 39)
(167, 81, 40)
(335/2, 88, 44)
(168, 86, 43)
(673/4, 88, 44)
(337/2, 86, 43)
(675/4, 82, 41)
(169, 82, 41)
(677/4, 84, 42)
(339/2, 82, 41)
(679/4, 77, 38)
(170, 77, 38)
(681/4, 79, 39)
(341/2, 77, 38)
(683/4, 74, 36)
(171, 74, 36)
(685/4, 76, 37)
(343/2, 74, 36)
(687/4, 70, 34)
(172, 75, 37)
(345/2, 78, 39)
(173, 81, 40)
(347/2, 90, 46)
(174, 89, 45)
(349/2, 87, 44)
(176, 86, 43)
(705/4, 87, 44)
(353/2, 86, 43)
(707/4, 82, 41)
(177, 82, 41)
(709/4, 84, 42)
(355/2, 82, 41)
(711/4, 77, 38)
(178, 67, 32)
(178, 77, 38)
(713/4, 80, 40)
(357/2, 77, 38)
(715/4, 74, 36)
(179, 74, 36)
(717/4, 75, 37)
(359/2, 74, 36)
(719/4, 70, 34)
(180, 74, 36)
(721/4, 75, 37)
(361/2, 74, 36)
(723/4, 70, 34)
(181, 70, 34)
(725/4, 72, 35)
(363/2, 70, 34)
(727/4, 65, 31)
(909/5, 65, 31)
(1821/10, 67, 32)
(1823/10, 65, 31)
(1643/9, 62, 29)
(914/5, 62, 29)
(1831/10, 63, 30)
(1833/10, 62, 29)
(1652/9, 58, 27)
(184, 62, 29)
(737/4, 63, 30)
(369/2, 62, 29)
(739/4, 58, 27)
(185, 62, 29)
(741/4, 63, 30)
(371/2, 62, 29)
(743/4, 58, 27)
(186, 62, 29)
(745/4, 63, 30)
(373/2, 58, 27)
(373/2, 62, 29)
(747/4, 62, 29)
(187, 63, 30)
(749/4, 62, 29)
(375/2, 58, 27)
(188, 62, 29)
(753/4, 63, 30)
(377/2, 62, 29)
(755/4, 56, 26)
(189, 62, 29)
(757/4, 63, 30)
(379/2, 62, 29)
(759/4, 56, 26)
(190, 62, 29)
(761/4, 63, 30)
(381/2, 62, 29)
(763/4, 56, 26)
(191, 62, 29)
(765/4, 63, 30)
(383/2, 62, 29)
(767/4, 58, 27)
(192, 62, 29)
(769/4, 63, 30)
(385/2, 62, 29)
(771/4, 57, 26)
(193, 62, 29)
(773/4, 63, 30)
(387/2, 62, 29)
(775/4, 57, 26)
(194, 62, 29)
(777/4, 63, 30)
(389/2, 62, 29)
(779/4, 57, 26)
(195, 62, 29)
(781/4, 63, 30)
(391/2, 62, 29)
(783/4, 58, 27)
(196, 62, 29)
(197, 67, 32)
(199, 65, 31)
(801/4, 67, 32)
(401/2, 65, 31)
(803/4, 62, 29)
(201, 67, 32)
(805/4, 62, 29)
(403/2, 65, 31)
(807/4, 67, 32)
(202, 65, 31)
(809/4, 62, 29)
(405/2, 65, 31)
(811/4, 67, 32)
(203, 65, 31)
(813/4, 62, 29)
(204, 65, 31)
(817/4, 67, 32)
(409/2, 65, 31)
(819/4, 63, 30)
(205, 65, 31)
(821/4, 67, 32)
(411/2, 65, 31)
(823/4, 63, 30)
(206, 65, 31)
(825/4, 67, 32)
(413/2, 65, 31)
(827/4, 63, 30)
(207, 65, 31)
(829/4, 67, 32)
(415/2, 65, 31)
(831/4, 61, 29)
(208, 65, 31)
(833/4, 67, 32)
(417/2, 65, 31)
(835/4, 63, 30)
(209, 65, 31)
(837/4, 67, 32)
(419/2, 63, 30)
(839/4, 65, 31)
(210, 67, 32)
(841/4, 65, 31)
(421/2, 63, 30)
(843/4, 65, 31)
(211, 67, 32)
(845/4, 65, 31)
(423/2, 62, 29)
(212, 65, 31)
(213, 70, 34)
(215, 68, 33)
(216, 68, 33)
(865/4, 70, 34)
(433/2, 68, 33)
(867/4, 65, 31)
(217, 68, 33)
(869/4, 70, 34)
(435/2, 68, 33)
(871/4, 65, 31)
(218, 68, 33)
(873/4, 70, 34)
(437/2, 68, 33)
(875/4, 65, 31)
(219, 77, 38)
(220, 76, 37)
(223, 77, 38)
(224, 76, 37)
(227, 77, 38)
(228, 79, 39)
(229, 81, 40)
(230, 82, 41)
(231, 87, 44)
(232, 87, 44)
(469/2, 86, 43)
(235, 84, 42)
(471/2, 82, 41)
(236, 82, 41)
(473/2, 79, 39)
(237, 77, 38)
(475/2, 75, 37)
(238, 77, 38)
(477/2, 80, 40)
(239, 79, 39)
(479/2, 77, 38)
(240, 77, 38)
(244, 79, 39)
(245, 80, 40)
(246, 82, 41)
(247, 87, 44)
(248, 87, 44)
(501/2, 86, 43)
(251, 84, 42)
(503/2, 82, 41)
(252, 82, 41)
(505/2, 80, 40)
(507/2, 79, 39)
(254, 76, 37)
(509/2, 77, 38)
(255, 82, 41)
(256, 82, 41)
(257, 79, 39)
(515/2, 77, 38)
(258, 76, 37)
(517/2, 77, 38)
(259, 86, 43)
(519/2, 80, 40)
(260, 81, 40)
(521/2, 77, 38)
(261, 82, 41)
(523/2, 79, 39)
(1049/4, 77, 38)
(1051/4, 74, 36)
(264, 79, 39)
(529/2, 75, 37)
(265, 74, 36)
(531/2, 70, 34)
(266, 75, 37)
(533/2, 72, 35)
(267, 70, 34)
(535/2, 67, 32)
(268, 69, 33)
(537/2, 70, 34)
(269, 79, 39)
(272, 80, 40)
(545/2, 84, 42)
(273, 86, 43)
(547/2, 87, 44)
(274, 56, 26)
(275, 89, 45)
(551/2, 87, 44)
(276, 86, 43)
(277, 86, 43)
(2219/8, 86, 43)
(2221/8, 82, 41)
(2223/8, 86, 43)
(2225/8, 87, 44)
(2227/8, 86, 43)
(2229/8, 82, 41)
(2231/8, 82, 41)
(280, 86, 43)
(1121/4, 87, 44)
(561/2, 86, 43)
(1123/4, 82, 41)
(281, 84, 42)
(1125/4, 87, 44)
(563/2, 82, 41)
(1127/4, 86, 43)
(2537/9, 87, 44)
(282, 86, 43)
(1693/6, 82, 41)
(847/3, 86, 43)
(1978/7, 87, 44)
(1979/7, 86, 43)
(1980/7, 82, 41)
(284, 72, 35)
(284, 91, 46)
(569/2, 89, 45)
(285, 87, 44)
(571/2, 86, 43)
(288, 84, 42)
(577/2, 82, 41)
(289, 80, 40)
(579/2, 79, 39)
(290, 79, 39)
(581/2, 77, 38)
(291, 75, 37)
(583/2, 72, 35)
(292, 77, 38)
(293, 74, 36)
(1173/4, 75, 37)
(587/2, 74, 36)
(1175/4, 70, 34)
(294, 74, 36)
(1177/4, 75, 37)
(589/2, 74, 36)
(1179/4, 70, 34)
(295, 74, 36)
(1181/4, 75, 37)
(591/2, 74, 36)
(1183/4, 70, 34)
(296, 74, 36)
(593/2, 70, 34)
(1187/4, 74, 36)
(297, 75, 37)
(1189/4, 74, 36)
(595/2, 70, 34)
(1191/4, 74, 36)
(298, 75, 37)
(1193/4, 70, 34)
(597/2, 74, 36)
(1195/4, 75, 37)
(299, 74, 36)
(301, 62, 29)
(302, 79, 39)
(605/2, 77, 38)
(303, 75, 37)
(607/2, 74, 36)
(304, 72, 35)
(609/2, 70, 34)
(305, 69, 33)
(611/2, 67, 32)
(306, 75, 37)
(613/2, 72, 35)
(308, 70, 34)
(617/2, 68, 33)
(309, 67, 32)
(619/2, 65, 31)
(310, 63, 30)
(621/2, 66, 31)
(311, 67, 32)
(623/2, 66, 31)
(312, 67, 32)
(625/2, 79, 39)
(313, 79, 39)
(627/2, 79, 39)
(314, 79, 39)
(629/2, 79, 39)
(315, 79, 39)
(316, 79, 39)
(317, 77, 38)
(318, 75, 37)
(319, 74, 36)
(320, 72, 35)
(321, 70, 34)
(322, 69, 33)
(645/2, 67, 32)
(324, 65, 31)
(326, 63, 30)
(328, 62, 29)
(330, 60, 28)
(332, 60, 28)
(333, 62, 29)
(334, 63, 30)
(335, 65, 31)
(336, 67, 32)
(337, 69, 33)
(338, 70, 34)
(339, 72, 35)
(340, 74, 36)
(341, 74, 36)
(1365/4, 74, 36)
(683/2, 71, 34)
(1367/4, 80, 40)
(1371/4, 65, 31)
(343, 67, 32)
(1373/4, 65, 31)
(687/2, 62, 29)
(344, 67, 32)
(347, 55, 25)
(1389/4, 57, 26)
(695/2, 55, 25)
(1391/4, 57, 26)
(348, 58, 27)
(349, 82, 41)
(350, 67, 32)
(1401/4, 63, 30)
(352, 68, 33)
(355, 81, 40)
(1421/4, 82, 41)
(711/2, 81, 40)
(1423/4, 77, 38)
(356, 87, 44)
(1429/4, 89, 45)
(715/2, 87, 44)
(1431/4, 84, 42)
(358, 84, 42)
(1433/4, 86, 43)
(717/2, 84, 42)
(1435/4, 81, 40)
(359, 81, 40)
(1437/4, 82, 41)
(719/2, 81, 40)
(1439/4, 77, 38)
(360, 77, 38)
(721/2, 86, 43)
(361, 81, 40)
(723/2, 82, 41)
(362, 81, 40)
(725/2, 82, 41)
(363, 76, 37)
(727/2, 79, 39)
(364, 76, 37)
(729/2, 77, 38)
(365, 74, 36)
(731/2, 70, 34)
(366, 69, 33)
(733/2, 65, 31)
(367, 63, 30)
(735/2, 60, 28)
(368, 58, 27)
(372, 65, 31)
(374, 68, 33)
(751/2, 67, 32)
(376, 67, 32)
(380, 70, 34)
(381, 69, 33)
(384, 69, 33)
(388, 69, 33)
(389, 75, 37)
(390, 74, 36)
(391, 72, 35)
(392, 72, 35)
(393, 70, 34)
(394, 69, 33)
(395, 67, 32)
(396, 65, 31)
(397, 62, 29)
(398, 60, 28)
(399, 65, 31)
(400, 64, 30)
(404, 65, 31)
(405, 75, 37)
(406, 74, 36)
(407, 72, 35)
(408, 72, 35)
(409, 70, 34)
(410, 69, 33)
(411, 67, 32)
(412, 65, 31)
(413, 62, 29)
(414, 60, 28)
(415, 65, 31)
(416, 58, 27)
(833/2, 57, 26)
(417, 58, 27)
(835/2, 58, 27)
(418, 60, 28)
(837/2, 62, 29)
(419, 63, 30)
(839/2, 64, 30)
(420, 65, 31)
(421, 69, 33)
(843/2, 67, 32)
(422, 70, 34)
(845/2, 69, 33)
(423, 74, 36)
(847/2, 72, 35)
(424, 72, 35)
(424, 70, 34)
(849/2, 69, 33)
(425, 70, 34)
(851/2, 71, 34)
(426, 72, 35)
(853/2, 74, 36)
(427, 75, 37)
(855/2, 76, 37)
(428, 77, 38)
(429, 81, 40)
(859/2, 79, 39)
(430, 82, 41)
(861/2, 81, 40)
(431, 86, 43)
(863/2, 84, 42)
(432, 82, 41)
(865/2, 80, 40)
(433, 86, 43)
(867/2, 84, 42)
(434, 82, 41)
(869/2, 80, 40)
(435, 86, 43)
(871/2, 84, 42)
(436, 81, 40)
(873/2, 86, 43)
(437, 84, 42)
(875/2, 82, 41)
(438, 81, 40)
(877/2, 86, 43)
(439, 84, 42)
(440, 82, 41)
(441, 70, 34)
(1765/4, 72, 35)
(883/2, 70, 34)
(1767/4, 65, 31)
(442, 74, 36)
(443, 77, 38)
(1773/4, 79, 39)
(887/2, 77, 38)
(1775/4, 74, 36)
(444, 82, 41)
(445, 87, 44)
(1781/4, 86, 43)
(891/2, 82, 41)
(1783/4, 89, 45)
(453, 63, 30)
(454, 62, 29)
(455, 60, 28)
(456, 59, 27)
(457, 60, 28)
(458, 62, 29)
(461, 63, 30)
(462, 62, 29)
(463, 60, 28)
(464, 59, 27)
(465, 60, 28)
(466, 62, 29)
(469, 63, 30)
(470, 62, 29)
(947/2, 71, 34)
(477, 74, 36)
(478, 72, 35)
(479, 77, 38)
(480, 75, 37)
(481, 83, 41)
(482, 84, 42)
(483, 86, 43)
(484, 87, 44)
(487, 86, 43)
(488, 84, 42)
(489, 80, 40)
(981/2, 77, 38)
(492, 75, 37)
(493, 74, 36)
(494, 72, 35)
(495, 65, 31)
(496, 63, 30)
(497, 61, 29)
(498, 60, 28)
(499, 58, 27)
(500, 57, 26)
(501, 61, 29)
(502, 60, 28)
(505, 70, 34)
(506, 69, 33)
(509, 72, 35)
(510, 70, 34)
(511, 75, 37)
(512, 81, 40)
(513, 84, 42)
(516, 84, 42)
(520, 82, 41)
(1562/3, 81, 40)
(1043/2, 82, 41)
(523, 75, 37)
(524, 73, 36)
(525, 72, 35)
(526, 70, 34)
(527, 68, 33)
(528, 67, 32)
(529, 65, 31)
(530, 63, 30)
(531, 65, 31)
(532, 64, 30)
(533, 65, 31)
(534, 64, 30)
(537, 65, 31)
(538, 64, 30)
(547, 79, 39)
(548, 84, 42)
(2195/4, 82, 41)
(1099/2, 86, 43)
(550, 77, 38)
(552, 77, 38)
(1105/2, 80, 40)
(2213/4, 75, 37)
(2215/4, 77, 38)
(1109/2, 72, 35)
(555, 68, 33)
(1111/2, 65, 31)
(556, 60, 28)
(563, 78, 38)
(2253/4, 78, 38)
(1127/2, 74, 36)
(1129/2, 87, 44)
(1131/2, 86, 43)
(2265/4, 80, 40)
(2267/4, 79, 39)
(568, 78, 38)
(1705/3, 79, 39)
(1706/3, 82, 41)
(569, 78, 38)
(570, 79, 39)
(1141/2, 74, 36)
(571, 70, 34)
(1143/2, 67, 32)
(1145/2, 86, 43)
(573, 89, 45)
(1147/2, 87, 44)
(574, 86, 43)
(1149/2, 84, 42)
(575, 82, 41)
(1151/2, 81, 40)
(576, 80, 40)
(577, 75, 37)
(1155/2, 72, 35)
(578, 69, 33)
(580, 70, 34)
(1161/2, 74, 36)
(581, 79, 39)
(1163/2, 74, 36)
(582, 71, 34)
(584, 72, 35)
(1169/2, 75, 37)
(1171/2, 82, 41)
(587, 74, 36)
(588, 75, 37)
(2353/4, 79, 39)
(594, 70, 34)
(1189/2, 64, 30)
(595, 58, 27)
(1191/2, 55, 25)
(596, 62, 29)
(597, 60, 28)
(2389/4, 62, 29)
(1195/2, 60, 28)
(2391/4, 57, 26)
(598, 63, 30)
(2393/4, 65, 31)
(1197/2, 63, 30)
(2395/4, 60, 28)
(599, 60, 28)
(2397/4, 62, 29)
(1199/2, 60, 28)
(2399/4, 57, 26)
(600, 60, 28)
(2401/4, 56, 26)
(2401/4, 62, 29)
(1201/2, 63, 30)
(2403/4, 60, 28)
(601, 60, 28)
(2413/4, 60, 28)
(1207/2, 56, 26)
(1209/2, 69, 33)
(612, 77, 38)
(1225/2, 80, 40)
(613, 77, 38)
(614, 74, 36)
(614, 74, 36)
(616, 68, 33)
(2465/4, 70, 34)
(1233/2, 65, 31)
(1233/2, 68, 33)
(2467/4, 65, 31)
(617, 67, 32)
(2469/4, 62, 29)
(2469/4, 65, 31)
(1235/2, 68, 33)
(2471/4, 70, 34)
(1241/2, 74, 36)
(624, 67, 32)
(625, 76, 37)
(626, 77, 38)
(628, 80, 40)
(628, 72, 35)
(630, 72, 35)
(632, 70, 34)
(636, 84, 42)
(2547/4, 82, 41)
(637, 67, 32)
(637, 70, 34)
(640, 77, 38)
(2563/4, 75, 37)
(2565/4, 74, 36)
(642, 74, 36)
(2569/4, 72, 35)
(644, 71, 34)
(645, 71, 34)
(2581/4, 72, 35)
(646, 72, 35)
(648, 71, 34)
(652, 66, 31)
(656, 56, 26)
(657, 56, 26)
(660, 58, 27)
(662, 68, 33)
(664, 68, 33)
(668, 60, 28)
(672, 63, 30)
(674, 63, 30)
(1353/2, 56, 26)
(677, 56, 26)
(1355/2, 56, 26)
(680, 70, 34)
(684, 63, 30)
(684, 79, 39)
(684, 79, 39)
(688, 75, 37)
(692, 77, 38)
(696, 77, 38)
(704, 79, 39)
(705, 86, 43)
(708, 84, 42)
(709, 82, 41)
(710, 80, 40)
(712, 79, 39)
(715, 80, 40)
(1431/2, 79, 39)
(716, 79, 39)
(720, 67, 32)
(721, 75, 37)
(722, 74, 36)
(724, 79, 39)
(725, 75, 37)
(728, 77, 38)
(729, 75, 37)
(730, 72, 35)
(732, 77, 38)
(2198/3, 74, 36)
(2200/3, 72, 35)
(736, 75, 37)
(737, 73, 36)
(738, 70, 34)
(740, 75, 37)
(741, 72, 35)
(742, 70, 34)
(743, 69, 33)
(744, 74, 36)
(746, 75, 37)
(1495/2, 74, 36)
(748, 74, 36)
(752, 67, 32)
(755, 69, 33)
(756, 74, 36)
(760, 69, 33)
(764, 75, 37)
(769, 72, 35)
(770, 70, 34)
(771, 69, 33)
(772, 67, 32)
(773, 65, 31)
(774, 64, 30)
(775, 63, 30)
(776, 62, 29)
(778, 65, 31)
(1559/2, 63, 30)
(780, 63, 30)
(784, 64, 30)
(788, 65, 31)
(792, 69, 33)
(1585/2, 67, 32)
(3171/4, 67, 32)
(796, 67, 32)
(797, 70, 34)
(3191/4, 68, 33)
(800, 67, 32)
(1601/2, 70, 34)
(801, 68, 33)
(1603/2, 72, 35)
(802, 70, 34)
(804, 80, 40)
(3219/4, 82, 41)
(3221/4, 84, 42)
(808, 74, 36)
(3233/4, 75, 37)
(1617/2, 74, 36)
(3235/4, 77, 38)
(809, 77, 38)
(3237/4, 75, 37)
(1619/2, 79, 39)
(3239/4, 79, 39)
(810, 77, 38)
(812, 80, 40)
(3249/4, 80, 40)
(1625/2, 79, 39)
(3251/4, 79, 39)
(3255/4, 82, 41)
(814, 82, 41)
(3257/4, 80, 40)
(1629/2, 80, 40)
(3259/4, 89, 45)
(815, 88, 44)
(3261/4, 91, 46)
(5708/7, 91, 46)
(2447/3, 89, 45)
(4895/6, 89, 45)
(816, 80, 40)
(1633/2, 89, 45)
(3267/4, 89, 45)
(817, 91, 46)
(3269/4, 89, 45)
(1635/2, 86, 43)
(3271/4, 86, 43)
(818, 87, 44)
(3273/4, 86, 43)
(1637/2, 82, 41)
(3275/4, 82, 41)
(819, 84, 42)
(3277/4, 82, 41)
(1639/2, 80, 40)
(820, 80, 40)
(3281/4, 82, 41)
(1641/2, 80, 40)
(3283/4, 77, 38)
(821, 77, 38)
(6569/8, 79, 39)
(3285/4, 74, 36)
(1643/2, 75, 37)
(3287/4, 74, 36)
(822, 70, 34)
(824, 80, 40)
(824, 82, 41)
(3297/4, 80, 40)
(1649/2, 77, 38)
(3299/4, 74, 36)
(825, 70, 34)
(828, 68, 33)
(3313/4, 70, 34)
(1657/2, 68, 33)
(3315/4, 65, 31)
(829, 65, 31)
(3317/4, 65, 31)
(3317/4, 67, 32)
(1659/2, 62, 29)
(3319/4, 62, 29)
(830, 63, 30)
(3321/4, 62, 29)
(1661/2, 58, 27)
(3323/4, 58, 27)
(3329/4, 55, 25)
(3329/4, 56, 26)
(1665/2, 58, 27)
(3331/4, 60, 28)
(3335/4, 58, 27)
(3335/4, 60, 28)
(3335/4, 70, 34)
(834, 62, 29)
(3337/4, 63, 30)
(1669/2, 58, 27)
(836, 67, 32)
(3345/4, 67, 32)
(1673/2, 68, 33)
(3347/4, 70, 34)
(837, 72, 35)
(3349/4, 70, 34)
(1675/2, 72, 35)
(3351/4, 70, 34)
(838, 72, 35)
(3353/4, 74, 36)
(1677/2, 74, 36)
(3355/4, 77, 38)
(840, 79, 39)
(3361/4, 72, 35)
(1681/2, 74, 36)
(3363/4, 75, 37)
(3365/4, 75, 37)
(1683/2, 77, 38)
(3367/4, 67, 32)
(3367/4, 75, 37)
(842, 80, 40)
(3369/4, 82, 41)
(1685/2, 86, 43)
(844, 87, 44)
(3377/4, 86, 43)
(1689/2, 84, 42)
(3379/4, 82, 41)
(845, 84, 42)
(3381/4, 86, 43)
(1691/2, 87, 44)
(1693/2, 89, 45)
(848, 82, 41)
(3395/4, 70, 34)
(3397/4, 65, 31)
(852, 87, 44)
(1707/2, 84, 42)
(1709/2, 75, 37)
(855, 72, 35)
(1711/2, 68, 33)
(856, 75, 37)
(3427/4, 74, 36)
(3427/4, 67, 32)
(3429/4, 79, 39)
(3433/4, 79, 39)
(3439/4, 77, 38)
(860, 82, 41)
(1723/2, 79, 39)
(862, 75, 37)
(1725/2, 72, 35)
(864, 70, 34)
(1729/2, 67, 32)
(865, 63, 30)
(1731/2, 60, 28)
(866, 58, 27)
(1733/2, 63, 30)
(867, 62, 29)
(1735/2, 63, 30)
(868, 65, 31)
(869, 72, 35)
(1741/2, 80, 40)
(871, 77, 38)
(1743/2, 75, 37)
(872, 68, 33)
(873, 65, 31)
(1749/2, 63, 30)
(875, 60, 28)
(875, 65, 31)
(1751/2, 64, 30)
(1751/2, 65, 31)
(876, 65, 31)
(877, 65, 31)
(877, 72, 35)
(877, 77, 38)
(880, 77, 38)
(1761/2, 75, 37)
(881, 72, 35)
(1763/2, 69, 33)
(882, 65, 31)
(1765/2, 63, 30)
(883, 65, 31)
(1767/2, 69, 33)
(884, 72, 35)
(1769/2, 75, 37)
(885, 77, 38)
(1771/2, 80, 40)
(886, 82, 41)
(1773/2, 67, 32)
(887, 77, 38)
(888, 74, 36)
(1777/2, 70, 34)
(889, 62, 29)
(1779/2, 70, 34)
(892, 73, 36)
(1785/2, 75, 37)
(893, 82, 41)
(1787/2, 86, 43)
(1789/2, 70, 34)
(896, 70, 34)
(1793/2, 68, 33)
(897, 64, 30)
(1795/2, 65, 31)
(900, 75, 37)
(2710/3, 73, 36)
(2711/3, 70, 34)
(904, 79, 39)
(904, 80, 40)
(905, 65, 30)
(906, 77, 38)
(908, 75, 37)
(911, 73, 36)
(1823/2, 70, 34)
(912, 72, 35)
(1825/2, 74, 36)
(913, 75, 37)
(1827/2, 67, 32)
(1827/2, 77, 38)
(916, 77, 38)
(1833/2, 75, 37)
(917, 74, 36)
(1835/2, 72, 35)
(918, 72, 35)
(1837/2, 69, 33)
(919, 70, 34)
(920, 70, 34)
(1843/2, 70, 34)
(922, 75, 37)
(1845/2, 72, 35)
(923, 70, 34)
(924, 70, 34)
(1851/2, 70, 34)
(926, 75, 37)
(1853/2, 69, 33)
(927, 70, 34)
(928, 70, 34)
(1857/2, 67, 32)
(929, 62, 29)
(1859/2, 63, 30)
(3721/4, 68, 33)
(3723/4, 65, 31)
(3725/4, 60, 28)
(932, 63, 30)
(2797/3, 63, 30)
(2798/3, 67, 32)
(933, 70, 34)
(934, 75, 37)
(1869/2, 72, 35)
(935, 69, 33)
(1871/2, 74, 36)
(936, 74, 36)
(1875/2, 74, 36)
(938, 75, 37)
(1877/2, 72, 35)
(939, 68, 33)
(941, 75, 37)
(1883/2, 68, 33)
(944, 75, 37)
(945, 74, 36)
(1891/2, 71, 34)
(946, 67, 32)
(1893/2, 74, 36)
(948, 77, 38)
(1897/2, 74, 36)
(949, 71, 34)
(3797/4, 77, 38)
(3799/4, 72, 35)
(3801/4, 68, 33)
(3803/4, 75, 37)
(952, 78, 39)
(1905/2, 75, 37)
(953, 72, 35)
(1907/2, 78, 39)
(954, 78, 39)
(1909/2, 75, 37)
(955, 72, 35)
(1911/2, 78, 39)
(956, 78, 39)
(1913/2, 75, 37)
(957, 72, 35)
(1915/2, 78, 39)
(958, 78, 39)
(1917/2, 75, 37)
(959, 72, 35)
(1919/2, 78, 39)
(960, 80, 40)
(3841/4, 82, 41)
(1921/2, 80, 40)
(3843/4, 77, 38)
(961, 77, 38)
(3845/4, 79, 39)
(1923/2, 77, 38)
(3847/4, 74, 36)
(962, 74, 36)
(3849/4, 75, 37)
(1925/2, 74, 36)
(3851/4, 70, 34)
(963, 70, 34)
(3853/4, 72, 35)
(1927/2, 70, 34)
(3855/4, 68, 33)
(964, 68, 33)
(3857/4, 70, 34)
(1929/2, 68, 33)
(3859/4, 65, 31)
(965, 65, 31)
(3861/4, 65, 31)
(1931/2, 62, 29)
(3863/4, 63, 30)
(966, 62, 29)
(3865/4, 58, 27)
(1933/2, 58, 27)
(3867/4, 60, 28)
(967, 60, 28)
(3869/4, 56, 26)
(968, 55, 25)
(971, 72, 35)
(973, 72, 35)
(977, 72, 35)
(980, 74, 36)
(981, 75, 37)
(982, 77, 38)
(983, 82, 41)
(984, 79, 39)
(987, 63, 30)
(988, 62, 29)
(991, 63, 30)
(992, 62, 29)
(996, 65, 31)
(997, 66, 32)
(998, 68, 33)
(999, 73, 36)
(1001, 70, 34)
(1004, 69, 33)
(1007, 70, 34)
(1008, 69, 33)
(1012, 72, 35)
(1013, 74, 36)
(1014, 75, 37)
(1015, 80, 40)
(1016, 80, 40)
(2037/2, 79, 39)
(1019, 77, 38)
(2039/2, 75, 37)
(1020, 75, 37)
(2041/2, 74, 36)
(1021, 72, 35)
(2043/2, 70, 34)
(1022, 69, 33)
(2045/2, 70, 34)
(1023, 74, 36)
(1023, 72, 35)
(2047/2, 70, 34)
(1024, 82, 41)
(1028, 72, 35)
(1029, 74, 36)
(1030, 80, 40)
(1032, 80, 40)
(2071/2, 79, 39)
(1036, 75, 37)
(2073/2, 72, 35)
(1037, 70, 34)
(2075/2, 71, 34)
(1040, 75, 37)
(2081/2, 74, 36)
(1041, 72, 35)
(2083/2, 70, 34)
(1042, 69, 33)
(2085/2, 75, 37)
(1044, 79, 39)
(2089/2, 75, 37)
(1045, 74, 36)
(2091/2, 72, 35)
(1046, 72, 35)
(2093/2, 70, 34)
(1047, 68, 33)
(1048, 75, 37)
(2097/2, 70, 34)
(1049, 63, 30)
(2105/2, 65, 31)
(1053, 67, 32)
(2107/2, 68, 33)
(1054, 68, 33)
(1056, 74, 36)
(2113/2, 77, 38)
(1057, 80, 40)
(2115/2, 80, 40)
(1058, 80, 40)
(2117/2, 80, 40)
(1060, 80, 40)
(1061, 79, 39)
(1062, 77, 38)
(1064, 74, 36)
(3194/3, 72, 35)
(3196/3, 70, 34)
(1066, 68, 33)
(1068, 67, 32)
(2141/2, 65, 31)
(1071, 67, 32)
(2143/2, 68, 33)
(1072, 67, 32)
(2145/2, 70, 34)
(2145/2, 68, 33)
(1073, 62, 29)
(1076, 67, 32)
(1077, 70, 34)
(1080, 72, 35)
(3242/3, 74, 36)
(3244/3, 75, 37)
(1082, 77, 38)
(1084, 79, 39)
(2177/2, 77, 38)
(1089, 80, 40)
(2179/2, 75, 37)
(1090, 74, 36)
(2181/2, 72, 35)
(1092, 70, 34)
(2185/2, 75, 37)
(1093, 67, 32)
(2187/2, 70, 34)
(1094, 67, 32)
(1096, 63, 30)
(1100, 70, 34)
(1102, 73, 36)
(2207/2, 72, 35)
(1104, 72, 35)
(1108, 72, 35)
(1110, 75, 37)
(2223/2, 74, 36)
(1112, 74, 36)
(1116, 74, 36)
(1117, 80, 40)
(1118, 79, 39)
(1119, 77, 38)
(1120, 77, 38)
(1121, 75, 37)
(1122, 74, 36)
(1126, 67, 32)
(3380/3, 65, 31)
(3382/3, 70, 34)
(1128, 70, 34)
(2273/2, 73, 36)
(1137, 72, 35)
(2275/2, 70, 34)
(1138, 68, 33)
(2277/2, 67, 32)
(1139, 65, 31)
(2279/2, 64, 30)
(1140, 65, 31)
(2281/2, 68, 33)
(1141, 72, 35)
(2289/2, 75, 37)
(1145, 74, 36)
(2291/2, 72, 35)
(1146, 70, 34)
(3439/3, 69, 33)
(3440/3, 67, 32)
(1147, 67, 32)
(1148, 67, 32)
(2297/2, 62, 29)
(1149, 70, 34)
(1151, 70, 34)
(1153, 75, 37)
(1155, 69, 33)
(1156, 70, 34)
(1159, 74, 36)
(2319/2, 72, 35)
(1160, 70, 34)
(1161, 75, 37)
(1162, 74, 36)
(1163, 72, 35)
(1164, 70, 34)
(2329/2, 80, 40)
(2331/2, 79, 39)
(2333/2, 77, 38)
(1168, 77, 38)
(1169, 75, 37)
(1170, 74, 36)
(1171, 72, 35)
(1172, 70, 34)
(1173, 67, 32)
(1174, 65, 31)
(1175, 70, 34)
(1176, 65, 31)
(1176, 63, 30)
(2353/2, 62, 29)
(1177, 63, 30)
(1178, 65, 31)
(2357/2, 67, 32)
(1179, 68, 33)
(2359/2, 69, 33)
(1180, 70, 34)
(2361/2, 71, 34)
(1181, 74, 36)
(2363/2, 72, 35)
(1182, 74, 36)
(2365/2, 77, 38)
(1184, 75, 37)
(2369/2, 74, 36)
(1185, 75, 37)
(2371/2, 79, 39)
(1186, 80, 40)
(2373/2, 81, 40)
(1188, 82, 41)
(1189, 86, 43)
(2379/2, 84, 42)
(1190, 87, 44)
(1191, 86, 43)
(2383/2, 91, 46)
(1192, 87, 44)
(1193, 63, 30)
(1194, 58, 27)
(4777/4, 67, 32)
(4781/4, 70, 34)
(2391/2, 72, 35)
(4783/4, 70, 34)
(1196, 75, 37)
(2395/2, 82, 41)
(4791/4, 84, 42)
(4795/4, 79, 39)
(1202, 67, 32)
(1202, 70, 34)
(1206, 67, 32)
(1206, 70, 34)
(1209, 82, 41)
(1210, 80, 40)
(1211, 75, 37)
(1212, 77, 38)
(1213, 70, 34)
(1214, 68, 33)
(1215, 67, 32)
(1217, 62, 29)
(1217, 69, 33)
(1222, 69, 33)
(1225, 77, 38)
(1226, 79, 39)
(1227, 72, 35)
(1228, 69, 33)
(1229, 67, 32)
(1230, 65, 31)
(4921/4, 65, 31)
(4921/4, 67, 32)
(2461/2, 62, 29)
(1232, 68, 33)
(4931/4, 67, 32)
(1233, 67, 32)
(1236, 68, 33)
(2473/2, 67, 32)
(4951/4, 65, 31)
(1238, 67, 32)
(4953/4, 65, 31)
(9907/8, 62, 29)
(1240, 67, 32)
(1244, 67, 32)
(1247, 63, 30)
(1248, 65, 31)
(1253, 67, 32)
(5013/4, 63, 30)
(2507/2, 69, 33)
(1257, 70, 34)
(5029/4, 72, 35)
(2515/2, 70, 34)
(5031/4, 67, 32)
(1258, 70, 34)
(1261, 73, 36)
(1262, 72, 35)
(1263, 70, 34)
(1265, 70, 34)
(5061/4, 72, 35)
(2531/2, 70, 34)
(5063/4, 67, 32)
(1266, 70, 34)
(1268, 70, 34)
(3806/3, 77, 38)
(3808/3, 73, 36)
(1274, 73, 36)
(1275, 70, 34)
(1276, 63, 30)
(1277, 61, 29)
(2557/2, 58, 27)
(1279, 55, 25)
(1280, 57, 26)
(1282, 59, 28)
(2567/2, 58, 27)
(1284, 58, 27)
(1288, 58, 27)
(1288, 69, 33)
(1290, 61, 29)
(2583/2, 60, 28)
(1292, 60, 28)
(1296, 60, 28)
(1297, 66, 32)
(1298, 65, 31)
(1299, 63, 30)
(1300, 63, 30)
(1301, 61, 29)
(1302, 60, 28)
(1303, 58, 27)
(1304, 56, 26)
(1305, 66, 32)
(1306, 65, 31)
(1307, 63, 30)
(1309, 77, 38)
(1310, 75, 37)
(1313, 78, 39)
(1314, 77, 38)
(1316, 87, 44)
(1318, 81, 40)
(1320, 82, 41)
(1321, 80, 40)
(1322, 91, 46)
(1323, 89, 45)
(1324, 89, 45)
(1325, 87, 44)
(1326, 86, 43)
(1327, 84, 42)
(1328, 82, 41)
(1329, 79, 39)
(1330, 77, 38)
(1331, 82, 41)
(1332, 82, 41)
(1336, 82, 41)
(1337, 80, 40)
(1338, 91, 46)
(1339, 89, 45)
(1340, 89, 45)
(1341, 87, 44)
(1342, 86, 43)
(1343, 84, 42)
(1344, 82, 41)
(1345, 52, 23)
(1345, 56, 25)
(1345, 59, 27)
(1345, 80, 40)
(1346, 91, 46)
(1348, 89, 45)
(1349, 87, 44)
(1350, 86, 43)
(1351, 84, 42)
(1352, 82, 41)
(1353, 80, 40)
(1354, 79, 39)
(2711/2, 77, 38)
(1356, 77, 38)
(2713/2, 75, 37)
(1357, 74, 36)
(2715/2, 72, 35)
(1358, 79, 39)
(2717/2, 77, 38)
(1359, 74, 36)
(1360, 80, 40)
(2721/2, 79, 39)
(1361, 77, 38)
(2723/2, 75, 37)
(1362, 82, 41)
(2725/2, 80, 40)
(1363, 77, 38)
(2727/2, 74, 36)
(1364, 74, 36)
(1364, 82, 41)
(5457/4, 84, 42)
(5457/4, 67, 32)
(5457/4, 70, 34)
(5457/4, 82, 41)
(2729/2, 79, 39)
(5459/4, 67, 32)
(5459/4, 79, 39)
(5463/4, 65, 31)
(5463/4, 65, 31)
(5463/4, 78, 39)
(5467/4, 75, 37)
(1367, 70, 34)
(1368, 63, 30)
(2737/2, 60, 28)
(1369, 63, 30)
(2739/2, 69, 33)
(1370, 72, 35)
(2741/2, 75, 37)
(1371, 81, 40)
(2743/2, 84, 42)
(1372, 87, 44)
(5489/4, 72, 35)
(5489/4, 89, 45)
(2745/2, 87, 44)
(10981/8, 82, 41)
(5491/4, 82, 41)
(13729/10, 84, 42)
(13729/10, 82, 41)
(13731/10, 79, 39)
(5493/4, 79, 39)
(2747/2, 80, 40)
(5495/4, 79, 39)
(1374, 75, 37)
(5497/4, 75, 37)
(2749/2, 77, 38)
(5499/4, 75, 37)
(1375, 70, 34)
(1376, 70, 34)
(2753/2, 58, 27)
(1377, 62, 29)
(2755/2, 65, 31)
(1378, 70, 34)
(2757/2, 74, 36)
(1379, 77, 38)
(2759/2, 82, 41)
(1380, 82, 41)
(5521/4, 84, 42)
(2761/2, 82, 41)
(5523/4, 79, 39)
(1381, 79, 39)
(5525/4, 80, 40)
(11053/8, 75, 37)
(11055/8, 77, 38)
(11057/8, 75, 37)
(11059/8, 70, 34)
(11061/8, 72, 35)
(11063/8, 70, 34)
(11065/8, 67, 32)
(1384, 60, 28)
(1384, 79, 38)
(2769/2, 65, 31)
(1385, 69, 33)
(2771/2, 79, 38)
(1386, 84, 42)
(1388, 72, 35)
(1392, 79, 39)
(1392, 82, 41)
(5571/4, 67, 32)
(1393, 63, 30)
(1393, 77, 38)
(5573/4, 58, 27)
(1396, 60, 28)
(5585/4, 67, 32)
(2793/2, 72, 35)
(5587/4, 68, 33)
(1397, 67, 32)
(5589/4, 65, 31)
(2795/2, 63, 30)
(1400, 61, 28)
(5601/4, 62, 29)
(5605/4, 63, 30)
(2803/2, 65, 31)
(5607/4, 67, 32)
(1402, 68, 33)
(1404, 87, 44)
(1408, 59, 27)
(1408, 62, 29)
(1412, 59, 27)
(1415, 60, 28)
(1416, 62, 29)
(1417, 63, 30)
(1418, 65, 31)
(1419, 70, 34)
(1420, 67, 32)
(1423, 60, 28)
(1424, 59, 27)
(1427, 60, 28)
(1428, 59, 27)
(1432, 62, 29)
(1433, 63, 30)
(1434, 65, 31)
(1435, 70, 34)
(1436, 67, 32)
(1437, 68, 33)
(1438, 70, 34)
(1439, 75, 37)
(1440, 74, 36)
(1441, 75, 37)
(1442, 77, 38)
(1444, 79, 39)
(1445, 80, 40)
(1446, 82, 41)
(1447, 87, 44)
(1448, 87, 44)
(1449, 89, 45)
(1450, 80, 40)
(1452, 86, 43)
(1453, 87, 44)
(1454, 89, 45)
(1455, 80, 40)
(1456, 86, 43)
(2913/2, 87, 44)
(1457, 89, 45)
(1458, 86, 43)
(1460, 86, 43)
(4381/3, 87, 44)
(4381/3, 89, 45)
(4382/3, 80, 40)
(1461, 86, 43)
(2923/2, 87, 44)
(1462, 89, 45)
(2925/2, 80, 40)
(1464, 82, 41)
(1464, 80, 40)
(1467, 89, 45)
(4402/3, 86, 43)
(4403/3, 82, 41)
(1468, 80, 40)
(2937/2, 77, 38)
(1469, 74, 36)
(2939/2, 70, 34)
(1470, 68, 33)
(2941/2, 65, 31)
(1471, 62, 29)
(2943/2, 74, 36)
(1472, 75, 37)
(1473, 62, 29)
(1473, 70, 34)
(1473, 77, 38)
(1474, 63, 30)
(1474, 70, 34)
(1474, 79, 39)
(1475, 65, 31)
(1475, 74, 36)
(1476, 63, 30)
(1476, 75, 37)
(1478, 63, 30)
(1478, 70, 34)
(1478, 79, 39)
(1480, 55, 25)
(1480, 63, 30)
(10005, 63, 30)
(10006, 62, 29)
(10007, 60, 28)
(10008, 58, 27)
(10009, 62, 29)
(10010, 63, 30)
(10016, 63, 30)
(10020, 55, 25)
(10020, 63, 30)
(40083/4, 58, 27)
(40083/4, 65, 31)
(10021, 65, 31)
(10024, 58, 27)
(10024, 65, 31)
(40099/4, 63, 30)
(10025, 63, 30)
(10028, 69, 33)
(40115/4, 70, 34)
(40117/4, 70, 34)
(40119/4, 72, 35)
(10030, 72, 35)
(40123/4, 77, 38)
(10031, 77, 38)
(40127/4, 77, 38)
(10032, 77, 38)
(10033, 70, 34)
(10034, 82, 41)
(10035, 79, 39)
(20071/2, 72, 35)
(10036, 70, 34)
(20073/2, 67, 32)
(10037, 63, 30)
(20075/2, 60, 28)
(10038, 58, 27)
(20077/2, 58, 27)
(10039, 58, 27)
(20079/2, 58, 27)
(10053, 58, 27)
(10054, 56, 26)
(10056, 55, 25)
(10061, 60, 28)
(40245/4, 61, 29)
(20123/2, 60, 28)
(40247/4, 56, 26)
(10062, 63, 30)
(40251/4, 61, 29)
(10065, 62, 29)
(40261/4, 63, 30)
(20131/2, 62, 29)
(40263/4, 63, 30)
(10068, 70, 34)
(20137/2, 68, 33)
(40275/4, 68, 33)
(40277/4, 72, 35)
(80557/8, 70, 34)
(10072, 74, 36)
(40291/4, 72, 35)
(10073, 72, 35)
(10075, 63, 30)
(10076, 63, 30)
(20159/2, 60, 28)
(10080, 63, 30)
(20161/2, 65, 31)
(10081, 67, 32)
(20163/2, 68, 33)
(10082, 70, 34)
(10084, 63, 30)
(10087, 63, 30)
(20175/2, 60, 28)
(10088, 63, 30)
(20177/2, 65, 31)
(10089, 67, 32)
(20179/2, 70, 34)
(10091, 70, 34)
(10092, 70, 34)
(20185/2, 68, 33)
(10093, 65, 30)
(20187/2, 65, 31)
(10094, 65, 31)
(10095, 65, 31)
(10096, 63, 30)
(20193/2, 62, 29)
(10097, 60, 28)
(20195/2, 63, 30)
(10100, 70, 34)
(20201/2, 62, 29)
(20203/2, 63, 30)
(10102, 63, 30)
(20207/2, 63, 30)
(10104, 70, 34)
(20209/2, 67, 32)
(10105, 62, 29)
(20211/2, 63, 30)
(10106, 63, 30)
(20215/2, 63, 30)
(10108, 65, 31)
(10109, 58, 27)
(10110, 60, 28)
(10111, 58, 27)
(10112, 58, 27)
(10114, 63, 30)
(20231/2, 63, 30)
(10116, 70, 34)
(20233/2, 62, 29)
(10117, 63, 30)
(20235/2, 63, 30)
(10119, 63, 30)
(10120, 70, 34)
(20241/2, 67, 32)
(10121, 62, 29)
(20243/2, 63, 30)
(10122, 60, 28)
(20245/2, 63, 30)
(10123, 65, 31)
(20247/2, 66, 32)
(10124, 65, 31)
(20249/2, 58, 27)
(10125, 56, 26)
(20251/2, 55, 25)
(10126, 56, 26)
(20253/2, 60, 28)
(10127, 58, 27)
(20255/2, 56, 26)
(10128, 58, 27)
(40513/4, 60, 28)
(20257/2, 58, 27)
(40515/4, 55, 25)
(10129, 63, 30)
(10130, 62, 29)
(40521/4, 63, 30)
(20261/2, 62, 29)
(40523/4, 58, 27)
(10131, 68, 33)
(10132, 68, 33)
(40529/4, 67, 32)
(20265/2, 63, 30)
(40531/4, 70, 34)
(40539/4, 70, 34)
(20271/2, 70, 34)
(10136, 70, 34)
(40545/4, 72, 35)
(20273/2, 70, 34)
(40547/4, 67, 32)
(10137, 75, 37)
(10138, 74, 36)
(40553/4, 75, 37)
(20277/2, 74, 36)
(40555/4, 70, 34)
(10139, 80, 40)
(10140, 79, 39)
(40561/4, 65, 31)
(40561/4, 75, 37)
(40561/4, 71, 33)
(20281/2, 82, 41)
(20285/2, 70, 34)
(40571/4, 70, 34)
(10144, 70, 34)
(20289/2, 79, 39)
(20293/2, 79, 39)
(40587/4, 80, 40)
(10147, 79, 39)
(40589/4, 75, 37)
(10148, 79, 39)
(10149, 79, 39)
(10151, 79, 39)
(40605/4, 81, 40)
(20303/2, 76, 37)
(20303/2, 79, 39)
(10152, 79, 39)
(20305/2, 60, 28)
(10153, 64, 30)
(20307/2, 67, 32)
(10154, 72, 35)
(20309/2, 76, 37)
(10155, 79, 39)
(20311/2, 82, 41)
(10156, 81, 40)
(10157, 66, 32)
(10159, 66, 32)
(10160, 65, 31)
(10165, 69, 33)
(60991/6, 70, 34)
(30496/3, 69, 33)
(20331/2, 64, 30)
(10167, 60, 28)
(40669/4, 62, 29)
(20335/2, 60, 28)
(40671/4, 57, 26)
(10168, 58, 27)
(20337/2, 58, 27)
(10169, 62, 29)
(20339/2, 65, 31)
(10170, 70, 34)
(20341/2, 74, 36)
(10171, 77, 38)
(20343/2, 70, 34)
(10172, 72, 35)
(40689/4, 74, 36)
(20345/2, 72, 35)
(40691/4, 68, 33)
(10173, 68, 33)
(40693/4, 70, 34)
(20347/2, 68, 33)
(40695/4, 63, 30)
(10174, 63, 30)
(10175, 60, 28)
(40701/4, 62, 29)
(20351/2, 60, 28)
(40703/4, 57, 26)
(10176, 58, 27)
(10177, 58, 27)
(10177, 62, 29)
(10178, 58, 27)
(10178, 62, 29)
(10179, 58, 27)
(10179, 62, 29)
(10180, 74, 36)
(40721/4, 75, 37)
(20361/2, 74, 36)
(40723/4, 70, 34)
(10181, 70, 34)
(40725/4, 72, 35)
(20363/2, 70, 34)
(40727/4, 65, 31)
(10182, 65, 31)
(81457/8, 67, 32)
(40729/4, 65, 31)
(81459/8, 62, 29)
(81461/8, 62, 29)
(81463/8, 63, 30)
(81465/8, 62, 29)
(81467/8, 58, 27)
(10184, 58, 27)
(10187, 67, 32)
(10188, 66, 31)
(10191, 67, 32)
(10192, 66, 31)
(10195, 67, 32)
(10196, 69, 33)
(20393/2, 70, 34)
(20395/2, 72, 35)
(20397/2, 77, 38)
(10200, 74, 36)
(10203, 70, 34)
(10204, 69, 33)
(10207, 70, 34)
(10208, 69, 33)
(10211, 70, 34)
(10212, 72, 35)
(10213, 73, 36)
(10214, 75, 37)
(10215, 80, 40)
(10216, 77, 38)
(10219, 70, 34)
(40877/4, 72, 35)
(20439/2, 67, 32)
(10220, 70, 34)
(40881/4, 72, 35)
(81763/8, 70, 34)
(20441/2, 67, 32)
(40883/4, 70, 34)
(10221, 72, 35)
(40885/4, 70, 34)
(20443/2, 67, 32)
(40887/4, 70, 34)
(10222, 70, 34)
(40889/4, 67, 32)
(20445/2, 70, 34)
(40891/4, 70, 34)
(40895/4, 67, 32)
(10224, 70, 34)
(40905/4, 72, 35)
(20453/2, 70, 34)
(40907/4, 67, 32)
(10228, 70, 34)
(10230, 70, 34)
(10231, 70, 34)
(10231, 82, 41)
(10232, 70, 34)
(10232, 82, 41)
(10235, 63, 30)
(10236, 62, 29)
(10240, 58, 27)
(10241, 70, 34)
(10242, 74, 36)
(10243, 77, 38)
(10244, 77, 38)
(10245, 74, 36)
(10246, 75, 37)
(10248, 75, 37)
(10251, 60, 28)
(10252, 62, 29)
(10255, 60, 28)
(10256, 62, 29)
(10260, 62, 29)
(10264, 67, 32)
(10265, 71, 34)
(10266, 72, 35)
(10267, 72, 35)
(10268, 72, 35)
(20537/2, 72, 35)
(10269, 72, 35)
(20539/2, 72, 35)
(10270, 72, 35)
(30811/3, 72, 35)
(30812/3, 72, 35)
(10271, 72, 35)
(10272, 77, 38)
(20545/2, 79, 39)
(10273, 81, 40)
(10273, 70, 34)
(10273, 82, 41)
(20547/2, 87, 44)
(10275, 86, 43)
(20551/2, 84, 42)
(10276, 82, 41)
(20555/2, 70, 34)
(20557/2, 58, 27)
(20557/2, 62, 29)
(20557/2, 70, 34)
(10280, 58, 27)
(10280, 62, 29)
(10280, 70, 34)
(10281, 58, 27)
(10281, 62, 29)
(10281, 70, 34)
(10282, 58, 27)
(10282, 62, 29)
(10282, 70, 34)
(10283, 70, 34)
(10285, 58, 27)
(10285, 62, 29)
(10285, 70, 34)
(10285, 55, 25)
(10286, 70, 34)
(30859/3, 79, 39)
(30860/3, 77, 38)
(10288, 75, 37)
(20577/2, 74, 36)
(10289, 70, 34)
(20579/2, 69, 33)
(10290, 69, 33)
(20581/2, 69, 33)
(10291, 69, 33)
(10292, 70, 34)
(10293, 62, 29)
(41173/4, 63, 30)
(20587/2, 62, 29)
(41175/4, 56, 26)
(41175/4, 60, 28)
(10294, 62, 29)
(41177/4, 63, 30)
(20589/2, 62, 29)
(41179/4, 58, 27)
(41179/4, 70, 34)
(10295, 62, 29)
(41181/4, 63, 30)
(20591/2, 62, 29)
(41183/4, 58, 27)
(10296, 62, 29)
(41185/4, 63, 30)
(20593/2, 62, 29)
(41187/4, 58, 27)
(10297, 62, 29)
(41189/4, 63, 30)
(20595/2, 62, 29)
(41191/4, 58, 27)
(10298, 62, 29)
(41193/4, 63, 30)
(20597/2, 62, 29)
(41195/4, 63, 30)
(10299, 62, 29)
(41197/4, 58, 27)
(10300, 58, 27)
(10300, 62, 29)
(20605/2, 68, 33)
(10303, 67, 32)
(20607/2, 65, 31)
(10304, 63, 30)
(20609/2, 62, 29)
(10305, 67, 32)
(20611/2, 65, 31)
(10308, 62, 29)
(20617/2, 60, 28)
(10309, 58, 27)
(20619/2, 56, 26)
(10310, 58, 27)
(20621/2, 58, 27)
(10311, 58, 27)
(10312, 63, 30)
(20625/2, 75, 37)
(10313, 75, 37)
(20627/2, 75, 37)
(10314, 75, 37)
(20629/2, 75, 37)
(10315, 75, 37)
(20631/2, 75, 37)
(10316, 75, 37)
(10317, 74, 36)
(10318, 72, 35)
(10319, 70, 34)
(10320, 69, 33)
(10321, 67, 32)
(20645/2, 65, 31)
(10323, 63, 30)
(10324, 68, 33)
(10326, 67, 32)
(10328, 65, 31)
(10330, 57, 26)
(10332, 58, 27)
(10333, 60, 28)
(10334, 62, 29)
(10336, 63, 30)
(10337, 67, 32)
(10338, 69, 33)
(10340, 70, 34)
(10342, 77, 38)
(41369/4, 79, 39)
(20685/2, 77, 38)
(41371/4, 74, 36)
(10343, 70, 34)
(10344, 67, 32)
(41377/4, 68, 33)
(20689/2, 67, 32)
(41379/4, 63, 30)
(10345, 60, 28)
(10350, 79, 39)
(41401/4, 80, 40)
(20701/2, 79, 39)
(41403/4, 76, 37)
(10351, 73, 35)
(10352, 65, 31)
(10353, 62, 29)
(10356, 60, 28)
(10356, 65, 31)
(10357, 60, 28)
(10357, 65, 31)
(10358, 60, 28)
(10358, 65, 31)
(10359, 60, 28)
(10359, 65, 31)
(10360, 58, 27)
(10360, 65, 31)
(10362, 63, 30)
(10364, 70, 34)
(10366, 63, 30)
(10368, 62, 29)
(20737/2, 62, 29)
(10369, 62, 29)
(20739/2, 62, 29)
(10370, 62, 29)
(10372, 62, 29)
(10374, 62, 29)
(10376, 72, 35)
(10380, 64, 30)
(10382, 72, 35)
(10384, 65, 31)
(10386, 65, 31)
(10388, 65, 31)
(10392, 65, 31)
(10394, 63, 30)
(10396, 62, 29)
(20793/2, 62, 29)
(10397, 58, 27)
(20795/2, 58, 27)
(10398, 57, 26)
(10400, 58, 27)
(10401, 60, 28)
(10402, 61, 29)
(10404, 60, 28)
(20809/2, 63, 30)
(10405, 63, 30)
(20811/2, 63, 30)
(10406, 63, 30)
(10408, 62, 29)
(10410, 58, 27)
(10412, 58, 27)
(10414, 57, 26)
(10416, 58, 27)
(20835/2, 56, 26)
(10418, 55, 25)
(20839/2, 61, 29)
(10420, 60, 28)
(20841/2, 63, 30)
(10421, 63, 30)
(20843/2, 63, 30)
(10422, 63, 30)
(10422, 74, 36)
(10424, 62, 29)
(20851/2, 68, 33)
(10426, 67, 32)
(20855/2, 73, 36)
(10428, 72, 35)
(20857/2, 75, 37)
(10429, 75, 37)
(20859/2, 75, 37)
(10432, 77, 38)
(20865/2, 78, 39)
(10433, 78, 39)
(20867/2, 78, 39)
(10434, 77, 38)
(20869/2, 78, 39)
(10435, 78, 39)
(20871/2, 78, 39)
(10436, 77, 38)
(20873/2, 78, 39)
(10437, 78, 39)
(20875/2, 78, 39)
(10438, 77, 38)
(20877/2, 66, 32)
(10439, 66, 32)
(20879/2, 66, 32)
(10440, 65, 31)
(41761/4, 67, 32)
(20881/2, 65, 31)
(41763/4, 62, 29)
(10441, 70, 34)
(10442, 74, 36)
(41769/4, 75, 37)
(20885/2, 74, 36)
(41771/4, 70, 34)
(10443, 77, 38)
(10444, 82, 41)
(41777/4, 84, 42)
(20889/2, 82, 41)
(41779/4, 77, 38)
(10445, 86, 43)
(10453, 59, 27)
(10454, 60, 28)
(10461, 60, 28)
(10462, 59, 27)
(10463, 60, 28)
(10465, 60, 28)
(10466, 59, 27)
(10469, 60, 28)
(10470, 58, 27)
(10473, 67, 32)
(10474, 65, 31)
(10477, 70, 34)
(10479, 74, 36)
(10480, 72, 35)
(10481, 77, 38)
(10482, 75, 37)
(10484, 75, 37)
(10487, 77, 38)
(20975/2, 80, 40)
(10488, 79, 39)
(20977/2, 75, 37)
(10489, 74, 36)
(20979/2, 77, 38)
(10490, 75, 37)
(41963/4, 74, 36)
(41965/4, 70, 34)
(10492, 72, 35)
(20985/2, 67, 32)
(10493, 68, 33)
(20987/2, 67, 32)
(10494, 63, 30)
(20989/2, 58, 27)
(10496, 60, 28)
(20993/2, 60, 28)
(10497, 60, 28)
(20995/2, 57, 26)
(41995/4, 58, 27)
(10501, 58, 27)
(10505, 65, 31)
(10506, 63, 30)
(10509, 69, 33)
(10510, 70, 34)
(10511, 72, 35)
(10514, 72, 35)
(31544/3, 70, 34)
(31546/3, 69, 33)
(10520, 55, 25)
(21041/2, 58, 27)
(10521, 57, 26)
(21043/2, 60, 28)
(10522, 58, 27)
(21045/2, 61, 29)
(10523, 60, 28)
(21047/2, 65, 31)
(10524, 61, 29)
(21049/2, 65, 31)
(10525, 63, 30)
(21051/2, 65, 31)
(10526, 65, 31)
(10531, 58, 27)
(42125/4, 60, 28)
(21063/2, 58, 27)
(42127/4, 55, 25)
(10532, 61, 29)
(42131/4, 60, 28)
(42133/4, 60, 28)
(42141/4, 60, 28)
(21071/2, 60, 28)
(42143/4, 55, 25)
(10536, 61, 29)
(42147/4, 60, 28)
(10537, 60, 28)
(10539, 58, 27)
(42157/4, 60, 28)
(21079/2, 58, 27)
(42159/4, 55, 25)
(10540, 61, 29)
(42163/4, 60, 28)
(84329/8, 60, 28)
(84331/8, 61, 29)
(84335/8, 60, 28)
(84337/8, 60, 28)
(84341/8, 60, 28)
(10544, 63, 30)
(21089/2, 62, 29)
(42179/4, 62, 29)
(21091/2, 62, 29)
(21091/2, 70, 34)
(10546, 65, 31)
(42187/4, 64, 30)
(84377/8, 64, 30)
(10548, 67, 32)
(42195/4, 65, 31)
(10555, 60, 28)
(42221/4, 62, 29)
(21111/2, 60, 28)
(42223/4, 56, 26)
(10556, 63, 30)
(42227/4, 62, 29)
(10557, 62, 29)
(42231/4, 62, 29)
(42233/4, 74, 36)
(10560, 63, 30)
(42243/4, 63, 30)
(10561, 67, 32)
(21123/2, 66, 31)
(42247/4, 66, 31)
(21125/2, 66, 31)
(10564, 80, 40)
(10565, 67, 32)
(10569, 67, 32)
(10574, 68, 33)
(42297/4, 68, 33)
(10577, 67, 32)
(10577, 68, 33)
(21155/2, 67, 32)
(21155/2, 68, 33)
(10590, 77, 38)
(10590, 80, 40)
(10592, 67, 32)
(10592, 70, 34)
(10592, 74, 36)
(10595, 67, 32)
(10595, 70, 34)
(10596, 60, 28)
(10596, 64, 31)
(10596, 68, 33)
(10598, 60, 28)
(10598, 64, 31)
(10598, 68, 33)
(10601, 60, 28)
(10601, 65, 31)
(10601, 68, 33)
(10603, 60, 28)
(10603, 65, 31)
(10603, 68, 33)
(10605, 60, 28)
(10612, 55, 25)
(10614, 55, 25)
(10614, 70, 34)
(10617, 71, 34)
(10619, 55, 25)
(10619, 62, 29)
(10620, 70, 34)
(42481/4, 67, 32)
(42495/4, 63, 30)
(10624, 65, 31)
(42497/4, 63, 30)
(21249/2, 60, 28)
(42499/4, 63, 30)
(10625, 58, 27)
(10625, 61, 29)
(42501/4, 60, 28)
(21251/2, 62, 28)
(42503/4, 58, 27)
(42529/4, 65, 31)
(21265/2, 67, 32)
(42531/4, 62, 29)
(42531/4, 65, 31)
(10633, 67, 32)
(42533/4, 65, 31)
(42545/4, 65, 31)
(21273/2, 65, 31)
(21273/2, 67, 32)
(42547/4, 60, 28)
(10637, 60, 28)
(42559/4, 60, 28)
(10640, 60, 28)
(42561/4, 62, 29)
(42575/4, 68, 33)
(42575/4, 70, 34)
(10644, 65, 31)
(10645, 60, 28)
(10646, 68, 33)
(42585/4, 70, 34)
(21293/2, 68, 33)
(42587/4, 65, 31)
(10647, 60, 28)
(42591/4, 68, 33)
(10648, 68, 33)
(10648, 70, 34)
(42595/4, 65, 31)
(10649, 67, 32)
(42597/4, 65, 31)
(21299/2, 62, 29)
(42607/4, 63, 30)
(42623/4, 74, 36)
(42647/4, 72, 35)
(42655/4, 62, 29)
(42671/4, 63, 30)
(42687/4, 61, 29)
(42695/4, 61, 29)
(42705/4, 60, 28)
(42707/4, 60, 28)
(42709/4, 60, 28)
(42719/4, 68, 33)
(42735/4, 56, 26)
(42751/4, 56, 26)
(42767/4, 57, 26)
(42775/4, 57, 26)
(42799/4, 62, 29)
(42807/4, 72, 35)
(42815/4, 70, 34)
(42819/4, 70, 34)
(42831/4, 67, 32)
(42847/4, 77, 38)
(42851/4, 75, 37)
(42863/4, 74, 36)
(42875/4, 70, 34)
(42879/4, 67, 32)
(42883/4, 74, 36)
(42887/4, 72, 35)
(42895/4, 75, 37)
(42899/4, 72, 35)
(42903/4, 70, 34)
(42907/4, 69, 33)
(42913/4, 70, 34)
(42927/4, 73, 36)
(42931/4, 68, 33)
(42935/4, 67, 32)
(42943/4, 72, 35)
(42947/4, 70, 34)
(42951/4, 67, 32)
(42959/4, 72, 35)
(42963/4, 66, 31)
(42975/4, 67, 32)
(42991/4, 66, 31)
(42999/4, 69, 33)
(43005/4, 67, 32)
(43007/4, 67, 32)
(43039/4, 70, 34)
(43103/4, 65, 31)
(43111/4, 68, 33)
(43117/4, 67, 32)
(43119/4, 67, 32)
(43135/4, 67, 32)
(43151/4, 68, 33)
(43167/4, 69, 33)
(43171/4, 72, 35)
(43173/4, 70, 34)
(43175/4, 70, 34)
(43183/4, 71, 34)
(43187/4, 74, 36)
(21595/2, 72, 35)
(43199/4, 72, 35)
(43215/4, 70, 34)
(43217/4, 74, 36)
(43219/4, 80, 40)
(21611/2, 82, 41)
(43231/4, 70, 34)
(10808, 70, 34)
(43233/4, 69, 33)
(43235/4, 72, 35)
(10809, 70, 34)
(43237/4, 70, 34)
(21619/2, 74, 36)
(43239/4, 74, 36)
(10810, 73, 35)
(43241/4, 73, 35)
(21621/2, 67, 32)
(21621/2, 76, 37)
(43247/4, 79, 39)
(10812, 79, 39)
(43249/4, 77, 38)
(21625/2, 80, 40)
(43251/4, 80, 40)
(10813, 79, 39)
(43253/4, 79, 39)
(21627/2, 82, 41)
(43255/4, 82, 41)
(10814, 80, 40)
(43257/4, 80, 40)
(43263/4, 62, 29)
(43263/4, 70, 34)
(43263/4, 80, 40)
(43295/4, 65, 31)
(43323/4, 60, 28)
(10831, 58, 27)
(43327/4, 63, 30)
(43335/4, 48, 21)
(43335/4, 52, 23)
(43335/4, 55, 25)
(43343/4, 58, 27)
(43343/4, 63, 30)
(43347/4, 58, 27)
(10837, 60, 28)
(43349/4, 58, 27)
(43359/4, 63, 30)
(43359/4, 63, 30)
(43367/4, 62, 29)
(43371/4, 60, 28)
(43375/4, 63, 30)
(43375/4, 58, 27)
(75911/7, 62, 29)
(75911/7, 72, 35)
(108451/10, 63, 30)
(108451/10, 70, 34)
(43383/4, 63, 30)
(10846, 65, 31)
(43385/4, 63, 30)
(21693/2, 58, 27)
(43391/4, 67, 32)
(21697/2, 65, 31)
(43395/4, 65, 31)
(43403/4, 65, 31)
(10851, 67, 32)
(43405/4, 65, 31)
(21703/2, 62, 29)
(43407/4, 70, 34)
(21705/2, 69, 33)
(43411/4, 69, 33)
(43419/4, 69, 33)
(10855, 70, 34)
(43421/4, 69, 33)
(21711/2, 65, 31)
(43423/4, 69, 33)
(21713/2, 70, 34)
(10857, 70, 34)
(43431/4, 72, 35)
(43433/4, 77, 38)
(43435/4, 77, 38)
(21719/2, 77, 38)
(43439/4, 77, 38)
(21721/2, 82, 41)
(21721/2, 72, 35)
(86885/8, 82, 41)
(86897/8, 79, 39)
(86901/8, 75, 37)
(43455/4, 70, 34)
(43457/4, 63, 30)
(43457/4, 67, 32)
(43459/4, 58, 27)
(43461/4, 58, 27)
(43463/4, 63, 30)
(43471/4, 60, 28)
(43471/4, 63, 30)
(43475/4, 60, 28)
(43475/4, 63, 30)
(43481/4, 80, 40)
(43483/4, 77, 38)
(43485/4, 75, 37)
(43487/4, 72, 35)
(43489/4, 68, 33)
(43491/4, 63, 30)
(43495/4, 60, 28)
(43503/4, 60, 28)
(43503/4, 63, 30)
(43507/4, 60, 28)
(43507/4, 63, 30)
(43551/4, 70, 34)
(43553/4, 65, 31)
(43555/4, 62, 29)
(43557/4, 58, 27)
(43559/4, 58, 27)
(43561/4, 63, 30)
(43563/4, 67, 32)
(43567/4, 70, 34)
(43569/4, 73, 36)
(43571/4, 75, 37)
(43573/4, 79, 39)
(43575/4, 82, 41)
(43579/4, 63, 30)
(43583/4, 63, 30)
(43591/4, 63, 30)
(43593/4, 62, 29)
(43595/4, 60, 28)
(43597/4, 62, 29)
(43599/4, 63, 30)
(43601/4, 65, 31)
(43603/4, 67, 32)
(43605/4, 68, 33)
(43607/4, 70, 34)
(43611/4, 63, 30)
(43615/4, 63, 30)
(43623/4, 60, 28)
(43631/4, 63, 30)
(43633/4, 67, 32)
(43635/4, 68, 33)
(43637/4, 70, 34)
(43643/4, 70, 34)
(43647/4, 70, 34)
(43649/4, 68, 33)
(43651/4, 64, 30)
(43653/4, 65, 31)
(43655/4, 65, 31)
(43659/4, 65, 31)
(43663/4, 65, 31)
(43665/4, 63, 30)
(43667/4, 62, 29)
(43669/4, 60, 28)
(43671/4, 63, 30)
(43677/4, 63, 30)
(43679/4, 70, 34)
(43681/4, 67, 32)
(43683/4, 62, 29)
(43685/4, 63, 30)
(43687/4, 63, 30)
(43693/4, 63, 30)
(43695/4, 70, 34)
(43697/4, 67, 32)
(43699/4, 62, 29)
(43701/4, 63, 30)
(43703/4, 60, 28)
(43705/4, 63, 30)
(43707/4, 65, 31)
(43711/4, 65, 31)
(43715/4, 58, 27)
(43719/4, 60, 28)
(43723/4, 58, 27)
(43727/4, 58, 27)
(43735/4, 60, 28)
(43741/4, 60, 28)
(43743/4, 58, 27)
(43745/4, 62, 29)
(43747/4, 69, 33)
(43759/4, 59, 27)
(43761/4, 62, 29)
(43763/4, 67, 32)
(43765/4, 68, 33)
(43775/4, 67, 32)
(43791/4, 60, 28)
(43811/4, 66, 32)
(43811/4, 68, 33)
(10953, 63, 30)
(43817/4, 63, 30)
(43817/4, 76, 38)
(43817/4, 80, 40)
(43827/4, 67, 32)
(10957, 66, 32)
(21915/2, 63, 30)
(43835/4, 66, 32)
(43835/4, 68, 33)
(10959, 63, 30)
(43839/4, 62, 29)
(43843/4, 65, 31)
(43851/4, 74, 36)
(43855/4, 77, 38)
(43859/4, 80, 40)
(43863/4, 86, 43)
(43867/4, 62, 29)
(43867/4, 70, 34)
(43867/4, 77, 38)
(43871/4, 63, 30)
(43871/4, 70, 34)
(43871/4, 79, 39)
(43887/4, 62, 29)
(43899/4, 63, 30)
(43903/4, 62, 29)
(43919/4, 58, 27)
(43935/4, 60, 28)
(10984, 58, 27)
(43937/4, 58, 27)
(21969/2, 60, 28)
(43939/4, 58, 27)
(10985, 55, 25)
(43941/4, 60, 28)
(21971/2, 55, 25)
(43943/4, 58, 27)
(10986, 60, 28)
(43945/4, 58, 27)
(21973/2, 55, 25)
(43951/4, 58, 27)
(10988, 59, 28)
(43953/4, 58, 27)
(21977/2, 56, 26)
(43955/4, 59, 28)
(10989, 58, 27)
(43957/4, 56, 26)
(21979/2, 59, 28)
(43959/4, 58, 27)
(10990, 56, 26)
(43961/4, 56, 26)
(21981/2, 59, 28)
(43963/4, 58, 27)
(10991, 58, 26)
(43967/4, 58, 27)
(10992, 59, 28)
(43969/4, 58, 27)
(21985/2, 56, 26)
(21985/2, 84, 42)
(43971/4, 58, 27)
(10993, 59, 28)
(43973/4, 58, 27)
(21987/2, 56, 26)
(21987/2, 84, 42)
(43975/4, 59, 28)
(10994, 58, 27)
(43977/4, 56, 26)
(21989/2, 58, 27)
(43979/4, 58, 27)
(10995, 57, 26)
(43983/4, 58, 27)
(43999/4, 63, 30)
(43999/4, 72, 34)
(43999/4, 74, 36)
(11000, 62, 29)
(44001/4, 63, 30)
(22001/2, 62, 29)
(44003/4, 62, 29)
(44019/4, 58, 27)
(44031/4, 60, 28)
(44047/4, 63, 30)
(44063/4, 75, 37)
(44063/4, 63, 30)
(44075/4, 65, 31)
(44079/4, 67, 32)
(44087/4, 65, 31)
(44095/4, 67, 32)
(44101/4, 70, 34)
(44103/4, 75, 37)
(44107/4, 70, 34)
(44111/4, 70, 34)
(44115/4, 68, 33)
(44119/4, 67, 32)
(44123/4, 63, 30)
(44143/4, 67, 32)
(44151/4, 65, 31)
(44159/4, 67, 32)
(44171/4, 67, 32)
(44173/4, 66, 32)
(44175/4, 67, 32)
(44183/4, 67, 32)
(44191/4, 66, 32)
(44199/4, 66, 32)
(44201/4, 66, 32)
(44203/4, 69, 33)
(44207/4, 70, 34)
(44207/4, 63, 30)
(44211/4, 62, 29)
(44223/4, 70, 34)
(110561/10, 74, 36)
(77395/7, 75, 37)
(44227/4, 77, 38)
(44229/4, 77, 38)
(44231/4, 77, 38)
(44233/4, 77, 38)
(44239/4, 77, 38)
(44247/4, 74, 36)
(44249/4, 72, 35)
(44255/4, 70, 34)
(77451/7, 68, 33)
(110651/10, 67, 32)
(44263/4, 65, 31)
(44271/4, 63, 30)
(44271/4, 72, 35)
(44279/4, 60, 28)
(44287/4, 58, 27)
(44295/4, 62, 29)
(44299/4, 68, 33)
(44303/4, 63, 30)
(44307/4, 67, 32)
(44319/4, 68, 33)
(77563/7, 70, 34)
(110811/10, 72, 35)
(44327/4, 74, 36)
(44335/4, 76, 37)
(44351/4, 72, 35)
(44375/4, 62, 29)
(44383/4, 63, 30)
(44385/4, 55, 25)
(44387/4, 55, 25)
(44389/4, 55, 25)
(44399/4, 67, 32)
(44403/4, 55, 25)
(44417/4, 56, 26)
(44431/4, 57, 26)
(44431/4, 62, 29)
(44439/4, 57, 26)
(44439/4, 62, 29)
(44447/4, 68, 33)
(44463/4, 58, 27)
(44471/4, 58, 27)
(44479/4, 58, 27)
(44481/4, 58, 27)
(44483/4, 63, 30)
(44485/4, 63, 30)
(44495/4, 63, 30)
(44503/4, 62, 29)
(44511/4, 70, 34)
(11128, 63, 30)
(44529/4, 58, 27)
(44537/4, 68, 33)
(44543/4, 58, 27)
(44547/4, 55, 25)
(44551/4, 56, 26)
(44555/4, 58, 27)
(44559/4, 56, 26)
(44567/4, 57, 26)
(44575/4, 57, 26)
(44579/4, 57, 26)
(44583/4, 58, 27)
(44587/4, 60, 28)
(44591/4, 58, 27)
(44593/4, 58, 27)
(44595/4, 65, 31)
(44597/4, 65, 31)
(44599/4, 67, 32)
(44601/4, 67, 32)
(44603/4, 68, 33)
(44605/4, 68, 33)
(44607/4, 67, 32)
(44607/4, 66, 31)
(44623/4, 68, 33)
(44625/4, 68, 33)
(44627/4, 65, 31)
(44639/4, 70, 34)
(44643/4, 70, 34)
(44647/4, 67, 32)
(44655/4, 68, 33)
(44663/4, 62, 29)
(44667/4, 67, 32)
(44671/4, 67, 32)
(44679/4, 65, 31)
(44687/4, 67, 32)
(44691/4, 63, 30)
(44699/4, 62, 29)
(44703/4, 63, 30)
(44709/4, 62, 29)
(44711/4, 60, 28)
(44717/4, 66, 32)
(44719/4, 68, 33)
(44735/4, 67, 32)
(44741/4, 73, 36)
(44743/4, 72, 35)
(44749/4, 78, 39)
(44751/4, 77, 38)
(44753/4, 68, 33)
(44755/4, 68, 33)
(44757/4, 68, 33)
(44759/4, 68, 33)
(111901/10, 58, 27)
(78333/7, 58, 27)
(44767/4, 58, 27)
(11192, 60, 28)
(44769/4, 55, 25)
(22385/2, 63, 30)
(22387/2, 67, 32)
(44775/4, 68, 33)
(11194, 67, 32)
(44777/4, 63, 30)
(22389/2, 70, 34)
(44783/4, 75, 37)
(44785/4, 77, 38)
(44787/4, 79, 39)
(44807/4, 60, 28)
(44823/4, 60, 28)
(44835/4, 76, 37)
(44839/4, 77, 38)
(44843/4, 70, 34)
(44847/4, 60, 28)
(44847/4, 62, 29)
(11212, 60, 28)
(44849/4, 57, 26)
(44863/4, 63, 30)
(22433/2, 62, 29)
(22433/2, 70, 34)
(11217, 62, 29)
(11219, 62, 29)
(44877/4, 60, 28)
(22439/2, 56, 26)
(44879/4, 63, 30)
(22441/2, 62, 29)
(22441/2, 70, 34)
(11221, 62, 29)
(11223, 62, 29)
(22447/2, 60, 28)
(44895/4, 63, 30)
(22449/2, 62, 29)
(11225, 62, 29)
(44903/4, 62, 29)
(11226, 62, 29)
(44907/4, 62, 29)
(22455/2, 62, 29)
(44911/4, 62, 29)
(22457/2, 62, 29)
(44917/4, 62, 29)
(44919/4, 62, 29)
(22461/2, 62, 29)
(44923/4, 60, 28)
(22463/2, 60, 28)
(22463/2, 70, 34)
(44927/4, 59, 27)
(44935/4, 74, 36)
(44935/4, 77, 38)
(44951/4, 74, 36)
(44951/4, 77, 38)
(44963/4, 74, 36)
(11241, 75, 37)
(44965/4, 74, 36)
(22483/2, 71, 34)
(44967/4, 77, 38)
(44983/4, 75, 37)
(44999/4, 73, 36)
(45023/4, 72, 35)
(45027/4, 67, 32)
(45035/4, 67, 32)
(45039/4, 65, 31)
(45055/4, 67, 32)
(45067/4, 67, 32)
(45071/4, 65, 31)
(45087/4, 64, 30)
(45119/4, 65, 31)
(45135/4, 75, 37)
(45139/4, 75, 37)
(45151/4, 67, 32)
(45167/4, 68, 33)
(45175/4, 68, 33)
(45183/4, 68, 33)
(45191/4, 68, 33)
(45193/4, 68, 33)
(45195/4, 68, 33)
(45197/4, 68, 33)
(45199/4, 68, 33)
(45201/4, 68, 33)
(45203/4, 68, 33)
(45205/4, 68, 33)
(45207/4, 68, 33)
(45209/4, 67, 32)
(45211/4, 67, 32)
(45215/4, 66, 32)
(45217/4, 66, 32)
(45219/4, 68, 33)
(45221/4, 68, 33)
(45223/4, 68, 33)
(45233/4, 66, 32)
(45235/4, 66, 32)
(45237/4, 66, 32)
(45239/4, 66, 32)
(45239/4, 77, 38)
(45249/4, 63, 30)
(45249/4, 70, 34)
(45251/4, 63, 30)
(45251/4, 70, 34)
(45253/4, 63, 30)
(45253/4, 70, 34)
(45255/4, 63, 30)
(45255/4, 70, 34)
(45257/4, 63, 30)
(45257/4, 70, 34)
(45259/4, 63, 30)
(45259/4, 70, 34)
(45261/4, 63, 30)
(45261/4, 70, 34)
(45263/4, 63, 30)
(45263/4, 69, 33)
(45271/4, 65, 31)
(45271/4, 69, 33)
(45273/4, 65, 31)
(45273/4, 69, 33)
(45275/4, 66, 32)
(45275/4, 69, 33)
(45277/4, 69, 33)
(45279/4, 65, 31)
(45279/4, 70, 34)
(45287/4, 65, 31)
(45287/4, 70, 34)
(45295/4, 63, 30)
(45295/4, 70, 34)
(45303/4, 63, 30)
(45303/4, 68, 33)
(45311/4, 63, 30)
(45311/4, 70, 34)
(45319/4, 62, 29)
(45319/4, 70, 34)
(45327/4, 63, 30)
(45327/4, 70, 34)
(45331/4, 63, 30)
(45335/4, 65, 31)
(45339/4, 67, 32)
(45343/4, 68, 33)
(45359/4, 79, 39)
(45359/4, 67, 32)
(45359/4, 70, 34)
(45363/4, 63, 30)
(45367/4, 65, 31)
(45371/4, 69, 33)
(45375/4, 65, 31)
(45375/4, 70, 34)
(45391/4, 67, 32)
(45391/4, 70, 34)
(45395/4, 63, 30)
(45399/4, 65, 31)
(45403/4, 69, 33)
(45407/4, 70, 34)
(45411/4, 75, 37)
(45415/4, 74, 36)
(45423/4, 63, 30)
(45431/4, 58, 27)
(113581/10, 65, 31)
(113591/10, 67, 32)
(79516/7, 68, 33)
(45439/4, 58, 27)
(45441/4, 67, 32)
(45443/4, 68, 33)
(45445/4, 70, 34)
(45447/4, 68, 33)
(113621/10, 68, 33)
(79537/7, 68, 33)
(45451/4, 65, 31)
(45455/4, 63, 30)
(45455/4, 70, 34)
(45471/4, 75, 37)
(11368, 77, 38)
(45473/4, 75, 37)
(22737/2, 72, 35)
(45475/4, 62, 29)
(45477/4, 74, 36)
(22739/2, 72, 35)
(22741/2, 70, 34)
(45483/4, 68, 33)
(11371, 67, 32)
(45485/4, 65, 31)
(22743/2, 60, 28)
(45487/4, 58, 27)
(45489/4, 55, 25)
(45491/4, 58, 27)
(45493/4, 63, 30)
(45495/4, 67, 32)
(45497/4, 70, 34)
(45499/4, 75, 37)
(45501/4, 79, 39)
(45503/4, 79, 39)
(11376, 77, 38)
(11377, 74, 36)
(45509/4, 74, 36)
(22755/2, 75, 37)
(22757/2, 74, 36)
(45517/4, 58, 27)
(45533/4, 84, 42)
(22767/2, 86, 43)
(45535/4, 84, 42)
(11384, 80, 40)
(45537/4, 80, 40)
(22769/2, 82, 41)
(45539/4, 80, 40)
(11385, 77, 38)
(45541/4, 77, 38)
(22771/2, 79, 39)
(45543/4, 77, 38)
(11386, 72, 35)
(45545/4, 72, 35)
(22773/2, 74, 36)
(45547/4, 72, 35)
(11387, 69, 33)
(45549/4, 70, 34)
(45553/4, 79, 39)
(22777/2, 80, 40)
(45555/4, 70, 34)
(45559/4, 63, 30)
(11390, 58, 27)
(45565/4, 55, 25)
(45571/4, 75, 37)
(11393, 77, 38)
(45573/4, 75, 37)
(22787/2, 70, 34)
(45575/4, 67, 32)
(45579/4, 58, 27)
(113949/10, 60, 28)
(113951/10, 55, 25)
(45581/4, 56, 26)
(45589/4, 58, 27)
(45589/4, 62, 29)
(45601/4, 58, 27)
(45601/4, 62, 29)
(45605/4, 58, 27)
(45605/4, 62, 29)
(45609/4, 58, 27)
(45609/4, 62, 29)
(45613/4, 58, 27)
(45613/4, 63, 30)
(45625/4, 55, 25)
(45629/4, 55, 25)
(45641/4, 55, 25)
(45645/4, 55, 25)
(45657/4, 60, 28)
(45661/4, 59, 27)
(45665/4, 60, 28)
(45673/4, 58, 27)
(45677/4, 58, 27)
(22839/2, 60, 28)
(22839/2, 58, 27)
(45679/4, 55, 25)
(11420, 58, 27)
(68521/6, 60, 28)
(34261/3, 55, 25)
(22841/2, 58, 27)
(45683/4, 60, 28)
(45683/4, 58, 27)
(11421, 55, 25)
(45685/4, 55, 25)
(45699/4, 55, 25)
(45713/4, 56, 26)
(45717/4, 55, 25)
(45721/4, 60, 28)
(45725/4, 59, 27)
(45729/4, 60, 28)
(45741/4, 55, 25)
(45745/4, 56, 26)
(45749/4, 58, 27)
(45753/4, 63, 30)
(45757/4, 62, 29)
(45761/4, 63, 30)
(45765/4, 65, 31)
(45769/4, 70, 34)
(45771/4, 70, 34)
(45773/4, 67, 32)
(45775/4, 67, 32)
(45777/4, 68, 33)
(45779/4, 68, 33)
(45781/4, 70, 34)
(45783/4, 70, 34)
(45785/4, 75, 37)
(45787/4, 75, 37)
(45789/4, 74, 36)
(45793/4, 74, 36)
(80140/7, 75, 37)
(114489/10, 75, 37)
(45797/4, 77, 38)
(45799/4, 77, 38)
(45801/4, 75, 37)
(45803/4, 75, 37)
(45805/4, 74, 36)
(80161/7, 74, 36)
(80168/7, 75, 37)
(114529/10, 75, 37)
(45813/4, 77, 38)
(45815/4, 77, 38)
(45817/4, 75, 37)
(45819/4, 75, 37)
(45821/4, 74, 36)
(45823/4, 75, 37)
(45825/4, 77, 38)
(45827/4, 75, 37)
(45829/4, 74, 36)
(45831/4, 75, 37)
(45833/4, 77, 38)
(45835/4, 75, 37)
(45837/4, 74, 36)
(45841/4, 75, 37)
(45843/4, 75, 37)
(45853/4, 74, 36)
(22927/2, 62, 29)
(22929/2, 58, 27)
(45859/4, 58, 27)
(45859/4, 62, 29)
(11465, 58, 27)
(11465, 62, 29)
(45865/4, 58, 27)
(45865/4, 62, 29)
(22933/2, 56, 26)
(22933/2, 60, 28)
(45867/4, 74, 36)
(45869/4, 58, 27)
(45869/4, 62, 29)
(45877/4, 68, 33)
(45877/4, 62, 29)
(45885/4, 58, 27)
(45885/4, 63, 30)
(45889/4, 68, 33)
(45889/4, 70, 34)
(45893/4, 67, 32)
(45893/4, 70, 34)
(45897/4, 68, 33)
(45897/4, 70, 34)
(45901/4, 67, 32)
(45901/4, 70, 34)
(45909/4, 55, 25)
(45909/4, 63, 30)
(45909/4, 70, 34)
(45917/4, 55, 25)
(45917/4, 63, 30)
(20005, 51, 23)
(20005, 55, 25)
(20007, 56, 26)
(20008, 51, 23)
(20016, 55, 25)
(20020, 58, 27)
(80083/4, 58, 27)
(20021, 58, 27)
(20024, 53, 24)
(80099/4, 60, 28)
(20025, 60, 28)
(20028, 63, 30)
(40057/2, 65, 31)
(80115/4, 65, 31)
(40059/2, 69, 33)
(80119/4, 69, 33)
(40061/2, 70, 34)
(80123/4, 70, 34)
(40063/2, 62, 28)
(20032, 74, 36)
(80131/4, 75, 37)
(80133/4, 75, 37)
(80139/4, 67, 32)
(80141/4, 63, 30)
(20036, 58, 27)
(40073/2, 55, 25)
(20037, 51, 23)
(40075/2, 48, 21)
(20038, 58, 27)
(40077/2, 58, 27)
(20039, 56, 26)
(40079/2, 55, 25)
(20040, 53, 24)
(20045, 52, 23)
(20048, 55, 25)
(20056, 53, 24)
(20060, 48, 21)
(20060, 55, 25)
(80243/4, 48, 21)
(80243/4, 56, 26)
(20061, 48, 21)
(20064, 56, 26)
(20064, 62, 29)
(40129/2, 58, 27)
(20065, 58, 27)
(20065, 62, 29)
(20072, 56, 26)
(20072, 67, 32)
(80307/4, 60, 28)
(80323/4, 55, 25)
(200811/10, 56, 26)
(200821/10, 58, 27)
(140577/7, 60, 28)
(80331/4, 61, 29)
(80335/4, 61, 29)
(80339/4, 56, 26)
(80355/4, 56, 26)
(80357/4, 62, 28)
(80359/4, 61, 29)
(80361/4, 65, 31)
(80367/4, 63, 30)
(80369/4, 61, 29)
(80371/4, 60, 28)
(80387/4, 60, 28)
(80395/4, 51, 23)
(80395/4, 53, 24)
(80403/4, 55, 25)
(80411/4, 54, 24)
(80419/4, 55, 25)
(80435/4, 53, 24)
(80439/4, 55, 25)
(80439/4, 55, 25)
(80443/4, 53, 24)
(80447/4, 53, 24)
(80451/4, 51, 23)
(80459/4, 51, 23)
(80465/4, 51, 23)
(80467/4, 50, 22)
(80469/4, 51, 23)
(80471/4, 51, 23)
(80477/4, 51, 23)
(80483/4, 58, 27)
(80485/4, 55, 25)
(80487/4, 50, 22)
(80489/4, 51, 23)
(80491/4, 48, 21)
(80493/4, 51, 23)
(80495/4, 53, 24)
(80497/4, 54, 25)
(80499/4, 53, 24)
(80501/4, 58, 27)
(80503/4, 58, 27)
(80505/4, 51, 23)
(80507/4, 48, 21)
(80509/4, 56, 26)
(80511/4, 55, 25)
(80513/4, 53, 24)
(80515/4, 55, 25)
(80531/4, 63, 30)
(20133, 65, 31)
(80533/4, 63, 30)
(40267/2, 58, 27)
(80535/4, 67, 32)
(80539/4, 65, 31)
(20135, 67, 32)
(80541/4, 65, 31)
(40271/2, 58, 27)
(80543/4, 68, 33)
(80547/4, 67, 32)
(20137, 68, 33)
(80549/4, 67, 32)
(40275/2, 63, 30)
(80563/4, 63, 30)
(20141, 65, 31)
(80565/4, 58, 27)
(40283/2, 67, 32)
(40285/2, 65, 31)
(80571/4, 67, 32)
(20143, 65, 31)
(80573/4, 58, 27)
(40287/2, 68, 33)
(80579/4, 67, 32)
(20145, 63, 30)
(80581/4, 75, 37)
(80589/4, 75, 37)
(40295/2, 77, 38)
(80591/4, 75, 37)
(80595/4, 76, 37)
(80599/4, 76, 37)
(80607/4, 77, 38)
(20152, 67, 32)
(80611/4, 76, 37)
(80631/4, 60, 28)
(80631/4, 64, 30)
(80639/4, 60, 28)
(80639/4, 64, 30)
(80643/4, 62, 29)
(80645/4, 50, 22)
(80647/4, 53, 24)
(80649/4, 58, 27)
(80651/4, 62, 29)
(80653/4, 65, 31)
(80655/4, 70, 34)
(80657/4, 74, 36)
(80659/4, 72, 35)
(80663/4, 64, 30)
(20166, 65, 31)
(80665/4, 64, 30)
(40333/2, 60, 28)
(80667/4, 60, 28)
(20167, 62, 29)
(80669/4, 60, 28)
(40335/2, 57, 26)
(80671/4, 57, 26)
(20168, 58, 27)
(80673/4, 57, 26)
(40337/2, 52, 23)
(80675/4, 53, 24)
(80677/4, 50, 22)
(80679/4, 53, 24)
(80681/4, 58, 27)
(80683/4, 62, 29)
(80685/4, 65, 31)
(80687/4, 70, 34)
(80689/4, 74, 36)
(80691/4, 69, 33)
(20173, 70, 34)
(80693/4, 69, 33)
(40347/2, 63, 30)
(80695/4, 63, 30)
(20174, 65, 31)
(80697/4, 63, 30)
(40349/2, 60, 28)
(80699/4, 60, 28)
(20175, 62, 29)
(80701/4, 60, 28)
(40351/2, 57, 26)
(80703/4, 57, 26)
(20176, 58, 27)
(80705/4, 57, 26)
(40353/2, 51, 23)
(80707/4, 53, 24)
(80711/4, 53, 24)
(80715/4, 53, 24)
(80723/4, 74, 36)
(20181, 75, 37)
(80725/4, 74, 36)
(40363/2, 70, 34)
(20182, 65, 31)
(80729/4, 65, 31)
(40365/2, 67, 32)
(80731/4, 65, 31)
(20183, 62, 29)
(80733/4, 62, 29)
(40367/2, 63, 30)
(80735/4, 62, 29)
(20184, 58, 27)
(80739/4, 58, 27)
(80751/4, 58, 27)
(80755/4, 56, 26)
(80767/4, 58, 27)
(80771/4, 57, 26)
(80783/4, 55, 25)
(80787/4, 54, 24)
(80791/4, 55, 25)
(80803/4, 58, 27)
(80815/4, 62, 29)
(80819/4, 60, 28)
(80831/4, 61, 29)
(80835/4, 60, 28)
(80847/4, 58, 27)
(80851/4, 56, 26)
(80855/4, 58, 27)
(80863/4, 60, 28)
(80867/4, 61, 29)
(80879/4, 58, 27)
(20220, 60, 28)
(80881/4, 55, 25)
(80883/4, 58, 27)
(20221, 60, 28)
(80885/4, 58, 27)
(40443/2, 55, 25)
(80887/4, 58, 27)
(80889/4, 60, 28)
(141557/7, 58, 27)
(141558/7, 55, 25)
(80891/4, 58, 27)
(202229/10, 60, 28)
(202231/10, 58, 27)
(80895/4, 58, 27)
(80897/4, 60, 28)
(40449/2, 66, 32)
(80899/4, 60, 28)
(20225, 55, 25)
(20225, 58, 27)
(80901/4, 58, 27)
(80947/4, 53, 24)
(80947/4, 58, 27)
(80955/4, 53, 24)
(80955/4, 56, 26)
(80963/4, 53, 24)
(80965/4, 65, 31)
(80967/4, 70, 34)
(80979/4, 74, 36)
(80983/4, 72, 35)
(80987/4, 70, 34)
(80991/4, 63, 30)
(80991/4, 70, 34)
(80995/4, 63, 30)
(80995/4, 70, 34)
(81007/4, 58, 27)
(81011/4, 58, 27)
(81027/4, 58, 27)
(81043/4, 58, 27)
(81047/4, 60, 28)
(81051/4, 62, 29)
(81055/4, 65, 31)
(81059/4, 63, 30)
(81063/4, 65, 31)
(81067/4, 67, 32)
(81075/4, 65, 31)
(81075/4, 68, 33)
(81077/4, 65, 31)
(81077/4, 68, 33)
(81079/4, 65, 31)
(81079/4, 68, 33)
(81081/4, 65, 31)
(81081/4, 68, 33)
(81083/4, 65, 31)
(81083/4, 68, 33)
(81085/4, 65, 31)
(81087/4, 65, 31)
(81087/4, 68, 33)
(81089/4, 65, 31)
(81089/4, 68, 33)
(81095/4, 63, 30)
(81097/4, 62, 29)
(81099/4, 60, 28)
(81101/4, 58, 27)
(81103/4, 60, 28)
(81109/4, 58, 27)
(81109/4, 62, 29)
(81113/4, 58, 27)
(81113/4, 62, 29)
(81123/4, 58, 27)
(81123/4, 62, 29)
(81127/4, 58, 27)
(81127/4, 62, 29)
(81131/4, 58, 27)
(81131/4, 62, 29)
(81135/4, 58, 27)
(81135/4, 62, 29)
(81139/4, 53, 24)
(20285, 55, 25)
(81141/4, 53, 24)
(40571/2, 50, 22)
(81143/4, 53, 24)
(20286, 55, 25)
(81145/4, 53, 24)
(40573/2, 50, 22)
(81147/4, 53, 24)
(202871/10, 59, 27)
(142012/7, 60, 28)
(81151/4, 62, 29)
(81155/4, 63, 30)
(81157/4, 65, 31)
(81159/4, 67, 32)
(81161/4, 60, 28)
(81163/4, 60, 28)
(81163/4, 63, 30)
(81165/4, 60, 28)
(81165/4, 63, 30)
(81167/4, 60, 28)
(81167/4, 63, 30)
(81169/4, 60, 28)
(81169/4, 63, 30)
(81171/4, 62, 29)
(81175/4, 54, 24)
(81175/4, 58, 27)
(81179/4, 54, 24)
(81179/4, 58, 27)
(81183/4, 54, 24)
(81183/4, 58, 27)
(81187/4, 51, 23)
(142082/7, 53, 24)
(142082/7, 58, 27)
(202981/10, 53, 24)
(202981/10, 58, 27)
(81195/4, 53, 24)
(81195/4, 58, 27)
(81199/4, 53, 24)
(81199/4, 58, 27)
(81203/4, 53, 24)
(20301, 55, 25)
(81205/4, 53, 24)
(40603/2, 50, 22)
(81207/4, 53, 24)
(20302, 55, 25)
(81209/4, 53, 24)
(40605/2, 50, 22)
(81211/4, 53, 24)
(81213/4, 59, 27)
(81215/4, 60, 28)
(81217/4, 62, 29)
(81219/4, 63, 30)
(81221/4, 65, 31)
(81223/4, 69, 33)
(81225/4, 58, 27)
(81227/4, 60, 28)
(81251/4, 58, 27)
(203131/10, 70, 34)
(142194/7, 70, 34)
(142201/7, 69, 33)
(81259/4, 67, 32)
(81261/4, 65, 31)
(81263/4, 63, 30)
(81265/4, 62, 29)
(81267/4, 60, 28)
(81269/4, 62, 29)
(81273/4, 63, 30)
(81277/4, 65, 31)
(81283/4, 67, 32)
(81287/4, 69, 33)
(81291/4, 70, 34)
(81295/4, 72, 35)
(81299/4, 62, 29)
(81299/4, 74, 36)
(81307/4, 74, 36)
(81309/4, 72, 35)
(81311/4, 75, 37)
(81313/4, 72, 35)
(81315/4, 70, 34)
(81317/4, 74, 36)
(81319/4, 70, 34)
(81321/4, 67, 32)
(81323/4, 65, 31)
(203311/10, 63, 30)
(203321/10, 60, 28)
(142327/7, 56, 26)
(81331/4, 67, 32)
(81335/4, 65, 31)
(81339/4, 63, 30)
(81343/4, 62, 29)
(81347/4, 60, 28)
(81349/4, 58, 27)
(81353/4, 57, 26)
(81357/4, 55, 25)
(81363/4, 53, 24)
(81363/4, 56, 26)
(81379/4, 55, 25)
(81383/4, 55, 25)
(20346, 56, 26)
(81385/4, 55, 25)
(40693/2, 51, 23)
(81387/4, 48, 21)
(81395/4, 55, 25)
(81395/4, 58, 27)
(81411/4, 57, 26)
(81415/4, 57, 26)
(20354, 58, 27)
(81417/4, 57, 26)
(40709/2, 53, 24)
(81419/4, 50, 22)
(81427/4, 53, 24)
(81427/4, 57, 26)
(81431/4, 53, 24)
(81431/4, 57, 26)
(81435/4, 53, 24)
(81435/4, 57, 26)
(81439/4, 53, 24)
(81439/4, 57, 26)
(81443/4, 53, 24)
(81443/4, 58, 27)
(81451/4, 61, 28)
(81475/4, 58, 27)
(81477/4, 58, 27)
(81479/4, 58, 27)
(81481/4, 58, 27)
(81483/4, 58, 27)
(81491/4, 59, 27)
(81507/4, 60, 28)
(81523/4, 61, 28)
(81531/4, 61, 28)
(81539/4, 62, 29)
(81547/4, 62, 29)
(81555/4, 53, 24)
(81555/4, 63, 30)
(81571/4, 62, 29)
(81579/4, 58, 27)
(81587/4, 58, 27)
(81589/4, 58, 27)
(81591/4, 53, 24)
(81593/4, 53, 24)
(81595/4, 53, 24)
(81597/4, 53, 24)
(81599/4, 60, 28)
(81601/4, 60, 28)
(81603/4, 55, 25)
(81607/4, 55, 25)
(81615/4, 55, 25)
(81619/4, 60, 28)
(81621/4, 53, 24)
(81623/4, 53, 24)
(81625/4, 53, 24)
(81627/4, 53, 24)
(81635/4, 53, 24)
(81643/4, 51, 23)
(81651/4, 50, 22)
(81667/4, 50, 22)
(81673/4, 53, 24)
(81675/4, 51, 23)
(81681/4, 58, 27)
(81683/4, 57, 26)
(81685/4, 60, 28)
(81687/4, 60, 28)
(81689/4, 60, 28)
(81691/4, 65, 31)
(81699/4, 65, 31)
(81705/4, 65, 31)
(81707/4, 63, 30)
(81713/4, 70, 34)
(81715/4, 69, 33)
(81717/4, 72, 35)
(81719/4, 72, 35)
(81721/4, 72, 35)
(81723/4, 63, 30)
(81731/4, 74, 36)
(81733/4, 75, 37)
(81735/4, 75, 37)
(81737/4, 75, 37)
(81739/4, 74, 36)
(81741/4, 75, 37)
(81743/4, 75, 37)
(81745/4, 75, 37)
(81747/4, 74, 36)
(81749/4, 75, 37)
(81751/4, 75, 37)
(81753/4, 75, 37)
(81755/4, 74, 36)
(81757/4, 63, 30)
(81759/4, 63, 30)
(81761/4, 63, 30)
(81763/4, 62, 29)
(81815/4, 53, 24)
(81827/4, 50, 22)
(81831/4, 51, 23)
(81847/4, 55, 25)
(81851/4, 53, 24)
(81855/4, 51, 23)
(81859/4, 50, 22)
(81863/4, 51, 23)
(81867/4, 53, 24)
(81895/4, 63, 30)
(81899/4, 62, 29)
(81911/4, 65, 31)
(81915/4, 63, 30)
(81919/4, 71, 34)
(81923/4, 72, 35)
(81927/4, 74, 36)
(81931/4, 72, 35)
(81935/4, 71, 34)
(81939/4, 72, 35)
(81951/4, 74, 36)
(81953/4, 77, 38)
(81955/4, 75, 37)
(81957/4, 72, 35)
(81959/4, 74, 36)
(81961/4, 71, 34)
(81963/4, 72, 35)
(81965/4, 67, 32)
(81967/4, 71, 34)
(81969/4, 65, 31)
(81971/4, 67, 32)
(81973/4, 63, 30)
(81975/4, 68, 33)
(81977/4, 65, 31)
(81979/4, 63, 30)
(81981/4, 60, 28)
(81983/4, 59, 27)
(81985/4, 62, 29)
(81987/4, 60, 28)
(81999/4, 51, 23)
(20500, 53, 24)
(82001/4, 51, 23)
(41001/2, 48, 21)
(82003/4, 54, 25)
(41003/2, 53, 24)
(82013/4, 51, 23)
(41007/2, 53, 24)
(82015/4, 51, 23)
(20504, 48, 21)
(82019/4, 54, 25)
(41011/2, 53, 24)
(20506, 53, 24)
(20508, 51, 23)
(82033/4, 51, 23)
(82033/4, 53, 24)
(41017/2, 48, 21)
(82035/4, 54, 25)
(82037/4, 53, 24)
(82037/4, 53, 24)
(164077/8, 53, 24)
(164079/8, 54, 25)
(164085/8, 53, 24)
(164091/8, 53, 24)
(82051/4, 54, 25)
(82053/4, 53, 24)
(82055/4, 53, 24)
(41029/2, 53, 24)
(82059/4, 54, 25)
(41031/2, 53, 24)
(82063/4, 53, 24)
(41033/2, 53, 24)
(82067/4, 53, 24)
(82083/4, 53, 24)
(82083/4, 63, 30)
(82091/4, 62, 29)
(82091/4, 65, 31)
(82099/4, 53, 24)
(82099/4, 62, 29)
(82099/4, 65, 31)
(82115/4, 60, 28)
(82117/4, 62, 29)
(82131/4, 48, 21)
(82135/4, 56, 26)
(82151/4, 56, 26)
(82155/4, 55, 25)
(82171/4, 48, 21)
(82171/4, 55, 25)
(82179/4, 48, 21)
(82179/4, 56, 26)
(82187/4, 58, 27)
(82195/4, 48, 21)
(82195/4, 60, 28)
(82227/4, 50, 22)
(82243/4, 50, 22)
(82259/4, 50, 22)
(82279/4, 62, 29)
(82281/4, 62, 29)
(82307/4, 63, 30)
(82309/4, 53, 24)
(82309/4, 63, 30)
(82327/4, 58, 27)
(82329/4, 67, 32)
(82339/4, 67, 32)
(82347/4, 53, 24)
(82371/4, 60, 28)
(82379/4, 60, 28)
(82379/4, 64, 30)
(82403/4, 51, 23)
(82419/4, 53, 24)
(41215/2, 63, 30)
(82431/4, 65, 31)
(20608, 63, 30)
(164865/8, 60, 28)
(164867/8, 62, 29)
(82435/4, 58, 27)
(20609, 60, 28)
(82437/4, 55, 25)
(41219/2, 67, 32)
(41219/2, 58, 27)
(41219/2, 70, 34)
(20611, 56, 26)
(82445/4, 55, 25)
(41223/2, 53, 24)
(82471/4, 65, 31)
(82483/4, 65, 31)
(82485/4, 62, 29)
(41243/2, 63, 30)
(20623, 63, 30)
(82493/4, 62, 29)
(41247/2, 55, 25)
(82499/4, 60, 28)
(82501/4, 60, 28)
(41251/2, 55, 25)
(82503/4, 51, 23)
(82515/4, 53, 24)
(82523/4, 60, 28)
(82547/4, 55, 25)
(20637, 67, 32)
(82549/4, 60, 28)
(41279/2, 56, 26)
(41281/2, 60, 28)
(82563/4, 60, 28)
(82567/4, 60, 28)
(20644, 60, 28)
(82581/4, 53, 24)
(82597/4, 67, 32)
(41299/2, 63, 30)
(82599/4, 68, 33)
(82611/4, 60, 28)
(82627/4, 51, 23)
(82643/4, 51, 23)
(82647/4, 51, 23)
(82651/4, 51, 23)
(82659/4, 51, 23)
(82679/4, 51, 23)
(82683/4, 51, 23)
(82687/4, 51, 23)
(82691/4, 51, 23)
(82707/4, 53, 24)
(82739/4, 48, 21)
(82755/4, 58, 27)
(82795/4, 53, 24)
(82803/4, 63, 30)
(82807/4, 53, 24)
(82821/4, 55, 25)
(82821/4, 58, 27)
(82835/4, 55, 25)
(82835/4, 60, 28)
(82851/4, 55, 25)
(82851/4, 59, 27)
(82859/4, 55, 25)
(82859/4, 59, 27)
(82867/4, 55, 25)
(82867/4, 60, 28)
(82883/4, 55, 25)
(82883/4, 59, 27)
(82885/4, 67, 32)
(82887/4, 67, 32)
(82889/4, 67, 32)
(82891/4, 67, 32)
(82899/4, 67, 32)
(82915/4, 65, 31)
(82939/4, 63, 30)
(82947/4, 63, 30)
(82979/4, 62, 29)
(82995/4, 60, 28)
(83003/4, 63, 30)
(83009/4, 62, 29)
(83011/4, 62, 29)
(83027/4, 60, 28)
(83031/4, 62, 29)
(83035/4, 60, 28)
(83043/4, 58, 27)
(83063/4, 60, 28)
(83075/4, 57, 26)
(83107/4, 58, 27)
(83123/4, 70, 34)
(83131/4, 73, 36)
(83137/4, 72, 35)
(83139/4, 72, 35)
(83155/4, 72, 35)
(83167/4, 74, 36)
(83171/4, 74, 36)
(83183/4, 74, 36)
(83187/4, 75, 37)
(83195/4, 68, 33)
(83197/4, 74, 36)
(83199/4, 77, 38)
(41601/2, 75, 37)
(83203/4, 68, 33)
(83203/4, 75, 37)
(83211/4, 75, 37)
(83213/4, 74, 36)
(83215/4, 77, 38)
(83217/4, 75, 37)
(83235/4, 70, 34)
(83251/4, 65, 31)
(83253/4, 62, 29)
(83255/4, 58, 27)
(83257/4, 58, 27)
(83267/4, 58, 27)
(83267/4, 65, 31)
(83295/4, 50, 22)
(83327/4, 58, 27)
(20832, 58, 27)
(20832, 60, 28)
(83329/4, 55, 25)
(83331/4, 63, 30)
(83335/4, 51, 23)
(83335/4, 55, 25)
(83347/4, 51, 23)
(83347/4, 58, 27)
(83379/4, 58, 27)
(145918/7, 56, 26)
(208461/10, 55, 25)
(83387/4, 58, 27)
(20847, 60, 28)
(83411/4, 60, 28)
(83411/4, 63, 30)
(20853, 60, 28)
(20853, 63, 30)
(83427/4, 65, 31)
(41715/2, 69, 33)
(83431/4, 69, 33)
(83433/4, 70, 34)
(41717/2, 70, 34)
(83437/4, 74, 36)
(83443/4, 74, 36)
(41723/2, 75, 37)
(83447/4, 75, 37)
(83453/4, 67, 32)
(83455/4, 63, 30)
(83457/4, 60, 28)
(83459/4, 55, 25)
(83461/4, 51, 23)
(83463/4, 48, 21)
(83465/4, 58, 27)
(83467/4, 58, 27)
(83469/4, 56, 26)
(83475/4, 53, 24)
(83479/4, 53, 24)
(83485/4, 68, 33)
(20872, 63, 30)
(83491/4, 60, 28)
(83493/4, 56, 26)
(83495/4, 53, 24)
(83499/4, 53, 24)
(83501/4, 53, 24)
(83565/4, 74, 36)
(83567/4, 70, 34)
(83569/4, 67, 32)
(83571/4, 63, 30)
(83573/4, 61, 29)
(83575/4, 58, 27)
(83577/4, 55, 25)
(83579/4, 51, 23)
(83583/4, 61, 29)
(83587/4, 60, 28)
(83595/4, 56, 26)
(83603/4, 68, 33)
(83607/4, 60, 28)
(41805/2, 62, 29)
(83619/4, 60, 28)
(83635/4, 55, 25)
(83637/4, 60, 28)
(83639/4, 61, 29)
(83641/4, 63, 30)
(83651/4, 60, 28)
(83659/4, 59, 27)
(83667/4, 60, 28)
(83675/4, 51, 23)
(83681/4, 51, 23)
(83683/4, 58, 27)
(83685/4, 55, 25)
(83687/4, 50, 22)
(83689/4, 51, 23)
(83691/4, 51, 23)
(83697/4, 51, 23)
(83699/4, 58, 27)
(83701/4, 55, 25)
(83703/4, 50, 22)
(83705/4, 51, 23)
(83707/4, 48, 21)
(83709/4, 51, 23)
(83711/4, 53, 24)
(83715/4, 53, 24)
(83719/4, 55, 25)
(83725/4, 53, 24)
(83727/4, 53, 24)
(83731/4, 51, 23)
(83739/4, 51, 23)
(83745/4, 50, 22)
(83747/4, 62, 29)
(83749/4, 59, 27)
(83751/4, 55, 25)
(83753/4, 60, 28)
(83755/4, 60, 28)
(83763/4, 62, 29)
(83765/4, 59, 27)
(83767/4, 55, 25)
(83769/4, 60, 28)
(83771/4, 60, 28)
(83787/4, 59, 27)
(83811/4, 48, 21)
(83811/4, 51, 23)
(83827/4, 60, 28)
(83843/4, 62, 29)
(83847/4, 65, 31)
(83851/4, 68, 33)
(83859/4, 74, 36)
(83863/4, 65, 31)
(83867/4, 68, 33)
(83871/4, 62, 29)
(83871/4, 70, 34)
(83875/4, 55, 25)
(20969, 56, 26)
(83877/4, 55, 25)
(41939/2, 51, 23)
(41939/2, 55, 25)
(83879/4, 56, 26)
(20970, 55, 25)
(83881/4, 51, 23)
(41941/2, 55, 25)
(83883/4, 56, 26)
(20971, 51, 23)
(83885/4, 55, 25)
(41943/2, 56, 26)
(83887/4, 51, 23)
(83891/4, 55, 25)
(20973, 56, 26)
(83893/4, 55, 25)
(41947/2, 53, 24)
(83895/4, 55, 25)
(20974, 56, 26)
(20974, 63, 30)
(83897/4, 55, 25)
(41949/2, 53, 24)
(83899/4, 55, 25)
(20975, 56, 26)
(83901/4, 55, 25)
(41951/2, 53, 24)
(83903/4, 55, 25)
(20976, 56, 26)
(83905/4, 55, 25)
(41953/2, 51, 23)
(83907/4, 55, 25)
(20977, 56, 26)
(83909/4, 55, 25)
(41955/2, 53, 24)
(83911/4, 55, 25)
(20978, 55, 25)
(20978, 56, 26)
(83913/4, 53, 24)
(41957/2, 55, 25)
(41957/2, 56, 26)
(83915/4, 68, 33)
(83915/4, 53, 24)
(83915/4, 63, 30)
(20979, 55, 25)
(83923/4, 55, 25)
(83927/4, 63, 30)
(83939/4, 63, 30)
(83951/4, 55, 25)
(83955/4, 53, 24)
(83971/4, 53, 24)
(83987/4, 63, 30)
(83999/4, 65, 31)
(84007/4, 51, 23)
(21002, 63, 30)
(21002, 53, 24)
(21002, 60, 28)
(84009/4, 51, 23)
(84009/4, 60, 28)
(84019/4, 51, 23)
(21005, 51, 23)
(84021/4, 48, 21)
(84021/4, 51, 23)
(42011/2, 53, 24)
(42011/2, 60, 28)
(84023/4, 48, 21)
(21006, 51, 23)
(84025/4, 51, 23)
(42013/2, 53, 24)
(84035/4, 51, 23)
(21009, 53, 24)
(84037/4, 48, 21)
(42019/2, 48, 21)
(42021/2, 51, 23)
(42021/2, 58, 27)
(84051/4, 51, 23)
(84055/4, 51, 23)
(84059/4, 51, 23)
(84063/4, 68, 33)
(84067/4, 68, 33)
(84067/4, 51, 23)
(84071/4, 60, 28)
(84083/4, 63, 30)
(84091/4, 58, 27)
(84091/4, 62, 29)
(84099/4, 58, 27)
(84101/4, 63, 30)
(84103/4, 67, 32)
(84105/4, 70, 34)
(84109/4, 67, 32)
(84115/4, 67, 32)
(84119/4, 65, 31)
(84123/4, 63, 30)
(84127/4, 68, 33)
(84131/4, 68, 33)
(84143/4, 63, 30)
(84147/4, 63, 30)
(84159/4, 63, 30)
(84163/4, 63, 30)
(84175/4, 63, 30)
(84177/4, 63, 30)
(84179/4, 63, 30)
(84195/4, 53, 24)
(84195/4, 63, 30)
(84197/4, 63, 30)
(84199/4, 65, 31)
(84201/4, 65, 31)
(84211/4, 65, 31)
(84211/4, 56, 26)
(84215/4, 65, 31)
(84227/4, 65, 31)
(84235/4, 62, 29)
(84237/4, 55, 25)
(84243/4, 53, 24)
(84247/4, 55, 25)
(84251/4, 56, 26)
(84259/4, 60, 28)
(147458/7, 62, 29)
(210661/10, 63, 30)
(84267/4, 65, 31)
(84275/4, 51, 23)
(84275/4, 58, 27)
(84283/4, 56, 26)
(84291/4, 55, 25)
(210741/10, 53, 24)
(84307/4, 70, 34)
(84311/4, 68, 33)
(84315/4, 67, 32)
(84323/4, 65, 31)
(84327/4, 63, 30)
(84331/4, 60, 28)
(84339/4, 58, 27)
(84355/4, 56, 26)
(84359/4, 53, 24)
(84371/4, 55, 25)
(84379/4, 56, 26)
(84387/4, 55, 25)
(84389/4, 51, 23)
(84391/4, 51, 23)
(84393/4, 51, 23)
(84395/4, 51, 23)
(84403/4, 52, 23)
(84419/4, 62, 29)
(84435/4, 60, 28)
(84439/4, 53, 24)
(84451/4, 55, 25)
(84459/4, 55, 25)
(84467/4, 63, 30)
(84471/4, 56, 26)
(84483/4, 53, 24)
(84485/4, 53, 24)
(84487/4, 56, 26)
(84489/4, 56, 26)
(84499/4, 55, 25)
(84507/4, 56, 26)
(84515/4, 55, 25)
(84523/4, 55, 25)
(84531/4, 63, 30)
(84547/4, 55, 25)
(84551/4, 52, 23)
(84555/4, 53, 24)
(84563/4, 62, 29)
(84567/4, 53, 24)
(84579/4, 54, 24)
(84583/4, 54, 24)
(84587/4, 58, 26)
(84595/4, 58, 27)
(84599/4, 62, 29)
(84611/4, 58, 27)
(84619/4, 55, 25)
(84627/4, 63, 30)
(84635/4, 62, 29)
(84643/4, 63, 30)
(84647/4, 63, 30)
(84651/4, 65, 31)
(84655/4, 67, 32)
(84659/4, 65, 31)
(84671/4, 59, 27)
(84675/4, 60, 28)
(84679/4, 63, 30)
(84687/4, 63, 30)
(84691/4, 63, 30)
(84695/4, 58, 27)
(84697/4, 57, 26)
(84701/4, 56, 26)
(84707/4, 55, 25)
(84717/4, 56, 26)
(84723/4, 62, 29)
(84725/4, 62, 29)
(84727/4, 62, 29)
(84729/4, 62, 29)
(84731/4, 65, 31)
(84733/4, 65, 31)
(84739/4, 63, 30)
(84743/4, 70, 34)
(84745/4, 68, 33)
(84751/4, 75, 37)
(84755/4, 74, 36)
(84757/4, 62, 29)
(84759/4, 56, 26)
(84759/4, 65, 31)
(84761/4, 56, 26)
(84761/4, 65, 31)
(84765/4, 56, 26)
(84765/4, 62, 29)
(84771/4, 55, 25)
(84771/4, 63, 30)
(84799/4, 60, 28)
(21200, 55, 25)
(21200, 58, 27)
(21200, 66, 32)
(84803/4, 61, 29)
(42403/2, 60, 28)
(84807/4, 60, 28)
(84811/4, 58, 27)
(84819/4, 50, 22)
(84819/4, 59, 28)
(21205, 59, 28)
(21207, 58, 27)
(42415/2, 59, 28)
(84831/4, 58, 27)
(21208, 55, 25)
(84835/4, 60, 28)
(21209, 60, 28)
(84839/4, 60, 28)
(21210, 60, 28)
(84843/4, 60, 28)
(21211, 60, 28)
(42425/2, 60, 28)
(84851/4, 60, 28)
(42427/2, 60, 28)
(21214, 60, 28)
(84859/4, 60, 28)
(42431/2, 60, 28)
(84863/4, 60, 28)
(42433/2, 60, 28)
(84867/4, 60, 28)
(84875/4, 60, 28)
(84891/4, 60, 28)
(84903/4, 66, 31)
(84915/4, 67, 32)
(84919/4, 60, 28)
(84923/4, 56, 26)
(84931/4, 55, 25)
(84939/4, 67, 32)
(84939/4, 70, 34)
(84955/4, 67, 32)
(84955/4, 70, 34)
(84975/4, 60, 28)
(21244, 59, 27)
(84977/4, 55, 25)
(84979/4, 60, 28)
(84995/4, 60, 28)
(84999/4, 60, 28)
(21250, 60, 28)
(85001/4, 57, 26)
(85011/4, 58, 27)
(85023/4, 60, 28)
(85027/4, 61, 29)
(85039/4, 61, 29)
(21260, 63, 30)
(85041/4, 61, 29)
(42521/2, 58, 27)
(85043/4, 61, 29)
(85091/4, 61, 29)
(85107/4, 62, 29)
(85123/4, 53, 24)
(85125/4, 62, 29)
(85139/4, 63, 30)
(85147/4, 53, 24)
(85155/4, 64, 30)
(85163/4, 53, 24)
(85171/4, 65, 31)
(85179/4, 65, 31)
(85179/4, 56, 26)
(85187/4, 56, 26)
(85187/4, 67, 32)
(85195/4, 56, 26)
(85203/4, 65, 31)
(85205/4, 65, 31)
(85207/4, 65, 31)
(85209/4, 65, 31)
(85211/4, 65, 31)
(213031/10, 65, 31)
(149124/7, 64, 30)
(85215/4, 64, 30)
(85219/4, 63, 30)
(85221/4, 63, 30)
(85223/4, 66, 32)
(85225/4, 66, 32)
(85227/4, 58, 27)
(85233/4, 63, 30)
(85235/4, 63, 30)
(85237/4, 63, 30)
(85249/4, 67, 32)
(85251/4, 67, 32)
(85263/4, 51, 23)
(85265/4, 60, 28)
(85279/4, 48, 21)
(85283/4, 58, 27)
(85283/4, 68, 33)
(85295/4, 58, 27)
(85295/4, 67, 32)
(85303/4, 58, 27)
(85303/4, 60, 28)
(85311/4, 67, 32)
(85319/4, 65, 31)
(85327/4, 63, 30)
(85331/4, 58, 27)
(85335/4, 62, 29)
(85339/4, 63, 30)
(85343/4, 58, 27)
(85343/4, 65, 31)
(85359/4, 58, 27)
(85359/4, 67, 32)
(85363/4, 58, 27)
(85367/4, 62, 29)
(85371/4, 66, 32)
(85375/4, 65, 31)
(85377/4, 58, 27)
(85377/4, 68, 33)
(85379/4, 58, 27)
(85379/4, 68, 33)
(85381/4, 58, 27)
(85381/4, 68, 33)
(85391/4, 58, 27)
(85395/4, 58, 27)
(85399/4, 62, 29)
(85407/4, 58, 27)
(85407/4, 65, 31)
(85411/4, 60, 28)
(85423/4, 55, 25)
(85439/4, 63, 30)
(85441/4, 63, 30)
(85443/4, 65, 31)
(85445/4, 67, 32)
(85447/4, 62, 29)
(85449/4, 62, 29)
(85451/4, 62, 29)
(85453/4, 65, 31)
(85455/4, 58, 27)
(85471/4, 72, 35)
(21368, 74, 36)
(170947/8, 68, 33)
(170949/8, 68, 33)
(170951/8, 70, 34)
(170953/8, 68, 33)
(170955/8, 65, 31)
(170957/8, 65, 31)
(170965/8, 67, 32)
(170967/8, 65, 31)
(170969/8, 57, 26)
(170971/8, 57, 26)
(85487/4, 55, 25)
(85489/4, 51, 23)
(85491/4, 55, 25)
(85493/4, 63, 30)
(85495/4, 67, 32)
(85497/4, 70, 34)
(85499/4, 75, 37)
(85503/4, 74, 36)
(21376, 75, 37)
(149633/7, 74, 36)
(64129/3, 70, 34)
(192389/9, 72, 35)
(85507/4, 62, 29)
(213771/10, 58, 27)
(213771/10, 58, 27)
(64138/3, 58, 27)
(149686/7, 56, 26)
(149693/7, 60, 28)
(106926/5, 65, 31)
(149700/7, 72, 35)
(106931/5, 68, 33)
(149707/7, 65, 31)
(149714/7, 67, 32)
(149714/7, 70, 34)
(149728/7, 55, 25)
(21390, 56, 26)
(106951/5, 55, 25)
(192514/9, 51, 23)
(149735/7, 58, 27)
(149742/7, 58, 27)
(21392, 60, 28)
(106961/5, 58, 27)
(192532/9, 55, 25)
(149749/7, 63, 30)
(149756/7, 63, 30)
(21394, 65, 31)
(106971/5, 63, 30)
(192550/9, 58, 27)
(192550/9, 67, 32)
(149770/7, 58, 27)
(149784/7, 53, 24)
(149784/7, 56, 26)
(149805/7, 53, 24)
(149805/7, 56, 26)
(149812/7, 53, 24)
(149812/7, 56, 26)
(149819/7, 53, 24)
(149819/7, 56, 26)
(149826/7, 55, 25)
(21404, 56, 26)
(107021/5, 55, 25)
(192640/9, 51, 23)
(149833/7, 55, 25)
(21405, 56, 26)
(107026/5, 51, 23)
(192649/9, 55, 25)
(149840/7, 56, 26)
(21406, 55, 25)
(107031/5, 51, 23)
(192658/9, 55, 25)
(149847/7, 56, 26)
(21407, 55, 25)
(107036/5, 51, 23)
(149854/7, 53, 24)
(21408, 55, 25)
(107041/5, 53, 24)
(192676/9, 50, 22)
(149861/7, 53, 24)
(21409, 53, 24)
(21409, 64, 30)
(107046/5, 50, 22)
(192685/9, 53, 24)
(149868/7, 50, 22)
(21410, 53, 24)
(107051/5, 51, 23)
(192694/9, 48, 21)
(149882/7, 55, 25)
(171295/8, 53, 24)
(21412, 50, 22)
(107061/5, 53, 24)
(192712/9, 55, 25)
(149889/7, 53, 24)
(21413, 50, 22)
(107066/5, 53, 24)
(192721/9, 55, 25)
(149896/7, 53, 24)
(21414, 50, 22)
(107071/5, 51, 23)
(192730/9, 51, 23)
(192739/9, 48, 21)
(149910/7, 55, 25)
(149917/7, 51, 23)
(149931/7, 50, 22)
(149938/7, 51, 23)
(149959/7, 51, 23)
(21423, 53, 24)
(107116/5, 51, 23)
(192811/9, 48, 21)
(149966/7, 53, 24)
(21424, 55, 25)
(107121/5, 53, 24)
(192820/9, 50, 22)
(149973/7, 53, 24)
(21425, 55, 25)
(107126/5, 53, 24)
(192829/9, 55, 25)
(149980/7, 53, 24)
(149980/7, 63, 30)
(21426, 51, 23)
(107131/5, 53, 24)
(192838/9, 51, 23)
(149987/7, 48, 21)
(149994/7, 53, 24)
(21428, 55, 25)
(107141/5, 53, 24)
(192856/9, 50, 22)
(150001/7, 53, 24)
(21429, 55, 25)
(107146/5, 63, 30)
(107151/5, 50, 22)
(150043/7, 50, 22)
(150050/7, 51, 23)
(107181/5, 51, 23)
(107186/5, 51, 23)
(150071/7, 53, 24)
(107196/5, 53, 24)
(150078/7, 53, 24)
(107201/5, 53, 24)
(107206/5, 53, 24)
(150092/7, 58, 27)
(107211/5, 58, 27)
(107216/5, 58, 27)
(107221/5, 58, 27)
(150113/7, 63, 30)
(107226/5, 63, 30)
(107231/5, 63, 30)
(150127/7, 65, 31)
(107236/5, 65, 31)
(107241/5, 65, 31)
(107246/5, 65, 31)
(107251/5, 65, 31)
(107256/5, 65, 31)
(150169/7, 65, 31)
(150176/7, 65, 31)
(150190/7, 65, 31)
(107281/5, 65, 31)
(150197/7, 65, 31)
(107286/5, 65, 31)
(150204/7, 65, 31)
(107291/5, 65, 31)
(150211/7, 65, 31)
(107296/5, 65, 31)
(150218/7, 65, 31)
(150246/7, 56, 26)
(150246/7, 53, 24)
(150253/7, 53, 24)
(150253/7, 56, 26)
(150274/7, 53, 24)
(150274/7, 56, 26)
(150274/7, 63, 30)
(107341/5, 56, 26)
(150302/7, 58, 27)
(150302/7, 62, 29)
(150309/7, 58, 27)
(150309/7, 63, 30)
(150316/7, 58, 27)
(150316/7, 65, 31)
(150330/7, 58, 27)
(150330/7, 63, 30)
(150344/7, 51, 23)
(150344/7, 55, 25)
(150358/7, 51, 23)
(150358/7, 55, 25)
(30005, 48, 21)
(30008, 39, 16)
(30020, 51, 23)
(120083/4, 50, 22)
(30021, 50, 22)
(30024, 50, 22)
(120099/4, 48, 21)
(30025, 48, 21)
(30028, 60, 28)
(60057/2, 58, 27)
(120115/4, 58, 27)
(60059/2, 63, 30)
(30030, 63, 30)
(120123/4, 62, 29)
(30031, 62, 29)
(120127/4, 68, 33)
(30032, 68, 33)
(60065/2, 67, 32)
(30034, 67, 32)
(60071/2, 60, 28)
(30036, 58, 27)
(60073/2, 51, 23)
(30037, 46, 20)
(30037, 48, 21)
(60075/2, 43, 18)
(60075/2, 41, 17)
(30038, 39, 16)
(30048, 40, 16)
(30053, 44, 19)
(30054, 43, 18)
(30056, 40, 16)
(30060, 40, 16)
(120243/4, 41, 17)
(30064, 41, 17)
(120259/4, 43, 18)
(30065, 43, 18)
(30068, 55, 25)
(120275/4, 56, 26)
(120277/4, 56, 26)
(30070, 56, 26)
(120281/4, 56, 26)
(30071, 58, 27)
(120285/4, 58, 27)
(30072, 52, 22)
(30076, 44, 19)
(30078, 46, 20)
(30080, 48, 21)
(30084, 44, 19)
(30088, 48, 21)
(30090, 43, 18)
(30092, 44, 19)
(30094, 43, 18)
(30097, 48, 21)
(30100, 46, 20)
(30102, 48, 21)
(120435/4, 51, 23)
(120439/4, 44, 19)
(120443/4, 46, 20)
(30112, 43, 18)
(30114, 42, 17)
(60231/2, 42, 17)
(30116, 43, 18)
(30118, 42, 17)
(60239/2, 42, 17)
(30120, 43, 18)
(30122, 42, 18)
(30123, 41, 17)
(60247/2, 39, 16)
(30124, 38, 15)
(60251/2, 44, 19)
(60253/2, 46, 20)
(30128, 39, 16)
(30129, 43, 18)
(120517/4, 44, 19)
(60259/2, 43, 18)
(120519/4, 39, 16)
(30130, 46, 20)
(30133, 46, 20)
(30134, 50, 22)
(30135, 50, 22)
(120541/4, 51, 23)
(60271/2, 50, 22)
(120543/4, 46, 20)
(30136, 51, 23)
(30137, 55, 25)
(120549/4, 56, 26)
(60275/2, 55, 25)
(120551/4, 51, 23)
(30140, 58, 27)
(30141, 58, 27)
(30142, 62, 29)
(30143, 62, 29)
(120573/4, 63, 30)
(60287/2, 62, 29)
(120575/4, 58, 27)
(30144, 63, 30)
(60289/2, 58, 27)
(30145, 63, 30)
(60293/2, 62, 29)
(30147, 60, 28)
(60295/2, 59, 27)
(30148, 60, 28)
(60297/2, 55, 25)
(30149, 64, 30)
(60301/2, 62, 29)
(30151, 60, 28)
(60303/2, 58, 27)
(30152, 60, 28)
(60305/2, 55, 25)
(30153, 64, 30)
(30155, 64, 30)
(30157, 45, 19)
(30159, 45, 19)
(30160, 46, 20)
(60321/2, 41, 17)
(30161, 46, 20)
(60323/2, 50, 22)
(30162, 53, 24)
(60325/2, 58, 27)
(30163, 62, 29)
(60327/2, 65, 31)
(30164, 64, 30)
(60329/2, 60, 28)
(120659/4, 60, 28)
(30165, 62, 29)
(120661/4, 60, 28)
(241327/8, 58, 27)
(241329/8, 57, 26)
(241331/8, 52, 23)
(241333/8, 52, 23)
(241335/8, 53, 24)
(241337/8, 52, 23)
(241339/8, 48, 21)
(30168, 46, 20)
(60337/2, 41, 17)
(30169, 46, 20)
(60339/2, 50, 22)
(30170, 53, 24)
(60341/2, 58, 27)
(30171, 62, 29)
(60343/2, 50, 22)
(60343/2, 65, 31)
(30172, 63, 30)
(120689/4, 65, 31)
(60345/2, 63, 30)
(120691/4, 60, 28)
(30173, 60, 28)
(120693/4, 62, 29)
(60347/2, 60, 28)
(241391/8, 56, 26)
(241393/8, 58, 27)
(241395/8, 56, 26)
(120699/4, 51, 23)
(30175, 51, 23)
(120701/4, 53, 24)
(60351/2, 51, 23)
(120703/4, 48, 21)
(30176, 46, 20)
(30177, 46, 20)
(30178, 46, 20)
(30179, 46, 20)
(30180, 60, 28)
(120721/4, 63, 30)
(60361/2, 62, 29)
(120723/4, 58, 27)
(30181, 58, 27)
(120725/4, 60, 28)
(60363/2, 58, 27)
(120727/4, 53, 24)
(30182, 53, 24)
(120729/4, 55, 25)
(60365/2, 53, 24)
(120731/4, 50, 22)
(30183, 50, 22)
(120733/4, 51, 23)
(60367/2, 50, 22)
(120735/4, 46, 20)
(30184, 46, 20)
(30187, 43, 18)
(30188, 38, 15)
(30191, 43, 18)
(30192, 38, 15)
(30195, 46, 20)
(30196, 45, 19)
(30197, 43, 18)
(30198, 39, 16)
(30199, 41, 17)
(30200, 46, 20)
(30203, 46, 20)
(30204, 41, 17)
(30207, 46, 20)
(30208, 41, 17)
(30211, 49, 22)
(30212, 48, 21)
(30213, 46, 20)
(30214, 42, 18)
(30215, 44, 19)
(30216, 49, 22)
(30219, 49, 22)
(30220, 48, 21)
(30224, 48, 21)
(30227, 50, 22)
(30228, 52, 23)
(30229, 54, 24)
(30230, 55, 25)
(30231, 55, 25)
(30232, 55, 25)
(30235, 55, 25)
(30236, 53, 24)
(30238, 51, 23)
(30240, 50, 22)
(30243, 50, 22)
(30244, 53, 24)
(30245, 55, 25)
(30248, 55, 25)
(30251, 51, 23)
(30252, 53, 24)
(30256, 53, 24)
(30259, 53, 24)
(30260, 55, 25)
(30261, 56, 26)
(30262, 58, 27)
(30263, 58, 27)
(30264, 60, 28)
(30265, 62, 29)
(30266, 63, 30)
(60537/2, 63, 30)
(30269, 63, 30)
(60539/2, 63, 30)
(30270, 63, 30)
(30271, 63, 30)
(90814/3, 63, 30)
(90815/3, 63, 30)
(30272, 63, 30)
(60545/2, 62, 29)
(30273, 60, 28)
(60547/2, 58, 27)
(30274, 57, 26)
(60549/2, 53, 24)
(30275, 55, 25)
(60551/2, 57, 26)
(30276, 58, 27)
(60555/2, 41, 17)
(60557/2, 41, 17)
(30280, 42, 17)
(30281, 42, 17)
(30282, 42, 17)
(30283, 42, 17)
(30284, 43, 18)
(60573/2, 43, 18)
(30287, 45, 19)
(60575/2, 47, 20)
(30288, 48, 21)
(60577/2, 50, 22)
(30289, 51, 23)
(60579/2, 52, 23)
(30290, 53, 24)
(60581/2, 53, 24)
(30291, 53, 24)
(60583/2, 53, 24)
(30292, 62, 29)
(30293, 40, 17)
(30295, 40, 17)
(30296, 42, 17)
(30297, 42, 17)
(30298, 42, 17)
(30300, 43, 18)
(60605/2, 43, 18)
(30303, 45, 19)
(60607/2, 47, 20)
(30304, 48, 21)
(60609/2, 50, 22)
(30305, 52, 23)
(60611/2, 53, 24)
(30306, 41, 17)
(30308, 46, 20)
(60617/2, 49, 21)
(30309, 50, 22)
(60619/2, 51, 23)
(30310, 50, 22)
(60621/2, 50, 22)
(30312, 51, 23)
(60625/2, 53, 24)
(30313, 55, 25)
(60627/2, 53, 24)
(30314, 51, 23)
(60629/2, 50, 22)
(30315, 48, 21)
(60631/2, 46, 20)
(30316, 45, 19)
(30317, 46, 20)
(30318, 48, 21)
(30319, 50, 22)
(30320, 53, 24)
(30321, 55, 25)
(30322, 57, 26)
(30324, 59, 27)
(30327, 60, 28)
(30328, 53, 24)
(30330, 53, 24)
(30332, 63, 30)
(30333, 62, 29)
(30334, 60, 28)
(30335, 58, 27)
(30336, 56, 26)
(30337, 55, 25)
(30338, 53, 24)
(30339, 51, 23)
(30340, 50, 22)
(30344, 51, 23)
(30346, 43, 18)
(121385/4, 44, 19)
(60693/2, 43, 18)
(121387/4, 39, 16)
(30348, 52, 23)
(30352, 53, 24)
(30354, 46, 20)
(121417/4, 44, 19)
(30356, 51, 23)
(30357, 51, 23)
(30360, 50, 22)
(30362, 55, 25)
(30368, 58, 27)
(30369, 41, 17)
(30370, 41, 17)
(30371, 41, 17)
(30372, 41, 17)
(30377, 41, 17)
(30378, 41, 17)
(30379, 41, 17)
(30380, 41, 17)
(30385, 41, 17)
(30386, 41, 17)
(30387, 41, 17)
(30388, 41, 17)
(30390, 43, 18)
(30391, 45, 19)
(30392, 46, 20)
(30394, 39, 16)
(30396, 41, 17)
(30399, 41, 17)
(30400, 43, 18)
(30401, 49, 22)
(30402, 48, 21)
(30403, 46, 20)
(30404, 45, 19)
(30407, 45, 19)
(30408, 46, 20)
(30410, 39, 16)
(30412, 41, 17)
(60841/2, 46, 20)
(30421, 46, 20)
(60843/2, 46, 20)
(30422, 46, 20)
(30422, 56, 26)
(30424, 58, 27)
(60857/2, 58, 27)
(30429, 58, 27)
(30432, 58, 27)
(30433, 57, 26)
(121733/4, 58, 27)
(60867/2, 57, 26)
(121735/4, 53, 24)
(30434, 58, 27)
(30435, 57, 26)
(121741/4, 58, 27)
(60871/2, 57, 26)
(121743/4, 53, 24)
(30436, 58, 27)
(30437, 45, 19)
(121749/4, 46, 20)
(60875/2, 41, 17)
(60875/2, 45, 19)
(121751/4, 46, 20)
(121755/4, 45, 19)
(30439, 46, 20)
(121757/4, 45, 19)
(60879/2, 41, 17)
(30448, 41, 17)
(121793/4, 43, 18)
(60897/2, 41, 17)
(121795/4, 38, 15)
(30452, 44, 19)
(30459, 41, 17)
(121837/4, 43, 18)
(60919/2, 41, 17)
(121839/4, 38, 15)
(30460, 44, 19)
(30467, 41, 17)
(121869/4, 43, 18)
(60935/2, 41, 17)
(121871/4, 38, 15)
(30468, 44, 19)
(121875/4, 43, 18)
(30469, 43, 18)
(30471, 41, 17)
(121885/4, 43, 18)
(60943/2, 41, 17)
(121887/4, 38, 15)
(30472, 44, 19)
(121891/4, 43, 18)
(30473, 43, 18)
(30475, 41, 17)
(121901/4, 43, 18)
(60951/2, 41, 17)
(121903/4, 38, 15)
(30476, 44, 19)
(121907/4, 43, 18)
(30477, 43, 18)
(121911/4, 43, 18)
(30478, 44, 19)
(121915/4, 43, 18)
(30479, 43, 18)
(121919/4, 43, 18)
(30480, 44, 19)
(121923/4, 43, 18)
(30481, 43, 18)
(121927/4, 43, 18)
(30482, 44, 19)
(121931/4, 43, 18)
(30483, 43, 18)
(121935/4, 43, 18)
(30484, 43, 18)
(30486, 55, 25)
(30488, 43, 18)
(30492, 43, 18)
(30494, 43, 18)
(30496, 55, 25)
(30497, 51, 23)
(30497, 55, 25)
(30500, 41, 17)
(61011/2, 60, 28)
(30509, 51, 23)
(30510, 49, 22)
(30511, 45, 19)
(30512, 46, 20)
(30513, 51, 23)
(30514, 49, 22)
(30516, 46, 20)
(30519, 45, 19)
(61039/2, 41, 17)
(30520, 46, 20)
(61041/2, 49, 22)
(30521, 48, 21)
(61043/2, 51, 23)
(30522, 49, 22)
(61045/2, 53, 24)
(30523, 57, 26)
(61047/2, 60, 28)
(30524, 58, 27)
(61049/2, 61, 29)
(30525, 60, 28)
(61051/2, 63, 30)
(30526, 61, 29)
(61053/2, 65, 31)
(30527, 60, 28)
(61055/2, 63, 30)
(30528, 61, 29)
(61057/2, 56, 26)
(30529, 60, 28)
(61059/2, 58, 27)
(30530, 55, 25)
(61061/2, 58, 27)
(30532, 48, 21)
(122135/4, 48, 21)
(30537, 41, 17)
(30542, 39, 16)
(30544, 41, 17)
(30546, 43, 18)
(30548, 44, 19)
(30556, 41, 17)
(30560, 43, 18)
(30569, 46, 20)
(30572, 48, 21)
(30577, 48, 21)
(30580, 50, 22)
(30585, 46, 20)
(30589, 35, 14)
(30592, 37, 14)
(30604, 38, 15)
(30605, 60, 28)
(122421/4, 57, 26)
(61211/2, 58, 27)
(61213/2, 57, 26)
(91820/3, 58, 27)
(91823/3, 57, 26)
(183647/6, 50, 22)
(30608, 55, 25)
(30609, 53, 24)
(122437/4, 43, 18)
(122437/4, 55, 25)
(30613, 43, 18)
(30616, 43, 18)
(30625, 48, 21)
(122501/4, 36, 14)
(61251/2, 44, 19)
(122503/4, 46, 20)
(30626, 44, 19)
(122505/4, 36, 14)
(61253/2, 43, 18)
(122507/4, 43, 18)
(30628, 41, 17)
(30636, 48, 21)
(61275/2, 43, 18)
(61275/2, 44, 19)
(30640, 44, 19)
(30641, 43, 18)
(61283/2, 40, 16)
(30684, 63, 30)
(30688, 63, 30)
(30692, 39, 16)
(30694, 41, 17)
(61391/2, 39, 16)
(30696, 37, 15)
(30698, 36, 14)
(30699, 48, 21)
(30700, 47, 20)
(30704, 44, 19)
(61409/2, 53, 24)
(30712, 44, 19)
(30712, 53, 24)
(30716, 51, 23)
(30720, 53, 24)
(30724, 51, 23)
(30728, 50, 22)
(30730, 51, 23)
(30732, 49, 22)
(30736, 48, 21)
(30740, 48, 21)
(30748, 45, 19)
(30750, 48, 21)
(61503/2, 46, 20)
(30752, 46, 20)
(30760, 43, 18)
(30768, 41, 17)
(30776, 46, 20)
(61561/2, 46, 20)
(30781, 46, 20)
(61563/2, 46, 20)
(30782, 46, 20)
(30784, 46, 20)
(61577/2, 46, 20)
(30792, 46, 20)
(61591/2, 46, 20)
(30796, 46, 20)
(30799, 46, 20)
(92398/3, 46, 20)
(92399/3, 46, 20)
(30800, 46, 20)
(30802, 46, 20)
(30804, 46, 20)
(30806, 46, 20)
(30808, 58, 27)
(61617/2, 60, 28)
(30809, 57, 26)
(61619/2, 58, 27)
(30810, 53, 24)
(61621/2, 55, 25)
(30811, 52, 23)
(61623/2, 53, 24)
(30812, 50, 22)
(61627/2, 50, 22)
(30814, 41, 17)
(61629/2, 43, 18)
(30815, 39, 16)
(61631/2, 41, 17)
(30816, 38, 15)
(30823, 51, 23)
(30823, 60, 28)
(30823, 63, 30)
(92498/3, 48, 21)
(92500/3, 46, 20)
(30834, 44, 19)
(30836, 43, 18)
(30837, 39, 16)
(92522/3, 48, 21)
(92524/3, 46, 20)
(30842, 44, 19)
(30844, 43, 18)
(92534/3, 44, 19)
(92536/3, 39, 16)
(30846, 43, 18)
(123385/4, 44, 19)
(61693/2, 43, 18)
(123387/4, 39, 16)
(30848, 51, 23)
(123395/4, 50, 22)
(30849, 50, 22)
(30851, 50, 22)
(123411/4, 48, 21)
(30856, 60, 28)
(61713/2, 58, 27)
(30857, 58, 27)
(123431/4, 63, 30)
(123433/4, 63, 30)
(123435/4, 62, 29)
(30859, 62, 29)
(123439/4, 68, 33)
(30860, 68, 33)
(123443/4, 67, 32)
(123449/4, 67, 32)
(123451/4, 63, 30)
(123453/4, 60, 28)
(30864, 58, 27)
(123459/4, 51, 23)
(123461/4, 48, 21)
(123463/4, 46, 20)
(123465/4, 43, 18)
(123467/4, 41, 17)
(123469/4, 39, 16)
(30868, 44, 19)
(30869, 44, 19)
(61741/2, 68, 33)
(30872, 53, 24)
(61745/2, 48, 21)
(30882, 63, 30)
(61765/2, 60, 28)
(30883, 57, 26)
(30884, 53, 24)
(61769/2, 51, 23)
(30885, 48, 21)
(61771/2, 45, 19)
(30888, 46, 20)
(61777/2, 50, 22)
(30889, 53, 24)
(61779/2, 56, 26)
(30890, 58, 27)
(61781/2, 67, 32)
(30891, 63, 30)
(30892, 58, 27)
(61785/2, 55, 25)
(30893, 51, 23)
(61787/2, 46, 20)
(30894, 43, 18)
(30895, 43, 18)
(30896, 44, 19)
(30898, 46, 20)
(30900, 48, 21)
(30904, 44, 19)
(30908, 48, 21)
(30912, 56, 26)
(30916, 60, 28)
(30918, 42, 17)
(30920, 43, 18)
(30922, 42, 17)
(30924, 43, 18)
(30926, 42, 18)
(30927, 41, 17)
(30928, 38, 15)
(30929, 39, 16)
(30930, 44, 19)
(30931, 46, 20)
(30932, 43, 18)
(30934, 42, 17)
(61871/2, 42, 17)
(30936, 43, 18)
(61873/2, 47, 20)
(30937, 50, 22)
(61875/2, 42, 17)
(30938, 42, 17)
(61879/2, 42, 17)
(30940, 47, 20)
(61881/2, 50, 22)
(61883/2, 42, 17)
(30944, 43, 18)
(30948, 44, 19)
(30952, 45, 19)
(30954, 48, 21)
(30956, 51, 23)
(30958, 57, 26)
(30960, 58, 27)
(30961, 58, 27)
(30962, 58, 27)
(30963, 58, 27)
(30964, 58, 27)
(30965, 62, 29)
(30966, 65, 31)
(30967, 46, 20)
(30968, 39, 16)
(30972, 43, 18)
(30975, 48, 21)
(30976, 43, 18)
(30980, 50, 22)
(30981, 46, 20)
(30984, 51, 23)
(30987, 51, 23)
(30988, 46, 20)
(30993, 54, 25)
(30996, 53, 24)
(31000, 54, 25)
(31004, 41, 17)
(31007, 42, 18)
(31008, 41, 17)
(31011, 43, 18)
(31012, 45, 19)
(31013, 47, 20)
(31014, 48, 21)
(31015, 60, 28)
(31016, 60, 28)
(31019, 56, 26)
(31020, 58, 27)
(31022, 56, 26)
(31024, 55, 25)
(31028, 44, 19)
(31029, 46, 20)
(31030, 48, 21)
(31031, 60, 28)
(31032, 60, 28)
(31035, 56, 26)
(31037, 56, 26)
(31040, 58, 27)
(31043, 59, 27)
(31044, 60, 28)
(31048, 60, 28)
(31051, 60, 28)
(62103/2, 60, 28)
(31052, 50, 22)
(31053, 62, 29)
(31056, 62, 29)
(31058, 62, 29)
(62117/2, 58, 27)
(31059, 53, 24)
(62119/2, 51, 23)
(31060, 50, 22)
(62121/2, 51, 23)
(62123/2, 53, 24)
(31062, 55, 25)
(31064, 56, 26)
(93194/3, 58, 27)
(93196/3, 60, 28)
(31066, 62, 29)
(31068, 61, 29)
(31070, 60, 28)
(31072, 46, 20)
(93220/3, 46, 20)
(31076, 56, 26)
(31077, 53, 24)
(31080, 48, 21)
(31081, 46, 20)
(31082, 44, 19)
(31084, 43, 18)
(31088, 44, 19)
(31092, 46, 20)
(31094, 46, 20)
(31096, 51, 23)
(31097, 46, 20)
(31098, 46, 20)
(31099, 46, 20)
(31100, 46, 20)
(31105, 46, 20)
(31106, 46, 20)
(31107, 46, 20)
(31108, 46, 20)
(31113, 46, 20)
(31114, 46, 20)
(31115, 46, 20)
(31116, 46, 20)
(31118, 48, 21)
(31119, 50, 22)
(31120, 51, 23)
(31121, 48, 21)
(31122, 41, 17)
(31124, 46, 20)
(31126, 46, 20)
(31132, 46, 20)
(31134, 49, 22)
(62271/2, 48, 21)
(31136, 48, 21)
(31140, 48, 21)
(31142, 51, 23)
(62287/2, 50, 22)
(31144, 50, 22)
(31148, 50, 22)
(31149, 56, 26)
(31150, 55, 25)
(31151, 53, 24)
(31152, 53, 24)
(31153, 51, 23)
(31154, 50, 22)
(31155, 48, 21)
(31156, 46, 20)
(31157, 43, 18)
(31158, 41, 17)
(31159, 46, 20)
(31160, 43, 18)
(31162, 53, 24)
(31163, 51, 23)
(31164, 50, 22)
(31165, 48, 21)
(31166, 47, 20)
(31167, 43, 18)
(31168, 34, 13)
(31170, 45, 19)
(31172, 46, 20)
(31174, 46, 20)
(31176, 39, 16)
(62361/2, 51, 23)
(31181, 51, 23)
(93565/3, 39, 16)
(93566/3, 39, 16)
(31189, 39, 16)
(31192, 39, 16)
(93578/3, 58, 27)
(93580/3, 55, 25)
(31194, 51, 23)
(31196, 46, 20)
(31197, 43, 18)
(31198, 39, 16)
(31202, 40, 16)
(31218, 42, 17)
(31234, 43, 18)
(31234, 55, 25)
(31238, 43, 18)
(31245, 39, 16)
(124981/4, 44, 19)
(31249, 50, 22)
(124997/4, 46, 20)
(31252, 51, 23)
(31256, 52, 23)
(31260, 53, 24)
(31264, 52, 23)
(31268, 53, 24)
(31272, 55, 25)
(31280, 44, 19)
(62569/2, 44, 19)
(31285, 44, 19)
(62571/2, 44, 19)
(31286, 44, 19)
(31288, 44, 19)
(62585/2, 44, 19)
(31293, 44, 19)
(62587/2, 44, 19)
(31294, 44, 19)
(31296, 44, 19)
(31307, 44, 19)
(125229/4, 46, 20)
(62615/2, 44, 19)
(31312, 46, 20)
(31315, 46, 20)
(125261/4, 48, 21)
(62631/2, 46, 20)
(125263/4, 39, 16)
(31316, 55, 25)
(31317, 53, 24)
(31320, 41, 17)
(31321, 41, 17)
(31324, 51, 23)
(31328, 46, 20)
(31330, 46, 20)
(62661/2, 46, 20)
(31331, 44, 19)
(62663/2, 44, 19)
(31332, 43, 18)
(31333, 55, 25)
(31334, 53, 24)
(31335, 51, 23)
(31336, 50, 22)
(31339, 46, 20)
(62679/2, 46, 20)
(31340, 46, 20)
(31341, 55, 25)
(31342, 53, 24)
(31343, 51, 23)
(31344, 50, 22)
(31347, 46, 20)
(62695/2, 46, 20)
(31348, 46, 20)
(31349, 53, 24)
(31350, 51, 23)
(31352, 50, 22)
(31353, 48, 21)
(31354, 46, 20)
(31356, 48, 21)
(31357, 48, 21)
(62715/2, 48, 21)
(31358, 50, 22)
(94075/3, 50, 22)
(94076/3, 48, 21)
(31359, 46, 20)
(31360, 51, 23)
(31361, 51, 23)
(62723/2, 53, 24)
(31362, 53, 24)
(62725/2, 56, 26)
(62729/2, 43, 18)
(125461/4, 58, 27)
(125463/4, 63, 30)
(125465/4, 67, 32)
(31368, 57, 26)
(31372, 46, 20)
(62745/2, 46, 20)
(31373, 55, 25)
(62747/2, 67, 32)
(31374, 70, 34)
(31376, 56, 26)
(31379, 44, 19)
(31380, 43, 18)
(62761/2, 46, 20)
(62763/2, 55, 25)
(31382, 58, 27)
(62765/2, 61, 29)
(31383, 64, 30)
(31384, 65, 31)
(31385, 45, 19)
(62771/2, 48, 21)
(31386, 53, 24)
(62773/2, 57, 26)
(31387, 60, 28)
(31388, 58, 27)
(31389, 46, 20)
(125557/4, 43, 18)
(62779/2, 51, 23)
(62781/2, 43, 18)
(125563/4, 44, 19)
(31391, 43, 18)
(125565/4, 39, 16)
(31392, 46, 20)
(31393, 55, 25)
(125573/4, 56, 26)
(62787/2, 55, 25)
(125575/4, 51, 23)
(31394, 58, 27)
(31395, 43, 18)
(125581/4, 44, 19)
(62791/2, 43, 18)
(125583/4, 39, 16)
(31396, 46, 20)
(31398, 46, 20)
(31401, 46, 20)
(31402, 46, 20)
(31403, 46, 20)
(31404, 39, 16)
(31407, 48, 21)
(31407, 51, 23)
(31408, 43, 18)
(31408, 50, 22)
(31411, 48, 21)
(31411, 51, 23)
(31412, 43, 18)
(31412, 50, 22)
(31415, 51, 23)
(31416, 50, 22)
(31417, 48, 21)
(62835/2, 44, 19)
(62837/2, 46, 20)
(31420, 51, 23)
(31423, 48, 21)
(31423, 51, 23)
(31424, 43, 18)
(31424, 50, 22)
(31427, 48, 21)
(31427, 51, 23)
(31428, 43, 18)
(31428, 50, 22)
(31431, 51, 23)
(31432, 50, 22)
(31433, 48, 21)
(31434, 44, 19)
(31435, 46, 20)
(31436, 39, 16)
(31437, 41, 17)
(31438, 43, 18)
(31439, 45, 19)
(31440, 46, 20)
(31441, 48, 21)
(31442, 49, 22)
(31443, 50, 22)
(31444, 51, 23)
(31445, 53, 24)
(31446, 55, 25)
(31447, 56, 26)
(31448, 58, 27)
(31449, 60, 28)
(31450, 62, 29)
(31451, 60, 28)
(31452, 58, 27)
(31453, 60, 28)
(31454, 62, 29)
(31455, 60, 28)
(31456, 58, 27)
(62913/2, 60, 28)
(31457, 62, 29)
(62915/2, 60, 28)
(31458, 58, 27)
(62917/2, 60, 28)
(31459, 62, 29)
(62919/2, 60, 28)
(31460, 58, 27)
(62921/2, 60, 28)
(31461, 60, 28)
(62923/2, 58, 27)
(31462, 60, 28)
(62925/2, 62, 29)
(31463, 60, 28)
(31464, 46, 20)
(62929/2, 46, 20)
(31465, 46, 20)
(62931/2, 46, 20)
(62935/2, 56, 26)
(31468, 46, 20)
(31470, 58, 27)
(31470, 58, 27)
(31472, 51, 23)
(31473, 58, 27)
(31474, 51, 23)
(31475, 46, 20)
(31476, 39, 16)
(31478, 39, 16)
(31480, 39, 16)
