(4, 69, 33)
(5, 70, 34)
(6, 70, 34)
(7, 70, 34)
(15/2, 70, 34)
(8, 72, 35)
(17/2, 70, 34)
(9, 68, 33)
(19/2, 67, 32)
(39/4, 65, 31)
(10, 65, 31)
(11, 63, 30)
(12, 63, 30)
(13, 63, 30)
(27/2, 63, 30)
(14, 65, 31)
(29/2, 67, 32)
(15, 68, 33)
(31/2, 72, 35)
(16, 70, 34)
(33/2, 68, 33)
(17, 79, 39)
(35/2, 77, 38)
(18, 75, 37)
(39/2, 72, 35)
(20, 73, 36)
(41/2, 65, 31)
(21, 68, 33)
(22, 67, 32)
(28, 57, 26)
(29, 58, 27)
(30, 58, 27)
(31, 58, 27)
(63/2, 58, 27)
(32, 60, 28)
(65/2, 58, 27)
(33, 56, 26)
(133/4, 60, 28)
(67/2, 63, 30)
(135/4, 68, 33)
(34, 68, 33)
(35, 67, 32)
(71/2, 65, 31)
(36, 63, 30)
(145/4, 67, 32)
(73/2, 70, 34)
(147/4, 75, 37)
(37, 75, 37)
(38, 73, 36)
(77/2, 72, 35)
(39, 70, 34)
(157/4, 73, 36)
(79/2, 77, 38)
(159/4, 80, 40)
(40, 80, 40)
(41, 79, 39)
(83/2, 77, 38)
(42, 75, 37)
(85/2, 73, 36)
(43, 72, 35)
(87/2, 70, 34)
(44, 68, 33)
(89/2, 67, 32)
(179/4, 75, 37)
(45, 74, 36)
(91/2, 70, 34)
(46, 73, 36)
(95/2, 72, 35)
(48, 70, 34)
(97/2, 65, 31)
(49, 68, 33)
(201/4, 67, 32)
(101/2, 65, 31)
(203/4, 67, 32)
(51, 68, 33)
(109/2, 69, 33)
(221/4, 70, 34)
(111/2, 69, 33)
(223/4, 70, 34)
(56, 72, 35)
(225/4, 70, 34)
(113/2, 68, 33)
(227/4, 67, 32)
(57, 67, 32)
(58, 68, 33)
(121/2, 69, 33)
(245/4, 70, 34)
(123/2, 69, 33)
(247/4, 70, 34)
(62, 72, 35)
(249/4, 70, 34)
(125/2, 68, 33)
(251/4, 67, 32)
(63, 70, 34)
(253/4, 68, 33)
(127/2, 67, 32)
(255/4, 65, 31)
(64, 68, 33)
(257/4, 67, 32)
(129/2, 65, 31)
(259/4, 64, 30)
(65, 67, 32)
(261/4, 65, 31)
(131/2, 64, 30)
(263/4, 65, 31)
(66, 68, 33)
(265/4, 67, 32)
(133/2, 65, 31)
(267/4, 67, 32)
(67, 70, 34)
(269/4, 68, 33)
(135/2, 67, 32)
(271/4, 68, 33)
(68, 72, 35)
(273/4, 70, 34)
(137/2, 68, 33)
(275/4, 70, 34)
(69, 73, 36)
(277/4, 72, 35)
(139/2, 71, 34)
(279/4, 72, 35)
(70, 77, 38)
(281/4, 72, 35)
(141/2, 68, 33)
(283/4, 67, 32)
(71, 65, 31)
(285/4, 63, 30)
(143/2, 62, 29)
(287/4, 63, 30)
(72, 62, 29)
(289/4, 58, 27)
(145/2, 58, 27)
(291/4, 62, 29)
(73, 62, 29)
(293/4, 58, 27)
(147/2, 58, 27)
(295/4, 62, 29)
(74, 62, 29)
(297/4, 58, 27)
(149/2, 58, 27)
(299/4, 62, 29)
(75, 63, 30)
(301/4, 58, 27)
(151/2, 58, 27)
(303/4, 63, 30)
(76, 63, 30)
(305/4, 58, 27)
(153/2, 58, 27)
(307/4, 63, 30)
(77, 63, 30)
(309/4, 58, 27)
(155/2, 58, 27)
(311/4, 63, 30)
(78, 63, 30)
(313/4, 66, 32)
(157/2, 66, 32)
(315/4, 63, 30)
(79, 63, 30)
(317/4, 66, 32)
(159/2, 66, 32)
(319/4, 63, 30)
(80, 63, 30)
(321/4, 66, 32)
(161/2, 66, 32)
(323/4, 63, 30)
(81, 65, 31)
(325/4, 63, 30)
(163/2, 61, 29)
(327/4, 60, 28)
(82, 61, 29)
(329/4, 63, 30)
(165/2, 65, 31)
(331/4, 66, 32)
(83, 68, 33)
(333/4, 73, 36)
(167/2, 80, 40)
(335/4, 83, 42)
(84, 82, 41)
(337/4, 73, 36)
(169/2, 73, 36)
(339/4, 78, 39)
(85, 78, 39)
(341/4, 70, 34)
(171/2, 70, 34)
(343/4, 73, 36)
(86, 73, 36)
(345/4, 66, 32)
(173/2, 66, 32)
(347/4, 70, 34)
(87, 68, 33)
(88, 68, 33)
(177/2, 68, 33)
(89, 68, 33)
(179/2, 68, 33)
(90, 68, 33)
(91, 69, 33)
(185/2, 69, 33)
(93, 70, 34)
(187/2, 73, 36)
(375/4, 71, 35)
(94, 70, 34)
(191/2, 70, 34)
(96, 69, 33)
(193/2, 65, 31)
(97, 68, 33)
(197/2, 67, 32)
(99, 65, 31)
(199/2, 60, 28)
(100, 63, 30)
(405/4, 62, 29)
(203/2, 60, 28)
(407/4, 62, 29)
(102, 63, 30)
(229/2, 75, 37)
(115, 79, 39)
(231/2, 82, 41)
(116, 80, 40)
(467/4, 79, 39)
(117, 79, 39)
(235/2, 75, 37)
(118, 79, 39)
(237/2, 82, 41)
(119, 80, 40)
(479/4, 79, 39)
(120, 79, 39)
(241/2, 82, 41)
(121, 80, 40)
(487/4, 79, 39)
(122, 79, 39)
(245/2, 82, 41)
(123, 87, 44)
(497/4, 84, 42)
(249/2, 81, 40)
(499/4, 82, 41)
(125, 84, 42)
(501/4, 81, 40)
(251/2, 77, 38)
(503/4, 75, 37)
(126, 74, 36)
(505/4, 77, 38)
(253/2, 80, 40)
(507/4, 83, 42)
(127, 82, 41)
(509/4, 79, 39)
(255/2, 76, 37)
(511/4, 77, 38)
(128, 79, 39)
(513/4, 76, 37)
(257/2, 73, 36)
(515/4, 70, 34)
(129, 69, 33)
(517/4, 72, 35)
(259/2, 75, 37)
(519/4, 81, 40)
(130, 80, 40)
(521/4, 77, 38)
(261/2, 74, 36)
(523/4, 75, 37)
(131, 77, 38)
(525/4, 74, 36)
(263/2, 71, 35)
(527/4, 68, 33)
(132, 67, 32)
(529/4, 70, 34)
(265/2, 75, 37)
(531/4, 79, 39)
(133, 77, 38)
(533/4, 75, 37)
(267/2, 74, 36)
(535/4, 75, 37)
(134, 77, 38)
(537/4, 75, 37)
(269/2, 74, 36)
(539/4, 72, 35)
(135, 75, 37)
(541/4, 70, 34)
(271/2, 69, 33)
(543/4, 70, 34)
(136, 68, 33)
(545/4, 67, 32)
(273/2, 65, 31)
(547/4, 63, 30)
(137, 62, 29)
(549/4, 65, 31)
(275/2, 68, 33)
(551/4, 62, 29)
(138, 63, 30)
(283/2, 62, 29)
(142, 60, 28)
(143, 62, 29)
(144, 63, 30)
(577/4, 58, 27)
(289/2, 58, 27)
(579/4, 63, 30)
(145, 63, 30)
(581/4, 58, 27)
(291/2, 58, 27)
(583/4, 67, 32)
(146, 67, 32)
(585/4, 63, 30)
(293/2, 63, 30)
(587/4, 70, 34)
(147, 70, 34)
(589/4, 65, 31)
(295/2, 65, 31)
(591/4, 70, 34)
(148, 70, 34)
(593/4, 65, 31)
(297/2, 65, 31)
(595/4, 70, 34)
(149, 70, 34)
(597/4, 65, 31)
(299/2, 65, 31)
(599/4, 70, 34)
(150, 70, 34)
(601/4, 66, 32)
(301/2, 66, 32)
(603/4, 70, 34)
(151, 70, 34)
(605/4, 66, 32)
(303/2, 66, 32)
(607/4, 70, 34)
(152, 70, 34)
(609/4, 66, 32)
(305/2, 66, 32)
(611/4, 70, 34)
(153, 71, 35)
(613/4, 68, 33)
(307/2, 68, 33)
(615/4, 71, 35)
(154, 71, 35)
(617/4, 68, 33)
(309/2, 68, 33)
(619/4, 71, 35)
(155, 71, 35)
(621/4, 68, 33)
(311/2, 68, 33)
(623/4, 71, 35)
(156, 75, 37)
(625/4, 71, 35)
(313/2, 71, 35)
(627/4, 75, 37)
(157, 75, 37)
(629/4, 71, 35)
(315/2, 71, 35)
(631/4, 75, 37)
(158, 75, 37)
(633/4, 71, 35)
(317/2, 71, 35)
(635/4, 75, 37)
(159, 73, 36)
(160, 73, 36)
(321/2, 73, 36)
(161, 73, 36)
(323/2, 73, 36)
(162, 76, 38)
(165, 75, 37)
(166, 73, 36)
(167, 76, 38)
(168, 75, 37)
(169, 78, 39)
(685/4, 83, 42)
(343/2, 83, 42)
(687/4, 78, 39)
(172, 83, 42)
(689/4, 76, 38)
(345/2, 83, 42)
(691/4, 82, 41)
(173, 73, 36)
(693/4, 82, 41)
(347/2, 82, 41)
(695/4, 73, 36)
(174, 82, 41)
(697/4, 75, 37)
(349/2, 82, 41)
(699/4, 80, 40)
(175, 80, 40)
(701/4, 73, 36)
(351/2, 73, 36)
(703/4, 80, 40)
(176, 79, 39)
(705/4, 75, 37)
(353/2, 75, 37)
(707/4, 79, 39)
(177, 80, 40)
(355/2, 74, 36)
(357/2, 75, 37)
(359/2, 63, 30)
(361/2, 71, 35)
(181, 72, 35)
(365/2, 69, 33)
(183, 70, 34)
(367/2, 73, 36)
(184, 77, 38)
(371/2, 80, 40)
(371/2, 78, 39)
(743/4, 77, 38)
(186, 77, 38)
(187, 70, 34)
(749/4, 75, 37)
(375/2, 75, 37)
(751/4, 78, 39)
(188, 78, 39)
(753/4, 77, 38)
(377/2, 77, 38)
(755/4, 75, 37)
(189, 75, 37)
(757/4, 74, 36)
(379/2, 74, 36)
(759/4, 74, 36)
(190, 74, 36)
(761/4, 77, 38)
(381/2, 77, 38)
(763/4, 80, 40)
(191, 80, 40)
(765/4, 78, 39)
(383/2, 78, 39)
(767/4, 77, 38)
(192, 77, 38)
(769/4, 75, 37)
(385/2, 75, 37)
(771/4, 75, 37)
(193, 76, 37)
(773/4, 79, 39)
(387/2, 79, 39)
(775/4, 82, 41)
(194, 82, 41)
(777/4, 80, 40)
(389/2, 80, 40)
(779/4, 79, 39)
(195, 80, 40)
(196, 70, 34)
(196, 79, 39)
(197, 72, 35)
(197, 82, 41)
(198, 72, 35)
(198, 80, 40)
(199, 85, 43)
(401/2, 84, 42)
(201, 83, 41)
(805/4, 86, 43)
(403/2, 86, 43)
(807/4, 89, 45)
(202, 89, 45)
(809/4, 88, 44)
(405/2, 88, 44)
(811/4, 82, 41)
(203, 81, 40)
(813/4, 84, 42)
(407/2, 84, 42)
(815/4, 87, 44)
(204, 87, 44)
(817/4, 86, 43)
(409/2, 86, 43)
(819/4, 80, 40)
(205, 79, 39)
(821/4, 82, 41)
(411/2, 82, 41)
(823/4, 85, 43)
(206, 85, 43)
(825/4, 84, 42)
(413/2, 84, 42)
(827/4, 80, 40)
(207, 77, 38)
(829/4, 84, 42)
(415/2, 84, 42)
(831/4, 77, 38)
(208, 84, 42)
(833/4, 77, 38)
(417/2, 84, 42)
(835/4, 82, 41)
(209, 76, 37)
(837/4, 82, 41)
(419/2, 82, 41)
(839/4, 76, 37)
(210, 82, 41)
(841/4, 76, 37)
(421/2, 82, 41)
(843/4, 80, 40)
(211, 65, 31)
(845/4, 72, 35)
(423/2, 72, 35)
(847/4, 65, 31)
(212, 72, 35)
(849/4, 65, 31)
(425/2, 72, 35)
(851/4, 70, 34)
(213, 66, 32)
(853/4, 70, 34)
(427/2, 70, 34)
(855/4, 66, 32)
(214, 70, 34)
(857/4, 66, 32)
(429/2, 66, 32)
(859/4, 70, 34)
(215, 61, 29)
(861/4, 66, 32)
(431/2, 66, 32)
(863/4, 61, 29)
(216, 60, 28)
(865/4, 65, 31)
(433/2, 65, 31)
(867/4, 60, 28)
(217, 61, 29)
(869/4, 65, 31)
(435/2, 65, 31)
(871/4, 61, 29)
(218, 60, 28)
(873/4, 64, 30)
(437/2, 64, 30)
(875/4, 60, 28)
(219, 60, 28)
(877/4, 65, 31)
(439/2, 65, 31)
(879/4, 60, 28)
(220, 65, 31)
(881/4, 60, 28)
(441/2, 65, 31)
(883/4, 64, 30)
(221, 61, 29)
(885/4, 67, 32)
(443/2, 67, 32)
(887/4, 61, 29)
(222, 67, 32)
(889/4, 60, 28)
(445/2, 67, 32)
(891/4, 65, 31)
(223, 64, 30)
(893/4, 67, 32)
(447/2, 67, 32)
(895/4, 70, 34)
(224, 70, 34)
(897/4, 67, 32)
(449/2, 67, 32)
(899/4, 64, 30)
(225, 64, 30)
(901/4, 65, 31)
(451/2, 65, 31)
(903/4, 68, 33)
(226, 68, 33)
(905/4, 61, 29)
(453/2, 68, 33)
(907/4, 67, 32)
(227, 65, 31)
(909/4, 60, 28)
(455/2, 64, 30)
(911/4, 58, 27)
(228, 56, 26)
(229, 55, 25)
(230, 58, 27)
(231, 56, 26)
(232, 61, 29)
(467/2, 61, 29)
(234, 61, 29)
(937/4, 64, 30)
(469/2, 64, 30)
(939/4, 67, 32)
(235, 67, 32)
(941/4, 70, 34)
(471/2, 70, 34)
(943/4, 73, 36)
(236, 73, 36)
(945/4, 70, 34)
(473/2, 67, 32)
(947/4, 64, 30)
(237, 65, 31)
(949/4, 60, 28)
(475/2, 60, 28)
(951/4, 65, 31)
(238, 65, 31)
(953/4, 60, 28)
(477/2, 60, 28)
(955/4, 65, 31)
(239, 65, 31)
(957/4, 60, 28)
(479/2, 60, 28)
(959/4, 65, 31)
(240, 65, 31)
(247, 69, 33)
(248, 70, 34)
(249, 70, 34)
(250, 70, 34)
(501/2, 70, 34)
(251, 72, 35)
(503/2, 70, 34)
(252, 68, 33)
(505/2, 67, 32)
(1011/4, 65, 31)
(253, 65, 31)
(254, 63, 30)
(255, 63, 30)
(256, 63, 30)
(513/2, 63, 30)
(257, 65, 31)
(515/2, 67, 32)
(258, 68, 33)
(517/2, 72, 35)
(259, 70, 34)
(519/2, 68, 33)
(260, 79, 39)
(521/2, 77, 38)
(261, 75, 37)
(525/2, 72, 35)
(263, 73, 36)
(527/2, 65, 31)
(264, 68, 33)
(265, 67, 32)
(271, 57, 26)
(272, 58, 27)
(273, 58, 27)
(274, 58, 27)
(549/2, 58, 27)
(275, 60, 28)
(551/2, 58, 27)
(276, 56, 26)
(1105/4, 60, 28)
(553/2, 63, 30)
(1107/4, 68, 33)
(277, 68, 33)
(278, 67, 32)
(557/2, 65, 31)
(279, 63, 30)
(1117/4, 68, 33)
(559/2, 72, 35)
(1119/4, 75, 37)
(280, 75, 37)
(281, 73, 36)
(563/2, 72, 35)
(282, 70, 34)
(1129/4, 73, 36)
(565/2, 77, 38)
(1131/4, 80, 40)
(283, 80, 40)
(284, 79, 39)
(569/2, 77, 38)
(285, 75, 37)
(571/2, 73, 36)
(286, 72, 35)
(573/2, 70, 34)
(287, 68, 33)
(575/2, 67, 32)
(1151/4, 75, 37)
(288, 74, 36)
(577/2, 70, 34)
(289, 73, 36)
(581/2, 71, 35)
(291, 70, 34)
(583/2, 65, 31)
(292, 68, 33)
(1173/4, 67, 32)
(587/2, 65, 31)
(1175/4, 67, 32)
(294, 68, 33)
(589/2, 68, 33)
(295, 72, 35)
(591/2, 75, 37)
(296, 73, 36)
(1187/4, 72, 35)
(297, 72, 35)
(595/2, 68, 33)
(298, 72, 35)
(597/2, 75, 37)
(299, 73, 36)
(1199/4, 72, 35)
(300, 72, 35)
(601/2, 68, 33)
(301, 72, 35)
(603/2, 75, 37)
(302, 80, 40)
(1211/4, 80, 40)
(303, 80, 40)
(304, 70, 34)
(305, 75, 37)
(1223/4, 75, 37)
(306, 75, 37)
(307, 68, 33)
(619/2, 80, 40)
(310, 84, 42)
(621/2, 87, 44)
(311, 85, 43)
(1247/4, 84, 42)
(312, 84, 42)
(625/2, 87, 44)
(313, 85, 43)
(1255/4, 84, 42)
(314, 84, 42)
(629/2, 87, 44)
(315, 92, 47)
(1265/4, 89, 45)
(633/2, 86, 43)
(1267/4, 87, 44)
(317, 89, 45)
(1269/4, 86, 43)
(635/2, 83, 42)
(1271/4, 80, 40)
(318, 79, 39)
(1273/4, 82, 41)
(637/2, 85, 43)
(1275/4, 88, 45)
(319, 87, 44)
(1277/4, 84, 42)
(639/2, 81, 40)
(1279/4, 82, 41)
(320, 84, 42)
(1281/4, 81, 40)
(641/2, 78, 39)
(1283/4, 75, 37)
(321, 74, 36)
(1285/4, 77, 38)
(643/2, 80, 40)
(1287/4, 86, 43)
(322, 85, 43)
(1289/4, 82, 41)
(645/2, 79, 39)
(1291/4, 80, 40)
(323, 82, 41)
(1293/4, 79, 39)
(647/2, 76, 38)
(1295/4, 73, 36)
(324, 72, 35)
(1297/4, 75, 37)
(649/2, 80, 40)
(1299/4, 84, 42)
(325, 82, 41)
(1301/4, 80, 40)
(651/2, 79, 39)
(1303/4, 80, 40)
(326, 82, 41)
(1305/4, 80, 40)
(653/2, 79, 39)
(1307/4, 77, 38)
(327, 80, 40)
(1309/4, 75, 37)
(655/2, 74, 36)
(1311/4, 75, 37)
(328, 73, 36)
(1313/4, 72, 35)
(657/2, 70, 34)
(1315/4, 68, 33)
(329, 67, 32)
(1317/4, 63, 30)
(659/2, 61, 29)
(1319/4, 58, 27)
(330, 56, 26)
(332, 56, 26)
(336, 63, 30)
(1345/4, 68, 33)
(673/2, 68, 33)
(1347/4, 63, 30)
(337, 68, 33)
(1349/4, 63, 30)
(675/2, 68, 33)
(1351/4, 67, 32)
(338, 65, 31)
(1353/4, 70, 34)
(677/2, 70, 34)
(1355/4, 65, 31)
(339, 70, 34)
(1357/4, 65, 31)
(679/2, 70, 34)
(1359/4, 68, 33)
(340, 67, 32)
(1361/4, 70, 34)
(681/2, 70, 34)
(1363/4, 73, 36)
(341, 73, 36)
(1365/4, 70, 34)
(683/2, 70, 34)
(1367/4, 67, 32)
(342, 68, 33)
(1369/4, 66, 32)
(685/2, 66, 32)
(1371/4, 68, 33)
(343, 68, 33)
(1373/4, 65, 31)
(687/2, 65, 31)
(1375/4, 61, 29)
(344, 61, 29)
(1377/4, 63, 30)
(689/2, 63, 30)
(1379/4, 75, 37)
(345, 72, 35)
(346, 70, 34)
(347, 73, 36)
(348, 72, 35)
(349, 77, 38)
(701/2, 77, 38)
(351, 77, 38)
(703/2, 75, 37)
(352, 75, 37)
(705/2, 73, 36)
(353, 70, 34)
(707/2, 67, 32)
(354, 68, 33)
(715/2, 73, 36)
(358, 73, 36)
(717/2, 70, 34)
(359, 68, 33)
(719/2, 67, 32)
(360, 68, 33)
(727/2, 73, 36)
(364, 73, 36)
(729/2, 70, 34)
(365, 68, 33)
(731/2, 67, 32)
(366, 68, 33)
(369, 63, 30)
(372, 56, 26)
(373, 56, 26)
(747/2, 56, 26)
(374, 56, 26)
(749/2, 56, 26)
(375, 56, 26)
(376, 57, 26)
(377, 58, 27)
(379, 58, 27)
(759/2, 58, 27)
(380, 60, 28)
(761/2, 58, 27)
(381, 56, 26)
(1525/4, 60, 28)
(763/2, 63, 30)
(1527/4, 68, 33)
(382, 68, 33)
(1537/4, 72, 35)
(769/2, 75, 37)
(1539/4, 80, 40)
(385, 80, 40)
(388, 56, 26)
(389, 56, 26)
(390, 56, 26)
(10000, 63, 30)
(10001, 63, 30)
(20003/2, 63, 30)
(10002, 63, 30)
(20005/2, 63, 30)
(10003, 64, 31)
(10006, 63, 30)
(10007, 63, 30)
(20015/2, 63, 30)
(10008, 63, 30)
(20017/2, 63, 30)
(10009, 63, 30)
(20019/2, 61, 29)
(10010, 61, 29)
(10011, 60, 28)
(10012, 58, 27)
(10013, 58, 27)
(20027/2, 58, 27)
(10014, 60, 28)
(20029/2, 58, 27)
(10015, 56, 26)
(10017, 62, 29)
(10018, 61, 29)
(10019, 60, 28)
(20039/2, 63, 30)
(10020, 65, 31)
(20041/2, 61, 29)
(10021, 60, 28)
(10022, 58, 27)
(20045/2, 60, 28)
(10023, 61, 29)
(20047/2, 55, 25)
(10024, 63, 30)
(10025, 63, 30)
(20051/2, 63, 30)
(10026, 63, 30)
(20053/2, 63, 30)
(10027, 64, 31)
(10030, 63, 30)
(10031, 63, 30)
(20063/2, 63, 30)
(10032, 61, 29)
(20065/2, 61, 29)
(10033, 60, 28)
(10034, 60, 28)
(20069/2, 60, 28)
(10035, 61, 29)
(20071/2, 61, 29)
(10036, 63, 30)
(10037, 63, 30)
(20075/2, 63, 30)
(10038, 64, 30)
(20077/2, 64, 30)
(10039, 65, 31)
(20083/2, 68, 33)
(10043, 67, 32)
(20087/2, 65, 31)
(10044, 63, 30)
(10045, 62, 29)
(20091/2, 58, 27)
(10046, 61, 29)
(20095/2, 60, 28)
(10048, 58, 27)
(10049, 63, 30)
(20099/2, 62, 29)
(10050, 61, 29)
(10051, 60, 28)
(10052, 60, 28)
(20105/2, 60, 28)
(10053, 60, 28)
(20107/2, 60, 28)
(10054, 61, 29)
(10057, 60, 28)
(10058, 60, 28)
(20117/2, 60, 28)
(10059, 60, 28)
(20119/2, 60, 28)
(10060, 61, 29)
(10062, 60, 28)
(40251/4, 60, 28)
(10063, 61, 29)
(40253/4, 60, 28)
(20127/2, 58, 27)
(40255/4, 56, 26)
(10064, 60, 28)
(40257/4, 58, 27)
(20129/2, 56, 26)
(40259/4, 55, 25)
(10065, 58, 27)
(40261/4, 56, 26)
(20131/2, 60, 28)
(40263/4, 65, 31)
(10066, 65, 31)
(40265/4, 64, 30)
(20133/2, 62, 29)
(40267/4, 64, 30)
(10067, 67, 32)
(40269/4, 65, 31)
(20135/2, 64, 30)
(40271/4, 65, 31)
(10068, 65, 31)
(20137/2, 65, 31)
(10070, 65, 31)
(10072, 70, 34)
(10073, 70, 34)
(20147/2, 70, 34)
(10074, 70, 34)
(20149/2, 70, 34)
(10075, 70, 34)
(10076, 71, 35)
(10079, 72, 35)
(20159/2, 72, 35)
(10080, 72, 35)
(20161/2, 72, 35)
(10081, 73, 36)
(10082, 73, 36)
(20165/2, 73, 36)
(10083, 73, 36)
(20167/2, 73, 36)
(10084, 73, 36)
(10087, 66, 32)
(40349/4, 63, 30)
(20175/2, 63, 30)
(40351/4, 66, 32)
(10088, 66, 32)
(40353/4, 63, 30)
(20177/2, 63, 30)
(40355/4, 66, 32)
(10089, 66, 32)
(40357/4, 63, 30)
(20179/2, 63, 30)
(40359/4, 66, 32)
(10090, 66, 32)
(40361/4, 63, 30)
(20181/2, 63, 30)
(40363/4, 66, 32)
(10091, 66, 32)
(40365/4, 63, 30)
(20183/2, 63, 30)
(40367/4, 66, 32)
(10092, 66, 32)
(40369/4, 63, 30)
(20185/2, 63, 30)
(40371/4, 66, 32)
(10093, 66, 32)
(10095, 65, 31)
(10096, 63, 30)
(10097, 65, 31)
(20195/2, 62, 29)
(10098, 63, 30)
(20197/2, 61, 29)
(10099, 60, 28)
(10100, 58, 27)
(20201/2, 57, 26)
(10101, 56, 26)
(10102, 55, 25)
(20205/2, 63, 30)
(10103, 67, 32)
(20207/2, 70, 34)
(10104, 68, 33)
(40419/4, 67, 32)
(10105, 67, 32)
(20211/2, 63, 30)
(10106, 67, 32)
(20213/2, 70, 34)
(10107, 68, 33)
(40431/4, 67, 32)
(10108, 67, 32)
(20217/2, 63, 30)
(10109, 67, 32)
(20219/2, 70, 34)
(10110, 75, 37)
(40443/4, 75, 37)
(10111, 75, 37)
(10112, 63, 30)
(10113, 70, 34)
(40455/4, 70, 34)
(10114, 70, 34)
(10115, 63, 30)
(20235/2, 63, 30)
(10118, 67, 32)
(20237/2, 70, 34)
(10119, 68, 33)
(40479/4, 67, 32)
(10120, 67, 32)
(20241/2, 70, 34)
(10121, 68, 33)
(40487/4, 67, 32)
(10122, 67, 32)
(10123, 66, 32)
(40495/4, 65, 31)
(10124, 65, 31)
(10126, 65, 31)
(40507/4, 64, 30)
(10127, 64, 30)
(10129, 63, 30)
(40519/4, 62, 29)
(10130, 62, 29)
(10132, 63, 30)
(10136, 58, 27)
(10137, 56, 26)
(10138, 55, 25)
(40553/4, 58, 27)
(20277/2, 58, 27)
(40555/4, 63, 30)
(10139, 63, 30)
(40557/4, 58, 27)
(20279/2, 58, 27)
(40559/4, 67, 32)
(10140, 67, 32)
(40561/4, 63, 30)
(20281/2, 63, 30)
(40563/4, 70, 34)
(10141, 70, 34)
(40565/4, 65, 31)
(20283/2, 65, 31)
(40567/4, 70, 34)
(10142, 70, 34)
(40569/4, 65, 31)
(20285/2, 65, 31)
(40571/4, 70, 34)
(10143, 70, 34)
(40573/4, 65, 31)
(20287/2, 65, 31)
(40575/4, 70, 34)
(10144, 70, 34)
(10145, 67, 32)
(10146, 63, 30)
(20295/2, 61, 29)
(10148, 60, 28)
(10149, 61, 29)
(10150, 63, 30)
(40601/4, 58, 27)
(20301/2, 58, 27)
(40603/4, 63, 30)
(10151, 63, 30)
(40605/4, 58, 27)
(20303/2, 58, 27)
(40607/4, 63, 30)
(10152, 63, 30)
(40609/4, 58, 27)
(20305/2, 58, 27)
(40611/4, 63, 30)
(10153, 63, 30)
(40613/4, 59, 28)
(20307/2, 59, 28)
(40615/4, 63, 30)
(10154, 63, 30)
(40617/4, 59, 28)
(20309/2, 59, 28)
(40619/4, 63, 30)
(10155, 63, 30)
(40621/4, 59, 28)
(20311/2, 59, 28)
(40623/4, 63, 30)
(10156, 71, 35)
(40625/4, 63, 30)
(20313/2, 63, 30)
(40627/4, 71, 35)
(10157, 71, 35)
(40629/4, 63, 30)
(20315/2, 63, 30)
(40631/4, 71, 35)
(10158, 71, 35)
(40633/4, 63, 30)
(20317/2, 63, 30)
(40635/4, 71, 35)
(10159, 71, 35)
(40637/4, 66, 32)
(20319/2, 66, 32)
(40639/4, 71, 35)
(10160, 70, 34)
(40641/4, 66, 32)
(20321/2, 66, 32)
(40643/4, 70, 34)
(10161, 70, 34)
(40645/4, 66, 32)
(20323/2, 66, 32)
(40647/4, 70, 34)
(10163, 70, 34)
(40653/4, 73, 36)
(20327/2, 73, 36)
(40655/4, 70, 34)
(10165, 66, 32)
(40661/4, 71, 35)
(20331/2, 71, 35)
(40663/4, 66, 32)
(10166, 71, 35)
(40665/4, 66, 32)
(20333/2, 71, 35)
(40667/4, 70, 34)
(10167, 68, 33)
(40669/4, 73, 36)
(20335/2, 73, 36)
(40671/4, 68, 33)
(10168, 73, 36)
(40673/4, 68, 33)
(20337/2, 73, 36)
(40675/4, 71, 35)
(10169, 70, 34)
(40677/4, 73, 36)
(20339/2, 73, 36)
(40679/4, 76, 38)
(10170, 76, 38)
(40681/4, 73, 36)
(20341/2, 73, 36)
(40683/4, 70, 34)
(10171, 71, 35)
(10172, 76, 38)
(10173, 70, 34)
(10174, 71, 35)
(10175, 70, 34)
(20351/2, 76, 38)
(10176, 75, 37)
(20353/2, 73, 36)
(10177, 71, 35)
(10178, 70, 34)
(10179, 73, 36)
(10180, 71, 35)
(10181, 75, 37)
(20365/2, 72, 35)
(10183, 65, 31)
(40733/4, 70, 34)
(20367/2, 70, 34)
(40735/4, 65, 31)
(10184, 70, 34)
(40737/4, 65, 31)
(20369/2, 70, 34)
(40739/4, 69, 33)
(10185, 65, 31)
(40741/4, 72, 35)
(20371/2, 72, 35)
(40743/4, 65, 31)
(10186, 72, 35)
(40745/4, 65, 31)
(20373/2, 72, 35)
(40747/4, 70, 34)
(10187, 70, 34)
(20377/2, 70, 34)
(10189, 65, 31)
(40757/4, 68, 33)
(20379/2, 68, 33)
(40759/4, 71, 35)
(10190, 71, 35)
(20383/2, 71, 35)
(10192, 70, 34)
(10193, 67, 32)
(40773/4, 76, 37)
(20387/2, 76, 37)
(40775/4, 79, 39)
(10194, 79, 39)
(40777/4, 77, 38)
(20389/2, 77, 38)
(40779/4, 76, 37)
(10195, 77, 38)
(10196, 72, 35)
(10197, 72, 35)
(10197, 76, 37)
(10198, 72, 35)
(10198, 80, 40)
(10199, 70, 34)
(10199, 79, 39)
(20399/2, 76, 37)
(10200, 72, 35)
(10200, 77, 38)
(10201, 77, 38)
(40805/4, 74, 36)
(20403/2, 74, 36)
(40807/4, 71, 34)
(10202, 71, 34)
(40809/4, 72, 35)
(20405/2, 72, 35)
(40811/4, 76, 37)
(10203, 75, 37)
(40813/4, 72, 35)
(20407/2, 72, 35)
(40815/4, 69, 33)
(10204, 68, 33)
(40817/4, 70, 34)
(20409/2, 70, 34)
(40819/4, 74, 36)
(10205, 73, 36)
(40821/4, 70, 34)
(20411/2, 70, 34)
(40823/4, 67, 32)
(10206, 67, 32)
(40825/4, 68, 33)
(20413/2, 68, 33)
(40827/4, 72, 35)
(10207, 72, 35)
(40829/4, 80, 40)
(20415/2, 80, 40)
(40831/4, 72, 35)
(10208, 80, 40)
(40833/4, 73, 36)
(20417/2, 80, 40)
(40835/4, 79, 39)
(10209, 72, 35)
(40837/4, 79, 39)
(20419/2, 79, 39)
(40839/4, 72, 35)
(10210, 79, 39)
(40843/4, 77, 38)
(10211, 60, 28)
(40845/4, 68, 33)
(20423/2, 68, 33)
(40847/4, 60, 28)
(10212, 68, 33)
(40849/4, 61, 29)
(20425/2, 68, 33)
(40851/4, 66, 32)
(10213, 61, 29)
(40853/4, 66, 32)
(20427/2, 66, 32)
(40855/4, 61, 29)
(10214, 67, 32)
(40857/4, 61, 29)
(20429/2, 61, 29)
(40859/4, 67, 32)
(10215, 58, 27)
(40861/4, 61, 29)
(20431/2, 61, 29)
(40863/4, 58, 27)
(10216, 56, 26)
(40865/4, 60, 28)
(20433/2, 60, 28)
(40867/4, 56, 26)
(10217, 61, 29)
(40869/4, 58, 27)
(20435/2, 58, 27)
(40871/4, 61, 29)
(10218, 60, 28)
(10219, 68, 33)
(10220, 67, 32)
(10221, 70, 34)
(10222, 68, 33)
(10223, 73, 36)
(20449/2, 73, 36)
(10225, 73, 36)
(20451/2, 72, 35)
(10226, 72, 35)
(20453/2, 70, 34)
(10227, 68, 33)
(20455/2, 67, 32)
(10228, 65, 31)
(40913/4, 60, 28)
(20457/2, 60, 28)
(40915/4, 65, 31)
(10229, 65, 31)
(40917/4, 60, 28)
(20459/2, 65, 31)
(40919/4, 64, 30)
(10230, 61, 29)
(40921/4, 67, 32)
(20461/2, 67, 32)
(40923/4, 61, 29)
(10231, 67, 32)
(40925/4, 60, 28)
(20463/2, 67, 32)
(40927/4, 65, 31)
(10232, 64, 30)
(40929/4, 67, 32)
(20465/2, 67, 32)
(40931/4, 70, 34)
(10233, 70, 34)
(40933/4, 67, 32)
(20467/2, 67, 32)
(40935/4, 64, 30)
(10234, 64, 30)
(10235, 61, 29)
(10235, 64, 30)
(10237, 60, 28)
(10240, 60, 28)
(40961/4, 56, 26)
(20481/2, 56, 26)
(40963/4, 60, 28)
(10241, 60, 28)
(40965/4, 56, 26)
(20483/2, 56, 26)
(40967/4, 60, 28)
(10242, 60, 28)
(40969/4, 56, 26)
(20485/2, 56, 26)
(40971/4, 60, 28)
(10243, 60, 28)
(40973/4, 56, 26)
(20487/2, 56, 26)
(40975/4, 60, 28)
(10244, 60, 28)
(40977/4, 56, 26)
(20489/2, 56, 26)
(40979/4, 60, 28)
(10245, 60, 28)
(40981/4, 56, 26)
(20491/2, 56, 26)
(40983/4, 60, 28)
(10246, 61, 29)
(40985/4, 56, 26)
(20493/2, 56, 26)
(40987/4, 61, 29)
(10247, 61, 29)
(40989/4, 56, 26)
(20495/2, 56, 26)
(40991/4, 61, 29)
(10248, 61, 29)
(40993/4, 56, 26)
(20497/2, 56, 26)
(40995/4, 61, 29)
(10249, 61, 29)
(40997/4, 55, 25)
(20499/2, 55, 25)
(40999/4, 61, 29)
(10250, 61, 29)
(20501/2, 61, 29)
(10251, 61, 29)
(20503/2, 61, 29)
(10252, 60, 28)
(41009/4, 56, 26)
(20505/2, 56, 26)
(41011/4, 61, 29)
(10253, 61, 29)
(41013/4, 56, 26)
(20507/2, 56, 26)
(41015/4, 61, 29)
(10254, 60, 28)
(41017/4, 56, 26)
(20509/2, 56, 26)
(41019/4, 60, 28)
(10255, 63, 30)
(41021/4, 58, 27)
(20511/2, 58, 27)
(41023/4, 63, 30)
(10256, 63, 30)
(20513/2, 63, 30)
(10257, 63, 30)
(20515/2, 63, 30)
(10258, 63, 30)
(10259, 62, 29)
(10260, 68, 33)
(10261, 70, 34)
(20523/2, 67, 32)
(10262, 68, 33)
(20527/2, 65, 31)
(10264, 63, 30)
(20531/2, 64, 30)
(10266, 65, 31)
(20533/2, 61, 29)
(10267, 60, 28)
(10268, 60, 28)
(20537/2, 60, 28)
(10269, 60, 28)
(20539/2, 60, 28)
(10270, 61, 29)
(10274, 61, 29)
(20549/2, 61, 29)
(10275, 55, 25)
(20551/2, 55, 25)
(10276, 56, 26)
(10277, 60, 28)
(20555/2, 60, 28)
(10278, 61, 29)
(20557/2, 61, 29)
(10279, 63, 30)
(10280, 63, 30)
(20561/2, 63, 30)
(10281, 64, 30)
(20563/2, 64, 30)
(10282, 65, 31)
(10283, 58, 27)
(41133/4, 61, 29)
(20567/2, 65, 31)
(41135/4, 68, 33)
(10284, 68, 33)
(10285, 67, 32)
(20571/2, 65, 31)
(10286, 63, 30)
(20573/2, 61, 29)
(10287, 60, 28)
(20575/2, 58, 27)
(41151/4, 63, 30)
(10288, 62, 29)
(20577/2, 58, 27)
(10289, 61, 29)
(20581/2, 59, 28)
(10291, 58, 27)
(10292, 63, 30)
(20585/2, 62, 29)
(10293, 61, 29)
(10294, 60, 28)
(20589/2, 56, 26)
(10295, 60, 28)
(20591/2, 63, 30)
(10296, 61, 29)
(41187/4, 60, 28)
(10297, 60, 28)
(20595/2, 56, 26)
(10298, 60, 28)
(20597/2, 63, 30)
(10299, 61, 29)
(41199/4, 60, 28)
(10300, 60, 28)
(20601/2, 56, 26)
(10301, 60, 28)
(20603/2, 63, 30)
(10302, 68, 33)
(41211/4, 68, 33)
(10303, 68, 33)
(10304, 58, 27)
(10305, 63, 30)
(41223/4, 63, 30)
(10306, 63, 30)
(20613/2, 68, 33)
(10307, 72, 35)
(20615/2, 75, 37)
(10308, 73, 36)
(41235/4, 72, 35)
(10309, 72, 35)
(20619/2, 63, 30)
(10310, 56, 26)
(10310, 68, 33)
(20625/2, 56, 26)
(20625/2, 68, 33)
(20627/2, 56, 26)
(20627/2, 68, 33)
(20629/2, 60, 28)
(10315, 59, 28)
(10318, 58, 27)
(41275/4, 56, 26)
(10319, 56, 26)
(10321, 56, 26)
(41287/4, 55, 25)
(10322, 55, 25)
(10324, 56, 26)
(10326, 58, 27)
(10327, 60, 28)
(41317/4, 67, 32)
(20659/2, 70, 34)
(41319/4, 73, 36)
(10330, 77, 38)
(41321/4, 75, 37)
(20661/2, 73, 36)
(41323/4, 72, 35)
(10331, 70, 34)
(41325/4, 68, 33)
(20663/2, 67, 32)
(41327/4, 68, 33)
(10332, 58, 27)
(10333, 60, 28)
(10336, 72, 35)
(10337, 70, 34)
(10338, 73, 36)
(10339, 72, 35)
(10340, 77, 38)
(20685/2, 75, 37)
(10343, 75, 37)
(20687/2, 73, 36)
(10344, 70, 34)
(20689/2, 67, 32)
(10345, 63, 30)
(41381/4, 68, 33)
(20691/2, 68, 33)
(41383/4, 63, 30)
(10346, 68, 33)
(41385/4, 63, 30)
(20693/2, 68, 33)
(41387/4, 67, 32)
(10347, 65, 31)
(41389/4, 70, 34)
(20695/2, 70, 34)
(41391/4, 65, 31)
(10348, 70, 34)
(41393/4, 65, 31)
(20697/2, 70, 34)
(41395/4, 68, 33)
(10349, 67, 32)
(41397/4, 70, 34)
(20699/2, 70, 34)
(41399/4, 73, 36)
(10350, 73, 36)
(41401/4, 70, 34)
(20701/2, 70, 34)
(41403/4, 67, 32)
(10351, 68, 33)
(41405/4, 66, 32)
(20703/2, 66, 32)
(41407/4, 68, 33)
(10352, 68, 33)
(41409/4, 65, 31)
(20705/2, 65, 31)
(41411/4, 61, 29)
(10353, 61, 29)
(41413/4, 65, 31)
(20707/2, 65, 31)
(41415/4, 61, 29)
(10354, 61, 29)
(41417/4, 56, 26)
(20709/2, 56, 26)
(41419/4, 61, 29)
(10355, 61, 29)
(41421/4, 56, 26)
(20711/2, 61, 29)
(41423/4, 60, 28)
(10356, 56, 26)
(41425/4, 63, 30)
(20713/2, 63, 30)
(41427/4, 56, 26)
(10357, 63, 30)
(41429/4, 56, 26)
(20715/2, 63, 30)
(41431/4, 61, 29)
(10358, 63, 30)
(41433/4, 61, 29)
(20717/2, 61, 29)
(41435/4, 63, 30)
(10359, 63, 30)
(41437/4, 61, 29)
(20719/2, 61, 29)
(41439/4, 63, 30)
(10360, 60, 28)
(10363, 56, 26)
(10364, 55, 25)
(10365, 58, 27)
(10366, 56, 26)
(10369, 60, 28)
(41477/4, 56, 26)
(20739/2, 56, 26)
(41479/4, 60, 28)
(10370, 60, 28)
(41481/4, 56, 26)
(20741/2, 56, 26)
(41483/4, 60, 28)
(10371, 60, 28)
(41485/4, 56, 26)
(20743/2, 56, 26)
(41487/4, 60, 28)
(10372, 60, 28)
(10373, 60, 28)
(20747/2, 60, 28)
(10374, 60, 28)
(20749/2, 60, 28)
(10375, 61, 29)
(10378, 61, 29)
(10379, 61, 29)
(20759/2, 61, 29)
(10380, 61, 29)
(20761/2, 61, 29)
(10381, 60, 28)
(20765/2, 60, 28)
(10383, 60, 28)
(20767/2, 60, 28)
(10384, 60, 28)
(20771/2, 60, 28)
(10386, 60, 28)
(20773/2, 60, 28)
(10387, 60, 28)
(10388, 60, 28)
(10389, 60, 28)
(10390, 60, 28)
(20000, 60, 28)
(20001, 60, 28)
(40003/2, 60, 28)
(20002, 60, 28)
(40005/2, 60, 28)
(20003, 61, 29)
(20007, 61, 29)
(40015/2, 61, 29)
(20008, 61, 29)
(40017/2, 61, 29)
(20009, 60, 28)
(40019/2, 56, 26)
(20010, 56, 26)
(20012, 51, 23)
(20013, 51, 23)
(40027/2, 51, 23)
(20014, 51, 23)
(40029/2, 51, 23)
(20015, 51, 23)
(20016, 50, 22)
(20017, 56, 26)
(20018, 58, 27)
(40037/2, 55, 25)
(20019, 51, 23)
(40041/2, 65, 31)
(20021, 63, 30)
(40045/2, 64, 30)
(20023, 65, 31)
(40047/2, 61, 29)
(20024, 60, 28)
(20025, 60, 28)
(40051/2, 60, 28)
(20026, 60, 28)
(40053/2, 60, 28)
(20027, 61, 29)
(20031, 61, 29)
(40063/2, 61, 29)
(20032, 55, 25)
(40065/2, 55, 25)
(20033, 56, 26)
(20034, 51, 23)
(40069/2, 51, 23)
(20035, 51, 23)
(40071/2, 51, 23)
(20036, 56, 26)
(20037, 56, 26)
(40075/2, 56, 26)
(20038, 56, 26)
(40077/2, 56, 26)
(20039, 56, 26)
(40083/2, 68, 33)
(20042, 67, 32)
(40085/2, 65, 31)
(20043, 63, 30)
(40087/2, 61, 29)
(20044, 60, 28)
(40089/2, 58, 27)
(20045, 56, 26)
(20046, 58, 27)
(40093/2, 55, 25)
(20047, 56, 26)
(20048, 58, 27)
(20049, 60, 28)
(40099/2, 59, 27)
(20050, 58, 27)
(20051, 51, 23)
(20051, 56, 26)
(20052, 51, 23)
(40105/2, 51, 23)
(20053, 51, 23)
(40107/2, 51, 23)
(20054, 52, 24)
(20056, 51, 23)
(20057, 63, 30)
(20058, 63, 30)
(40117/2, 63, 30)
(20059, 63, 30)
(40119/2, 63, 30)
(20060, 64, 30)
(20063, 65, 31)
(20064, 64, 30)
(40129/2, 60, 28)
(80261/4, 60, 28)
(40131/2, 55, 25)
(80263/4, 56, 26)
(20066, 60, 28)
(20067, 60, 28)
(40135/2, 60, 28)
(20068, 60, 28)
(40137/2, 60, 28)
(20070, 60, 28)
(40143/2, 66, 32)
(20072, 65, 31)
(20075, 66, 32)
(20076, 66, 32)
(40153/2, 66, 32)
(20077, 66, 32)
(40155/2, 66, 32)
(20078, 66, 32)
(40161/2, 63, 30)
(20081, 71, 35)
(20082, 71, 35)
(40165/2, 71, 35)
(20083, 71, 35)
(40167/2, 68, 33)
(20084, 70, 34)
(20087, 63, 30)
(80349/4, 59, 28)
(40175/2, 59, 28)
(80351/4, 63, 30)
(20088, 63, 30)
(80353/4, 59, 28)
(40177/2, 59, 28)
(80355/4, 63, 30)
(20089, 63, 30)
(80357/4, 59, 28)
(40179/2, 59, 28)
(80359/4, 63, 30)
(20090, 63, 30)
(80361/4, 59, 28)
(40181/2, 59, 28)
(80363/4, 63, 30)
(20091, 63, 30)
(80365/4, 59, 28)
(40183/2, 59, 28)
(80367/4, 63, 30)
(20092, 63, 30)
(80369/4, 59, 28)
(40185/2, 59, 28)
(80371/4, 63, 30)
(20093, 63, 30)
(20095, 62, 29)
(20096, 53, 24)
(20097, 58, 27)
(40197/2, 58, 27)
(20099, 56, 26)
(20100, 55, 25)
(40201/2, 54, 24)
(20101, 53, 24)
(20102, 51, 23)
(40205/2, 51, 23)
(20103, 55, 25)
(40207/2, 58, 27)
(20104, 56, 26)
(80419/4, 55, 25)
(20105, 55, 25)
(40211/2, 51, 23)
(20106, 55, 25)
(40213/2, 58, 27)
(20107, 56, 26)
(80431/4, 55, 25)
(20108, 55, 25)
(40217/2, 51, 23)
(20109, 55, 25)
(40219/2, 58, 27)
(20110, 63, 30)
(80443/4, 63, 30)
(20111, 63, 30)
(20112, 53, 24)
(20113, 58, 27)
(80455/4, 58, 27)
(20114, 58, 27)
(80457/4, 55, 25)
(40229/2, 58, 27)
(80459/4, 56, 26)
(20115, 55, 25)
(80461/4, 53, 24)
(40231/2, 51, 23)
(80463/4, 50, 22)
(20116, 48, 21)
(80465/4, 51, 23)
(40233/2, 56, 26)
(80467/4, 60, 28)
(20117, 58, 27)
(80469/4, 56, 26)
(40235/2, 55, 25)
(80471/4, 56, 26)
(20118, 58, 27)
(80473/4, 55, 25)
(40237/2, 51, 23)
(80475/4, 49, 22)
(80477/4, 51, 23)
(40239/2, 56, 26)
(80479/4, 59, 28)
(20120, 63, 30)
(80481/4, 58, 27)
(40241/2, 55, 25)
(80483/4, 51, 23)
(80485/4, 51, 23)
(40243/2, 56, 26)
(80487/4, 59, 28)
(20122, 63, 30)
(80489/4, 58, 27)
(40245/2, 55, 25)
(80491/4, 51, 23)
(20123, 48, 21)
(80493/4, 51, 23)
(40247/2, 60, 28)
(80495/4, 63, 30)
(20124, 60, 28)
(20124, 63, 30)
(20126, 62, 29)
(80507/4, 61, 29)
(20127, 61, 29)
(20129, 60, 28)
(80519/4, 59, 28)
(20130, 59, 28)
(20132, 58, 27)
(20134, 53, 24)
(20135, 55, 25)
(20137, 53, 24)
(20138, 51, 23)
(20141, 53, 24)
(80565/4, 56, 26)
(40283/2, 56, 26)
(80567/4, 53, 24)
(20142, 53, 24)
(80569/4, 56, 26)
(40285/2, 56, 26)
(80571/4, 53, 24)
(20143, 53, 24)
(80573/4, 56, 26)
(40287/2, 56, 26)
(80575/4, 53, 24)
(20144, 55, 25)
(20147, 58, 27)
(80589/4, 68, 33)
(40295/2, 68, 33)
(80591/4, 58, 27)
(20148, 58, 27)
(80593/4, 68, 33)
(40297/2, 68, 33)
(80595/4, 58, 27)
(20149, 58, 27)
(80597/4, 68, 33)
(40299/2, 68, 33)
(80599/4, 58, 27)
(20150, 55, 25)
(80601/4, 51, 23)
(40301/2, 51, 23)
(80603/4, 55, 25)
(20151, 55, 25)
(80605/4, 51, 23)
(40303/2, 51, 23)
(80607/4, 55, 25)
(20152, 55, 25)
(80609/4, 51, 23)
(40305/2, 51, 23)
(80611/4, 55, 25)
(20153, 56, 26)
(80613/4, 51, 23)
(40307/2, 51, 23)
(80615/4, 56, 26)
(20154, 56, 26)
(80617/4, 51, 23)
(40309/2, 51, 23)
(80619/4, 56, 26)
(20155, 56, 26)
(80621/4, 51, 23)
(40311/2, 51, 23)
(80623/4, 56, 26)
(20156, 59, 28)
(80625/4, 63, 30)
(40313/2, 63, 30)
(80627/4, 59, 28)
(20157, 59, 28)
(80629/4, 63, 30)
(40315/2, 63, 30)
(80631/4, 59, 28)
(20158, 59, 28)
(80633/4, 63, 30)
(40317/2, 63, 30)
(80635/4, 59, 28)
(20159, 64, 31)
(80637/4, 61, 29)
(40319/2, 61, 29)
(80639/4, 64, 31)
(20160, 64, 31)
(80641/4, 61, 29)
(40321/2, 61, 29)
(80643/4, 64, 31)
(20161, 64, 31)
(80645/4, 61, 29)
(40323/2, 61, 29)
(80647/4, 64, 31)
(20162, 73, 36)
(80649/4, 70, 34)
(40325/2, 70, 34)
(80651/4, 73, 36)
(20164, 73, 36)
(80657/4, 70, 34)
(40329/2, 70, 34)
(80659/4, 73, 36)
(20171, 63, 30)
(20172, 61, 29)
(20173, 64, 31)
(20174, 63, 30)
(20175, 70, 34)
(20177, 63, 30)
(80709/4, 68, 33)
(40355/2, 68, 33)
(80711/4, 63, 30)
(20178, 68, 33)
(80713/4, 63, 30)
(40357/2, 68, 33)
(80715/4, 67, 32)
(20179, 63, 30)
(80717/4, 70, 34)
(40359/2, 70, 34)
(80719/4, 63, 30)
(20180, 70, 34)
(80721/4, 63, 30)
(40361/2, 70, 34)
(80723/4, 68, 33)
(20181, 68, 33)
(80725/4, 66, 32)
(40363/2, 66, 32)
(80727/4, 65, 31)
(20182, 65, 31)
(80729/4, 69, 33)
(40365/2, 69, 33)
(80731/4, 72, 35)
(20183, 70, 34)
(40369/2, 63, 30)
(20185, 60, 28)
(40371/2, 57, 26)
(20186, 57, 26)
(80747/4, 58, 27)
(20187, 58, 27)
(40377/2, 58, 27)
(20189, 56, 26)
(80757/4, 59, 28)
(40379/2, 59, 28)
(80759/4, 65, 31)
(20190, 65, 31)
(40383/2, 65, 31)
(20192, 58, 27)
(80769/4, 63, 30)
(40385/2, 63, 30)
(80771/4, 58, 27)
(20193, 61, 29)
(40389/2, 61, 29)
(20195, 60, 28)
(80781/4, 65, 31)
(40391/2, 65, 31)
(80783/4, 60, 28)
(20196, 65, 31)
(80785/4, 60, 28)
(40393/2, 65, 31)
(80787/4, 64, 30)
(20197, 60, 28)
(80789/4, 67, 32)
(40395/2, 67, 32)
(80791/4, 60, 28)
(20198, 67, 32)
(80793/4, 60, 28)
(40397/2, 67, 32)
(80795/4, 65, 31)
(20199, 64, 30)
(80797/4, 67, 32)
(40399/2, 67, 32)
(80799/4, 70, 34)
(20200, 70, 34)
(80801/4, 68, 33)
(40401/2, 68, 33)
(80803/4, 68, 33)
(20201, 73, 36)
(80805/4, 71, 34)
(40403/2, 71, 34)
(80807/4, 67, 32)
(20202, 67, 32)
(80809/4, 72, 35)
(40405/2, 72, 35)
(80811/4, 72, 35)
(20203, 72, 35)
(80813/4, 69, 33)
(40407/2, 69, 33)
(80815/4, 65, 31)
(20204, 65, 31)
(80817/4, 68, 33)
(40409/2, 68, 33)
(80819/4, 70, 34)
(20205, 70, 34)
(80821/4, 67, 32)
(40411/2, 67, 32)
(80823/4, 70, 34)
(20206, 70, 34)
(80825/4, 68, 33)
(40413/2, 68, 33)
(80827/4, 65, 31)
(20207, 65, 31)
(80829/4, 60, 28)
(40415/2, 60, 28)
(80831/4, 65, 31)
(20208, 61, 29)
(80833/4, 65, 31)
(40417/2, 65, 31)
(80835/4, 61, 29)
(20209, 60, 28)
(80837/4, 64, 30)
(40419/2, 64, 30)
(80839/4, 67, 32)
(20210, 64, 30)
(80841/4, 67, 32)
(40421/2, 64, 30)
(80843/4, 65, 31)
(20211, 65, 31)
(80845/4, 60, 28)
(40423/2, 60, 28)
(80847/4, 65, 31)
(20212, 65, 31)
(80849/4, 61, 29)
(40425/2, 61, 29)
(20216, 53, 24)
(80865/4, 56, 26)
(40433/2, 56, 26)
(80867/4, 53, 24)
(20217, 58, 27)
(80869/4, 55, 25)
(40435/2, 55, 25)
(80871/4, 58, 27)
(20218, 58, 27)
(80873/4, 55, 25)
(40437/2, 55, 25)
(80875/4, 58, 27)
(20219, 56, 26)
(20223, 55, 25)
(20223, 58, 27)
(40451/2, 56, 26)
(20226, 61, 29)
(20227, 60, 28)
(20232, 55, 25)
(20232, 58, 27)
(40467/2, 55, 25)
(40467/2, 58, 27)
(20234, 55, 25)
(20234, 58, 27)
(20235, 55, 25)
(20235, 58, 27)
(20237, 56, 26)
(20243, 51, 23)
(20244, 51, 23)
(40489/2, 51, 23)
(20245, 51, 23)
(40491/2, 51, 23)
(20246, 52, 24)
(20249, 51, 23)
(20249, 55, 25)
(20250, 51, 23)
(20250, 55, 25)
(40501/2, 51, 23)
(40501/2, 55, 25)
(20251, 51, 23)
(20251, 55, 25)
(40503/2, 51, 23)
(40503/2, 55, 25)
(20252, 51, 23)
(20252, 56, 26)
(40505/2, 56, 26)
(20253, 56, 26)
(20255, 58, 27)
(20256, 58, 27)
(40513/2, 58, 27)
(20257, 60, 28)
(40515/2, 58, 27)
(20258, 56, 26)
(20260, 62, 29)
(20261, 63, 30)
(40523/2, 61, 29)
(20262, 60, 28)
(40525/2, 63, 30)
(20263, 65, 31)
(40527/2, 61, 29)
(20264, 60, 28)
(20265, 58, 27)
(40531/2, 60, 28)
(20266, 61, 29)
(40533/2, 55, 25)
(20267, 51, 23)
(20267, 56, 26)
(20268, 51, 23)
(40537/2, 51, 23)
(20269, 51, 23)
(40539/2, 51, 23)
(20270, 52, 24)
(20273, 55, 25)
(20274, 55, 25)
(40549/2, 55, 25)
(20275, 49, 22)
(40551/2, 49, 22)
(20276, 48, 21)
(20277, 51, 23)
(40555/2, 51, 23)
(20278, 51, 23)
(40557/2, 51, 23)
(20279, 56, 26)
(20280, 56, 26)
(40561/2, 56, 26)
(20281, 56, 26)
(40563/2, 56, 26)
(20282, 56, 26)
(20284, 58, 27)
(81137/4, 61, 29)
(40569/2, 65, 31)
(81139/4, 68, 33)
(20285, 68, 33)
(20286, 67, 32)
(40573/2, 65, 31)
(20287, 63, 30)
(81151/4, 55, 25)
(20288, 56, 26)
(20289, 58, 27)
(40579/2, 55, 25)
(20290, 56, 26)
(20291, 58, 27)
(20292, 60, 28)
(40585/2, 59, 27)
(20293, 58, 27)
(20294, 56, 26)
(81177/4, 60, 28)
(40589/2, 63, 30)
(81179/4, 61, 29)
(20295, 60, 28)
(81181/4, 58, 27)
(40591/2, 56, 26)
(81183/4, 54, 25)
(20296, 53, 24)
(81185/4, 56, 26)
(40593/2, 61, 29)
(81187/4, 65, 31)
(20297, 63, 30)
(81189/4, 61, 29)
(40595/2, 60, 28)
(81191/4, 61, 29)
(20298, 63, 30)
(81193/4, 60, 28)
(40597/2, 56, 26)
(81195/4, 54, 25)
(20299, 53, 24)
(81197/4, 56, 26)
(40599/2, 61, 29)
(81199/4, 65, 31)
(20300, 63, 30)
(81201/4, 68, 33)
(40601/2, 72, 35)
(81203/4, 70, 34)
(20301, 68, 33)
(81205/4, 67, 32)
(40603/2, 65, 31)
(81207/4, 63, 30)
(20302, 62, 29)
(81209/4, 65, 31)
(40605/2, 68, 33)
(81211/4, 71, 35)
(20303, 70, 34)
(81213/4, 68, 33)
(40607/2, 65, 31)
(81215/4, 67, 32)
(20304, 68, 33)
(81217/4, 67, 32)
(40609/2, 70, 34)
(81219/4, 68, 33)
(20305, 67, 32)
(81221/4, 63, 30)
(40611/2, 58, 27)
(81223/4, 55, 25)
(20306, 56, 26)
(40621/2, 60, 28)
(20311, 61, 29)
(81247/4, 63, 30)
(20312, 63, 30)
(40625/2, 60, 28)
(20313, 61, 29)
(81255/4, 63, 30)
(20314, 63, 30)
(40629/2, 56, 26)
(20315, 53, 24)
(20315, 56, 26)
(20318, 55, 25)
(81275/4, 54, 25)
(20319, 54, 25)
(20321, 53, 24)
(81287/4, 52, 24)
(20322, 52, 24)
(20324, 51, 23)
(20326, 56, 26)
(20327, 56, 26)
(20329, 63, 30)
(81325/4, 60, 28)
(40663/2, 63, 30)
(81327/4, 68, 33)
(20332, 70, 34)
(81329/4, 68, 33)
(40665/2, 67, 32)
(81331/4, 65, 31)
(20333, 68, 33)
(81333/4, 63, 30)
(40667/2, 62, 29)
(81335/4, 63, 30)
(20340, 61, 29)
(40685/2, 60, 28)
(20343, 61, 29)
(40687/2, 58, 27)
(20344, 58, 27)
(40689/2, 61, 29)
(20345, 60, 28)
(20346, 58, 27)
(20347, 61, 29)
(20348, 60, 28)
(20349, 58, 27)
(20349, 67, 32)
(40701/2, 58, 27)
(40701/2, 67, 32)
(20351, 66, 32)
(20352, 65, 31)
(20354, 53, 24)
(20355, 51, 23)
(20356, 54, 25)
(20357, 53, 24)
(20358, 58, 27)
(20360, 56, 26)
(81441/4, 61, 29)
(40721/2, 61, 29)
(81443/4, 56, 26)
(20361, 61, 29)
(81445/4, 56, 26)
(40723/2, 61, 29)
(81447/4, 60, 28)
(20362, 56, 26)
(81449/4, 63, 30)
(40725/2, 63, 30)
(81451/4, 56, 26)
(20363, 63, 30)
(81453/4, 56, 26)
(40727/2, 63, 30)
(81455/4, 61, 29)
(20364, 61, 29)
(81457/4, 63, 30)
(40729/2, 63, 30)
(81459/4, 61, 29)
(20365, 61, 29)
(81461/4, 63, 30)
(40731/2, 63, 30)
(81463/4, 61, 29)
(20366, 60, 28)
(81465/4, 63, 30)
(40733/2, 63, 30)
(81467/4, 60, 28)
(20367, 60, 28)
(81469/4, 63, 30)
(40735/2, 63, 30)
(81471/4, 60, 28)
(20368, 60, 28)
(81473/4, 63, 30)
(40737/2, 63, 30)
(81475/4, 60, 28)
(20372, 63, 30)
(20373, 63, 30)
(40747/2, 63, 30)
(20374, 63, 30)
(40749/2, 63, 30)
(20375, 64, 31)
(20378, 55, 25)
(20378, 63, 30)
(20379, 55, 25)
(20379, 63, 30)
(40759/2, 55, 25)
(40759/2, 63, 30)
(20380, 55, 25)
(20380, 63, 30)
(40761/2, 55, 25)
(40761/2, 63, 30)
(20381, 56, 26)
(20381, 63, 30)
(40765/2, 51, 23)
(20383, 51, 23)
(40767/2, 51, 23)
(20384, 51, 23)
(40771/2, 51, 23)
(20386, 51, 23)
(40773/2, 51, 23)
(20387, 51, 23)
(20388, 51, 23)
(20389, 51, 23)
(20390, 51, 23)
(30000, 56, 26)
(30001, 56, 26)
(60003/2, 56, 26)
(30002, 56, 26)
(60005/2, 56, 26)
(30003, 56, 26)
(30006, 55, 25)
(30007, 55, 25)
(60015/2, 55, 25)
(30008, 55, 25)
(60017/2, 55, 25)
(30009, 56, 26)
(30012, 43, 18)
(30013, 43, 18)
(60027/2, 43, 18)
(30014, 44, 19)
(60029/2, 43, 18)
(30015, 41, 17)
(30018, 43, 18)
(60037/2, 39, 16)
(30019, 44, 19)
(30020, 49, 22)
(30021, 51, 23)
(30024, 44, 19)
(30025, 44, 19)
(60051/2, 44, 19)
(30026, 44, 19)
(60053/2, 44, 19)
(30027, 44, 19)
(30030, 43, 18)
(30031, 43, 18)
(60063/2, 43, 18)
(30032, 39, 16)
(60065/2, 39, 16)
(30033, 44, 19)
(30034, 44, 19)
(60069/2, 44, 19)
(30035, 46, 20)
(60071/2, 46, 20)
(30036, 48, 21)
(30037, 48, 21)
(60075/2, 48, 21)
(30038, 48, 21)
(60077/2, 48, 21)
(30039, 49, 22)
(30044, 51, 23)
(30045, 53, 24)
(30046, 55, 25)
(60093/2, 51, 23)
(30047, 56, 26)
(30048, 49, 22)
(30049, 51, 23)
(30050, 39, 16)
(30051, 44, 19)
(30052, 44, 19)
(60105/2, 44, 19)
(30053, 44, 19)
(60107/2, 44, 19)
(30054, 44, 19)
(30057, 56, 26)
(30058, 56, 26)
(60117/2, 56, 26)
(30059, 56, 26)
(60119/2, 56, 26)
(30060, 56, 26)
(30061, 55, 25)
(30064, 48, 21)
(60129/2, 48, 21)
(30065, 48, 21)
(60131/2, 48, 21)
(30067, 53, 24)
(60135/2, 53, 24)
(30068, 55, 25)
(60137/2, 55, 25)
(30070, 56, 26)
(60143/2, 57, 26)
(30072, 58, 27)
(30078, 44, 19)
(30079, 44, 19)
(60159/2, 44, 19)
(30080, 44, 19)
(60161/2, 44, 19)
(30081, 44, 19)
(30082, 42, 18)
(30083, 41, 17)
(30084, 42, 18)
(30090, 59, 28)
(30093, 58, 27)
(60187/2, 56, 26)
(30094, 58, 27)
(30095, 46, 20)
(30096, 48, 21)
(30097, 50, 22)
(60195/2, 46, 20)
(30098, 51, 23)
(30099, 44, 19)
(30100, 46, 20)
(30101, 46, 20)
(30102, 39, 16)
(120409/4, 43, 18)
(60205/2, 46, 20)
(120411/4, 44, 19)
(30103, 43, 18)
(120413/4, 41, 17)
(60207/2, 39, 16)
(120415/4, 38, 15)
(30104, 36, 14)
(120417/4, 39, 16)
(60209/2, 44, 19)
(120419/4, 48, 21)
(30105, 46, 20)
(120421/4, 44, 19)
(60211/2, 43, 18)
(120423/4, 44, 19)
(30106, 46, 20)
(120425/4, 43, 18)
(60213/2, 39, 16)
(120427/4, 38, 15)
(30107, 36, 14)
(120429/4, 39, 16)
(60215/2, 44, 19)
(120431/4, 48, 21)
(30108, 46, 20)
(120433/4, 51, 23)
(60217/2, 55, 25)
(120435/4, 53, 24)
(30109, 51, 23)
(120437/4, 50, 22)
(60219/2, 48, 21)
(120439/4, 46, 20)
(30110, 45, 19)
(120441/4, 48, 21)
(60221/2, 51, 23)
(120443/4, 54, 25)
(30111, 53, 24)
(120445/4, 51, 23)
(60223/2, 48, 21)
(120447/4, 45, 19)
(30112, 46, 20)
(120449/4, 51, 23)
(60225/2, 53, 24)
(120451/4, 56, 26)
(30113, 53, 24)
(120453/4, 50, 22)
(60227/2, 46, 20)
(120455/4, 45, 19)
(30114, 43, 18)
(30116, 44, 19)
(30117, 46, 20)
(30119, 47, 21)
(30120, 46, 20)
(30121, 47, 21)
(30122, 46, 20)
(30123, 46, 20)
(120495/4, 45, 19)
(30124, 45, 19)
(30126, 44, 19)
(120507/4, 43, 18)
(30127, 43, 18)
(30129, 42, 18)
(120519/4, 41, 17)
(30130, 41, 17)
(30132, 43, 18)
(30134, 44, 19)
(30135, 46, 20)
(30138, 39, 16)
(30141, 46, 20)
(120565/4, 53, 24)
(60283/2, 53, 24)
(120567/4, 46, 20)
(30142, 46, 20)
(120569/4, 53, 24)
(60285/2, 53, 24)
(120571/4, 46, 20)
(30143, 46, 20)
(120573/4, 53, 24)
(60287/2, 53, 24)
(120575/4, 46, 20)
(30144, 51, 23)
(30150, 39, 16)
(30151, 39, 16)
(60303/2, 39, 16)
(30152, 39, 16)
(60305/2, 39, 16)
(30153, 39, 16)
(30154, 40, 16)
(30155, 41, 17)
(30157, 42, 18)
(60315/2, 42, 18)
(30158, 42, 18)
(60317/2, 42, 18)
(30159, 42, 18)
(30162, 43, 18)
(30164, 42, 18)
(30183, 49, 22)
(30184, 48, 21)
(30185, 51, 23)
(30186, 49, 22)
(30187, 54, 25)
(60377/2, 54, 25)
(30189, 53, 24)
(30190, 56, 26)
(60383/2, 56, 26)
(30192, 55, 25)
(30193, 58, 27)
(60389/2, 58, 27)
(30195, 48, 21)
(120781/4, 53, 24)
(60391/2, 53, 24)
(120783/4, 48, 21)
(30196, 53, 24)
(120785/4, 48, 21)
(60393/2, 53, 24)
(120787/4, 52, 23)
(30197, 48, 21)
(120789/4, 55, 25)
(60395/2, 55, 25)
(120791/4, 48, 21)
(30198, 55, 25)
(120793/4, 48, 21)
(60397/2, 55, 25)
(120795/4, 53, 24)
(30199, 52, 23)
(120797/4, 55, 25)
(60399/2, 55, 25)
(120799/4, 58, 27)
(30200, 58, 27)
(120801/4, 56, 26)
(60401/2, 56, 26)
(120803/4, 56, 26)
(30201, 55, 25)
(30202, 60, 28)
(30203, 53, 24)
(30204, 58, 27)
(30205, 52, 23)
(30206, 53, 24)
(30207, 44, 19)
(120829/4, 53, 24)
(60415/2, 53, 24)
(120831/4, 44, 19)
(30208, 46, 20)
(120833/4, 53, 24)
(60417/2, 53, 24)
(120835/4, 46, 20)
(30209, 48, 21)
(120837/4, 36, 14)
(60419/2, 36, 14)
(120839/4, 48, 21)
(30210, 49, 22)
(30211, 44, 19)
(120845/4, 53, 24)
(60423/2, 53, 24)
(120847/4, 44, 19)
(30212, 46, 20)
(120849/4, 53, 24)
(60425/2, 53, 24)
(120851/4, 46, 20)
(30213, 46, 20)
(120853/4, 49, 22)
(60427/2, 49, 22)
(120855/4, 46, 20)
(30214, 49, 22)
(120857/4, 46, 20)
(60429/2, 46, 20)
(120859/4, 49, 22)
(30215, 46, 20)
(30216, 48, 21)
(30218, 36, 14)
(30219, 41, 17)
(30226, 46, 20)
(30227, 48, 21)
(30228, 53, 24)
(30232, 53, 24)
(60467/2, 53, 24)
(30234, 53, 24)
(30243, 44, 19)
(30244, 44, 19)
(60489/2, 44, 19)
(30245, 44, 19)
(60491/2, 44, 19)
(30246, 44, 19)
(30249, 44, 19)
(30250, 44, 19)
(60501/2, 44, 19)
(30251, 44, 19)
(60503/2, 44, 19)
(30252, 44, 19)
(30255, 55, 25)
(30256, 55, 25)
(60513/2, 55, 25)
(30257, 56, 26)
(60515/2, 55, 25)
(30258, 53, 24)
(30260, 53, 24)
(30261, 55, 25)
(60523/2, 51, 23)
(30262, 56, 26)
(30263, 49, 22)
(30264, 51, 23)
(30267, 44, 19)
(30268, 44, 19)
(60537/2, 44, 19)
(30269, 44, 19)
(60539/2, 44, 19)
(30270, 37, 15)
(30273, 39, 16)
(30274, 39, 16)
(60549/2, 39, 16)
(30275, 39, 16)
(60551/2, 39, 16)
(30276, 44, 19)
(30277, 44, 19)
(60555/2, 44, 19)
(30278, 46, 20)
(60557/2, 46, 20)
(30279, 48, 21)
(30280, 48, 21)
(60561/2, 48, 21)
(30281, 48, 21)
(60563/2, 48, 21)
(30282, 49, 22)
(30287, 51, 23)
(30288, 53, 24)
(30289, 55, 25)
(60579/2, 51, 23)
(30290, 56, 26)
(30291, 50, 22)
(30292, 51, 23)
(30293, 39, 16)
(30294, 44, 19)
(60601/2, 63, 30)
(30301, 60, 28)
(60603/2, 56, 26)
(30302, 53, 24)
(60605/2, 51, 23)
(30303, 50, 22)
(30304, 51, 23)
(30305, 49, 22)
(30306, 48, 21)
(121225/4, 49, 22)
(60613/2, 51, 23)
(121227/4, 49, 22)
(30307, 48, 21)
(121229/4, 46, 20)
(60615/2, 44, 19)
(121231/4, 42, 18)
(30308, 40, 17)
(121233/4, 44, 19)
(60617/2, 49, 22)
(121235/4, 52, 24)
(30309, 51, 23)
(121237/4, 49, 22)
(60619/2, 48, 21)
(121239/4, 49, 22)
(30310, 51, 23)
(121241/4, 48, 21)
(60621/2, 44, 19)
(121243/4, 39, 16)
(30311, 40, 17)
(121245/4, 44, 19)
(60623/2, 49, 22)
(121247/4, 52, 24)
(30312, 51, 23)
(121249/4, 48, 21)
(60625/2, 44, 19)
(121251/4, 39, 16)
(30313, 40, 17)
(121253/4, 44, 19)
(60627/2, 49, 22)
(121255/4, 52, 24)
(30314, 51, 23)
(121257/4, 48, 21)
(60629/2, 44, 19)
(121259/4, 39, 16)
(30315, 38, 15)
(30318, 49, 22)
(121275/4, 48, 21)
(30319, 48, 21)
(30321, 47, 21)
(121287/4, 46, 20)
(30322, 46, 20)
(30324, 48, 21)
(30326, 49, 22)
(30327, 51, 23)
(30329, 49, 22)
(30330, 46, 20)
(30332, 50, 22)
(30333, 51, 23)
(30334, 61, 29)
(121337/4, 60, 28)
(60669/2, 58, 27)
(121339/4, 56, 26)
(30335, 55, 25)
(121341/4, 51, 23)
(60671/2, 49, 22)
(121343/4, 46, 20)
(30336, 44, 19)
(30343, 49, 22)
(30344, 51, 23)
(30345, 44, 19)
(60691/2, 48, 21)
(30346, 51, 23)
(30347, 46, 20)
(60695/2, 49, 22)
(30348, 53, 24)
(30349, 61, 29)
(60701/2, 61, 29)
(30351, 60, 28)
(30352, 61, 29)
(30353, 49, 22)
(30354, 44, 19)
(60721/2, 41, 17)
(30361, 39, 16)
(30362, 42, 18)
(30363, 41, 17)
(30364, 39, 16)
(30366, 44, 19)
(30378, 39, 16)
(30379, 39, 16)
(60759/2, 39, 16)
(30380, 39, 16)
(60761/2, 39, 16)
(30381, 44, 19)
(60765/2, 44, 19)
(30383, 44, 19)
(60767/2, 44, 19)
(30384, 44, 19)
(60771/2, 44, 19)
(30386, 44, 19)
(60773/2, 44, 19)
(30387, 44, 19)
(30388, 44, 19)
(30389, 44, 19)
(30390, 44, 19)
