(0, 67, 32)
(1/2, 67, 32)
(3, 67, 32)
(7/2, 67, 32)
(6, 67, 32)
(13/2, 67, 32)
(7, 65, 31)
(15/2, 63, 30)
(8, 65, 31)
(17/2, 67, 32)
(9, 68, 33)
(19/2, 67, 32)
(12, 62, 29)
(25/2, 63, 30)
(13, 62, 29)
(27/2, 63, 30)
(14, 65, 31)
(29/2, 63, 30)
(15, 65, 31)
(31/2, 67, 32)
(16, 65, 31)
(33/2, 67, 32)
(17, 69, 33)
(35/2, 67, 32)
(18, 69, 33)
(37/2, 70, 34)
(19, 69, 33)
(39/2, 70, 34)
(20, 72, 35)
(41/2, 70, 34)
(21, 72, 35)
(43/2, 74, 36)
(47/2, 75, 37)
(24, 74, 36)
(49/2, 72, 35)
(27, 67, 32)
(55/2, 67, 32)
(30, 67, 32)
(61/2, 67, 32)
(31, 65, 31)
(63/2, 63, 30)
(32, 65, 31)
(65/2, 67, 32)
(33, 68, 33)
(67/2, 67, 32)
(35, 67, 32)
(36, 62, 29)
(73/2, 63, 30)
(37, 62, 29)
(75/2, 63, 30)
(38, 65, 31)
(77/2, 63, 30)
(39, 65, 31)
(79/2, 67, 32)
(40, 65, 31)
(81/2, 67, 32)
(41, 68, 33)
(83/2, 70, 34)
(42, 68, 33)
(85/2, 67, 32)
(43, 68, 33)
(87/2, 67, 32)
(44, 65, 31)
(89/2, 67, 32)
(45, 65, 31)
(91/2, 63, 30)
(46, 65, 31)
(93/2, 62, 29)
(47, 60, 28)
(48, 67, 32)
(97/2, 67, 32)
(51, 67, 32)
(103/2, 67, 32)
(54, 67, 32)
(109/2, 67, 32)
(55, 68, 33)
(111/2, 70, 34)
(56, 68, 33)
(113/2, 67, 32)
(57, 64, 30)
(115/2, 67, 32)
(60, 67, 32)
(121/2, 68, 33)
(61, 67, 32)
(123/2, 68, 33)
(62, 70, 34)
(125/2, 68, 33)
(63, 70, 34)
(127/2, 72, 35)
(64, 70, 34)
(129/2, 72, 35)
(65, 73, 36)
(131/2, 75, 37)
(66, 73, 36)
(133/2, 72, 35)
(67, 73, 36)
(135/2, 72, 35)
(68, 70, 34)
(137/2, 72, 35)
(69, 70, 34)
(139/2, 69, 33)
(72, 69, 33)
(145/2, 69, 33)
(75, 69, 33)
(151/2, 69, 33)
(76, 70, 34)
(153/2, 72, 35)
(77, 70, 34)
(155/2, 69, 33)
(78, 66, 31)
(157/2, 69, 33)
(81, 69, 33)
(163/2, 70, 34)
(82, 69, 33)
(165/2, 70, 34)
(83, 72, 35)
(167/2, 70, 34)
(84, 72, 35)
(169/2, 74, 36)
(85, 72, 35)
(171/2, 74, 36)
(86, 75, 37)
(173/2, 77, 38)
(87, 75, 37)
(175/2, 74, 36)
(88, 75, 37)
(177/2, 74, 36)
(89, 72, 35)
(179/2, 74, 36)
(90, 72, 35)
(181/2, 74, 36)
(93, 74, 36)
(187/2, 74, 36)
(94, 77, 38)
(189/2, 75, 37)
(95, 74, 36)
(191/2, 72, 35)
(96, 70, 34)
(193/2, 69, 33)
(99, 69, 33)
(199/2, 69, 33)
(100, 70, 34)
(201/2, 69, 33)
(101, 67, 32)
(203/2, 71, 34)
(102, 72, 35)
(205/2, 74, 36)
(105, 74, 36)
(211/2, 74, 36)
(106, 77, 38)
(213/2, 75, 37)
(107, 74, 36)
(215/2, 72, 35)
(108, 70, 34)
(217/2, 69, 33)
(111, 69, 33)
(223/2, 69, 33)
(114, 69, 33)
(229/2, 69, 33)
(120, 74, 36)
(241/2, 74, 36)
(243/2, 70, 34)
(122, 70, 34)
(123, 72, 35)
(247/2, 74, 36)
(247/2, 72, 35)
(124, 70, 34)
(249/2, 72, 35)
(125, 69, 33)
(126, 74, 36)
(253/2, 74, 36)
(255/2, 70, 34)
(128, 70, 34)
(129, 72, 35)
(259/2, 74, 36)
(259/2, 72, 35)
(130, 70, 34)
(261/2, 72, 35)
(131, 69, 33)
(132, 70, 34)
(265/2, 70, 34)
(267/2, 67, 32)
(134, 67, 32)
(135, 68, 33)
(271/2, 70, 34)
(271/2, 68, 33)
(136, 67, 32)
(273/2, 68, 33)
(137, 65, 31)
(138, 70, 34)
(277/2, 70, 34)
(279/2, 67, 32)
(140, 67, 32)
(141, 68, 33)
(283/2, 70, 34)
(283/2, 68, 33)
(142, 67, 32)
(285/2, 68, 33)
(143, 65, 31)
(144, 55, 25)
(144, 67, 32)
(289/2, 55, 25)
(289/2, 67, 32)
(147, 55, 25)
(147, 67, 32)
(295/2, 55, 25)
(295/2, 67, 32)
(150, 55, 25)
(150, 67, 32)
(301/2, 55, 25)
(301/2, 67, 32)
(151, 65, 31)
(303/2, 63, 30)
(152, 65, 31)
(305/2, 67, 32)
(153, 68, 33)
(307/2, 67, 32)
(156, 62, 29)
(313/2, 63, 30)
(157, 62, 29)
(315/2, 63, 30)
(158, 65, 31)
(317/2, 63, 30)
(159, 65, 31)
(319/2, 67, 32)
(160, 65, 31)
(321/2, 67, 32)
(161, 69, 33)
(323/2, 67, 32)
(162, 69, 33)
(325/2, 70, 34)
(163, 69, 33)
(327/2, 70, 34)
(164, 72, 35)
(329/2, 70, 34)
(165, 72, 35)
(331/2, 74, 36)
(168, 74, 36)
(337/2, 74, 36)
(171, 74, 36)
(343/2, 77, 38)
(173, 75, 37)
(349/2, 74, 36)
(176, 72, 35)
(355/2, 70, 34)
(179, 68, 33)
(180, 72, 35)
(361/2, 68, 33)
(182, 67, 32)
(183, 72, 35)
(367/2, 68, 33)
(185, 67, 32)
(186, 72, 35)
(373/2, 65, 31)
(188, 67, 32)
(379/2, 60, 28)
(190, 63, 30)
(381/2, 67, 32)
(191, 72, 35)
(383/2, 79, 39)
(192, 75, 37)
(385/2, 74, 36)
(195, 74, 36)
(391/2, 77, 38)
(197, 75, 37)
(397/2, 75, 37)
(200, 73, 36)
(403/2, 72, 35)
(203, 70, 34)
(204, 72, 35)
(409/2, 68, 33)
(206, 67, 32)
(207, 72, 35)
(415/2, 68, 33)
(209, 67, 32)
(210, 72, 35)
(421/2, 65, 31)
(212, 67, 32)
(427/2, 60, 28)
(216, 59, 27)
(433/2, 60, 28)
(219, 59, 27)
(439/2, 60, 28)
(222, 59, 27)
(445/2, 60, 28)
(223, 63, 30)
(447/2, 67, 32)
(224, 72, 35)
(449/2, 75, 37)
(225, 79, 39)
(451/2, 84, 42)
(503/2, 74, 36)
(252, 79, 39)
(505/2, 75, 37)
(509/2, 72, 35)
(255, 75, 37)
(511/2, 74, 36)
(515/2, 70, 34)
(258, 74, 36)
(517/2, 72, 35)
(259, 70, 34)
(519/2, 72, 35)
(260, 69, 33)
(521/2, 70, 34)
(261, 72, 35)
(523/2, 70, 34)
(262, 69, 33)
(525/2, 70, 34)
(263, 74, 36)
(265, 75, 37)
(531/2, 74, 36)
(266, 72, 35)
(268, 74, 36)
(537/2, 72, 35)
(269, 70, 34)
(539/2, 72, 35)
(270, 70, 34)
(541/2, 69, 33)
(271, 67, 32)
(543/2, 69, 33)
(272, 66, 31)
(545/2, 67, 32)
(273, 69, 33)
(547/2, 70, 34)
(274, 69, 33)
(549/2, 70, 34)
(275, 67, 32)
(551/2, 69, 33)
(276, 70, 34)
(553/2, 72, 35)
(277, 70, 34)
(555/2, 72, 35)
(278, 69, 33)
(557/2, 70, 34)
(279, 72, 35)
(559/2, 74, 36)
(280, 72, 35)
(561/2, 74, 36)
(281, 70, 34)
(563/2, 72, 35)
(282, 74, 36)
(565/2, 74, 36)
(565/2, 75, 37)
(565/2, 77, 38)
(565/2, 75, 37)
(571/2, 74, 36)
(571/2, 75, 37)
(571/2, 74, 36)
(575/2, 75, 37)
(288, 74, 36)
(577/2, 72, 35)
(289, 74, 36)
(579/2, 72, 35)
(290, 70, 34)
(581/2, 72, 35)
(291, 70, 34)
(583/2, 69, 33)
(292, 74, 36)
(585/2, 78, 38)
(293, 81, 40)
(587/2, 78, 38)
(294, 74, 36)
(589/2, 74, 36)
(295, 73, 35)
(591/2, 76, 37)
(296, 79, 39)
(593/2, 76, 37)
(297, 73, 35)
(595/2, 73, 35)
(298, 69, 33)
(597/2, 74, 36)
(299, 78, 38)
(599/2, 74, 36)
(300, 69, 33)
(601/2, 70, 34)
(607/2, 69, 33)
(607/2, 70, 34)
(607/2, 69, 33)
(304, 74, 36)
(609/2, 78, 38)
(305, 81, 40)
(611/2, 78, 38)
(306, 74, 36)
(613/2, 74, 36)
(307, 73, 35)
(615/2, 76, 37)
(308, 79, 39)
(617/2, 76, 37)
(309, 73, 35)
(619/2, 73, 35)
(310, 69, 33)
(621/2, 74, 36)
(311, 78, 38)
(623/2, 74, 36)
(312, 69, 33)
(625/2, 73, 35)
(631/2, 71, 34)
(631/2, 73, 35)
(631/2, 74, 36)
(316, 69, 33)
(633/2, 74, 36)
(317, 78, 38)
(635/2, 78, 38)
(318, 74, 36)
(637/2, 81, 40)
(322, 69, 33)
(645/2, 74, 36)
(323, 78, 38)
(647/2, 78, 38)
(324, 74, 36)
(649/2, 81, 40)
(328, 69, 33)
(657/2, 74, 36)
(329, 66, 31)
(331, 66, 31)
(663/2, 69, 33)
(332, 62, 29)
(334, 62, 29)
(669/2, 66, 31)
(335, 57, 26)
(339, 62, 29)
(679/2, 74, 36)
(342, 70, 34)
(685/2, 69, 33)
(344, 67, 32)
(691/2, 66, 31)
(347, 69, 33)
(697/2, 72, 35)
(350, 75, 37)
(703/2, 74, 36)
(354, 70, 34)
(709/2, 69, 33)
(356, 67, 32)
(715/2, 66, 31)
(359, 69, 33)
(721/2, 72, 35)
(362, 75, 37)
(727/2, 74, 36)
(366, 70, 34)
(366, 82, 41)
(733/2, 70, 34)
(733/2, 82, 41)
(368, 70, 34)
(368, 82, 41)
(739/2, 70, 34)
(739/2, 82, 41)
(372, 70, 34)
(372, 82, 41)
(745/2, 70, 34)
(745/2, 82, 41)
(374, 70, 34)
(374, 82, 41)
(751/2, 70, 34)
(751/2, 82, 41)
(378, 70, 34)
(757/2, 70, 34)
(775/2, 69, 33)
(390, 62, 29)
(781/2, 67, 32)
(391, 69, 33)
(783/2, 70, 34)
(392, 69, 33)
(785/2, 67, 32)
(393, 62, 29)
(787/2, 67, 32)
(394, 69, 33)
(789/2, 70, 34)
(395, 69, 33)
(791/2, 67, 32)
(396, 64, 30)
(793/2, 69, 33)
(397, 70, 34)
(795/2, 72, 35)
(398, 70, 34)
(797/2, 69, 33)
(399, 66, 31)
(799/2, 69, 33)
(400, 70, 34)
(801/2, 72, 35)
(401, 70, 34)
(803/2, 69, 33)
(402, 66, 31)
(805/2, 67, 32)
(403, 69, 33)
(807/2, 70, 34)
(404, 69, 33)
(809/2, 67, 32)
(405, 62, 29)
(811/2, 67, 32)
(406, 69, 33)
(813/2, 70, 34)
(407, 69, 33)
(815/2, 67, 32)
(408, 64, 30)
(817/2, 69, 33)
(409, 70, 34)
(819/2, 72, 35)
(410, 70, 34)
(821/2, 69, 33)
(411, 66, 31)
(823/2, 69, 33)
(412, 70, 34)
(825/2, 72, 35)
(413, 70, 34)
(827/2, 69, 33)
(414, 66, 31)
(829/2, 67, 32)
(415, 69, 33)
(831/2, 70, 34)
(416, 69, 33)
(833/2, 67, 32)
(417, 70, 34)
(417, 82, 41)
(835/2, 70, 34)
(835/2, 82, 41)
(419, 70, 34)
(419, 82, 41)
(841/2, 70, 34)
(841/2, 82, 41)
(423, 70, 34)
(423, 82, 41)
(847/2, 70, 34)
(847/2, 82, 41)
(425, 70, 34)
(425, 82, 41)
(853/2, 70, 34)
(853/2, 82, 41)
(429, 55, 25)
(859/2, 61, 28)
(430, 62, 29)
(861/2, 64, 30)
(431, 62, 29)
(863/2, 61, 28)
(432, 55, 25)
(865/2, 61, 28)
(433, 62, 29)
(867/2, 64, 30)
(434, 62, 29)
(869/2, 61, 28)
(435, 55, 25)
(871/2, 61, 28)
(436, 62, 29)
(873/2, 64, 30)
(437, 62, 29)
(875/2, 61, 28)
(438, 55, 25)
(877/2, 62, 29)
(439, 66, 31)
(879/2, 69, 33)
(440, 74, 36)
(441, 60, 28)
(883/2, 59, 27)
(442, 60, 28)
(885/2, 62, 29)
(443, 60, 28)
(887/2, 59, 27)
(444, 56, 26)
(889/2, 59, 27)
(445, 60, 28)
(891/2, 62, 29)
(446, 60, 28)
(893/2, 59, 27)
(447, 56, 26)
(895/2, 59, 27)
(448, 60, 28)
(897/2, 62, 29)
(449, 60, 28)
(899/2, 59, 27)
(450, 56, 26)
(901/2, 60, 28)
(451, 64, 30)
(903/2, 67, 32)
(452, 72, 35)
(453, 55, 25)
(907/2, 60, 28)
(454, 62, 29)
(909/2, 63, 30)
(455, 62, 29)
(911/2, 60, 28)
(456, 55, 25)
(913/2, 57, 26)
(457, 58, 27)
(915/2, 60, 28)
(458, 58, 27)
(917/2, 57, 26)
(459, 55, 25)
(919/2, 57, 26)
(460, 58, 27)
(921/2, 60, 28)
(461, 57, 26)
(923/2, 62, 29)
(462, 66, 31)
(925/2, 67, 32)
(463, 62, 29)
(927/2, 58, 27)
(464, 55, 25)
(465, 74, 36)
(931/2, 74, 36)
(933/2, 70, 34)
(467, 70, 34)
(468, 72, 35)
(937/2, 74, 36)
(937/2, 72, 35)
(469, 70, 34)
(939/2, 72, 35)
(470, 69, 33)
(471, 74, 36)
(943/2, 74, 36)
(945/2, 70, 34)
(473, 70, 34)
(474, 72, 35)
(949/2, 74, 36)
(949/2, 72, 35)
(475, 70, 34)
(951/2, 72, 35)
(476, 69, 33)
(477, 70, 34)
(955/2, 70, 34)
(957/2, 67, 32)
(479, 67, 32)
(480, 68, 33)
(961/2, 70, 34)
(961/2, 68, 33)
(481, 67, 32)
(963/2, 68, 33)
(482, 65, 31)
(483, 70, 34)
(967/2, 70, 34)
(969/2, 67, 32)
(485, 67, 32)
(486, 68, 33)
(973/2, 70, 34)
(973/2, 68, 33)
(487, 67, 32)
(975/2, 68, 33)
(488, 62, 29)
(489, 68, 33)
(979/2, 70, 34)
(979/2, 68, 33)
(490, 67, 32)
(981/2, 68, 33)
(491, 62, 29)
(492, 68, 33)
(985/2, 70, 34)
(985/2, 68, 33)
(493, 67, 32)
(987/2, 68, 33)
(494, 62, 29)
(495, 63, 30)
(991/2, 63, 30)
(498, 63, 30)
(997/2, 63, 30)
(501, 63, 30)
(1003/2, 63, 30)
(502, 61, 29)
(1005/2, 60, 28)
(503, 61, 29)
(1007/2, 63, 30)
(504, 63, 30)
(1009/2, 63, 30)
(507, 63, 30)
(1015/2, 63, 30)
(510, 63, 30)
(1021/2, 63, 30)
(513, 63, 30)
(1027/2, 63, 30)
(514, 61, 29)
(1029/2, 60, 28)
(515, 61, 29)
(1031/2, 63, 30)
(516, 63, 30)
(1033/2, 64, 30)
(519, 64, 30)
(1039/2, 65, 31)
(522, 65, 31)
(1045/2, 65, 31)
(525, 65, 31)
(1051/2, 65, 31)
(526, 63, 30)
(1053/2, 62, 29)
(527, 63, 30)
(1055/2, 65, 31)
(528, 65, 31)
(1057/2, 66, 31)
(531, 66, 31)
(1063/2, 55, 25)
(1063/2, 67, 32)
(534, 55, 25)
(534, 67, 32)
(1069/2, 55, 25)
(1069/2, 67, 32)
(537, 55, 25)
(537, 67, 32)
(1075/2, 55, 25)
(1075/2, 67, 32)
(538, 55, 25)
(538, 65, 31)
(1077/2, 55, 25)
(1077/2, 63, 30)
(539, 55, 25)
(539, 65, 31)
(1079/2, 55, 25)
(1079/2, 67, 32)
(540, 55, 25)
(540, 68, 33)
(1081/2, 55, 25)
(1081/2, 67, 32)
(543, 67, 32)
(1087/2, 63, 30)
(544, 62, 29)
(1089/2, 63, 30)
(545, 65, 31)
(1091/2, 63, 30)
(546, 65, 31)
(1093/2, 67, 32)
(547, 65, 31)
(1095/2, 67, 32)
(548, 69, 33)
(1097/2, 67, 32)
(549, 69, 33)
(1099/2, 70, 34)
(550, 69, 33)
(1101/2, 70, 34)
(551, 72, 35)
(1103/2, 70, 34)
(552, 72, 35)
(1105/2, 74, 36)
(555, 67, 32)
(1111/2, 79, 39)
(558, 75, 37)
(1117/2, 74, 36)
(560, 72, 35)
(1123/2, 71, 34)
(563, 74, 36)
(1129/2, 77, 38)
(566, 80, 40)
(1135/2, 79, 39)
(570, 75, 37)
(1141/2, 74, 36)
(572, 72, 35)
(1147/2, 71, 34)
(575, 74, 36)
(1153/2, 77, 38)
(578, 80, 40)
(1159/2, 79, 39)
(582, 87, 44)
(1165/2, 87, 44)
(584, 87, 44)
(1171/2, 87, 44)
(588, 87, 44)
(1177/2, 87, 44)
(590, 87, 44)
(1183/2, 87, 44)
(594, 87, 44)
(1189/2, 87, 44)
(595, 81, 40)
(1191/2, 84, 42)
(596, 78, 38)
(1193/2, 81, 40)
(597, 75, 37)
(1195/2, 78, 38)
(598, 72, 35)
(1197/2, 75, 37)
(599, 69, 33)
(1199/2, 72, 35)
(600, 66, 31)
(1201/2, 69, 33)
(601, 63, 30)
(1203/2, 66, 31)
(602, 60, 28)
(1205/2, 63, 30)
(603, 60, 28)
(1207/2, 55, 25)
(605, 55, 25)
(605, 62, 29)
(605, 71, 34)
(605, 79, 39)
(1213/2, 87, 44)
(609, 87, 44)
(1219/2, 87, 44)
(612, 87, 44)
(1225/2, 87, 44)
(615, 87, 44)
(1231/2, 87, 44)
(617, 87, 44)
(1237/2, 87, 44)
(619, 81, 40)
(1239/2, 84, 42)
(620, 78, 38)
(1241/2, 81, 40)
(621, 75, 37)
(1243/2, 78, 38)
(622, 72, 35)
(1245/2, 75, 37)
(623, 69, 33)
(1247/2, 72, 35)
(624, 66, 31)
(1249/2, 75, 37)
(625, 69, 33)
(1251/2, 72, 35)
(626, 66, 31)
(1253/2, 69, 33)
(627, 63, 30)
(1255/2, 66, 31)
(628, 60, 28)
(1257/2, 63, 30)
(629, 57, 26)
(1259/2, 60, 28)
(630, 56, 26)
(1261/2, 55, 25)
(632, 63, 30)
(632, 75, 37)
(1267/2, 62, 29)
(1267/2, 74, 36)
(635, 55, 25)
(635, 62, 29)
(635, 71, 34)
(635, 79, 39)
(1273/2, 55, 25)
(1273/2, 63, 30)
(1273/2, 72, 35)
(1325/2, 74, 36)
(663, 79, 39)
(1327/2, 75, 37)
(1331/2, 72, 35)
(666, 75, 37)
(1333/2, 74, 36)
(1337/2, 71, 34)
(669, 74, 36)
(1339/2, 72, 35)
(670, 71, 34)
(1341/2, 72, 35)
(671, 69, 33)
(1343/2, 71, 34)
(672, 72, 35)
(1345/2, 71, 34)
(673, 69, 33)
(1347/2, 71, 34)
(674, 67, 32)
(1349/2, 68, 33)
(675, 70, 34)
(1351/2, 68, 33)
(676, 67, 32)
(1353/2, 68, 33)
(677, 64, 30)
(1355/2, 65, 31)
(678, 67, 32)
(1357/2, 65, 31)
(679, 64, 30)
(1359/2, 65, 31)
(680, 69, 33)
(1361/2, 70, 34)
(681, 72, 35)
(1363/2, 70, 34)
(682, 69, 33)
(1365/2, 70, 34)
(683, 66, 31)
(1367/2, 67, 32)
(684, 69, 33)
(1369/2, 67, 32)
(685, 66, 31)
(1371/2, 67, 32)
(686, 74, 36)
(1373/2, 75, 37)
(687, 77, 38)
(1375/2, 75, 37)
(688, 74, 36)
(1377/2, 75, 37)
(689, 72, 35)
(1379/2, 73, 36)
(690, 75, 37)
(1381/2, 73, 36)
(691, 72, 35)
(1383/2, 73, 36)
(692, 72, 35)
(1385/2, 73, 36)
(693, 75, 37)
(1387/2, 73, 36)
(694, 72, 35)
(1389/2, 73, 36)
(695, 71, 34)
(1391/2, 72, 35)
(696, 74, 36)
(1393/2, 72, 35)
(697, 71, 34)
(1395/2, 72, 35)
(698, 67, 32)
(701, 72, 35)
(1405/2, 71, 34)
(704, 70, 34)
(1411/2, 69, 33)
(707, 68, 33)
(1417/2, 67, 32)
(1421/2, 67, 32)
(711, 72, 35)
(1423/2, 69, 33)
(1427/2, 65, 31)
(714, 68, 33)
(1429/2, 67, 32)
(1433/2, 63, 30)
(717, 68, 33)
(1435/2, 65, 31)
(718, 63, 30)
(1437/2, 65, 31)
(719, 67, 32)
(1439/2, 65, 31)
(720, 67, 32)
(1441/2, 68, 33)
(721, 63, 30)
(1443/2, 60, 28)
(722, 61, 29)
(1445/2, 60, 28)
(723, 58, 27)
(1447/2, 60, 28)
(724, 58, 27)
(1449/2, 60, 28)
(725, 65, 31)
(1451/2, 63, 30)
(726, 61, 29)
(1453/2, 63, 30)
(727, 62, 29)
(1455/2, 63, 30)
(728, 66, 32)
(1457/2, 65, 31)
(729, 63, 30)
(1459/2, 65, 31)
(730, 63, 30)
(1461/2, 65, 31)
(731, 68, 33)
(1463/2, 67, 32)
(732, 65, 31)
(1465/2, 67, 32)
(733, 65, 31)
(1467/2, 67, 32)
(734, 71, 35)
(1469/2, 70, 34)
(735, 68, 33)
(1471/2, 70, 34)
(736, 68, 33)
(1473/2, 70, 34)
(737, 73, 36)
(1475/2, 72, 35)
(738, 70, 34)
(1477/2, 72, 35)
(739, 71, 34)
(1479/2, 72, 35)
(740, 75, 37)
(1481/2, 74, 36)
(741, 72, 35)
(1483/2, 77, 38)
(742, 74, 36)
(1485/2, 71, 34)
(743, 67, 32)
(1487/2, 65, 31)
(744, 62, 29)
(1489/2, 63, 30)
(747, 67, 32)
(1495/2, 67, 32)
(749, 67, 32)
(1501/2, 67, 32)
(753, 67, 32)
(1507/2, 67, 32)
(755, 67, 32)
(1513/2, 67, 32)
(759, 67, 32)
(1519/2, 65, 31)
(761, 65, 31)
(1525/2, 63, 30)
(765, 63, 30)
(1531/2, 62, 29)
(767, 62, 29)
(1537/2, 60, 28)
(771, 67, 32)
(1543/2, 67, 32)
(773, 67, 32)
(1549/2, 67, 32)
(777, 67, 32)
(1555/2, 67, 32)
(779, 67, 32)
(1561/2, 67, 32)
(783, 67, 32)
(1567/2, 65, 31)
(785, 65, 31)
(1573/2, 63, 30)
(789, 63, 30)
(1579/2, 62, 29)
(791, 62, 29)
(1585/2, 60, 28)
(798, 67, 32)
(1597/2, 72, 35)
(799, 74, 36)
(1599/2, 75, 37)
(800, 74, 36)
(1601/2, 72, 35)
(801, 67, 32)
(1603/2, 63, 30)
(802, 67, 32)
(1605/2, 72, 35)
(803, 74, 36)
(1607/2, 75, 37)
(804, 79, 39)
(1609/2, 75, 37)
(805, 74, 36)
(1611/2, 72, 35)
(806, 67, 32)
(810, 67, 32)
(1621/2, 72, 35)
(811, 74, 36)
(1623/2, 75, 37)
(812, 79, 39)
(1625/2, 84, 42)
(813, 79, 39)
(1627/2, 75, 37)
(814, 79, 39)
(1629/2, 84, 42)
(815, 86, 43)
(1631/2, 87, 44)
(816, 91, 46)
(1633/2, 87, 44)
(817, 86, 43)
(1635/2, 84, 42)
(818, 79, 39)
(819, 72, 35)
(1639/2, 67, 32)
(820, 65, 31)
(1641/2, 63, 30)
(821, 65, 31)
(1643/2, 67, 32)
(822, 72, 35)
(1645/2, 67, 32)
(825, 72, 35)
(1651/2, 67, 32)
(826, 65, 31)
(1653/2, 63, 30)
(827, 65, 31)
(1655/2, 67, 32)
(828, 72, 35)
(1657/2, 67, 32)
(829, 65, 31)
(1659/2, 63, 30)
(830, 65, 31)
(1661/2, 63, 30)
(831, 62, 29)
(1663/2, 63, 30)
(832, 62, 29)
(1665/2, 63, 30)
(833, 65, 31)
(1667/2, 67, 32)
(834, 68, 33)
(1669/2, 68, 33)
(835, 67, 32)
(1671/2, 66, 31)
(836, 67, 32)
(1673/2, 65, 31)
(837, 64, 30)
(1675/2, 65, 31)
(838, 63, 30)
(1677/2, 62, 29)
(839, 63, 30)
(1679/2, 62, 29)
(840, 60, 28)
(1681/2, 65, 31)
(841, 63, 30)
(1683/2, 62, 29)
(842, 63, 30)
(1685/2, 62, 29)
(843, 60, 28)
(1687/2, 62, 29)
(844, 60, 28)
(1689/2, 59, 27)
(845, 58, 27)
(1691/2, 57, 26)
(846, 56, 26)
(1693/2, 55, 25)
(847, 60, 28)
(1695/2, 56, 26)
(848, 55, 25)
(1697/2, 60, 28)
(849, 56, 26)
(1699/2, 55, 25)
(850, 57, 26)
(1701/2, 59, 27)
(851, 60, 28)
(1703/2, 62, 29)
(852, 63, 30)
(1705/2, 65, 31)
(853, 63, 30)
(1707/2, 62, 29)
(854, 60, 28)
(1709/2, 58, 27)
(855, 56, 26)
(1711/2, 55, 25)
(856, 60, 28)
(1713/2, 56, 26)
(857, 55, 25)
(1715/2, 60, 28)
(858, 56, 26)
(1717/2, 55, 25)
(859, 60, 28)
(1719/2, 56, 26)
(860, 55, 25)
(1721/2, 60, 28)
(861, 56, 26)
(1723/2, 55, 25)
(862, 57, 26)
(1725/2, 59, 27)
(863, 60, 28)
(1727/2, 62, 29)
(864, 63, 30)
(1729/2, 65, 31)
(865, 67, 32)
(1731/2, 68, 33)
(866, 67, 32)
(1733/2, 65, 31)
(867, 63, 30)
(1735/2, 62, 29)
(868, 60, 28)
(1737/2, 59, 27)
(869, 58, 27)
(1739/2, 57, 26)
(870, 56, 26)
(1741/2, 55, 25)
(871, 55, 25)
(1743/2, 55, 25)
(872, 55, 25)
(1745/2, 55, 25)
(873, 55, 25)
(1747/2, 55, 25)
(874, 55, 25)
(1749/2, 55, 25)
(875, 56, 26)
(1751/2, 56, 26)
(876, 56, 26)
(1753/2, 57, 26)
(877, 57, 26)
(1755/2, 57, 26)
(878, 59, 27)
(1757/2, 59, 27)
(879, 59, 27)
(1759/2, 60, 28)
(880, 60, 28)
(1761/2, 60, 28)
(881, 61, 29)
(1763/2, 61, 29)
(882, 61, 29)
(1765/2, 60, 28)
(883, 62, 29)
(1767/2, 63, 30)
(884, 60, 28)
(1769/2, 62, 29)
(885, 63, 30)
(1771/2, 60, 28)
(886, 62, 29)
(1773/2, 63, 30)
(887, 60, 28)
(1775/2, 62, 29)
(888, 63, 30)
(1777/2, 60, 28)
(889, 62, 29)
(1779/2, 63, 30)
(890, 62, 29)
(1781/2, 60, 28)
(891, 55, 25)
(1783/2, 67, 32)
(893, 59, 27)
(1789/2, 60, 28)
(1795/2, 60, 28)
(1801/2, 60, 28)
(10000, 62, 29)
(20001/2, 63, 30)
(10003, 62, 29)
(20007/2, 63, 30)
(10006, 62, 29)
(20013/2, 63, 30)
(10007, 62, 29)
(20015/2, 60, 28)
(10008, 62, 29)
(20017/2, 63, 30)
(10009, 65, 31)
(20019/2, 63, 30)
(10012, 59, 27)
(20025/2, 60, 28)
(10013, 59, 27)
(20027/2, 60, 28)
(10014, 62, 29)
(20029/2, 60, 28)
(10015, 62, 29)
(20031/2, 63, 30)
(20033/2, 67, 32)
(10017, 66, 31)
(20035/2, 67, 32)
(10018, 66, 31)
(20037/2, 67, 32)
(10019, 66, 31)
(20039/2, 67, 32)
(10020, 69, 33)
(20041/2, 67, 32)
(10021, 69, 33)
(20043/2, 70, 34)
(10023, 71, 34)
(20049/2, 72, 35)
(10027, 62, 29)
(20055/2, 63, 30)
(10030, 62, 29)
(20061/2, 63, 30)
(10031, 62, 29)
(20063/2, 60, 28)
(10032, 62, 29)
(20065/2, 63, 30)
(10033, 65, 31)
(20067/2, 63, 30)
(10036, 59, 27)
(20073/2, 60, 28)
(10037, 59, 27)
(20075/2, 60, 28)
(10038, 62, 29)
(20077/2, 60, 28)
(10039, 62, 29)
(20079/2, 63, 30)
(10040, 62, 29)
(20081/2, 67, 32)
(10041, 65, 31)
(20083/2, 67, 32)
(10042, 65, 31)
(20085/2, 63, 30)
(10043, 65, 31)
(20087/2, 63, 30)
(10044, 62, 29)
(20089/2, 63, 30)
(10045, 62, 29)
(20091/2, 60, 28)
(10046, 62, 29)
(20093/2, 59, 27)
(10047, 60, 28)
(10048, 64, 30)
(20097/2, 64, 30)
(10051, 64, 30)
(20103/2, 64, 30)
(10054, 64, 30)
(20109/2, 64, 30)
(20115/2, 64, 30)
(20121/2, 65, 31)
(10061, 64, 30)
(20123/2, 65, 31)
(10062, 67, 32)
(20125/2, 65, 31)
(10063, 67, 32)
(20127/2, 68, 33)
(10064, 67, 32)
(20129/2, 68, 33)
(10065, 70, 34)
(20131/2, 72, 35)
(10066, 70, 34)
(20133/2, 68, 33)
(10067, 70, 34)
(20135/2, 68, 33)
(10068, 67, 32)
(20139/2, 66, 31)
(10072, 66, 31)
(20145/2, 66, 31)
(10075, 66, 31)
(20151/2, 66, 31)
(20163/2, 67, 32)
(10082, 66, 31)
(20165/2, 67, 32)
(10083, 69, 33)
(20167/2, 67, 32)
(10084, 69, 33)
(20169/2, 70, 34)
(10085, 69, 33)
(20171/2, 70, 34)
(10086, 72, 35)
(20173/2, 74, 36)
(10087, 72, 35)
(20175/2, 70, 34)
(10088, 72, 35)
(20177/2, 70, 34)
(10089, 69, 33)
(20179/2, 70, 34)
(10090, 69, 33)
(20181/2, 71, 34)
(10093, 71, 34)
(20187/2, 71, 34)
(20191/2, 72, 35)
(10096, 67, 32)
(20193/2, 66, 31)
(10099, 66, 31)
(20199/2, 66, 31)
(10101, 67, 32)
(20203/2, 67, 32)
(10102, 67, 32)
(20205/2, 71, 34)
(10105, 71, 34)
(20211/2, 71, 34)
(20215/2, 72, 35)
(10108, 67, 32)
(20217/2, 66, 31)
(10111, 66, 31)
(20223/2, 66, 31)
(10114, 66, 31)
(20229/2, 66, 31)
(10120, 69, 33)
(20241/2, 69, 33)
(20243/2, 67, 32)
(10122, 67, 32)
(10123, 69, 33)
(20247/2, 70, 34)
(20247/2, 69, 33)
(10124, 67, 32)
(20249/2, 69, 33)
(10125, 66, 31)
(10126, 69, 33)
(20253/2, 69, 33)
(20255/2, 67, 32)
(10128, 67, 32)
(10129, 69, 33)
(20259/2, 70, 34)
(20259/2, 69, 33)
(10130, 67, 32)
(20261/2, 69, 33)
(10131, 66, 31)
(10132, 67, 32)
(20265/2, 67, 32)
(20267/2, 63, 30)
(10134, 63, 30)
(10135, 65, 31)
(20271/2, 67, 32)
(20271/2, 65, 31)
(10136, 63, 30)
(20273/2, 65, 31)
(10137, 62, 29)
(10138, 67, 32)
(20277/2, 67, 32)
(20279/2, 63, 30)
(10140, 63, 30)
(10141, 65, 31)
(20283/2, 67, 32)
(20283/2, 65, 31)
(10142, 63, 30)
(20285/2, 65, 31)
(10143, 62, 29)
(10144, 60, 28)
(10144, 63, 30)
(20289/2, 60, 28)
(20289/2, 63, 30)
(10147, 60, 28)
(10147, 63, 30)
(20295/2, 60, 28)
(20295/2, 63, 30)
(10150, 60, 28)
(10150, 63, 30)
(20301/2, 60, 28)
(20301/2, 63, 30)
(10151, 62, 29)
(20303/2, 60, 28)
(10152, 62, 29)
(20305/2, 63, 30)
(10153, 65, 31)
(20307/2, 63, 30)
(10156, 59, 27)
(20313/2, 60, 28)
(10157, 59, 27)
(20315/2, 60, 28)
(10158, 62, 29)
(20317/2, 60, 28)
(10159, 62, 29)
(20319/2, 63, 30)
(20321/2, 67, 32)
(10161, 66, 31)
(20323/2, 67, 32)
(10162, 66, 31)
(20325/2, 67, 32)
(10163, 66, 31)
(20327/2, 67, 32)
(10164, 69, 33)
(20329/2, 67, 32)
(10165, 69, 33)
(20331/2, 70, 34)
(10168, 70, 34)
(20337/2, 71, 34)
(10171, 71, 34)
(20343/2, 74, 36)
(10173, 72, 35)
(20349/2, 71, 34)
(10176, 67, 32)
(20355/2, 67, 32)
(10179, 65, 31)
(10180, 68, 33)
(20361/2, 65, 31)
(10182, 63, 30)
(10183, 60, 28)
(20367/2, 65, 31)
(10185, 63, 30)
(10186, 63, 30)
(20373/2, 62, 29)
(10188, 62, 29)
(20379/2, 60, 28)
(20385/2, 68, 33)
(10195, 68, 33)
(20391/2, 74, 36)
(10197, 72, 35)
(20397/2, 72, 35)
(10200, 70, 34)
(20403/2, 68, 33)
(10203, 67, 32)
(10204, 67, 32)
(20409/2, 65, 31)
(10206, 63, 30)
(10207, 60, 28)
(20415/2, 65, 31)
(10209, 63, 30)
(10210, 63, 30)
(20421/2, 62, 29)
(10212, 62, 29)
(20427/2, 60, 28)
(10216, 55, 25)
(20433/2, 55, 25)
(10219, 55, 25)
(20439/2, 55, 25)
(10222, 55, 25)
(20445/2, 55, 25)
(10223, 60, 28)
(20447/2, 63, 30)
(10224, 67, 32)
(20449/2, 72, 35)
(10225, 75, 37)
(20451/2, 79, 39)
(20479/2, 67, 32)
(10240, 72, 35)
(20481/2, 68, 33)
(20485/2, 65, 31)
(10243, 68, 33)
(20487/2, 67, 32)
(20491/2, 63, 30)
(10246, 67, 32)
(20493/2, 65, 31)
(10247, 63, 30)
(20495/2, 65, 31)
(10248, 62, 29)
(20497/2, 63, 30)
(10249, 65, 31)
(20499/2, 63, 30)
(10250, 62, 29)
(20501/2, 63, 30)
(10251, 60, 28)
(20503/2, 62, 29)
(10252, 59, 27)
(20505/2, 60, 28)
(10253, 60, 28)
(20507/2, 63, 30)
(10254, 67, 32)
(20511/2, 58, 27)
(10256, 58, 27)
(20513/2, 62, 29)
(10257, 67, 32)
(10259, 69, 33)
(20519/2, 67, 32)
(10260, 66, 31)
(20521/2, 67, 32)
(10261, 69, 33)
(20523/2, 67, 32)
(10262, 66, 31)
(20525/2, 67, 32)
(10263, 62, 29)
(20527/2, 58, 27)
(10264, 55, 25)
(20529/2, 60, 28)
(20531/2, 58, 27)
(10266, 57, 26)
(20533/2, 55, 25)
(10267, 57, 26)
(20535/2, 58, 27)
(20539/2, 62, 29)
(10270, 62, 29)
(20541/2, 63, 30)
(10271, 62, 29)
(20543/2, 63, 30)
(10272, 60, 28)
(20545/2, 62, 29)
(10273, 63, 30)
(20547/2, 67, 32)
(10274, 66, 31)
(20549/2, 67, 32)
(10275, 62, 29)
(20551/2, 66, 31)
(10276, 67, 32)
(20553/2, 69, 33)
(10277, 67, 32)
(20555/2, 69, 33)
(10278, 66, 31)
(20557/2, 67, 32)
(10279, 69, 33)
(20559/2, 70, 34)
(10280, 69, 33)
(20561/2, 70, 34)
(10281, 67, 32)
(20563/2, 69, 33)
(10282, 70, 34)
(20565/2, 72, 35)
(10283, 70, 34)
(20567/2, 72, 35)
(10284, 69, 33)
(20569/2, 70, 34)
(10285, 72, 35)
(20571/2, 74, 36)
(10286, 72, 35)
(20573/2, 74, 36)
(10287, 70, 34)
(20575/2, 72, 35)
(10288, 74, 36)
(20577/2, 69, 33)
(10289, 70, 34)
(20579/2, 69, 33)
(10290, 67, 32)
(20581/2, 69, 33)
(10291, 67, 32)
(20583/2, 66, 31)
(10292, 69, 33)
(20585/2, 74, 36)
(10293, 78, 38)
(10295, 76, 37)
(20591/2, 79, 39)
(10296, 82, 41)
(10298, 74, 36)
(20597/2, 78, 38)
(10299, 81, 40)
(20601/2, 61, 28)
(10301, 62, 29)
(20603/2, 61, 28)
(10302, 64, 30)
(20605/2, 62, 29)
(10303, 61, 28)
(20607/2, 62, 29)
(10304, 66, 31)
(20609/2, 69, 33)
(10305, 74, 36)
(10307, 64, 30)
(20615/2, 67, 32)
(10308, 70, 34)
(10310, 62, 29)
(20621/2, 66, 31)
(10311, 69, 33)
(20625/2, 64, 30)
(20631/2, 62, 29)
(20631/2, 64, 30)
(20631/2, 62, 29)
(10319, 62, 29)
(20639/2, 66, 31)
(10320, 70, 34)
(20641/2, 70, 34)
(10321, 67, 32)
(20643/2, 74, 36)
(10325, 62, 29)
(20651/2, 66, 31)
(10326, 70, 34)
(20653/2, 70, 34)
(10327, 67, 32)
(20655/2, 74, 36)
(20659/2, 62, 29)
(10330, 66, 31)
(20661/2, 57, 26)
(20667/2, 57, 26)
(10339, 62, 29)
(20679/2, 58, 27)
(20679/2, 62, 29)
(20691/2, 60, 28)
(20691/2, 62, 29)
(20703/2, 58, 27)
(20703/2, 62, 29)
(20715/2, 60, 28)
(20715/2, 62, 29)
(20727/2, 58, 27)
(20727/2, 62, 29)
(10378, 67, 32)
(20757/2, 67, 32)
(20775/2, 66, 31)
(20781/2, 58, 27)
(20781/2, 62, 29)
(20787/2, 61, 28)
(20787/2, 64, 30)
(20793/2, 60, 28)
(20793/2, 62, 29)
(20799/2, 63, 30)
(20805/2, 58, 27)
(20805/2, 62, 29)
(20811/2, 61, 28)
(20811/2, 64, 30)
(20817/2, 60, 28)
(20817/2, 62, 29)
(20823/2, 63, 30)
(20829/2, 58, 27)
(20829/2, 62, 29)
(10417, 62, 29)
(20835/2, 65, 31)
(10418, 67, 32)
(20837/2, 68, 33)
(10419, 67, 32)
(20839/2, 65, 31)
(10420, 62, 29)
(20841/2, 67, 32)
(10421, 68, 33)
(20843/2, 70, 34)
(10422, 68, 33)
(20845/2, 67, 32)
(10423, 63, 30)
(20847/2, 65, 31)
(10424, 67, 32)
(20849/2, 68, 33)
(10425, 67, 32)
(20851/2, 65, 31)
(10426, 62, 29)
(20853/2, 67, 32)
(10427, 68, 33)
(20855/2, 70, 34)
(10428, 68, 33)
(20857/2, 67, 32)
(10429, 64, 30)
(20859/2, 64, 30)
(20877/2, 62, 29)
(20877/2, 64, 30)
(20877/2, 62, 29)
(10441, 62, 29)
(20883/2, 62, 29)
(20901/2, 60, 28)
(20901/2, 62, 29)
(20901/2, 60, 28)
(20909/2, 67, 32)
(10455, 72, 35)
(20911/2, 74, 36)
(10456, 75, 37)
(20913/2, 74, 36)
(10457, 72, 35)
(20915/2, 69, 33)
(10458, 67, 32)
(20917/2, 69, 33)
(10459, 70, 34)
(20919/2, 69, 33)
(10460, 67, 32)
(20921/2, 69, 33)
(10461, 62, 29)
(20923/2, 62, 29)
(10462, 60, 28)
(20925/2, 58, 27)
(10465, 69, 33)
(20931/2, 69, 33)
(20933/2, 67, 32)
(10467, 67, 32)
(10468, 69, 33)
(20937/2, 70, 34)
(20937/2, 69, 33)
(10469, 67, 32)
(20939/2, 69, 33)
(10470, 66, 31)
(10471, 69, 33)
(20943/2, 69, 33)
(20945/2, 67, 32)
(10473, 67, 32)
(10474, 69, 33)
(20949/2, 70, 34)
(20949/2, 69, 33)
(10475, 67, 32)
(20951/2, 69, 33)
(10476, 66, 31)
(10477, 67, 32)
(20955/2, 67, 32)
(20957/2, 63, 30)
(10479, 63, 30)
(10480, 65, 31)
(20961/2, 67, 32)
(20961/2, 65, 31)
(10481, 63, 30)
(20963/2, 65, 31)
(10482, 62, 29)
(10483, 67, 32)
(20967/2, 67, 32)
(20969/2, 63, 30)
(10485, 63, 30)
(10486, 65, 31)
(20973/2, 67, 32)
(20973/2, 65, 31)
(10487, 63, 30)
(20975/2, 65, 31)
(10488, 62, 29)
(10489, 65, 31)
(20979/2, 67, 32)
(20979/2, 65, 31)
(10490, 63, 30)
(20981/2, 65, 31)
(10491, 62, 29)
(10492, 65, 31)
(20985/2, 67, 32)
(20985/2, 65, 31)
(10493, 63, 30)
(20987/2, 65, 31)
(10494, 62, 29)
(10495, 60, 28)
(20991/2, 60, 28)
(10498, 60, 28)
(20997/2, 60, 28)
(10501, 60, 28)
(21003/2, 60, 28)
(10502, 58, 27)
(21005/2, 56, 26)
(10503, 58, 27)
(21007/2, 60, 28)
(10504, 56, 26)
(21009/2, 61, 29)
(10507, 61, 29)
(21015/2, 60, 28)
(10510, 60, 28)
(21021/2, 60, 28)
(10513, 60, 28)
(21027/2, 60, 28)
(10514, 58, 27)
(21029/2, 56, 26)
(10515, 58, 27)
(21031/2, 60, 28)
(10516, 56, 26)
(21033/2, 58, 27)
(10517, 60, 28)
(21035/2, 61, 29)
(10518, 60, 28)
(21037/2, 58, 27)
(10519, 55, 25)
(21039/2, 62, 29)
(10522, 62, 29)
(21045/2, 62, 29)
(10525, 62, 29)
(21051/2, 62, 29)
(10526, 60, 28)
(21053/2, 58, 27)
(10527, 60, 28)
(21055/2, 62, 29)
(10528, 58, 27)
(21057/2, 60, 28)
(10529, 62, 29)
(21059/2, 63, 30)
(10530, 62, 29)
(21061/2, 60, 28)
(10531, 57, 26)
(21063/2, 60, 28)
(10532, 62, 29)
(21065/2, 63, 30)
(10533, 62, 29)
(21067/2, 60, 28)
(10534, 55, 25)
(21069/2, 60, 28)
(10535, 62, 29)
(21071/2, 63, 30)
(10536, 62, 29)
(21073/2, 60, 28)
(10537, 55, 25)
(21075/2, 60, 28)
(10538, 62, 29)
(21077/2, 63, 30)
(10539, 62, 29)
(21079/2, 60, 28)
(10540, 55, 25)
(21081/2, 60, 28)
(10541, 62, 29)
(21083/2, 63, 30)
(10542, 62, 29)
(21085/2, 60, 28)
(10543, 55, 25)
(21087/2, 60, 28)
(10544, 59, 27)
(21089/2, 60, 28)
(10545, 62, 29)
(21091/2, 60, 28)
(10546, 62, 29)
(21093/2, 63, 30)
(21095/2, 67, 32)
(10548, 66, 31)
(21097/2, 67, 32)
(10549, 66, 31)
(21099/2, 67, 32)
(10550, 66, 31)
(21101/2, 67, 32)
(10551, 69, 33)
(21103/2, 67, 32)
(10552, 69, 33)
(21105/2, 70, 34)
(10554, 71, 34)
(21111/2, 72, 35)
(10558, 67, 32)
(21117/2, 67, 32)
(10561, 67, 32)
(21123/2, 67, 32)
(10562, 65, 31)
(21125/2, 62, 29)
(10563, 65, 31)
(21127/2, 67, 32)
(10564, 68, 33)
(21129/2, 67, 32)
(10567, 67, 32)
(21135/2, 67, 32)
(10570, 67, 32)
(21141/2, 67, 32)
(10573, 67, 32)
(21147/2, 67, 32)
(10574, 65, 31)
(21149/2, 62, 29)
(10575, 65, 31)
(21151/2, 67, 32)
(10576, 68, 33)
(21153/2, 67, 32)
(10579, 55, 25)
(21159/2, 63, 30)
(10580, 65, 31)
(21161/2, 67, 32)
(10581, 65, 31)
(21163/2, 63, 30)
(10582, 55, 25)
(21165/2, 61, 29)
(10583, 63, 30)
(21167/2, 65, 31)
(10584, 63, 30)
(21169/2, 61, 29)
(10585, 55, 25)
(21171/2, 60, 28)
(10586, 61, 29)
(21173/2, 63, 30)
(10587, 61, 29)
(21175/2, 60, 28)
(10588, 56, 26)
(21177/2, 58, 27)
(10589, 60, 28)
(21179/2, 61, 29)
(10590, 60, 28)
(21181/2, 58, 27)
(10591, 55, 25)
(21183/2, 60, 28)
(10592, 61, 29)
(21185/2, 63, 30)
(10593, 61, 29)
(21187/2, 60, 28)
(10594, 58, 27)
(21189/2, 57, 26)
(10600, 60, 28)
(21201/2, 60, 28)
(21207/2, 59, 27)
(21207/2, 60, 28)
(21207/2, 55, 25)
(10605, 55, 25)
(10605, 62, 29)
(10605, 71, 34)
(21213/2, 60, 28)
(10607, 61, 29)
(21215/2, 63, 30)
(10608, 61, 29)
(21217/2, 60, 28)
(10609, 55, 25)
(21219/2, 60, 28)
(10610, 61, 29)
(21221/2, 63, 30)
(10611, 61, 29)
(21223/2, 60, 28)
(10612, 55, 25)
(21225/2, 60, 28)
(10613, 61, 29)
(21227/2, 63, 30)
(10614, 61, 29)
(21229/2, 60, 28)
(10615, 55, 25)
(21231/2, 60, 28)
(10616, 61, 29)
(21233/2, 60, 28)
(10617, 58, 27)
(21235/2, 60, 28)
(10618, 58, 27)
(21237/2, 57, 26)
(21247/2, 72, 35)
(10624, 74, 36)
(21249/2, 75, 37)
(10625, 69, 33)
(21251/2, 72, 35)
(10626, 66, 31)
(21253/2, 69, 33)
(10627, 63, 30)
(21255/2, 66, 31)
(10628, 60, 28)
(21257/2, 63, 30)
(10629, 57, 26)
(21259/2, 60, 28)
(10630, 56, 26)
(21261/2, 55, 25)
(10632, 56, 26)
(10632, 63, 30)
(10632, 72, 35)
(21267/2, 56, 26)
(21267/2, 65, 31)
(21267/2, 72, 35)
(21277/2, 67, 32)
(10639, 72, 35)
(21279/2, 68, 33)
(21283/2, 65, 31)
(10642, 68, 33)
(21285/2, 67, 32)
(21289/2, 63, 30)
(10645, 67, 32)
(21291/2, 65, 31)
(10646, 63, 30)
(21293/2, 65, 31)
(10647, 62, 29)
(21295/2, 63, 30)
(10648, 65, 31)
(21297/2, 63, 30)
(10649, 62, 29)
(21299/2, 63, 30)
(10650, 60, 28)
(10653, 60, 28)
(21309/2, 59, 27)
(10656, 58, 27)
(21315/2, 57, 26)
(10659, 56, 26)
(21321/2, 55, 25)
(10674, 64, 31)
(21351/2, 63, 30)
(10677, 61, 29)
(21357/2, 60, 28)
(10680, 66, 32)
(21363/2, 65, 31)
(10683, 63, 30)
(21369/2, 62, 29)
(10686, 71, 35)
(21375/2, 70, 34)
(10689, 69, 33)
(21381/2, 68, 33)
(10695, 65, 31)
(21391/2, 67, 32)
(10696, 68, 33)
(21393/2, 67, 32)
(10697, 65, 31)
(21395/2, 67, 32)
(10698, 63, 30)
(21397/2, 65, 31)
(10699, 67, 32)
(21399/2, 65, 31)
(10700, 63, 30)
(21401/2, 65, 31)
(10701, 62, 29)
(10707, 77, 38)
(21417/2, 70, 34)
(10710, 79, 39)
(21423/2, 78, 38)
(10713, 77, 38)
(21429/2, 76, 37)
(10716, 75, 37)
(21435/2, 74, 36)
(10718, 75, 37)
(21437/2, 74, 36)
(10719, 73, 36)
(21439/2, 75, 37)
(10720, 73, 36)
(21441/2, 72, 35)
(10722, 63, 30)
(21447/2, 65, 31)
(10725, 67, 32)
(21453/2, 68, 33)
(10728, 69, 33)
(21459/2, 70, 34)
(10731, 71, 34)
(21465/2, 72, 35)
(10734, 74, 36)
(21471/2, 75, 37)
(10737, 76, 37)
(21477/2, 77, 38)
(10740, 78, 38)
(21483/2, 79, 39)
(10743, 79, 39)
(10747, 63, 30)
(21495/2, 62, 29)
(10749, 62, 29)
(21501/2, 63, 30)
(10753, 63, 30)
(21507/2, 62, 29)
(10755, 62, 29)
(21513/2, 60, 28)
(10759, 63, 30)
(21519/2, 61, 29)
(10761, 61, 29)
(21525/2, 60, 28)
(10765, 60, 28)
(21531/2, 59, 27)
(10767, 59, 27)
(21537/2, 60, 28)
(10771, 63, 30)
(21543/2, 62, 29)
(10773, 62, 29)
(21549/2, 63, 30)
(10777, 63, 30)
(21555/2, 65, 31)
(10779, 65, 31)
(21561/2, 63, 30)
(21567/2, 61, 29)
(21573/2, 60, 28)
(21579/2, 59, 27)
(10793, 55, 25)
(21587/2, 60, 28)
(10794, 62, 29)
(21589/2, 63, 30)
(10795, 62, 29)
(21591/2, 60, 28)
(10796, 55, 25)
(21593/2, 60, 28)
(10797, 62, 29)
(21595/2, 63, 30)
(10798, 62, 29)
(21597/2, 60, 28)
(10805, 55, 25)
(21611/2, 60, 28)
(10806, 62, 29)
(21613/2, 63, 30)
(10807, 62, 29)
(21615/2, 60, 28)
(10808, 55, 25)
(21617/2, 60, 28)
(10809, 62, 29)
(21619/2, 63, 30)
(10810, 62, 29)
(21621/2, 67, 32)
(10816, 62, 29)
(21633/2, 63, 30)
(10817, 65, 31)
(21635/2, 67, 32)
(10818, 65, 31)
(21637/2, 63, 30)
(10819, 60, 28)
(21639/2, 63, 30)
(10822, 60, 28)
(21645/2, 63, 30)
(10823, 65, 31)
(21647/2, 67, 32)
(10824, 65, 31)
(21649/2, 63, 30)
(10825, 60, 28)
(21651/2, 63, 30)
(10826, 65, 31)
(21653/2, 67, 32)
(10827, 65, 31)
(21655/2, 63, 30)
(10828, 60, 28)
(21657/2, 63, 30)
(10829, 65, 31)
(21659/2, 67, 32)
(10830, 65, 31)
(21661/2, 67, 32)
(10831, 68, 33)
(21663/2, 67, 32)
(10832, 65, 31)
(21665/2, 63, 30)
(10833, 65, 31)
(21667/2, 67, 32)
(10834, 68, 33)
(21669/2, 68, 33)
(10835, 67, 32)
(21671/2, 66, 31)
(10836, 67, 32)
(21673/2, 65, 31)
(10837, 64, 30)
(21675/2, 65, 31)
(10838, 63, 30)
(21677/2, 62, 29)
(10839, 63, 30)
(21679/2, 62, 29)
(10840, 60, 28)
(21681/2, 65, 31)
(10841, 63, 30)
(21683/2, 62, 29)
(10842, 63, 30)
(21685/2, 62, 29)
(10843, 60, 28)
(21687/2, 62, 29)
(10844, 60, 28)
(21689/2, 59, 27)
(10845, 58, 27)
(21691/2, 57, 26)
(10846, 56, 26)
(21693/2, 55, 25)
(10847, 60, 28)
(21695/2, 56, 26)
(10848, 55, 25)
(21697/2, 60, 28)
(10849, 56, 26)
(21699/2, 55, 25)
(10850, 57, 26)
(21701/2, 59, 27)
(10851, 60, 28)
(21703/2, 62, 29)
(10852, 63, 30)
(21705/2, 65, 31)
(10853, 63, 30)
(21707/2, 62, 29)
(10854, 60, 28)
(21709/2, 58, 27)
(10855, 56, 26)
(21711/2, 55, 25)
(10856, 60, 28)
(21713/2, 56, 26)
(10857, 55, 25)
(21715/2, 60, 28)
(10858, 56, 26)
(21717/2, 55, 25)
(10859, 60, 28)
(21719/2, 56, 26)
(10860, 55, 25)
(21721/2, 60, 28)
(10861, 56, 26)
(21723/2, 55, 25)
(10862, 57, 26)
(21725/2, 59, 27)
(10863, 60, 28)
(21727/2, 62, 29)
(10864, 63, 30)
(21729/2, 65, 31)
(10865, 67, 32)
(21731/2, 68, 33)
(10866, 67, 32)
(21733/2, 65, 31)
(10867, 63, 30)
(21735/2, 62, 29)
(10868, 60, 28)
(21737/2, 59, 27)
(10869, 58, 27)
(21739/2, 57, 26)
(10870, 56, 26)
(21741/2, 55, 25)
(10871, 55, 25)
(21743/2, 55, 25)
(10872, 57, 26)
(21745/2, 57, 26)
(10873, 57, 26)
(21747/2, 58, 27)
(10874, 58, 27)
(21749/2, 58, 27)
(10875, 59, 27)
(21751/2, 59, 27)
(10876, 59, 27)
(21753/2, 60, 28)
(10877, 60, 28)
(21755/2, 60, 28)
(10878, 62, 29)
(21757/2, 62, 29)
(10879, 62, 29)
(21759/2, 63, 30)
(10880, 63, 30)
(21761/2, 63, 30)
(10881, 64, 30)
(21763/2, 64, 30)
(10882, 64, 30)
(21765/2, 65, 31)
(10883, 65, 31)
(21767/2, 65, 31)
(10884, 65, 31)
(21769/2, 65, 31)
(10885, 65, 31)
(21771/2, 66, 31)
(10886, 66, 31)
(21773/2, 66, 31)
(10887, 66, 31)
(21775/2, 66, 31)
(10888, 66, 31)
(21777/2, 67, 32)
(10893, 55, 25)
(21789/2, 60, 28)
(21795/2, 60, 28)
(21801/2, 60, 28)
(20000, 59, 27)
(40001/2, 60, 28)
(20003, 59, 27)
(40007/2, 60, 28)
(20006, 59, 27)
(40013/2, 60, 28)
(20007, 55, 25)
(40015/2, 55, 25)
(20008, 55, 25)
(40017/2, 55, 25)
(20009, 59, 27)
(40019/2, 60, 28)
(20012, 62, 29)
(40025/2, 60, 28)
(20013, 62, 29)
(40027/2, 60, 28)
(20014, 58, 27)
(40029/2, 60, 28)
(20015, 58, 27)
(40031/2, 63, 30)
(20016, 65, 31)
(40033/2, 63, 30)
(20017, 62, 29)
(40035/2, 63, 30)
(20018, 62, 29)
(40037/2, 67, 32)
(20019, 69, 33)
(40039/2, 67, 32)
(20020, 65, 31)
(40041/2, 67, 32)
(20021, 65, 31)
(40043/2, 70, 34)
(20022, 69, 33)
(40045/2, 68, 33)
(20023, 67, 32)
(40047/2, 66, 31)
(20024, 65, 31)
(40049/2, 63, 30)
(20026, 63, 30)
(20027, 59, 27)
(40055/2, 60, 28)
(20030, 59, 27)
(40061/2, 60, 28)
(20031, 55, 25)
(40063/2, 55, 25)
(20032, 55, 25)
(40065/2, 55, 25)
(20033, 59, 27)
(40067/2, 60, 28)
(20036, 62, 29)
(40073/2, 60, 28)
(20037, 62, 29)
(40075/2, 60, 28)
(20038, 58, 27)
(40077/2, 60, 28)
(20039, 58, 27)
(40079/2, 63, 30)
(20040, 65, 31)
(40081/2, 63, 30)
(20041, 62, 29)
(40083/2, 60, 28)
(20042, 62, 29)
(40085/2, 63, 30)
(20043, 62, 29)
(40087/2, 63, 30)
(20044, 65, 31)
(40089/2, 63, 30)
(20045, 65, 31)
(40091/2, 55, 25)
(20046, 53, 24)
(40093/2, 55, 25)
(20047, 48, 21)
(20048, 55, 25)
(40097/2, 58, 27)
(20049, 60, 28)
(40099/2, 61, 29)
(20050, 60, 28)
(40101/2, 58, 27)
(20051, 55, 25)
(40103/2, 58, 27)
(20052, 60, 28)
(40105/2, 61, 29)
(20053, 60, 28)
(40107/2, 58, 27)
(20054, 55, 25)
(40109/2, 58, 27)
(20055, 60, 28)
(40111/2, 61, 29)
(20056, 60, 28)
(40113/2, 58, 27)
(20057, 55, 25)
(40115/2, 58, 27)
(20058, 60, 28)
(40117/2, 61, 29)
(20059, 60, 28)
(40119/2, 58, 27)
(20060, 55, 25)
(40121/2, 60, 28)
(20061, 61, 29)
(40123/2, 60, 28)
(20062, 58, 27)
(40125/2, 60, 28)
(20063, 58, 27)
(40127/2, 56, 26)
(20069, 55, 25)
(40139/2, 60, 28)
(20070, 62, 29)
(40141/2, 63, 30)
(20071, 62, 29)
(40143/2, 60, 28)
(20072, 57, 26)
(40145/2, 60, 28)
(20073, 62, 29)
(40147/2, 63, 30)
(20074, 62, 29)
(40149/2, 60, 28)
(20075, 57, 26)
(40151/2, 60, 28)
(20076, 62, 29)
(40153/2, 63, 30)
(20077, 62, 29)
(40155/2, 60, 28)
(20078, 57, 26)
(40157/2, 60, 28)
(20079, 62, 29)
(40159/2, 63, 30)
(20080, 62, 29)
(40161/2, 60, 28)
(20081, 57, 26)
(40163/2, 62, 29)
(20082, 63, 30)
(40165/2, 62, 29)
(20083, 60, 28)
(40167/2, 62, 29)
(20084, 60, 28)
(40169/2, 58, 27)
(20090, 60, 28)
(40181/2, 65, 31)
(20091, 67, 32)
(40183/2, 68, 33)
(20092, 67, 32)
(40185/2, 65, 31)
(20093, 62, 29)
(40187/2, 65, 31)
(20094, 68, 33)
(40189/2, 67, 32)
(20095, 65, 31)
(40191/2, 63, 30)
(20096, 62, 29)
(40193/2, 60, 28)
(20097, 62, 29)
(40195/2, 63, 30)
(20098, 62, 29)
(40197/2, 60, 28)
(20099, 57, 26)
(40199/2, 60, 28)
(20100, 62, 29)
(40201/2, 60, 28)
(20101, 59, 27)
(40203/2, 62, 29)
(20102, 63, 30)
(40205/2, 65, 31)
(20103, 67, 32)
(40207/2, 68, 33)
(20104, 67, 32)
(40209/2, 65, 31)
(20105, 62, 29)
(40211/2, 65, 31)
(20106, 68, 33)
(40213/2, 67, 32)
(20107, 65, 31)
(40215/2, 63, 30)
(20108, 62, 29)
(40217/2, 60, 28)
(20109, 62, 29)
(40219/2, 63, 30)
(20110, 62, 29)
(40221/2, 60, 28)
(20111, 57, 26)
(40223/2, 60, 28)
(20112, 62, 29)
(40225/2, 63, 30)
(20113, 62, 29)
(40227/2, 60, 28)
(20114, 57, 26)
(40229/2, 60, 28)
(20115, 62, 29)
(40231/2, 63, 30)
(20116, 62, 29)
(40233/2, 60, 28)
(20117, 57, 26)
(40235/2, 60, 28)
(20118, 62, 29)
(40237/2, 63, 30)
(20119, 62, 29)
(20120, 62, 29)
(40241/2, 62, 29)
(40243/2, 62, 29)
(20122, 62, 29)
(20123, 63, 30)
(40247/2, 63, 30)
(20125, 62, 29)
(20126, 62, 29)
(40253/2, 62, 29)
(40255/2, 62, 29)
(20128, 62, 29)
(20129, 63, 30)
(40259/2, 63, 30)
(20131, 62, 29)
(20132, 62, 29)
(40265/2, 62, 29)
(40267/2, 63, 30)
(20134, 63, 30)
(20135, 60, 28)
(40271/2, 60, 28)
(20137, 62, 29)
(20138, 58, 27)
(40277/2, 58, 27)
(40279/2, 60, 28)
(20140, 60, 28)
(20141, 56, 26)
(40283/2, 56, 26)
(20144, 55, 25)
(40289/2, 60, 28)
(20145, 62, 29)
(40291/2, 63, 30)
(20146, 62, 29)
(40293/2, 60, 28)
(20147, 55, 25)
(40295/2, 60, 28)
(20148, 62, 29)
(40297/2, 63, 30)
(20149, 62, 29)
(40299/2, 60, 28)
(20150, 55, 25)
(40301/2, 60, 28)
(20151, 62, 29)
(40303/2, 63, 30)
(20152, 62, 29)
(40305/2, 60, 28)
(20153, 55, 25)
(40307/2, 60, 28)
(20154, 62, 29)
(40309/2, 63, 30)
(20155, 62, 29)
(40311/2, 60, 28)
(20156, 55, 25)
(40313/2, 48, 21)
(20168, 62, 29)
(40337/2, 65, 31)
(20169, 67, 32)
(40339/2, 68, 33)
(20170, 67, 32)
(40341/2, 65, 31)
(20171, 62, 29)
(40343/2, 68, 33)
(20172, 70, 34)
(40345/2, 68, 33)
(20173, 67, 32)
(40347/2, 68, 33)
(20174, 67, 32)
(40349/2, 65, 31)
(20175, 67, 32)
(40351/2, 65, 31)
(20176, 63, 30)
(40353/2, 65, 31)
(20177, 63, 30)
(40355/2, 61, 29)
(20178, 63, 30)
(40357/2, 61, 29)
(20179, 60, 28)
(40359/2, 61, 29)
(20180, 60, 28)
(40361/2, 60, 28)
(20181, 59, 27)
(40363/2, 60, 28)
(20182, 60, 28)
(40365/2, 62, 29)
(20183, 60, 28)
(40367/2, 60, 28)
(20184, 59, 27)
(40369/2, 60, 28)
(20185, 60, 28)
(40371/2, 62, 29)
(20186, 60, 28)
(40373/2, 60, 28)
(20187, 62, 29)
(40375/2, 60, 28)
(20188, 59, 27)
(40377/2, 57, 26)
(20189, 59, 27)
(40379/2, 60, 28)
(20192, 60, 28)
(40385/2, 65, 31)
(20193, 67, 32)
(40387/2, 68, 33)
(20194, 67, 32)
(40389/2, 65, 31)
(20195, 62, 29)
(40391/2, 68, 33)
(20196, 70, 34)
(40393/2, 68, 33)
(20197, 67, 32)
(40395/2, 68, 33)
(20198, 67, 32)
(40397/2, 65, 31)
(20199, 64, 30)
(40399/2, 65, 31)
(20200, 65, 31)
(40401/2, 67, 32)
(20201, 65, 31)
(40403/2, 63, 30)
(20202, 65, 31)
(40405/2, 63, 30)
(20203, 61, 29)
(40407/2, 63, 30)
(20204, 61, 29)
(40409/2, 60, 28)
(20205, 59, 27)
(40411/2, 60, 28)
(20206, 60, 28)
(40413/2, 62, 29)
(20207, 60, 28)
(40415/2, 60, 28)
(20208, 59, 27)
(40417/2, 60, 28)
(20209, 60, 28)
(40419/2, 62, 29)
(20210, 60, 28)
(40421/2, 60, 28)
(20211, 62, 29)
(40423/2, 60, 28)
(20212, 59, 27)
(40425/2, 57, 26)
(20213, 59, 27)
(40427/2, 60, 28)
(20214, 55, 25)
(40429/2, 51, 23)
(20215, 48, 21)
(20216, 50, 22)
(40433/2, 51, 23)
(20219, 50, 22)
(40439/2, 51, 23)
(20222, 50, 22)
(40445/2, 51, 23)
(20223, 55, 25)
(40447/2, 60, 28)
(20224, 63, 30)
(40449/2, 67, 32)
(20225, 72, 35)
(40451/2, 75, 37)
(40455/2, 67, 32)
(20228, 72, 35)
(40457/2, 68, 33)
(40461/2, 65, 31)
(20231, 68, 33)
(40463/2, 67, 32)
(40467/2, 63, 30)
(20234, 67, 32)
(40469/2, 65, 31)
(20235, 63, 30)
(40471/2, 65, 31)
(20236, 62, 29)
(40473/2, 63, 30)
(20237, 65, 31)
(40475/2, 63, 30)
(20238, 62, 29)
(40477/2, 63, 30)
(20239, 60, 28)
(40479/2, 59, 27)
(20240, 60, 28)
(40481/2, 53, 24)
(20241, 53, 24)
(40483/2, 56, 26)
(20242, 60, 28)
(40487/2, 51, 23)
(20244, 51, 23)
(40489/2, 55, 25)
(20245, 60, 28)
(40493/2, 62, 29)
(20247, 60, 28)
(40495/2, 62, 29)
(20248, 59, 27)
(40497/2, 55, 25)
(20249, 59, 27)
(40499/2, 60, 28)
(20251, 60, 28)
(40503/2, 59, 27)
(20252, 55, 25)
(40505/2, 67, 32)
(20253, 69, 33)
(40507/2, 66, 31)
(20254, 67, 32)
(40509/2, 63, 30)
(20255, 60, 28)
(40511/2, 67, 32)
(20256, 69, 33)
(40513/2, 66, 31)
(20257, 67, 32)
(40515/2, 62, 29)
(20258, 58, 27)
(40517/2, 57, 26)
(20260, 62, 29)
(40523/2, 55, 25)
(40527/2, 62, 29)
(20264, 67, 32)
(40529/2, 63, 30)
(40533/2, 60, 28)
(20267, 63, 30)
(40535/2, 62, 29)
(40539/2, 58, 27)
(20270, 62, 29)
(40541/2, 60, 28)
(20271, 58, 27)
(40543/2, 60, 28)
(20272, 57, 26)
(40545/2, 58, 27)
(20273, 60, 28)
(40547/2, 62, 29)
(20274, 60, 28)
(40549/2, 62, 29)
(20275, 58, 27)
(40551/2, 60, 28)
(20276, 62, 29)
(40553/2, 63, 30)
(20277, 62, 29)
(40555/2, 63, 30)
(20278, 60, 28)
(40557/2, 62, 29)
(20279, 63, 30)
(40559/2, 67, 32)
(20280, 62, 29)
(40561/2, 67, 32)
(20281, 62, 29)
(40563/2, 67, 32)
(20282, 62, 29)
(40565/2, 69, 33)
(20283, 67, 32)
(40567/2, 69, 33)
(20284, 65, 31)
(40569/2, 67, 32)
(20285, 69, 33)
(40571/2, 70, 34)
(20286, 69, 33)
(40573/2, 70, 34)
(20287, 70, 34)
(40575/2, 69, 33)
(20288, 70, 34)
(40577/2, 72, 35)
(20289, 70, 34)
(40579/2, 72, 35)
(20290, 73, 35)
(40581/2, 73, 35)
(20291, 73, 35)
(40583/2, 74, 36)
(20292, 66, 31)
(40585/2, 69, 33)
(20293, 74, 36)
(40587/2, 69, 33)
(20294, 66, 31)
(40589/2, 67, 32)
(40593/2, 67, 32)
(20297, 64, 30)
(40595/2, 66, 31)
(40599/2, 69, 33)
(20300, 62, 29)
(40601/2, 64, 30)
(20301, 62, 29)
(40603/2, 64, 30)
(20302, 61, 28)
(40605/2, 62, 29)
(20303, 64, 30)
(40607/2, 57, 26)
(20304, 57, 26)
(40609/2, 62, 29)
(20305, 66, 31)
(40611/2, 69, 33)
(20306, 66, 31)
(40613/2, 67, 32)
(40617/2, 67, 32)
(20309, 64, 30)
(40619/2, 66, 31)
(40623/2, 62, 29)
(20312, 62, 29)
(40625/2, 58, 27)
(20313, 57, 26)
(40627/2, 58, 27)
(20314, 55, 25)
(40629/2, 57, 26)
(20315, 58, 27)
(40631/2, 57, 26)
(20320, 58, 27)
(40643/2, 57, 26)
(20326, 58, 27)
(40655/2, 57, 26)
(40661/2, 57, 26)
(40665/2, 57, 26)
(20333, 62, 29)
(40667/2, 54, 24)
(40671/2, 54, 24)
(20336, 57, 26)
(40673/2, 50, 22)
(20339, 50, 22)
(40679/2, 55, 25)
(20340, 57, 26)
(40681/2, 58, 27)
(20341, 57, 26)
(40683/2, 55, 25)
(20342, 50, 22)
(40685/2, 55, 25)
(20343, 57, 26)
(40687/2, 58, 27)
(20344, 57, 26)
(40689/2, 55, 25)
(20345, 50, 22)
(40691/2, 57, 26)
(20346, 58, 27)
(40693/2, 60, 28)
(20347, 58, 27)
(40695/2, 57, 26)
(20348, 50, 22)
(40697/2, 57, 26)
(20349, 58, 27)
(40699/2, 60, 28)
(20350, 58, 27)
(40701/2, 57, 26)
(20351, 50, 22)
(40703/2, 55, 25)
(20352, 57, 26)
(40705/2, 58, 27)
(20353, 57, 26)
(40707/2, 55, 25)
(20354, 50, 22)
(40709/2, 55, 25)
(20355, 57, 26)
(40711/2, 58, 27)
(20356, 57, 26)
(40713/2, 55, 25)
(20357, 50, 22)
(40715/2, 57, 26)
(20358, 58, 27)
(40717/2, 60, 28)
(20359, 58, 27)
(40719/2, 57, 26)
(20360, 50, 22)
(40721/2, 57, 26)
(20361, 58, 27)
(40723/2, 60, 28)
(20362, 58, 27)
(40725/2, 57, 26)
(20363, 50, 22)
(40727/2, 58, 27)
(20364, 60, 28)
(40729/2, 62, 29)
(20365, 60, 28)
(40731/2, 58, 27)
(20366, 55, 25)
(40733/2, 65, 31)
(20367, 67, 32)
(40735/2, 68, 33)
(20368, 67, 32)
(40737/2, 65, 31)
(20369, 62, 29)
(40739/2, 67, 32)
(20370, 68, 33)
(40741/2, 70, 34)
(20371, 68, 33)
(40743/2, 67, 32)
(20372, 63, 30)
(40745/2, 65, 31)
(20373, 67, 32)
(40747/2, 68, 33)
(20374, 67, 32)
(40749/2, 65, 31)
(20375, 62, 29)
(40751/2, 67, 32)
(20376, 68, 33)
(40753/2, 70, 34)
(20377, 68, 33)
(40755/2, 67, 32)
(20378, 64, 30)
(40757/2, 64, 30)
(40775/2, 62, 29)
(40775/2, 64, 30)
(40775/2, 66, 31)
(20390, 50, 22)
(40781/2, 62, 29)
(20393, 58, 27)
(40787/2, 57, 26)
(20395, 55, 25)
(40793/2, 54, 24)
(20398, 57, 26)
(40799/2, 60, 28)
(20401, 63, 30)
(40805/2, 62, 29)
(20405, 58, 27)
(40811/2, 57, 26)
(20407, 55, 25)
(40817/2, 54, 24)
(20410, 57, 26)
(40823/2, 60, 28)
(20413, 63, 30)
(40829/2, 62, 29)
(20429, 58, 27)
(40859/2, 58, 27)
(40877/2, 57, 26)
(40877/2, 58, 27)
(40877/2, 57, 26)
(20441, 56, 26)
(40883/2, 56, 26)
(40901/2, 55, 25)
(40901/2, 56, 26)
(40901/2, 55, 25)
(20453, 55, 25)
(40907/2, 55, 25)
(40913/2, 54, 24)
(40913/2, 55, 25)
(40913/2, 54, 24)
(20458, 55, 25)
(20459, 55, 25)
(40919/2, 60, 28)
(20460, 62, 29)
(40921/2, 63, 30)
(20461, 62, 29)
(40923/2, 60, 28)
(20462, 57, 26)
(40925/2, 55, 25)
(20463, 58, 27)
(40927/2, 62, 29)
(20464, 67, 32)
(20465, 62, 29)
(40931/2, 62, 29)
(40933/2, 62, 29)
(20467, 62, 29)
(20468, 63, 30)
(40937/2, 63, 30)
(20470, 62, 29)
(20471, 62, 29)
(40943/2, 62, 29)
(40945/2, 62, 29)
(20473, 62, 29)
(20474, 63, 30)
(40949/2, 63, 30)
(20476, 62, 29)
(20477, 62, 29)
(40955/2, 62, 29)
(40957/2, 60, 28)
(20479, 60, 28)
(20480, 60, 28)
(40961/2, 60, 28)
(20482, 59, 28)
(20483, 58, 27)
(40967/2, 58, 27)
(40969/2, 60, 28)
(20485, 60, 28)
(20486, 60, 28)
(40973/2, 60, 28)
(20488, 59, 27)
(40979/2, 60, 28)
(20491, 59, 27)
(40985/2, 60, 28)
(20494, 59, 27)
(20495, 60, 28)
(40991/2, 56, 26)
(20496, 58, 27)
(40993/2, 60, 28)
(20497, 58, 27)
(40995/2, 56, 26)
(20498, 51, 23)
(40997/2, 56, 26)
(20499, 58, 27)
(40999/2, 60, 28)
(20500, 58, 27)
(41001/2, 56, 26)
(20501, 51, 23)
(41003/2, 56, 26)
(20502, 58, 27)
(41005/2, 60, 28)
(20503, 58, 27)
(41007/2, 56, 26)
(20504, 51, 23)
(41009/2, 58, 27)
(20507, 51, 23)
(41015/2, 56, 26)
(20508, 58, 27)
(41017/2, 60, 28)
(20509, 58, 27)
(41019/2, 56, 26)
(20510, 51, 23)
(41021/2, 56, 26)
(20511, 58, 27)
(41023/2, 60, 28)
(20512, 58, 27)
(41025/2, 56, 26)
(20513, 51, 23)
(41027/2, 56, 26)
(20514, 58, 27)
(41029/2, 60, 28)
(20515, 58, 27)
(41031/2, 56, 26)
(20516, 51, 23)
(41033/2, 55, 25)
(20519, 55, 25)
(41039/2, 58, 27)
(20520, 60, 28)
(41041/2, 62, 29)
(20521, 60, 28)
(41043/2, 58, 27)
(20522, 53, 24)
(41045/2, 58, 27)
(20523, 60, 28)
(41047/2, 62, 29)
(20524, 60, 28)
(41049/2, 58, 27)
(20525, 53, 24)
(41051/2, 58, 27)
(20526, 60, 28)
(41053/2, 62, 29)
(20527, 60, 28)
(41055/2, 58, 27)
(20528, 53, 24)
(41057/2, 57, 26)
(20531, 60, 28)
(41063/2, 60, 28)
(41063/2, 63, 30)
(20534, 60, 28)
(20534, 63, 30)
(41069/2, 60, 28)
(41069/2, 63, 30)
(20537, 60, 28)
(20537, 63, 30)
(41075/2, 60, 28)
(41075/2, 63, 30)
(20538, 62, 29)
(41077/2, 60, 28)
(20539, 62, 29)
(41079/2, 63, 30)
(20540, 65, 31)
(41081/2, 63, 30)
(20543, 62, 29)
(41087/2, 60, 28)
(20544, 62, 29)
(41089/2, 60, 28)
(20545, 58, 27)
(41091/2, 60, 28)
(20546, 58, 27)
(41093/2, 63, 30)
(20547, 65, 31)
(41095/2, 63, 30)
(20548, 62, 29)
(41097/2, 63, 30)
(20549, 62, 29)
(41099/2, 67, 32)
(20550, 69, 33)
(41101/2, 67, 32)
(20551, 65, 31)
(41103/2, 67, 32)
(20552, 65, 31)
(41105/2, 70, 34)
(20553, 69, 33)
(41107/2, 68, 33)
(20554, 67, 32)
(41109/2, 66, 31)
(20555, 65, 31)
(41111/2, 63, 30)
(20558, 63, 30)
(41117/2, 63, 30)
(20561, 63, 30)
(41123/2, 65, 31)
(41129/2, 65, 31)
(20567, 65, 31)
(41135/2, 63, 30)
(20570, 63, 30)
(41141/2, 63, 30)
(20573, 63, 30)
(41147/2, 65, 31)
(41153/2, 65, 31)
(20579, 59, 27)
(41159/2, 60, 28)
(20580, 62, 29)
(41161/2, 63, 30)
(20581, 62, 29)
(41163/2, 60, 28)
(20582, 55, 25)
(41165/2, 58, 27)
(20583, 60, 28)
(41167/2, 61, 29)
(20584, 60, 28)
(41169/2, 58, 27)
(20585, 55, 25)
(41171/2, 56, 26)
(20586, 58, 27)
(41173/2, 60, 28)
(20587, 58, 27)
(41175/2, 56, 26)
(20588, 51, 23)
(41177/2, 55, 25)
(20590, 55, 25)
(41183/2, 56, 26)
(20594, 54, 24)
(41189/2, 54, 24)
(41207/2, 55, 25)
(20605, 55, 25)
(20605, 62, 29)
(41213/2, 56, 26)
(20609, 51, 23)
(41219/2, 56, 26)
(20612, 51, 23)
(41225/2, 56, 26)
(20615, 51, 23)
(41231/2, 51, 23)
(20617, 51, 23)
(41237/2, 51, 23)
(41247/2, 72, 35)
(20624, 74, 36)
(41249/2, 75, 37)
(20625, 69, 33)
(41251/2, 72, 35)
(20626, 66, 31)
(41253/2, 69, 33)
(20627, 63, 30)
(41255/2, 66, 31)
(20628, 60, 28)
(41257/2, 63, 30)
(20629, 57, 26)
(41259/2, 60, 28)
(20630, 56, 26)
(41261/2, 55, 25)
(20632, 56, 26)
(20632, 63, 30)
(41267/2, 56, 26)
(41267/2, 65, 31)
(20635, 55, 25)
(20635, 65, 31)
(20635, 71, 34)
(41273/2, 55, 25)
(41273/2, 63, 30)
(41273/2, 72, 35)
(41301/2, 67, 32)
(20651, 72, 35)
(41303/2, 68, 33)
(41307/2, 65, 31)
(20654, 68, 33)
(41309/2, 67, 32)
(41313/2, 64, 30)
(20657, 67, 32)
(41315/2, 65, 31)
(20658, 64, 30)
(41317/2, 65, 31)
(20659, 62, 29)
(41319/2, 63, 30)
(20660, 65, 31)
(41321/2, 63, 30)
(20661, 62, 29)
(41323/2, 63, 30)
(20662, 60, 28)
(20665, 67, 32)
(41333/2, 66, 31)
(20668, 65, 31)
(41339/2, 64, 30)
(20671, 63, 30)
(41345/2, 62, 29)
(20674, 61, 29)
(41351/2, 60, 28)
(20677, 58, 27)
(41357/2, 57, 26)
(20680, 63, 30)
(41363/2, 62, 29)
(20683, 60, 28)
(41369/2, 59, 27)
(20686, 68, 33)
(41375/2, 67, 32)
(20689, 66, 32)
(41381/2, 65, 31)
(20692, 63, 30)
(41385/2, 65, 31)
(20693, 66, 32)
(41387/2, 65, 31)
(20694, 63, 30)
(41389/2, 65, 31)
(20695, 62, 29)
(41391/2, 63, 30)
(20696, 65, 31)
(41393/2, 63, 30)
(20697, 62, 29)
(41395/2, 63, 30)
(20698, 60, 28)
(41397/2, 62, 29)
(20699, 63, 30)
(41399/2, 62, 29)
(20700, 60, 28)
(41401/2, 62, 29)
(20701, 62, 29)
(41403/2, 65, 31)
(20702, 62, 29)
(41405/2, 55, 25)
(20703, 59, 27)
(41407/2, 55, 25)
(20704, 61, 29)
(41411/2, 60, 28)
(20707, 59, 28)
(41417/2, 58, 27)
(20710, 57, 26)
(41421/2, 60, 28)
(20711, 57, 26)
(41423/2, 62, 29)
(20712, 63, 30)
(41425/2, 62, 29)
(20713, 62, 29)
(41427/2, 63, 30)
(20714, 62, 29)
(41429/2, 67, 32)
(20715, 68, 33)
(41431/2, 67, 32)
(20716, 72, 35)
(41435/2, 71, 34)
(20719, 70, 34)
(41441/2, 68, 33)
(41483/2, 59, 27)
(41483/2, 62, 29)
(41489/2, 60, 28)
(41489/2, 63, 30)
(20747, 60, 28)
(41495/2, 59, 27)
(20749, 59, 27)
(41501/2, 60, 28)
(20753, 60, 28)
(41507/2, 59, 27)
(20755, 59, 27)
(41513/2, 60, 28)
(20759, 55, 25)
(41519/2, 56, 26)
(20760, 58, 27)
(41521/2, 60, 28)
(20761, 58, 27)
(41523/2, 56, 26)
(20762, 53, 24)
(41525/2, 55, 25)
(20763, 56, 26)
(41527/2, 58, 27)
(20764, 56, 26)
(41529/2, 55, 25)
(20765, 51, 23)
(41531/2, 53, 24)
(20766, 51, 23)
(41533/2, 53, 24)
(20767, 50, 22)
(41535/2, 51, 23)
(20768, 53, 24)
(41537/2, 51, 23)
(20771, 60, 28)
(41543/2, 59, 27)
(20773, 59, 27)
(41549/2, 60, 28)
(20777, 60, 28)
(41555/2, 62, 29)
(20779, 62, 29)
(41561/2, 60, 28)
(20783, 55, 25)
(41567/2, 56, 26)
(20784, 58, 27)
(41569/2, 60, 28)
(20785, 58, 27)
(41571/2, 56, 26)
(20786, 53, 24)
(41573/2, 55, 25)
(20787, 56, 26)
(41575/2, 58, 27)
(20788, 56, 26)
(41577/2, 55, 25)
(20789, 51, 23)
(41579/2, 53, 24)
(20790, 55, 25)
(41581/2, 56, 26)
(20791, 55, 25)
(41583/2, 53, 24)
(20792, 55, 25)
(41585/2, 51, 23)
(20798, 55, 25)
(41597/2, 51, 23)
(20799, 55, 25)
(41599/2, 60, 28)
(20800, 62, 29)
(41601/2, 63, 30)
(20801, 62, 29)
(41603/2, 60, 28)
(20802, 62, 29)
(41605/2, 63, 30)
(20803, 67, 32)
(41607/2, 72, 35)
(20804, 67, 32)
(41609/2, 67, 32)
(20810, 67, 32)
(41621/2, 63, 30)
(20811, 67, 32)
(41623/2, 72, 35)
(20812, 74, 36)
(41625/2, 75, 37)
(20813, 74, 36)
(41627/2, 72, 35)
(20814, 74, 36)
(41629/2, 75, 37)
(20815, 79, 39)
(41631/2, 75, 37)
(20816, 74, 36)
(41633/2, 72, 35)
(20819, 67, 32)
(41639/2, 63, 30)
(20820, 62, 29)
(41641/2, 60, 28)
(20821, 62, 29)
(41643/2, 63, 30)
(20822, 67, 32)
(41645/2, 63, 30)
(20825, 67, 32)
(41651/2, 63, 30)
(20826, 62, 29)
(41653/2, 60, 28)
(20827, 62, 29)
(41655/2, 63, 30)
(20828, 67, 32)
(41657/2, 63, 30)
(20829, 62, 29)
(41659/2, 60, 28)
(20830, 62, 29)
(41661/2, 60, 28)
(20831, 59, 27)
(41663/2, 60, 28)
(20832, 62, 29)
(41665/2, 63, 30)
(20833, 65, 31)
(41667/2, 67, 32)
(20834, 68, 33)
(41669/2, 68, 33)
(20835, 67, 32)
(41671/2, 66, 31)
(20836, 67, 32)
(41673/2, 65, 31)
(20837, 64, 30)
(41675/2, 65, 31)
(20838, 63, 30)
(41677/2, 62, 29)
(20839, 63, 30)
(41679/2, 62, 29)
(20840, 60, 28)
(41681/2, 65, 31)
(20841, 63, 30)
(41683/2, 62, 29)
(20842, 63, 30)
(41685/2, 62, 29)
(20843, 60, 28)
(41687/2, 62, 29)
(20844, 60, 28)
(41689/2, 59, 27)
(20845, 58, 27)
(41691/2, 57, 26)
(20846, 56, 26)
(41693/2, 55, 25)
(20847, 60, 28)
(41695/2, 56, 26)
(20848, 55, 25)
(41697/2, 60, 28)
(20849, 56, 26)
(41699/2, 55, 25)
(20850, 57, 26)
(41701/2, 59, 27)
(20851, 60, 28)
(41703/2, 62, 29)
(20852, 63, 30)
(41705/2, 65, 31)
(20853, 63, 30)
(41707/2, 62, 29)
(20854, 60, 28)
(41709/2, 58, 27)
(20855, 56, 26)
(41711/2, 55, 25)
(20856, 60, 28)
(41713/2, 56, 26)
(20857, 55, 25)
(41715/2, 60, 28)
(20858, 56, 26)
(41717/2, 55, 25)
(20859, 60, 28)
(41719/2, 56, 26)
(20860, 55, 25)
(41721/2, 60, 28)
(20861, 56, 26)
(41723/2, 55, 25)
(20862, 57, 26)
(41725/2, 59, 27)
(20863, 60, 28)
(41727/2, 62, 29)
(20864, 63, 30)
(41729/2, 65, 31)
(20865, 67, 32)
(41731/2, 68, 33)
(20866, 67, 32)
(41733/2, 65, 31)
(20867, 63, 30)
(41735/2, 62, 29)
(20868, 60, 28)
(41737/2, 59, 27)
(20869, 58, 27)
(41739/2, 57, 26)
(20870, 56, 26)
(41741/2, 55, 25)
(20871, 55, 25)
(41743/2, 55, 25)
(20872, 55, 25)
(41745/2, 55, 25)
(20873, 55, 25)
(41747/2, 55, 25)
(20874, 55, 25)
(41749/2, 55, 25)
(20875, 55, 25)
(41751/2, 55, 25)
(20876, 55, 25)
(41753/2, 55, 25)
(20877, 55, 25)
(41755/2, 55, 25)
(20878, 55, 25)
(41757/2, 55, 25)
(20879, 55, 25)
(41759/2, 55, 25)
(20880, 55, 25)
(41761/2, 55, 25)
(20881, 55, 25)
(41763/2, 55, 25)
(20882, 55, 25)
(41765/2, 53, 24)
(20883, 53, 24)
(41767/2, 53, 24)
(20884, 51, 23)
(41769/2, 51, 23)
(20885, 51, 23)
(41771/2, 50, 22)
(20886, 50, 22)
(41773/2, 50, 22)
(20887, 48, 21)
(41775/2, 48, 21)
(20888, 48, 21)
(41777/2, 55, 25)
(20893, 50, 22)
(41789/2, 48, 21)
(41795/2, 48, 21)
(41801/2, 48, 21)
(30000, 43, 18)
(60001/2, 48, 21)
(30001, 50, 22)
(60003/2, 51, 23)
(30002, 50, 22)
(60005/2, 48, 21)
(30003, 43, 18)
(60007/2, 48, 21)
(30004, 50, 22)
(60009/2, 51, 23)
(30005, 50, 22)
(60011/2, 48, 21)
(30006, 43, 18)
(60013/2, 48, 21)
(30007, 50, 22)
(60015/2, 51, 23)
(30008, 50, 22)
(60017/2, 48, 21)
(30009, 43, 18)
(60019/2, 48, 21)
(30010, 50, 22)
(60021/2, 51, 23)
(30011, 50, 22)
(60023/2, 48, 21)
(30012, 43, 18)
(60025/2, 36, 14)
(30024, 43, 18)
(60049/2, 48, 21)
(30025, 50, 22)
(60051/2, 51, 23)
(30026, 50, 22)
(60053/2, 48, 21)
(30027, 43, 18)
(60055/2, 48, 21)
(30028, 50, 22)
(60057/2, 51, 23)
(30029, 50, 22)
(60059/2, 48, 21)
(30030, 43, 18)
(60061/2, 48, 21)
(30031, 50, 22)
(60063/2, 51, 23)
(30032, 50, 22)
(60065/2, 48, 21)
(30033, 43, 18)
(60067/2, 48, 21)
(30034, 50, 22)
(60069/2, 51, 23)
(30035, 50, 22)
(60071/2, 48, 21)
(30036, 43, 18)
(60073/2, 36, 14)
(60081/2, 39, 16)
(30041, 41, 17)
(60083/2, 39, 16)
(30042, 41, 17)
(60085/2, 43, 18)
(30043, 41, 17)
(60087/2, 43, 18)
(30044, 44, 19)
(60089/2, 43, 18)
(30045, 44, 19)
(60091/2, 43, 18)
(30046, 44, 19)
(60093/2, 43, 18)
(30047, 36, 14)
(30048, 43, 18)
(60097/2, 48, 21)
(30051, 36, 14)
(60103/2, 48, 21)
(30054, 36, 14)
(60109/2, 48, 21)
(30056, 36, 14)
(60115/2, 48, 21)
(30060, 58, 27)
(60121/2, 56, 26)
(30061, 58, 27)
(60123/2, 56, 26)
(30062, 55, 25)
(60125/2, 56, 26)
(30063, 55, 25)
(60127/2, 53, 24)
(30064, 55, 25)
(60129/2, 53, 24)
(30065, 46, 20)
(60133/2, 48, 21)
(30068, 49, 21)
(60139/2, 50, 22)
(30072, 38, 15)
(60145/2, 50, 22)
(30075, 38, 15)
(60151/2, 50, 22)
(30077, 38, 15)
(60157/2, 50, 22)
(30081, 60, 28)
(60163/2, 58, 27)
(30082, 60, 28)
(60165/2, 58, 27)
(30083, 57, 26)
(60167/2, 58, 27)
(30084, 57, 26)
(60169/2, 55, 25)
(30085, 57, 26)
(60171/2, 55, 25)
(30086, 48, 21)
(60175/2, 50, 22)
(30089, 51, 23)
(60181/2, 43, 18)
(30093, 43, 18)
(60187/2, 43, 18)
(30095, 48, 21)
(60193/2, 38, 15)
(30099, 38, 15)
(60199/2, 38, 15)
(30101, 43, 18)
(60205/2, 43, 18)
(30105, 43, 18)
(60211/2, 43, 18)
(30107, 48, 21)
(60217/2, 38, 15)
(60223/2, 38, 15)
(60229/2, 38, 15)
(30120, 54, 24)
(60241/2, 54, 24)
(60243/2, 55, 25)
(30122, 55, 25)
(30123, 48, 21)
(60247/2, 48, 21)
(30125, 50, 22)
(30126, 54, 24)
(60253/2, 54, 24)
(60255/2, 55, 25)
(30128, 55, 25)
(30129, 48, 21)
(60259/2, 48, 21)
(30131, 50, 22)
(30132, 43, 18)
(60265/2, 43, 18)
(60267/2, 48, 21)
(30134, 48, 21)
(30135, 41, 17)
(60271/2, 41, 17)
(30138, 43, 18)
(60277/2, 43, 18)
(60279/2, 48, 21)
(30140, 48, 21)
(30141, 41, 17)
(60283/2, 41, 17)
(30144, 43, 18)
(60289/2, 43, 18)
(30147, 43, 18)
(60295/2, 43, 18)
(30150, 43, 18)
(60301/2, 43, 18)
(30151, 43, 18)
(60303/2, 43, 18)
(30152, 43, 18)
(60305/2, 43, 18)
(30153, 43, 18)
(60307/2, 43, 18)
(30156, 55, 25)
(60313/2, 60, 28)
(30157, 62, 29)
(60315/2, 60, 28)
(30158, 58, 27)
(60317/2, 60, 28)
(30159, 58, 27)
(60319/2, 63, 30)
(30160, 65, 31)
(60321/2, 63, 30)
(30161, 62, 29)
(60323/2, 63, 30)
(30162, 62, 29)
(60325/2, 67, 32)
(30163, 69, 33)
(60327/2, 67, 32)
(30164, 65, 31)
(30165, 41, 17)
(60331/2, 46, 20)
(30166, 48, 21)
(60333/2, 46, 20)
(30167, 44, 19)
(60335/2, 46, 20)
(30168, 44, 19)
(60337/2, 43, 18)
(60343/2, 47, 20)
(30173, 48, 21)
(60349/2, 50, 22)
(30176, 51, 23)
(60355/2, 52, 23)
(30179, 53, 24)
(60361/2, 41, 17)
(30182, 43, 18)
(30183, 48, 21)
(60367/2, 41, 17)
(30185, 43, 18)
(30186, 48, 21)
(60373/2, 44, 19)
(30188, 43, 18)
(60379/2, 48, 21)
(60385/2, 47, 20)
(30195, 47, 20)
(60391/2, 47, 20)
(30197, 48, 21)
(60397/2, 49, 22)
(30200, 37, 15)
(60403/2, 39, 16)
(30203, 40, 16)
(60409/2, 41, 17)
(30206, 43, 18)
(30207, 48, 21)
(60415/2, 41, 17)
(30209, 43, 18)
(30210, 48, 21)
(60421/2, 44, 19)
(30212, 43, 18)
(60427/2, 48, 21)
(30216, 43, 18)
(60433/2, 48, 21)
(30217, 50, 22)
(60435/2, 51, 23)
(30218, 50, 22)
(60437/2, 48, 21)
(30219, 43, 18)
(60439/2, 48, 21)
(30220, 50, 22)
(60441/2, 51, 23)
(30221, 50, 22)
(60443/2, 48, 21)
(30222, 43, 18)
(60445/2, 48, 21)
(30223, 55, 25)
(60447/2, 51, 23)
(30224, 48, 21)
(60449/2, 43, 18)
(30225, 39, 16)
(60451/2, 36, 14)
(60587/2, 57, 26)
(30294, 62, 29)
(60589/2, 58, 27)
(60593/2, 55, 25)
(30297, 58, 27)
(60595/2, 57, 26)
(60599/2, 54, 24)
(30300, 57, 26)
(60601/2, 55, 25)
(30301, 54, 24)
(60603/2, 55, 25)
(30302, 52, 23)
(60605/2, 54, 24)
(30303, 55, 25)
(60607/2, 54, 24)
(30304, 52, 23)
(60609/2, 54, 24)
(30305, 50, 22)
(60611/2, 45, 19)
(30306, 50, 22)
(60613/2, 46, 20)
(60617/2, 43, 18)
(30309, 46, 20)
(60619/2, 45, 19)
(60623/2, 42, 17)
(30312, 45, 19)
(60625/2, 43, 18)
(30313, 42, 17)
(60627/2, 43, 18)
(30314, 40, 16)
(60629/2, 41, 17)
(30315, 43, 18)
(60631/2, 42, 17)
(30316, 40, 16)
(60633/2, 42, 17)
(30317, 38, 15)
(30320, 43, 18)
(60643/2, 42, 17)
(30322, 40, 16)
(60645/2, 42, 17)
(30323, 38, 15)
(30326, 43, 18)
(60655/2, 42, 17)
(60661/2, 42, 17)
(60667/2, 42, 17)
(30337, 54, 24)
(60675/2, 57, 26)
(30338, 50, 22)
(60677/2, 42, 17)
(30339, 45, 19)
(60679/2, 38, 15)
(30351, 38, 15)
(60703/2, 43, 18)
(30352, 45, 19)
(60705/2, 46, 20)
(30353, 45, 19)
(60707/2, 43, 18)
(30354, 38, 15)
(60709/2, 43, 18)
(30355, 45, 19)
(60711/2, 46, 20)
(30356, 45, 19)
(60713/2, 43, 18)
(30357, 38, 15)
(60715/2, 45, 19)
(30358, 46, 20)
(60717/2, 48, 21)
(30359, 46, 20)
(60719/2, 45, 19)
(30360, 38, 15)
(60721/2, 45, 19)
(30361, 46, 20)
(60723/2, 48, 21)
(30362, 46, 20)
(60725/2, 45, 19)
(30363, 38, 15)
(60727/2, 46, 20)
(30364, 48, 21)
(60729/2, 50, 22)
(30365, 48, 21)
(60731/2, 46, 20)
(30366, 43, 18)
(60733/2, 46, 20)
(60733/2, 50, 22)
(30368, 46, 20)
(30368, 50, 22)
(60739/2, 46, 20)
(60739/2, 51, 23)
(30372, 46, 20)
(30372, 51, 23)
(60745/2, 46, 20)
(60745/2, 50, 22)
(30374, 46, 20)
(30374, 50, 22)
(60751/2, 46, 20)
(60751/2, 51, 23)
(30378, 43, 18)
(60757/2, 49, 21)
(30379, 50, 22)
(60759/2, 52, 23)
(30380, 50, 22)
(60761/2, 49, 21)
(30381, 43, 18)
(60763/2, 49, 21)
(30382, 50, 22)
(60765/2, 52, 23)
(30383, 50, 22)
(60767/2, 49, 21)
(30384, 43, 18)
(60769/2, 49, 21)
(30385, 50, 22)
(60771/2, 52, 23)
(30386, 50, 22)
(60773/2, 49, 21)
(30387, 43, 18)
(60775/2, 50, 22)
(30388, 51, 23)
(60777/2, 50, 22)
(30389, 48, 21)
(60779/2, 45, 19)
(30390, 38, 15)
(60781/2, 50, 22)
(30393, 46, 20)
(60787/2, 45, 19)
(30395, 43, 18)
(60793/2, 42, 17)
(30398, 45, 19)
(60799/2, 48, 21)
(30401, 51, 23)
(60805/2, 50, 22)
(30405, 46, 20)
(60811/2, 45, 19)
(30407, 43, 18)
(60817/2, 42, 17)
(30410, 45, 19)
(60823/2, 48, 21)
(30413, 51, 23)
(60829/2, 50, 22)
(30417, 46, 20)
(30417, 50, 22)
(60835/2, 46, 20)
(60835/2, 50, 22)
(30419, 46, 20)
(30419, 50, 22)
(60841/2, 46, 20)
(60841/2, 51, 23)
(30423, 46, 20)
(30423, 51, 23)
(60847/2, 46, 20)
(60847/2, 50, 22)
(30425, 46, 20)
(30425, 50, 22)
(60853/2, 46, 20)
(60853/2, 51, 23)
(30429, 55, 25)
(60859/2, 55, 25)
(60877/2, 54, 24)
(60877/2, 55, 25)
(60877/2, 54, 24)
(30441, 53, 24)
(60883/2, 53, 24)
(60901/2, 52, 23)
(60901/2, 53, 24)
(60901/2, 52, 23)
(30453, 51, 23)
(60907/2, 51, 23)
(60913/2, 50, 22)
(60913/2, 51, 23)
(60913/2, 50, 22)
(30458, 51, 23)
(60919/2, 48, 21)
(30461, 50, 22)
(60925/2, 43, 18)
(30465, 54, 24)
(60931/2, 54, 24)
(60933/2, 55, 25)
(30467, 55, 25)
(30468, 48, 21)
(60937/2, 48, 21)
(30470, 50, 22)
(30471, 54, 24)
(60943/2, 54, 24)
(60945/2, 55, 25)
(30473, 55, 25)
(30474, 48, 21)
(60949/2, 48, 21)
(30476, 50, 22)
(30477, 43, 18)
(60955/2, 43, 18)
(60957/2, 48, 21)
(30479, 48, 21)
(30480, 41, 17)
(60961/2, 41, 17)
(30483, 43, 18)
(60967/2, 43, 18)
(60969/2, 48, 21)
(30485, 48, 21)
(30486, 41, 17)
(60973/2, 41, 17)
(30489, 41, 17)
(60979/2, 41, 17)
(30492, 41, 17)
(60985/2, 41, 17)
(30495, 39, 16)
(60991/2, 39, 16)
(30498, 39, 16)
(60997/2, 39, 16)
(30501, 39, 16)
(61003/2, 39, 16)
(30504, 39, 16)
(61009/2, 43, 18)
(30505, 44, 19)
(61011/2, 46, 20)
(30506, 44, 19)
(61013/2, 43, 18)
(30507, 39, 16)
(61015/2, 39, 16)
(30510, 39, 16)
(61021/2, 39, 16)
(30513, 39, 16)
(61027/2, 39, 16)
(61033/2, 37, 15)
(30519, 36, 14)
(61039/2, 41, 17)
(30522, 41, 17)
(61045/2, 41, 17)
(30525, 41, 17)
(61051/2, 41, 17)
(61057/2, 39, 16)
(30531, 38, 15)
(61063/2, 43, 18)
(30534, 43, 18)
(61069/2, 43, 18)
(30537, 43, 18)
(61075/2, 43, 18)
(61081/2, 43, 18)
(30555, 55, 25)
(61111/2, 60, 28)
(30556, 62, 29)
(61113/2, 63, 30)
(30557, 62, 29)
(61115/2, 60, 28)
(30558, 55, 25)
(61117/2, 60, 28)
(30559, 62, 29)
(61119/2, 63, 30)
(30560, 62, 29)
(61121/2, 60, 28)
(30561, 55, 25)
(61123/2, 62, 29)
(30562, 63, 30)
(61125/2, 65, 31)
(30563, 63, 30)
(61127/2, 62, 29)
(30564, 55, 25)
(61129/2, 62, 29)
(30565, 63, 30)
(61131/2, 65, 31)
(30566, 63, 30)
(61133/2, 62, 29)
(30567, 55, 25)
(61135/2, 48, 21)
(30568, 50, 22)
(61137/2, 51, 23)
(30569, 50, 22)
(61139/2, 48, 21)
(30570, 43, 18)
(61141/2, 48, 21)
(30571, 50, 22)
(61143/2, 51, 23)
(30572, 50, 22)
(61145/2, 48, 21)
(30573, 43, 18)
(61147/2, 50, 22)
(30574, 51, 23)
(61149/2, 53, 24)
(30575, 51, 23)
(61151/2, 50, 22)
(30576, 43, 18)
(61153/2, 50, 22)
(30577, 51, 23)
(61155/2, 53, 24)
(30578, 51, 23)
(61157/2, 50, 22)
(30579, 43, 18)
(61159/2, 51, 23)
(30582, 39, 16)
(61165/2, 39, 16)
(30584, 39, 16)
(61171/2, 44, 19)
(30588, 44, 19)
(61177/2, 39, 16)
(30590, 39, 16)
(61183/2, 44, 19)
(30594, 42, 17)
(61189/2, 42, 17)
(61207/2, 43, 18)
(30605, 55, 25)
(61213/2, 44, 19)
(30609, 39, 16)
(61219/2, 44, 19)
(30612, 39, 16)
(61225/2, 44, 19)
(30615, 39, 16)
(61231/2, 44, 19)
(30616, 46, 20)
(61233/2, 44, 19)
(30617, 43, 18)
(61235/2, 44, 19)
(30618, 43, 18)
(61237/2, 42, 17)
(61247/2, 60, 28)
(30624, 62, 29)
(61249/2, 63, 30)
(30625, 57, 26)
(61251/2, 60, 28)
(30626, 54, 24)
(61253/2, 57, 26)
(30627, 51, 23)
(61255/2, 54, 24)
(30628, 48, 21)
(61257/2, 51, 23)
(30629, 45, 19)
(61259/2, 48, 21)
(30630, 44, 19)
(61261/2, 43, 18)
(30632, 44, 19)
(61267/2, 41, 17)
(30635, 43, 18)
(61273/2, 36, 14)
(61397/2, 55, 25)
(30699, 60, 28)
(61399/2, 56, 26)
(61403/2, 53, 24)
(30702, 56, 26)
(61405/2, 55, 25)
(61409/2, 52, 23)
(30705, 55, 25)
(61411/2, 53, 24)
(30706, 52, 23)
(61413/2, 53, 24)
(30707, 50, 22)
(61415/2, 51, 23)
(30708, 53, 24)
(61417/2, 51, 23)
(30709, 50, 22)
(61419/2, 51, 23)
(30710, 51, 23)
(61421/2, 53, 24)
(30711, 51, 23)
(61423/2, 50, 22)
(30712, 48, 21)
(61425/2, 50, 22)
(30713, 47, 20)
(61427/2, 48, 21)
(30714, 47, 20)
(61429/2, 48, 21)
(30715, 47, 20)
(61431/2, 48, 21)
(30716, 44, 19)
(61433/2, 43, 18)
(30717, 44, 19)
(61435/2, 51, 23)
(30718, 51, 23)
(61437/2, 51, 23)
(30719, 39, 16)
(61439/2, 39, 16)
(30720, 39, 16)
(61441/2, 44, 19)
(61445/2, 43, 18)
(30723, 39, 16)
(61447/2, 44, 19)
(61451/2, 46, 20)
(30726, 43, 18)
(61453/2, 48, 21)
(61457/2, 48, 21)
(30729, 45, 19)
(61459/2, 49, 22)
(30730, 48, 21)
(61461/2, 49, 22)
(30731, 53, 24)
(61463/2, 51, 23)
(30732, 50, 22)
(61465/2, 51, 23)
(61469/2, 53, 24)
(30735, 50, 22)
(61471/2, 55, 25)
(61475/2, 55, 25)
(30738, 48, 21)
(61477/2, 56, 26)
(61481/2, 57, 26)
(30741, 50, 22)
(61483/2, 59, 27)
(30744, 43, 18)
(61489/2, 48, 21)
(30745, 50, 22)
(61491/2, 51, 23)
(30746, 50, 22)
(61493/2, 48, 21)
(30747, 43, 18)
(61495/2, 50, 22)
(30748, 51, 23)
(61497/2, 53, 24)
(30749, 51, 23)
(61499/2, 50, 22)
(30750, 43, 18)
(61501/2, 48, 21)
(30751, 50, 22)
(61503/2, 51, 23)
(30752, 50, 22)
(61505/2, 48, 21)
(30753, 43, 18)
(61507/2, 50, 22)
(30754, 51, 23)
(61509/2, 53, 24)
(30755, 51, 23)
(61511/2, 50, 22)
(30756, 43, 18)
(61513/2, 51, 23)
(30757, 53, 24)
(61515/2, 55, 25)
(30758, 53, 24)
(61517/2, 51, 23)
(30759, 48, 21)
(61519/2, 41, 17)
(30761, 41, 17)
(61525/2, 43, 18)
(30765, 43, 18)
(61531/2, 43, 18)
(30768, 43, 18)
(61537/2, 48, 21)
(30769, 50, 22)
(61539/2, 51, 23)
(30770, 50, 22)
(61541/2, 48, 21)
(30771, 43, 18)
(61543/2, 50, 22)
(30772, 51, 23)
(61545/2, 53, 24)
(30773, 51, 23)
(61547/2, 50, 22)
(30774, 43, 18)
(61549/2, 48, 21)
(30775, 50, 22)
(61551/2, 51, 23)
(30776, 50, 22)
(61553/2, 48, 21)
(30777, 43, 18)
(61555/2, 47, 20)
(30778, 48, 21)
(61557/2, 50, 22)
(30779, 48, 21)
(61559/2, 47, 20)
(30780, 43, 18)
(61561/2, 48, 21)
(30781, 50, 22)
(61563/2, 51, 23)
(30782, 50, 22)
(61565/2, 48, 21)
(30783, 36, 14)
(61567/2, 41, 17)
(61573/2, 43, 18)
(61579/2, 43, 18)
(30792, 43, 18)
(61585/2, 48, 21)
(30793, 50, 22)
(61587/2, 51, 23)
(30794, 50, 22)
(61589/2, 48, 21)
(30795, 43, 18)
(61591/2, 48, 21)
(30796, 50, 22)
(61593/2, 51, 23)
(30797, 55, 25)
(61595/2, 60, 28)
(30798, 55, 25)
(61597/2, 60, 28)
(30804, 43, 18)
(61609/2, 48, 21)
(30805, 50, 22)
(61611/2, 51, 23)
(30806, 50, 22)
(61613/2, 48, 21)
(30807, 43, 18)
(61615/2, 48, 21)
(30808, 50, 22)
(61617/2, 51, 23)
(30809, 55, 25)
(61619/2, 60, 28)
(30810, 62, 29)
(61621/2, 63, 30)
(30816, 55, 25)
(61633/2, 60, 28)
(30817, 62, 29)
(61635/2, 63, 30)
(30818, 62, 29)
(61637/2, 60, 28)
(30819, 55, 25)
(61639/2, 60, 28)
(30822, 55, 25)
(61645/2, 60, 28)
(30823, 62, 29)
(61647/2, 63, 30)
(30824, 62, 29)
(61649/2, 60, 28)
(30825, 55, 25)
(61651/2, 60, 28)
(30826, 62, 29)
(61653/2, 63, 30)
(30827, 62, 29)
(61655/2, 60, 28)
(30828, 55, 25)
(61657/2, 60, 28)
(30829, 62, 29)
(61659/2, 63, 30)
(30830, 62, 29)
(61661/2, 63, 30)
(30831, 65, 31)
(61663/2, 63, 30)
(30832, 62, 29)
(61665/2, 63, 30)
(30833, 65, 31)
(61667/2, 67, 32)
(30834, 68, 33)
(61669/2, 68, 33)
(30835, 67, 32)
(61671/2, 66, 31)
(30836, 67, 32)
(61673/2, 65, 31)
(30837, 64, 30)
(61675/2, 65, 31)
(30838, 63, 30)
(61677/2, 62, 29)
(30839, 63, 30)
(61679/2, 62, 29)
(30840, 60, 28)
(61681/2, 65, 31)
(30841, 63, 30)
(61683/2, 62, 29)
(30842, 63, 30)
(61685/2, 62, 29)
(30843, 60, 28)
(61687/2, 62, 29)
(30844, 60, 28)
(61689/2, 59, 27)
(30845, 58, 27)
(61691/2, 57, 26)
(30846, 56, 26)
(61693/2, 55, 25)
(30847, 60, 28)
(61695/2, 56, 26)
(30848, 55, 25)
(61697/2, 60, 28)
(30849, 56, 26)
(61699/2, 55, 25)
(30850, 57, 26)
(61701/2, 59, 27)
(30851, 60, 28)
(61703/2, 62, 29)
(30852, 63, 30)
(61705/2, 65, 31)
(30853, 63, 30)
(61707/2, 62, 29)
(30854, 60, 28)
(61709/2, 58, 27)
(30855, 56, 26)
(61711/2, 55, 25)
(30856, 60, 28)
(61713/2, 56, 26)
(30857, 55, 25)
(61715/2, 60, 28)
(30858, 56, 26)
(61717/2, 55, 25)
(30859, 60, 28)
(61719/2, 56, 26)
(30860, 55, 25)
(61721/2, 60, 28)
(30861, 56, 26)
(61723/2, 55, 25)
(30862, 57, 26)
(61725/2, 59, 27)
(30863, 60, 28)
(61727/2, 62, 29)
(30864, 63, 30)
(61729/2, 65, 31)
(30865, 67, 32)
(61731/2, 68, 33)
(30866, 67, 32)
(61733/2, 65, 31)
(30867, 63, 30)
(61735/2, 62, 29)
(30868, 60, 28)
(61737/2, 59, 27)
(30869, 58, 27)
(61739/2, 57, 26)
(30870, 56, 26)
(61741/2, 55, 25)
(30871, 55, 25)
(61743/2, 56, 26)
(30872, 54, 24)
(61745/2, 54, 24)
(30873, 54, 24)
(61747/2, 53, 24)
(30874, 53, 24)
(61749/2, 53, 24)
(30875, 52, 23)
(61751/2, 52, 23)
(30876, 52, 23)
(61753/2, 51, 23)
(30877, 51, 23)
(61755/2, 51, 23)
(30878, 50, 22)
(61757/2, 50, 22)
(30879, 50, 22)
(61759/2, 48, 21)
(30880, 48, 21)
(61761/2, 48, 21)
(30881, 46, 20)
(61763/2, 46, 20)
(30882, 46, 20)
(61765/2, 45, 19)
(30883, 45, 19)
(61767/2, 45, 19)
(30884, 45, 19)
(61769/2, 45, 19)
(30885, 45, 19)
(61771/2, 44, 19)
(30886, 44, 19)
(61773/2, 44, 19)
(30887, 44, 19)
(61775/2, 44, 19)
(30888, 44, 19)
(61777/2, 43, 18)
(30893, 43, 18)
(61789/2, 36, 14)
(61795/2, 36, 14)
(61801/2, 36, 14)
