(4, 69, 33)
(5, 70, 34)
(6, 70, 34)
(7, 70, 34)
(15/2, 70, 34)
(9, 68, 33)
(19/2, 67, 32)
(10, 63, 30)
(12, 63, 30)
(25/2, 67, 32)
(15, 68, 33)
(46/3, 72, 35)
(49/3, 70, 34)
(50/3, 68, 33)
(17, 79, 39)
(35/2, 77, 38)
(18, 72, 35)
(37/2, 65, 31)
(21, 68, 33)
(22, 67, 32)
(28, 57, 26)
(29, 58, 27)
(30, 58, 27)
(63/2, 58, 27)
(32, 60, 28)
(65/2, 58, 27)
(33, 56, 26)
(133/4, 60, 28)
(67/2, 63, 30)
(135/4, 68, 33)
(34, 68, 33)
(35, 67, 32)
(36, 63, 30)
(145/4, 68, 33)
(73/2, 75, 37)
(147/4, 75, 37)
(151/4, 73, 36)
(153/4, 72, 35)
(39, 70, 34)
(235/6, 77, 38)
(118/3, 80, 40)
(79/2, 80, 40)
(41, 79, 39)
(83/2, 77, 38)
(42, 75, 37)
(85/2, 73, 36)
(43, 72, 35)
(87/2, 70, 34)
(44, 68, 33)
(89/2, 67, 32)
(179/4, 75, 37)
(45, 60, 28)
(91/2, 73, 36)
(48, 70, 34)
(97/2, 68, 33)
(201/4, 67, 32)
(51, 68, 33)
(109/2, 69, 33)
(221/4, 70, 34)
(111/2, 69, 33)
(223/4, 70, 34)
(56, 72, 35)
(225/4, 67, 32)
(57, 67, 32)
(58, 68, 33)
(121/2, 69, 33)
(61, 69, 33)
(245/4, 70, 34)
(123/2, 69, 33)
(247/4, 70, 34)
(62, 72, 35)
(249/4, 70, 34)
(125/2, 68, 33)
(251/4, 67, 32)
(63, 70, 34)
(253/4, 68, 33)
(127/2, 67, 32)
(255/4, 65, 31)
(64, 68, 33)
(257/4, 67, 32)
(129/2, 65, 31)
(259/4, 64, 30)
(65, 67, 32)
(66, 68, 33)
(265/4, 67, 32)
(133/2, 65, 31)
(267/4, 67, 32)
(67, 70, 34)
(269/4, 67, 32)
(135/2, 68, 33)
(135/2, 70, 34)
(271/4, 70, 34)
(69, 60, 28)
(69, 73, 36)
(139/2, 59, 28)
(70, 70, 33)
(72, 62, 29)
(289/4, 58, 27)
(145/2, 56, 26)
(145/2, 60, 28)
(291/4, 62, 29)
(73, 62, 29)
(439/6, 58, 27)
(220/3, 62, 29)
(147/2, 62, 29)
(221/3, 58, 27)
(443/6, 58, 27)
(449/6, 62, 29)
(75, 63, 30)
(301/4, 58, 27)
(151/2, 58, 27)
(303/4, 63, 30)
(76, 63, 30)
(305/4, 58, 27)
(153/2, 58, 27)
(307/4, 63, 30)
(77, 63, 30)
(309/4, 58, 27)
(155/2, 58, 27)
(155/2, 70, 34)
(311/4, 63, 30)
(78, 63, 30)
(313/4, 66, 32)
(157/2, 66, 32)
(315/4, 63, 30)
(79, 63, 30)
(317/4, 66, 32)
(159/2, 66, 32)
(319/4, 63, 30)
(80, 63, 30)
(321/4, 66, 32)
(161/2, 66, 32)
(323/4, 63, 30)
(81, 65, 31)
(325/4, 63, 30)
(163/2, 61, 29)
(327/4, 60, 28)
(82, 61, 29)
(329/4, 63, 30)
(165/2, 65, 31)
(331/4, 67, 32)
(83, 61, 29)
(83, 74, 36)
(84, 82, 41)
(675/8, 73, 36)
(677/8, 73, 36)
(679/8, 78, 39)
(87, 68, 33)
(88, 68, 33)
(89, 68, 33)
(268/3, 68, 33)
(269/3, 68, 33)
(90, 68, 33)
(91, 69, 33)
(185/2, 69, 33)
(93, 70, 34)
(187/2, 73, 36)
(94, 70, 34)
(191/2, 70, 34)
(96, 69, 33)
(96, 77, 38)
(97, 67, 32)
(99, 65, 31)
(199/2, 60, 28)
(100, 63, 30)
(305/3, 62, 29)
(611/6, 62, 29)
(102, 63, 30)
(229/2, 75, 37)
(115, 79, 39)
(231/2, 80, 40)
(117, 79, 39)
(235/2, 75, 37)
(118, 79, 39)
(237/2, 80, 40)
(120, 79, 39)
(241/2, 82, 41)
(121, 80, 40)
(122, 70, 34)
(122, 79, 39)
(489/4, 79, 39)
(123, 87, 44)
(124, 79, 39)
(126, 74, 36)
(505/4, 77, 38)
(253/2, 80, 40)
(507/4, 83, 42)
(127, 82, 41)
(509/4, 79, 39)
(255/2, 77, 38)
(511/4, 79, 39)
(128, 75, 37)
(513/4, 73, 36)
(257/2, 70, 34)
(129, 69, 33)
(517/4, 72, 35)
(517/4, 72, 35)
(259/2, 75, 37)
(519/4, 81, 40)
(130, 80, 40)
(521/4, 77, 38)
(261/2, 74, 36)
(523/4, 75, 37)
(131, 77, 38)
(525/4, 74, 36)
(263/2, 71, 35)
(527/4, 68, 33)
(132, 67, 32)
(529/4, 70, 34)
(265/2, 79, 39)
(531/4, 77, 38)
(133, 75, 37)
(533/4, 75, 37)
(267/2, 75, 37)
(269/2, 72, 35)
(135, 75, 37)
(541/4, 70, 34)
(271/2, 68, 33)
(543/4, 71, 34)
(136, 68, 33)
(545/4, 67, 32)
(273/2, 65, 31)
(547/4, 63, 30)
(137, 62, 29)
(549/4, 65, 31)
(275/2, 68, 33)
(551/4, 62, 29)
(138, 63, 30)
(141, 61, 29)
(283/2, 61, 29)
(289/2, 58, 27)
(579/4, 63, 30)
(145, 63, 30)
(581/4, 58, 27)
(291/2, 58, 27)
(583/4, 67, 32)
(146, 67, 32)
(585/4, 63, 30)
(293/2, 63, 30)
(587/4, 70, 34)
(147, 70, 34)
(589/4, 65, 31)
(295/2, 65, 31)
(591/4, 70, 34)
(148, 70, 34)
(593/4, 65, 31)
(297/2, 65, 31)
(595/4, 70, 34)
(149, 70, 34)
(597/4, 65, 31)
(299/2, 65, 31)
(599/4, 70, 34)
(150, 70, 34)
(601/4, 66, 32)
(605/4, 66, 32)
(609/4, 70, 34)
(305/2, 70, 34)
(153, 68, 33)
(613/4, 68, 33)
(307/2, 72, 35)
(615/4, 72, 35)
(619/4, 68, 33)
(156, 72, 35)
(156, 75, 37)
(156, 77, 38)
(625/4, 75, 37)
(313/2, 75, 37)
(627/4, 72, 35)
(629/4, 75, 37)
(631/4, 75, 37)
(158, 72, 35)
(633/4, 75, 37)
(159, 73, 36)
(160, 73, 36)
(321/2, 73, 36)
(161, 73, 36)
(323/2, 73, 36)
(162, 76, 38)
(165, 75, 37)
(166, 73, 36)
(167, 76, 38)
(168, 75, 37)
(169, 78, 39)
(685/4, 83, 42)
(343/2, 83, 42)
(687/4, 79, 39)
(172, 83, 42)
(689/4, 76, 38)
(345/2, 83, 42)
(691/4, 82, 41)
(173, 73, 36)
(693/4, 82, 41)
(347/2, 82, 41)
(695/4, 73, 36)
(174, 82, 41)
(697/4, 75, 37)
(349/2, 82, 41)
(699/4, 80, 40)
(175, 80, 40)
(701/4, 73, 36)
(351/2, 73, 36)
(703/4, 80, 40)
(176, 79, 39)
(177, 80, 40)
(355/2, 74, 36)
(357/2, 75, 37)
(359/2, 63, 30)
(361/2, 71, 35)
(181, 69, 33)
(185, 73, 36)
(186, 77, 38)
(375/2, 70, 34)
(751/4, 75, 37)
(188, 75, 37)
(753/4, 78, 39)
(377/2, 78, 39)
(755/4, 75, 37)
(189, 75, 37)
(757/4, 75, 36)
(379/2, 75, 36)
(759/4, 75, 36)
(190, 75, 36)
(761/4, 77, 38)
(381/2, 77, 38)
(763/4, 80, 40)
(191, 79, 39)
(192, 75, 37)
(194, 75, 37)
(777/4, 76, 37)
(195, 80, 40)
(196, 70, 34)
(196, 79, 39)
(197, 72, 35)
(197, 82, 41)
(198, 80, 40)
(199, 75, 37)
(204, 87, 44)
(817/4, 85, 43)
(411/2, 74, 36)
(206, 72, 35)
(206, 72, 35)
(207, 77, 38)
(829/4, 84, 42)
(1661/8, 84, 42)
(1677/8, 77, 38)
(213, 66, 32)
(853/4, 70, 34)
(427/2, 70, 34)
(855/4, 66, 32)
(214, 70, 34)
(857/4, 66, 32)
(429/2, 70, 34)
(863/4, 60, 28)
(2159/10, 65, 31)
(2161/10, 65, 31)
(865/4, 65, 31)
(1515/7, 65, 31)
(1516/7, 61, 29)
(867/4, 73, 36)
(869/4, 73, 36)
(875/4, 60, 28)
(887/4, 67, 32)
(222, 60, 28)
(889/4, 63, 30)
(445/2, 70, 34)
(891/4, 70, 34)
(223, 63, 30)
(899/4, 63, 30)
(225, 61, 29)
(901/4, 67, 32)
(451/2, 65, 31)
(903/4, 60, 28)
(226, 63, 30)
(905/4, 58, 27)
(911/4, 56, 26)
(915/4, 55, 25)
(923/4, 56, 26)
(927/4, 61, 29)
(935/4, 61, 29)
(234, 64, 30)
(937/4, 64, 30)
(469/2, 67, 32)
(939/4, 73, 36)
(235, 70, 34)
(941/4, 64, 30)
(947/4, 60, 28)
(237, 60, 28)
(949/4, 65, 31)
(475/2, 60, 28)
(951/4, 60, 28)
(238, 65, 31)
(953/4, 60, 28)
(477/2, 60, 28)
(987/4, 68, 33)
(1003/4, 70, 34)
(1007/4, 68, 33)
(1009/4, 67, 32)
(505/2, 65, 31)
(1011/4, 63, 30)
(1019/4, 63, 30)
(1023/4, 63, 30)
(2561/10, 63, 30)
(1795/7, 67, 32)
(1031/4, 68, 33)
(1033/4, 72, 35)
(1035/4, 70, 34)
(1041/4, 79, 39)
(1043/4, 75, 37)
(1049/4, 60, 28)
(1055/4, 67, 32)
(2711/10, 56, 26)
(1087/4, 58, 27)
(1091/4, 58, 27)
(1095/4, 58, 27)
(1097/4, 58, 27)
(1099/4, 60, 28)
(1101/4, 58, 27)
(1103/4, 56, 26)
(276, 60, 28)
(1105/4, 63, 30)
(553/2, 68, 33)
(1107/4, 68, 33)
(1113/4, 67, 32)
(1115/4, 63, 30)
(279, 68, 33)
(1125/4, 72, 35)
(1127/4, 80, 40)
(1139/4, 63, 30)
(1141/4, 60, 28)
(1147/4, 56, 26)
(1151/4, 73, 36)
(1155/4, 72, 35)
(1163/4, 70, 34)
(1165/4, 68, 33)
(583/2, 67, 32)
(1167/4, 65, 31)
(292, 67, 32)
(1175/4, 68, 33)
(1177/4, 73, 36)
(1187/4, 72, 35)
(1189/4, 68, 33)
(1191/4, 73, 36)
(1199/4, 72, 35)
(1201/4, 75, 37)
(1203/4, 80, 40)
(1219/4, 75, 37)
(1223/4, 75, 37)
(1227/4, 68, 33)
(1235/4, 68, 33)
(1237/4, 84, 42)
(1239/4, 85, 43)
(1239/4, 79, 39)
(1247/4, 70, 34)
(1259/4, 80, 40)
(316, 89, 45)
(1265/4, 87, 44)
(633/2, 89, 45)
(635/2, 85, 43)
(1271/4, 79, 39)
(1273/4, 85, 43)
(637/2, 87, 44)
(1275/4, 87, 44)
(319, 84, 42)
(1277/4, 81, 40)
(639/2, 82, 41)
(1279/4, 84, 42)
(320, 81, 40)
(1281/4, 78, 39)
(641/2, 75, 37)
(1283/4, 74, 36)
(321, 77, 38)
(1285/4, 80, 40)
(643/2, 85, 43)
(1287/4, 82, 41)
(322, 80, 40)
(1289/4, 63, 30)
(1289/4, 69, 32)
(1289/4, 77, 38)
(1291/4, 69, 32)
(1295/4, 65, 31)
(1295/4, 72, 35)
(325, 84, 42)
(326, 82, 41)
(1305/4, 79, 39)
(653/2, 80, 40)
(1307/4, 80, 40)
(3279/10, 73, 36)
(3281/10, 75, 37)
(1313/4, 72, 35)
(657/2, 70, 34)
(1315/4, 68, 33)
(329, 67, 32)
(1317/4, 63, 30)
(659/2, 58, 27)
(1319/4, 56, 26)
(1327/4, 56, 26)
(1343/4, 68, 33)
(336, 68, 33)
(1345/4, 63, 30)
(673/2, 68, 33)
(1347/4, 68, 33)
(337, 67, 32)
(1349/4, 70, 34)
(675/2, 70, 34)
(1351/4, 65, 31)
(1355/4, 70, 34)
(339, 70, 34)
(1357/4, 67, 32)
(679/2, 70, 34)
(1359/4, 70, 34)
(340, 73, 36)
(1361/4, 73, 36)
(681/2, 70, 34)
(1363/4, 70, 34)
(341, 67, 32)
(1367/4, 68, 33)
(342, 67, 32)
(1369/4, 68, 33)
(685/2, 68, 33)
(1371/4, 65, 31)
(344, 61, 29)
(1377/4, 61, 29)
(689/2, 72, 35)
(1379/4, 72, 35)
(1381/4, 70, 34)
(1385/4, 73, 36)
(1391/4, 72, 35)
(1395/4, 77, 38)
(1401/4, 77, 38)
(1403/4, 77, 38)
(1405/4, 73, 36)
(1411/4, 70, 34)
(1413/4, 67, 32)
(1415/4, 68, 33)
(1427/4, 73, 36)
(1429/4, 73, 36)
(1431/4, 70, 34)
(1433/4, 67, 32)
(1451/4, 68, 33)
(1453/4, 73, 36)
(1463/4, 68, 33)
(1469/4, 68, 33)
(1473/4, 68, 33)
(1475/4, 63, 30)
(1487/4, 56, 26)
(1491/4, 56, 26)
(1493/4, 56, 26)
(1495/4, 56, 26)
(1497/4, 56, 26)
(1499/4, 56, 26)
(1503/4, 56, 26)
(1507/4, 58, 27)
(1515/4, 58, 27)
(1517/4, 58, 27)
(1519/4, 60, 28)
(1521/4, 58, 27)
(1523/4, 56, 26)
(381, 60, 28)
(1525/4, 63, 30)
(763/2, 68, 33)
(1527/4, 68, 33)
(384, 72, 35)
(1537/4, 75, 37)
(769/2, 80, 40)
(1547/4, 56, 26)
(1551/4, 56, 26)
(1559/4, 56, 26)
(10003, 64, 31)
(10006, 63, 30)
(10009, 63, 30)
(20019/2, 61, 29)
(10012, 58, 27)
(20025/2, 58, 27)
(10015, 56, 26)
(10017, 62, 29)
(10018, 61, 29)
(10019, 60, 28)
(20039/2, 63, 30)
(10020, 65, 31)
(20041/2, 61, 29)
(10021, 60, 28)
(10022, 58, 27)
(20045/2, 60, 28)
(10023, 61, 29)
(10024, 63, 30)
(10025, 63, 30)
(30076/3, 63, 30)
(30077/3, 63, 30)
(30080/3, 63, 30)
(10027, 64, 31)
(10030, 63, 30)
(20063/2, 63, 30)
(10032, 63, 30)
(20065/2, 61, 29)
(10033, 60, 28)
(10034, 60, 28)
(10036, 63, 30)
(10037, 63, 30)
(20075/2, 63, 30)
(10038, 64, 30)
(20077/2, 64, 30)
(10039, 65, 31)
(10041, 77, 38)
(10042, 68, 33)
(20087/2, 67, 32)
(10044, 63, 30)
(10045, 62, 29)
(20091/2, 58, 27)
(10046, 60, 28)
(10048, 63, 30)
(20099/2, 61, 29)
(10051, 60, 28)
(10052, 60, 28)
(20105/2, 60, 28)
(10053, 60, 28)
(20107/2, 60, 28)
(10054, 61, 29)
(10057, 60, 28)
(10058, 60, 28)
(30175/3, 60, 28)
(30178/3, 60, 28)
(30179/3, 60, 28)
(10060, 61, 29)
(10062, 60, 28)
(20125/2, 60, 28)
(10063, 61, 29)
(40253/4, 60, 28)
(20127/2, 58, 27)
(40255/4, 56, 26)
(10064, 60, 28)
(40257/4, 58, 27)
(20129/2, 55, 25)
(40259/4, 58, 27)
(10065, 56, 26)
(10066, 65, 31)
(40265/4, 61, 29)
(20133/2, 67, 32)
(30200/3, 65, 31)
(30203/3, 63, 30)
(60407/6, 65, 31)
(10068, 65, 31)
(20137/2, 65, 31)
(10070, 65, 31)
(10074, 70, 34)
(20149/2, 70, 34)
(10078, 71, 35)
(10080, 71, 35)
(20161/2, 71, 35)
(10081, 73, 36)
(20163/2, 73, 36)
(10082, 73, 36)
(20165/2, 73, 36)
(10083, 73, 36)
(10087, 67, 32)
(40349/4, 63, 30)
(20175/2, 63, 30)
(40351/4, 67, 32)
(10088, 67, 32)
(40353/4, 63, 30)
(20177/2, 67, 32)
(40355/4, 67, 32)
(10089, 63, 30)
(40357/4, 63, 30)
(20179/2, 67, 32)
(10090, 66, 32)
(40361/4, 63, 30)
(20181/2, 63, 30)
(40363/4, 66, 32)
(10091, 66, 32)
(40365/4, 63, 30)
(20183/2, 63, 30)
(40367/4, 66, 32)
(10092, 66, 32)
(40369/4, 63, 30)
(20185/2, 63, 30)
(40371/4, 66, 32)
(10093, 66, 32)
(10096, 63, 30)
(20195/2, 65, 31)
(10098, 61, 29)
(20197/2, 63, 30)
(10099, 57, 26)
(20199/2, 56, 26)
(10102, 55, 25)
(20205/2, 63, 30)
(10103, 67, 32)
(20207/2, 70, 34)
(10104, 67, 32)
(10105, 67, 32)
(20211/2, 63, 30)
(10108, 67, 32)
(20217/2, 63, 30)
(20219/2, 70, 34)
(10111, 75, 37)
(10112, 65, 31)
(10114, 70, 34)
(10115, 63, 30)
(30352/3, 63, 30)
(60707/6, 67, 32)
(60709/6, 70, 34)
(20237/2, 68, 33)
(10120, 70, 34)
(20241/2, 80, 40)
(20243/2, 67, 32)
(40487/4, 67, 32)
(10123, 66, 32)
(40495/4, 65, 31)
(10124, 65, 31)
(10126, 65, 31)
(40507/4, 63, 30)
(10127, 64, 30)
(10129, 63, 30)
(40519/4, 62, 29)
(10130, 62, 29)
(10135, 63, 30)
(10136, 58, 27)
(10137, 56, 26)
(10138, 55, 25)
(40553/4, 58, 27)
(20277/2, 58, 27)
(40555/4, 63, 30)
(10139, 63, 30)
(40557/4, 58, 27)
(20279/2, 58, 27)
(40559/4, 67, 32)
(10140, 67, 32)
(40561/4, 63, 30)
(20281/2, 63, 30)
(40563/4, 70, 34)
(10141, 70, 34)
(40565/4, 65, 31)
(40569/4, 65, 31)
(20285/2, 70, 34)
(40571/4, 70, 34)
(10143, 65, 31)
(40573/4, 65, 31)
(20287/2, 70, 34)
(40575/4, 70, 34)
(10144, 70, 34)
(10145, 67, 32)
(10146, 63, 30)
(20295/2, 61, 29)
(10148, 60, 28)
(10149, 61, 29)
(10150, 63, 30)
(40601/4, 58, 27)
(20301/2, 63, 30)
(40603/4, 63, 30)
(10151, 58, 27)
(40605/4, 58, 27)
(20303/2, 63, 30)
(40607/4, 63, 30)
(10152, 58, 27)
(40609/4, 58, 27)
(20305/2, 63, 30)
(10153, 63, 30)
(40613/4, 60, 28)
(20307/2, 60, 28)
(40615/4, 63, 30)
(10154, 63, 30)
(40617/4, 60, 28)
(20309/2, 60, 28)
(40619/4, 63, 30)
(10155, 63, 30)
(40621/4, 60, 28)
(20311/2, 60, 28)
(40623/4, 63, 30)
(10156, 71, 35)
(40625/4, 63, 30)
(20313/2, 63, 30)
(81255/8, 71, 35)
(81257/8, 63, 30)
(81259/8, 63, 30)
(40631/4, 71, 35)
(10158, 63, 30)
(40633/4, 71, 35)
(10159, 71, 35)
(40637/4, 66, 32)
(20319/2, 66, 32)
(40639/4, 71, 35)
(10160, 70, 34)
(40641/4, 66, 32)
(10163, 70, 34)
(40653/4, 73, 36)
(20327/2, 70, 34)
(10165, 66, 32)
(40661/4, 72, 35)
(20331/2, 72, 35)
(40663/4, 66, 32)
(10166, 72, 35)
(40665/4, 66, 32)
(20333/2, 72, 35)
(40667/4, 70, 34)
(10167, 68, 33)
(40669/4, 73, 36)
(20335/2, 73, 36)
(40671/4, 68, 33)
(10168, 73, 36)
(20339/2, 71, 35)
(40679/4, 70, 34)
(10170, 73, 36)
(40681/4, 73, 36)
(20341/2, 77, 38)
(40683/4, 77, 38)
(10171, 71, 35)
(10172, 76, 38)
(10173, 70, 34)
(10174, 71, 35)
(10175, 70, 34)
(20351/2, 76, 38)
(10176, 75, 37)
(20353/2, 73, 36)
(10177, 71, 35)
(20355/2, 61, 29)
(10180, 71, 35)
(10181, 75, 37)
(40727/4, 72, 35)
(10183, 65, 31)
(40733/4, 70, 34)
(20367/2, 70, 34)
(40735/4, 70, 34)
(10184, 65, 31)
(10185, 69, 33)
(40741/4, 65, 31)
(20371/2, 72, 35)
(40743/4, 65, 31)
(10186, 72, 35)
(40745/4, 65, 31)
(20373/2, 72, 35)
(40747/4, 70, 34)
(10187, 70, 34)
(40751/4, 70, 34)
(10189, 65, 31)
(20381/2, 68, 33)
(40763/4, 72, 35)
(20383/2, 72, 35)
(10192, 70, 34)
(10193, 67, 32)
(40773/4, 75, 37)
(20387/2, 75, 37)
(40775/4, 79, 39)
(10194, 79, 39)
(40777/4, 77, 38)
(20389/2, 77, 38)
(40779/4, 75, 37)
(10195, 77, 38)
(10196, 72, 35)
(10197, 72, 35)
(10197, 76, 37)
(10198, 72, 35)
(10198, 80, 40)
(10199, 79, 39)
(10199, 70, 34)
(20399/2, 72, 35)
(20399/2, 77, 38)
(10201, 77, 38)
(40805/4, 74, 36)
(20403/2, 70, 34)
(10204, 68, 33)
(40821/4, 70, 34)
(20411/2, 73, 36)
(40823/4, 70, 34)
(10206, 70, 34)
(40825/4, 67, 32)
(40825/4, 67, 32)
(10210, 60, 28)
(81683/8, 68, 33)
(81685/8, 60, 28)
(10211, 61, 29)
(40845/4, 68, 33)
(20423/2, 67, 32)
(10213, 61, 29)
(40853/4, 67, 32)
(20427/2, 67, 32)
(40855/4, 61, 29)
(10214, 67, 32)
(40857/4, 61, 29)
(20429/2, 61, 29)
(40859/4, 67, 32)
(10215, 58, 27)
(40861/4, 61, 29)
(20431/2, 61, 29)
(40863/4, 58, 27)
(10216, 56, 26)
(61297/6, 60, 28)
(30649/3, 56, 26)
(20433/2, 61, 29)
(30650/3, 58, 27)
(61301/6, 61, 29)
(10217, 60, 28)
(10219, 68, 33)
(30659/3, 67, 32)
(30661/3, 70, 34)
(10222, 68, 33)
(10223, 73, 36)
(20447/2, 73, 36)
(10225, 73, 36)
(20455/2, 70, 34)
(10228, 65, 31)
(40913/4, 60, 28)
(20457/2, 60, 28)
(40915/4, 65, 31)
(10229, 65, 31)
(40917/4, 60, 28)
(20459/2, 61, 29)
(10230, 61, 29)
(40921/4, 67, 32)
(10231, 67, 32)
(40925/4, 60, 28)
(20463/2, 67, 32)
(40927/4, 64, 30)
(10232, 67, 32)
(40929/4, 67, 32)
(20465/2, 70, 34)
(40931/4, 67, 32)
(10233, 67, 32)
(40933/4, 64, 30)
(10234, 64, 30)
(10235, 61, 29)
(10240, 60, 28)
(40961/4, 70, 34)
(10243, 60, 28)
(40973/4, 60, 28)
(20487/2, 60, 28)
(40975/4, 56, 26)
(10244, 56, 26)
(40977/4, 60, 28)
(20489/2, 56, 26)
(40979/4, 56, 26)
(10246, 61, 29)
(40985/4, 56, 26)
(20493/2, 56, 26)
(40987/4, 61, 29)
(10247, 61, 29)
(40989/4, 56, 26)
(20495/2, 56, 26)
(10249, 61, 29)
(40997/4, 55, 25)
(20499/2, 61, 29)
(40999/4, 61, 29)
(41001/4, 61, 29)
(41003/4, 61, 29)
(10252, 60, 28)
(61513/6, 56, 26)
(30757/3, 56, 26)
(20505/2, 61, 29)
(41011/4, 56, 26)
(10253, 61, 29)
(41013/4, 60, 28)
(20507/2, 56, 26)
(41015/4, 60, 28)
(10255, 63, 30)
(41021/4, 63, 30)
(20511/2, 63, 30)
(10256, 63, 30)
(20513/2, 63, 30)
(10258, 63, 30)
(30776/3, 62, 29)
(30778/3, 68, 33)
(10261, 70, 34)
(20523/2, 67, 32)
(10264, 63, 30)
(20531/2, 64, 30)
(10266, 65, 31)
(20533/2, 61, 29)
(10267, 60, 28)
(10268, 60, 28)
(20537/2, 60, 28)
(10269, 60, 28)
(20539/2, 60, 28)
(10270, 61, 29)
(10274, 55, 25)
(10276, 56, 26)
(10277, 60, 28)
(20555/2, 60, 28)
(10278, 61, 29)
(20557/2, 61, 29)
(10279, 63, 30)
(10280, 63, 30)
(20561/2, 63, 30)
(10281, 63, 30)
(20563/2, 63, 30)
(10282, 73, 36)
(20565/2, 77, 38)
(10285, 67, 32)
(20571/2, 61, 29)
(20573/2, 60, 28)
(10291, 58, 27)
(10293, 63, 30)
(20587/2, 61, 29)
(10294, 60, 28)
(20589/2, 56, 26)
(10295, 63, 30)
(10297, 60, 28)
(20595/2, 56, 26)
(10298, 63, 30)
(20597/2, 61, 29)
(10299, 60, 28)
(10299, 70, 34)
(10300, 56, 26)
(20601/2, 60, 28)
(10301, 63, 30)
(20603/2, 68, 33)
(41209/4, 68, 33)
(10303, 68, 33)
(10304, 58, 27)
(10305, 63, 30)
(41223/4, 63, 30)
(10306, 63, 30)
(20613/2, 68, 33)
(10307, 72, 35)
(20615/2, 60, 28)
(20615/2, 63, 30)
(10309, 72, 35)
(20619/2, 63, 30)
(10312, 56, 26)
(10313, 56, 26)
(20629/2, 60, 28)
(10315, 59, 28)
(10318, 58, 27)
(41275/4, 56, 26)
(41275/4, 61, 29)
(10319, 56, 26)
(10324, 56, 26)
(10326, 58, 27)
(10327, 60, 28)
(41317/4, 67, 32)
(10330, 77, 38)
(41321/4, 73, 36)
(20661/2, 72, 35)
(41323/4, 70, 34)
(10331, 67, 32)
(41325/4, 68, 33)
(20663/2, 58, 27)
(10333, 60, 28)
(10339, 72, 35)
(10342, 75, 37)
(20685/2, 75, 37)
(10343, 73, 36)
(20687/2, 70, 34)
(41377/4, 67, 32)
(10345, 63, 30)
(82763/8, 68, 33)
(82765/8, 68, 33)
(82767/8, 63, 30)
(82769/8, 63, 30)
(82771/8, 68, 33)
(82773/8, 67, 32)
(82775/8, 65, 31)
(82777/8, 68, 33)
(82779/8, 65, 31)
(10348, 70, 34)
(41393/4, 65, 31)
(20697/2, 70, 34)
(41395/4, 68, 33)
(10349, 67, 32)
(41397/4, 70, 34)
(20699/2, 70, 34)
(41399/4, 73, 36)
(10350, 73, 36)
(41401/4, 70, 34)
(20701/2, 70, 34)
(41403/4, 67, 32)
(10351, 66, 32)
(41405/4, 66, 32)
(20703/2, 68, 33)
(41407/4, 68, 33)
(10352, 65, 31)
(41409/4, 65, 31)
(20705/2, 61, 29)
(41411/4, 61, 29)
(10353, 65, 31)
(82825/8, 65, 31)
(82827/8, 61, 29)
(10354, 61, 29)
(41417/4, 56, 26)
(20709/2, 56, 26)
(41419/4, 61, 29)
(10355, 61, 29)
(41421/4, 56, 26)
(20711/2, 61, 29)
(41423/4, 60, 28)
(10356, 56, 26)
(41425/4, 63, 30)
(20713/2, 63, 30)
(41427/4, 56, 26)
(10357, 63, 30)
(41429/4, 56, 26)
(20715/2, 63, 30)
(41431/4, 61, 29)
(10358, 63, 30)
(41433/4, 61, 29)
(20717/2, 61, 29)
(41435/4, 63, 30)
(10359, 63, 30)
(41437/4, 61, 29)
(20719/2, 61, 29)
(41439/4, 63, 30)
(10360, 60, 28)
(10363, 56, 26)
(10364, 55, 25)
(10365, 58, 27)
(10366, 50, 22)
(20002, 60, 28)
(60007/3, 60, 28)
(60008/3, 60, 28)
(20009, 56, 26)
(20010, 56, 26)
(20015, 56, 26)
(20018, 51, 23)
(40039/2, 65, 31)
(20021, 63, 30)
(40045/2, 64, 30)
(20023, 65, 31)
(20024, 60, 28)
(20025, 60, 28)
(40051/2, 60, 28)
(20026, 60, 28)
(40053/2, 60, 28)
(20030, 61, 29)
(60094/3, 61, 29)
(60095/3, 55, 25)
(20032, 55, 25)
(20033, 56, 26)
(20034, 51, 23)
(40069/2, 51, 23)
(20036, 56, 26)
(20037, 56, 26)
(40075/2, 56, 26)
(20038, 56, 26)
(40077/2, 56, 26)
(20039, 56, 26)
(20041, 49, 22)
(20041, 68, 33)
(20042, 67, 32)
(40085/2, 65, 31)
(20043, 63, 30)
(40087/2, 58, 27)
(20045, 56, 26)
(20048, 58, 27)
(20049, 59, 27)
(20051, 51, 23)
(20051, 56, 26)
(20052, 51, 23)
(40105/2, 51, 23)
(40107/2, 51, 23)
(20054, 53, 24)
(20057, 63, 30)
(20058, 63, 30)
(40117/2, 63, 30)
(20059, 63, 30)
(40119/2, 63, 30)
(20060, 64, 30)
(20063, 52, 22)
(40127/2, 60, 28)
(80255/4, 60, 28)
(20064, 55, 25)
(80257/4, 56, 26)
(20066, 60, 28)
(40135/2, 60, 28)
(20068, 60, 28)
(40137/2, 60, 28)
(20070, 60, 28)
(40143/2, 66, 32)
(20075, 67, 32)
(40151/2, 67, 32)
(20076, 67, 32)
(40153/2, 67, 32)
(20078, 66, 32)
(20081, 72, 35)
(20082, 72, 35)
(20084, 70, 34)
(20087, 60, 28)
(80349/4, 60, 28)
(80349/4, 63, 30)
(40175/2, 63, 30)
(80351/4, 63, 30)
(20088, 60, 28)
(80353/4, 60, 28)
(40177/2, 63, 30)
(20090, 63, 30)
(80361/4, 59, 28)
(40181/2, 59, 28)
(80363/4, 63, 30)
(20091, 53, 24)
(20091, 63, 30)
(80365/4, 59, 28)
(40183/2, 63, 30)
(40185/2, 63, 30)
(20093, 63, 30)
(20095, 62, 29)
(20096, 53, 24)
(20099, 55, 25)
(40199/2, 54, 24)
(20102, 51, 23)
(40205/2, 51, 23)
(20103, 55, 25)
(40207/2, 58, 27)
(20104, 56, 26)
(80419/4, 55, 25)
(20105, 55, 25)
(40211/2, 51, 23)
(40213/2, 58, 27)
(20107, 56, 26)
(80431/4, 55, 25)
(20108, 55, 25)
(40217/2, 55, 25)
(20109, 58, 27)
(40219/2, 63, 30)
(20111, 63, 30)
(20112, 58, 27)
(80451/4, 58, 27)
(20114, 58, 27)
(80457/4, 55, 25)
(40229/2, 58, 27)
(80459/4, 55, 25)
(20115, 49, 22)
(80461/4, 48, 21)
(40231/2, 51, 23)
(80463/4, 60, 28)
(20117, 58, 27)
(80469/4, 55, 25)
(40235/2, 56, 26)
(80471/4, 58, 27)
(20118, 55, 25)
(80473/4, 51, 23)
(40237/2, 49, 22)
(20119, 51, 23)
(20120, 63, 30)
(80481/4, 58, 27)
(80485/4, 55, 25)
(80489/4, 51, 23)
(80491/4, 51, 23)
(20123, 48, 21)
(80493/4, 51, 23)
(40247/2, 60, 28)
(80495/4, 63, 30)
(20124, 60, 28)
(20124, 63, 30)
(20126, 53, 24)
(20126, 61, 29)
(80505/4, 61, 29)
(20129, 60, 28)
(20130, 59, 28)
(20132, 58, 27)
(20134, 53, 24)
(20135, 55, 25)
(20137, 53, 24)
(20141, 53, 24)
(80565/4, 56, 26)
(40283/2, 56, 26)
(80567/4, 53, 24)
(20142, 53, 24)
(80569/4, 56, 26)
(40285/2, 56, 26)
(80571/4, 53, 24)
(20143, 53, 24)
(80573/4, 56, 26)
(40287/2, 56, 26)
(80575/4, 53, 24)
(20144, 55, 25)
(20147, 58, 27)
(80589/4, 68, 33)
(40295/2, 68, 33)
(80591/4, 58, 27)
(20148, 58, 27)
(80593/4, 68, 33)
(40297/2, 68, 33)
(80595/4, 58, 27)
(20149, 58, 27)
(80597/4, 68, 33)
(40299/2, 68, 33)
(80599/4, 58, 27)
(20150, 54, 25)
(80601/4, 51, 23)
(40301/2, 54, 25)
(80603/4, 54, 25)
(20151, 51, 23)
(80605/4, 51, 23)
(40303/2, 54, 25)
(80611/4, 51, 23)
(20153, 56, 26)
(80613/4, 51, 23)
(40307/2, 51, 23)
(80615/4, 56, 26)
(20154, 56, 26)
(80617/4, 51, 23)
(40309/2, 56, 26)
(80619/4, 56, 26)
(20155, 56, 26)
(20156, 59, 28)
(80625/4, 63, 30)
(40313/2, 63, 30)
(80627/4, 59, 28)
(20157, 59, 28)
(80629/4, 63, 30)
(40315/2, 63, 30)
(80631/4, 59, 28)
(20158, 59, 28)
(80633/4, 63, 30)
(40317/2, 63, 30)
(80635/4, 59, 28)
(20159, 64, 31)
(80637/4, 61, 29)
(40319/2, 61, 29)
(80639/4, 64, 31)
(20160, 64, 31)
(80641/4, 61, 29)
(40321/2, 61, 29)
(80647/4, 64, 31)
(20162, 73, 36)
(80649/4, 70, 34)
(40325/2, 70, 34)
(80651/4, 73, 36)
(20164, 73, 36)
(80657/4, 70, 34)
(40329/2, 70, 34)
(80659/4, 73, 36)
(20171, 63, 30)
(40343/2, 64, 31)
(20174, 63, 30)
(20175, 70, 34)
(20177, 63, 30)
(80709/4, 68, 33)
(40355/2, 63, 30)
(80711/4, 68, 33)
(20178, 63, 30)
(80713/4, 68, 33)
(40357/2, 67, 32)
(80715/4, 63, 30)
(20179, 70, 34)
(80717/4, 70, 34)
(40359/2, 63, 30)
(20180, 70, 34)
(40361/2, 68, 33)
(80723/4, 68, 33)
(20181, 66, 32)
(80725/4, 66, 32)
(40363/2, 65, 31)
(80727/4, 72, 35)
(20183, 70, 34)
(40369/2, 63, 30)
(20185, 60, 28)
(20186, 57, 26)
(80749/4, 58, 27)
(20189, 56, 26)
(80757/4, 59, 28)
(40379/2, 59, 28)
(80759/4, 65, 31)
(20193, 63, 30)
(80773/4, 63, 30)
(40387/2, 58, 27)
(80775/4, 61, 29)
(40389/2, 61, 29)
(20195, 60, 28)
(80781/4, 65, 31)
(40391/2, 65, 31)
(80783/4, 60, 28)
(20196, 65, 31)
(80785/4, 60, 28)
(40393/2, 65, 31)
(80787/4, 64, 30)
(20197, 60, 28)
(80789/4, 67, 32)
(20198, 67, 32)
(80793/4, 60, 28)
(40397/2, 67, 32)
(80795/4, 64, 30)
(20199, 67, 32)
(80797/4, 67, 32)
(40399/2, 70, 34)
(40401/2, 70, 34)
(80803/4, 68, 33)
(20201, 73, 36)
(80805/4, 70, 34)
(161613/8, 67, 32)
(161615/8, 72, 35)
(161617/8, 72, 35)
(161619/8, 68, 33)
(161621/8, 65, 31)
(20204, 65, 31)
(80817/4, 68, 33)
(40409/2, 70, 34)
(80819/4, 70, 34)
(20207, 65, 31)
(20210, 64, 30)
(80841/4, 60, 28)
(40421/2, 53, 24)
(20216, 53, 24)
(80865/4, 56, 26)
(40433/2, 56, 26)
(80867/4, 53, 24)
(20217, 58, 27)
(80869/4, 55, 25)
(40435/2, 55, 25)
(20219, 56, 26)
(20223, 55, 25)
(20225, 55, 25)
(20225, 58, 27)
(40451/2, 56, 26)
(20232, 55, 25)
(20232, 58, 27)
(40467/2, 55, 25)
(40467/2, 58, 27)
(20234, 55, 25)
(20234, 58, 27)
(20237, 56, 26)
(20243, 51, 23)
(20244, 51, 23)
(40489/2, 51, 23)
(20245, 51, 23)
(40491/2, 51, 23)
(20249, 51, 23)
(20249, 55, 25)
(20250, 51, 23)
(20250, 55, 25)
(40501/2, 51, 23)
(40501/2, 55, 25)
(20251, 51, 23)
(20251, 55, 25)
(40503/2, 51, 23)
(40503/2, 55, 25)
(20252, 51, 23)
(20252, 56, 26)
(40505/2, 56, 26)
(20253, 56, 26)
(20255, 58, 27)
(20256, 58, 27)
(20258, 62, 29)
(20261, 63, 30)
(40523/2, 61, 29)
(20262, 60, 28)
(20266, 58, 27)
(40533/2, 60, 28)
(20267, 51, 23)
(20267, 56, 26)
(40537/2, 51, 23)
(20269, 51, 23)
(40539/2, 51, 23)
(20273, 55, 25)
(40547/2, 55, 25)
(20274, 49, 22)
(40549/2, 49, 22)
(20276, 48, 21)
(20277, 51, 23)
(20279, 56, 26)
(20280, 56, 26)
(40561/2, 56, 26)
(20291, 58, 27)
(20294, 56, 26)
(81185/4, 60, 28)
(81185/4, 61, 29)
(40593/2, 58, 27)
(81187/4, 56, 26)
(20297, 63, 30)
(81189/4, 61, 29)
(20300, 63, 30)
(81201/4, 68, 33)
(40601/2, 72, 35)
(81203/4, 70, 34)
(20301, 68, 33)
(81205/4, 67, 32)
(40603/2, 65, 31)
(81207/4, 63, 30)
(20302, 62, 29)
(81209/4, 56, 26)
(81209/4, 60, 28)
(81209/4, 72, 35)
(20303, 70, 34)
(81213/4, 65, 31)
(40607/2, 67, 32)
(81215/4, 68, 33)
(20304, 67, 32)
(81217/4, 70, 34)
(40609/2, 68, 33)
(81219/4, 67, 32)
(20305, 63, 30)
(162443/8, 55, 25)
(20306, 56, 26)
(20311, 55, 24)
(20311, 63, 30)
(20312, 63, 30)
(40625/2, 60, 28)
(20313, 61, 29)
(81255/4, 63, 30)
(81257/4, 56, 26)
(20315, 53, 24)
(20315, 56, 26)
(20318, 55, 25)
(20319, 54, 25)
(20321, 53, 24)
(20322, 52, 24)
(20324, 51, 23)
(20327, 56, 26)
(20329, 63, 30)
(20330, 63, 30)
(20331, 60, 28)
(81325/4, 65, 31)
(20333, 62, 29)
(40667/2, 63, 30)
(20340, 61, 29)
(40685/2, 60, 28)
(20343, 61, 29)
(40687/2, 58, 27)
(20344, 58, 27)
(20345, 60, 28)
(40691/2, 58, 27)
(40693/2, 61, 29)
(20348, 60, 28)
(20349, 67, 32)
(40701/2, 58, 27)
(40701/2, 67, 32)
(20351, 67, 32)
(20352, 65, 31)
(20354, 53, 24)
(20355, 51, 23)
(20357, 53, 24)
(20358, 58, 27)
(20360, 56, 26)
(81441/4, 61, 29)
(81445/4, 61, 29)
(40723/2, 56, 26)
(81449/4, 61, 29)
(40725/2, 56, 26)
(81451/4, 61, 29)
(20363, 63, 30)
(20364, 56, 26)
(81457/4, 63, 30)
(40729/2, 61, 29)
(81459/4, 61, 29)
(20366, 60, 28)
(81465/4, 63, 30)
(40733/2, 63, 30)
(81467/4, 60, 28)
(20367, 60, 28)
(81469/4, 63, 30)
(40735/2, 60, 28)
(81471/4, 63, 30)
(20368, 63, 30)
(81473/4, 60, 28)
(20372, 63, 30)
(40745/2, 63, 30)
(20374, 63, 30)
(40749/2, 63, 30)
(20375, 64, 31)
(20381, 56, 26)
(20381, 63, 30)
(40765/2, 51, 23)
(20384, 51, 23)
(40771/2, 51, 23)
(20387, 51, 23)
(20388, 51, 23)
(20389, 51, 23)
(30000, 56, 26)
(60003/2, 56, 26)
(30002, 56, 26)
(60005/2, 56, 26)
(30003, 56, 26)
(30006, 55, 25)
(30007, 55, 25)
(60015/2, 55, 25)
(30009, 56, 26)
(30015, 41, 17)
(30021, 51, 23)
(30024, 44, 19)
(30025, 44, 19)
(60051/2, 44, 19)
(30026, 44, 19)
(60053/2, 44, 19)
(30027, 44, 19)
(30030, 43, 18)
(60063/2, 43, 18)
(30032, 43, 18)
(60065/2, 39, 16)
(30033, 44, 19)
(60067/2, 44, 19)
(30034, 46, 20)
(30036, 48, 21)
(30037, 48, 21)
(90112/3, 48, 21)
(90113/3, 48, 21)
(30038, 48, 21)
(30050, 51, 23)
(30051, 44, 19)
(30052, 44, 19)
(60105/2, 44, 19)
(30054, 44, 19)
(30057, 56, 26)
(30058, 56, 26)
(60117/2, 56, 26)
(30060, 56, 26)
(30064, 48, 21)
(60129/2, 48, 21)
(30067, 53, 24)
(60135/2, 53, 24)
(30068, 55, 25)
(60137/2, 55, 25)
(30070, 56, 26)
(30078, 44, 19)
(30079, 44, 19)
(60159/2, 44, 19)
(30080, 44, 19)
(60161/2, 44, 19)
(30081, 44, 19)
(30082, 42, 18)
(30083, 41, 17)
(30084, 42, 18)
(30093, 58, 27)
(30094, 58, 27)
(30095, 46, 20)
(30096, 48, 21)
(30097, 50, 22)
(60195/2, 46, 20)
(30098, 51, 23)
(30099, 44, 19)
(30100, 46, 20)
(30101, 46, 20)
(30102, 39, 16)
(120409/4, 43, 18)
(60205/2, 46, 20)
(120411/4, 44, 19)
(30103, 43, 18)
(120413/4, 41, 17)
(60207/2, 39, 16)
(120415/4, 37, 15)
(30104, 36, 14)
(120417/4, 39, 16)
(60209/2, 44, 19)
(120419/4, 48, 21)
(30105, 46, 20)
(120421/4, 44, 19)
(60211/2, 43, 18)
(120423/4, 44, 19)
(30106, 46, 20)
(120425/4, 43, 18)
(60213/2, 39, 16)
(120427/4, 37, 15)
(30107, 36, 14)
(120429/4, 39, 16)
(60215/2, 44, 19)
(120431/4, 48, 21)
(30108, 46, 20)
(120433/4, 51, 23)
(60217/2, 55, 25)
(120435/4, 53, 24)
(30109, 51, 23)
(120437/4, 50, 22)
(60219/2, 48, 21)
(120439/4, 45, 19)
(30110, 48, 21)
(120441/4, 41, 17)
(120441/4, 51, 23)
(60221/2, 54, 25)
(30111, 53, 24)
(30114, 43, 18)
(30116, 44, 19)
(30120, 46, 20)
(90362/3, 47, 21)
(90364/3, 46, 20)
(30123, 46, 20)
(120495/4, 44, 19)
(120495/4, 53, 24)
(30126, 44, 19)
(60253/2, 43, 18)
(30127, 43, 18)
(30129, 42, 18)
(120519/4, 41, 17)
(30130, 41, 17)
(30132, 43, 18)
(30134, 44, 19)
(30135, 46, 20)
(30138, 39, 16)
(30141, 46, 20)
(120565/4, 53, 24)
(60283/2, 53, 24)
(241135/8, 46, 20)
(241137/8, 46, 20)
(241139/8, 53, 24)
(30144, 51, 23)
(30150, 39, 16)
(30151, 39, 16)
(60303/2, 39, 16)
(30152, 39, 16)
(60305/2, 39, 16)
(30153, 39, 16)
(30156, 41, 17)
(30157, 42, 18)
(60315/2, 42, 18)
(30158, 42, 18)
(60317/2, 42, 18)
(30159, 42, 18)
(30162, 43, 18)
(30164, 42, 18)
(30183, 49, 22)
(30184, 48, 21)
(30185, 51, 23)
(30188, 54, 25)
(60377/2, 54, 25)
(30190, 56, 26)
(60383/2, 56, 26)
(30192, 55, 25)
(30193, 58, 27)
(30195, 48, 21)
(120781/4, 53, 24)
(60391/2, 53, 24)
(241567/8, 48, 21)
(241569/8, 53, 24)
(241571/8, 48, 21)
(241573/8, 53, 24)
(241575/8, 52, 23)
(241577/8, 48, 21)
(241579/8, 55, 25)
(241581/8, 48, 21)
(30198, 55, 25)
(120793/4, 48, 21)
(60397/2, 55, 25)
(120795/4, 53, 24)
(30201, 60, 28)
(30202, 53, 24)
(30204, 58, 27)
(30207, 44, 19)
(120829/4, 53, 24)
(60415/2, 53, 24)
(120831/4, 46, 20)
(30208, 36, 14)
(30210, 49, 22)
(30211, 44, 19)
(60425/2, 53, 24)
(120851/4, 53, 24)
(30213, 46, 20)
(120853/4, 49, 22)
(60427/2, 49, 22)
(120855/4, 46, 20)
(30214, 49, 22)
(120857/4, 46, 20)
(60429/2, 46, 20)
(120859/4, 49, 22)
(30215, 46, 20)
(30219, 41, 17)
(30225, 46, 20)
(30226, 48, 21)
(30228, 53, 24)
(30231, 53, 24)
(30232, 53, 24)
(30234, 53, 24)
(30243, 56, 26)
(30244, 44, 19)
(30246, 44, 19)
(30249, 44, 19)
(30258, 53, 24)
(30261, 49, 22)
(30264, 51, 23)
(30267, 44, 19)
(60535/2, 44, 19)
(30270, 37, 15)
(30273, 39, 16)
(30274, 39, 16)
(60549/2, 39, 16)
(30275, 39, 16)
(60551/2, 39, 16)
(30276, 46, 20)
(60553/2, 46, 20)
(30279, 48, 21)
(60559/2, 48, 21)
(30282, 49, 22)
(30285, 49, 22)
(30289, 43, 18)
(30291, 49, 22)
(60585/2, 39, 16)
(30294, 44, 19)
(60601/2, 63, 30)
(30301, 60, 28)
(60603/2, 56, 26)
(30302, 53, 24)
(60605/2, 51, 23)
(30304, 51, 23)
(30305, 49, 22)
(30306, 48, 21)
(121225/4, 49, 22)
(60613/2, 51, 23)
(121227/4, 48, 21)
(121227/4, 49, 22)
(60615/2, 49, 22)
(121231/4, 53, 24)
(30309, 51, 23)
(121237/4, 49, 22)
(121239/4, 49, 22)
(30310, 51, 23)
(121241/4, 48, 21)
(60621/2, 44, 19)
(121243/4, 39, 16)
(121245/4, 44, 19)
(30312, 51, 23)
(121249/4, 48, 21)
(60625/2, 44, 19)
(121251/4, 39, 16)
(242505/8, 44, 19)
(242507/8, 49, 22)
(242509/8, 53, 24)
(242511/8, 48, 21)
(242511/8, 52, 23)
(242511/8, 55, 25)
(242511/8, 51, 23)
(242513/8, 48, 21)
(242515/8, 44, 19)
(30315, 37, 15)
(30316, 46, 20)
(30320, 48, 21)
(30320, 56, 26)
(30321, 48, 21)
(121287/4, 46, 20)
(30324, 48, 21)
(30326, 49, 22)
(30327, 51, 23)
(30329, 49, 22)
(30330, 46, 20)
(30331, 51, 22)
(30333, 51, 23)
(30334, 61, 29)
(121337/4, 60, 28)
(121339/4, 49, 22)
(30335, 46, 20)
(30336, 44, 19)
(30342, 44, 19)
(30343, 49, 22)
(30344, 51, 23)
(30345, 44, 19)
(60693/2, 48, 21)
(30347, 46, 20)
(60695/2, 49, 22)
(30351, 60, 28)
(30352, 61, 29)
(30353, 49, 22)
(30354, 44, 19)
(60721/2, 39, 16)
(60723/2, 42, 18)
(30363, 41, 17)
(30364, 39, 16)
(30366, 44, 19)
(30381, 44, 19)
(30384, 44, 19)
(30387, 44, 19)
(30388, 44, 19)
(30389, 44, 19)
(30390, 44, 19)
