(0, 65, 31)
(1/2, 68, 33)
(1, 72, 35)
(3, 72, 35)
(5, 72, 35)
(13/2, 72, 35)
(7, 72, 35)
(9, 70, 34)
(11, 70, 34)
(25/2, 70, 34)
(13, 73, 36)
(15, 73, 36)
(17, 73, 36)
(37/2, 73, 36)
(19, 73, 36)
(21, 72, 35)
(23, 72, 35)
(49/2, 72, 35)
(25, 75, 37)
(27, 75, 37)
(29, 75, 37)
(61/2, 75, 37)
(31, 75, 37)
(33, 73, 36)
(36, 76, 37)
(73/2, 77, 38)
(37, 72, 35)
(39, 71, 34)
(79/2, 72, 35)
(40, 67, 32)
(42, 70, 34)
(85/2, 68, 33)
(43, 65, 31)
(46, 67, 32)
(46, 65, 31)
(93/2, 64, 30)
(47, 65, 31)
(95/2, 67, 32)
(48, 68, 33)
(97/2, 70, 34)
(49, 67, 32)
(49, 65, 31)
(99/2, 64, 30)
(50, 65, 31)
(101/2, 67, 32)
(51, 68, 33)
(103/2, 65, 31)
(52, 71, 34)
(54, 71, 34)
(56, 71, 34)
(115/2, 71, 34)
(58, 71, 34)
(60, 72, 35)
(61, 74, 36)
(61, 72, 35)
(123/2, 71, 34)
(62, 72, 35)
(125/2, 74, 36)
(63, 75, 37)
(127/2, 72, 35)
(64, 78, 38)
(66, 78, 38)
(68, 78, 38)
(139/2, 78, 38)
(70, 78, 38)
(72, 79, 39)
(73, 68, 33)
(73, 67, 32)
(147/2, 66, 31)
(74, 67, 32)
(149/2, 69, 33)
(75, 71, 34)
(151/2, 67, 32)
(76, 72, 35)
(79, 68, 33)
(82, 67, 32)
(83, 63, 30)
(84, 65, 31)
(85, 67, 32)
(86, 63, 30)
(87, 60, 28)
(88, 72, 35)
(91, 68, 33)
(94, 67, 32)
(95, 63, 30)
(96, 65, 31)
(97, 67, 32)
(98, 63, 30)
(99, 60, 28)
(100, 72, 35)
(103, 74, 36)
(106, 76, 37)
(107, 74, 36)
(108, 76, 37)
(109, 77, 38)
(110, 80, 40)
(111, 84, 42)
(112, 87, 44)
(115, 84, 42)
(118, 83, 41)
(121, 84, 42)
(122, 87, 44)
(123, 84, 42)
(124, 83, 41)
(127, 84, 42)
(128, 87, 44)
(129, 84, 42)
(130, 83, 41)
(133, 83, 41)
(136, 83, 41)
(139, 83, 41)
(142, 72, 35)
(142, 84, 42)
(145, 72, 35)
(145, 84, 42)
(148, 72, 35)
(148, 84, 42)
(151, 72, 35)
(151, 84, 42)
(153, 65, 31)
(307/2, 68, 33)
(154, 72, 35)
(156, 72, 35)
(158, 72, 35)
(319/2, 72, 35)
(160, 72, 35)
(162, 70, 34)
(164, 70, 34)
(331/2, 70, 34)
(166, 73, 36)
(168, 73, 36)
(170, 73, 36)
(343/2, 73, 36)
(172, 73, 36)
(174, 72, 35)
(176, 72, 35)
(355/2, 72, 35)
(178, 75, 37)
(180, 75, 37)
(182, 75, 37)
(367/2, 75, 37)
(184, 75, 37)
(186, 73, 36)
(189, 76, 37)
(379/2, 77, 38)
(190, 72, 35)
(192, 71, 34)
(385/2, 72, 35)
(193, 67, 32)
(195, 70, 34)
(391/2, 68, 33)
(196, 65, 31)
(198, 77, 38)
(201, 76, 37)
(403/2, 77, 38)
(202, 72, 35)
(204, 71, 34)
(409/2, 72, 35)
(205, 67, 32)
(207, 70, 34)
(415/2, 68, 33)
(208, 65, 31)
(210, 77, 38)
(213, 72, 35)
(427/2, 70, 34)
(216, 79, 39)
(219, 73, 36)
(439/2, 72, 35)
(222, 79, 39)
(445/2, 77, 38)
(225, 79, 39)
(451/2, 77, 38)
(228, 79, 39)
(457/2, 77, 38)
(231, 79, 39)
(463/2, 77, 38)
(234, 79, 39)
(469/2, 77, 38)
(237, 76, 37)
(475/2, 77, 38)
(238, 72, 35)
(243, 71, 34)
(487/2, 72, 35)
(244, 65, 31)
(249, 64, 30)
(499/2, 65, 31)
(250, 60, 28)
(253, 64, 30)
(256, 65, 31)
(259, 67, 32)
(259, 65, 31)
(519/2, 64, 30)
(260, 65, 31)
(521/2, 67, 32)
(261, 68, 33)
(523/2, 65, 31)
(312, 65, 31)
(313, 67, 32)
(315, 70, 34)
(316, 68, 33)
(318, 67, 32)
(319, 68, 33)
(321, 67, 32)
(322, 65, 31)
(324, 68, 33)
(325, 67, 32)
(326, 68, 33)
(327, 70, 34)
(328, 70, 34)
(329, 68, 33)
(330, 67, 32)
(331, 68, 33)
(333, 67, 32)
(334, 65, 31)
(336, 68, 33)
(337, 67, 32)
(339, 70, 34)
(340, 68, 33)
(342, 65, 31)
(343, 63, 30)
(345, 58, 27)
(346, 61, 29)
(350, 58, 27)
(351, 60, 28)
(352, 61, 29)
(353, 58, 27)
(354, 63, 30)
(355, 60, 28)
(360, 63, 30)
(361, 63, 30)
(363, 66, 32)
(364, 65, 31)
(366, 63, 30)
(367, 72, 35)
(369, 63, 30)
(370, 63, 30)
(372, 63, 30)
(373, 63, 30)
(374, 66, 32)
(375, 65, 31)
(376, 63, 30)
(377, 62, 29)
(378, 63, 30)
(379, 72, 35)
(381, 65, 31)
(382, 65, 31)
(384, 65, 31)
(385, 65, 31)
(387, 68, 33)
(388, 67, 32)
(390, 65, 31)
(391, 74, 36)
(393, 65, 31)
(394, 65, 31)
(396, 65, 31)
(397, 67, 32)
(397, 65, 31)
(398, 64, 30)
(399, 65, 31)
(400, 65, 31)
(401, 64, 30)
(402, 65, 31)
(403, 74, 36)
(405, 67, 32)
(406, 67, 32)
(408, 67, 32)
(409, 67, 32)
(411, 68, 33)
(412, 70, 34)
(417, 68, 33)
(418, 67, 32)
(420, 65, 31)
(421, 67, 32)
(422, 68, 33)
(423, 70, 34)
(424, 70, 34)
(429, 68, 33)
(430, 67, 32)
(432, 65, 31)
(433, 67, 32)
(435, 70, 34)
(436, 68, 33)
(438, 67, 32)
(439, 72, 35)
(441, 68, 33)
(442, 65, 31)
(444, 68, 33)
(445, 67, 32)
(446, 68, 33)
(447, 70, 34)
(448, 70, 34)
(449, 68, 33)
(450, 67, 32)
(451, 72, 35)
(453, 68, 33)
(454, 65, 31)
(456, 68, 33)
(457, 67, 32)
(459, 70, 34)
(460, 68, 33)
(462, 65, 31)
(463, 63, 30)
(465, 58, 27)
(466, 61, 29)
(470, 58, 27)
(471, 60, 28)
(472, 61, 29)
(473, 58, 27)
(474, 63, 30)
(475, 60, 28)
(477, 60, 28)
(478, 61, 29)
(482, 58, 27)
(483, 60, 28)
(484, 61, 29)
(485, 58, 27)
(486, 63, 30)
(487, 60, 28)
(489, 60, 28)
(490, 61, 29)
(495, 58, 27)
(496, 61, 29)
(498, 58, 27)
(501, 67, 32)
(502, 70, 34)
(504, 67, 32)
(507, 58, 27)
(508, 61, 29)
(510, 58, 27)
(511, 70, 34)
(513, 67, 32)
(514, 73, 36)
(516, 70, 34)
(517, 73, 36)
(519, 70, 34)
(520, 73, 36)
(522, 70, 34)
(523, 73, 36)
(524, 70, 34)
(525, 73, 36)
(526, 70, 34)
(527, 73, 36)
(528, 70, 34)
(529, 73, 36)
(1059/2, 70, 34)
(530, 73, 36)
(1061/2, 70, 34)
(531, 73, 36)
(1063/2, 70, 34)
(532, 73, 36)
(1065/2, 70, 34)
(533, 73, 36)
(1067/2, 70, 34)
(534, 73, 36)
(1069/2, 70, 34)
(535, 73, 36)
(1071/2, 70, 34)
(536, 73, 36)
(1073/2, 70, 34)
(537, 73, 36)
(1075/2, 70, 34)
(538, 73, 36)
(1077/2, 70, 34)
(539, 73, 36)
(1079/2, 70, 34)
(540, 73, 36)
(1081/2, 70, 34)
(541, 72, 35)
(543, 72, 35)
(545, 72, 35)
(1093/2, 72, 35)
(547, 72, 35)
(549, 70, 34)
(551, 70, 34)
(1105/2, 70, 34)
(553, 73, 36)
(555, 73, 36)
(557, 73, 36)
(1117/2, 73, 36)
(559, 73, 36)
(561, 72, 35)
(563, 72, 35)
(1129/2, 72, 35)
(565, 75, 37)
(567, 75, 37)
(569, 75, 37)
(1141/2, 75, 37)
(571, 75, 37)
(573, 73, 36)
(576, 76, 37)
(1153/2, 77, 38)
(577, 72, 35)
(579, 71, 34)
(1159/2, 72, 35)
(580, 67, 32)
(582, 70, 34)
(1165/2, 68, 33)
(583, 65, 31)
(586, 67, 32)
(586, 65, 31)
(1173/2, 64, 30)
(587, 65, 31)
(1175/2, 67, 32)
(588, 68, 33)
(1177/2, 65, 31)
(589, 71, 34)
(591, 71, 34)
(593, 71, 34)
(1189/2, 71, 34)
(595, 71, 34)
(597, 72, 35)
(598, 74, 36)
(598, 72, 35)
(1197/2, 71, 34)
(599, 72, 35)
(1199/2, 74, 36)
(600, 75, 37)
(1201/2, 72, 35)
(601, 78, 38)
(603, 78, 38)
(605, 78, 38)
(1213/2, 78, 38)
(607, 78, 38)
(609, 79, 39)
(610, 68, 33)
(610, 67, 32)
(1221/2, 66, 31)
(611, 67, 32)
(1223/2, 69, 33)
(612, 71, 34)
(1225/2, 67, 32)
(613, 72, 35)
(616, 68, 33)
(619, 67, 32)
(620, 63, 30)
(621, 65, 31)
(622, 67, 32)
(623, 63, 30)
(624, 60, 28)
(625, 72, 35)
(628, 68, 33)
(631, 67, 32)
(632, 63, 30)
(633, 65, 31)
(634, 67, 32)
(635, 63, 30)
(636, 60, 28)
(637, 72, 35)
(640, 74, 36)
(643, 76, 37)
(644, 74, 36)
(645, 76, 37)
(646, 77, 38)
(647, 80, 40)
(648, 84, 42)
(649, 87, 44)
(652, 84, 42)
(655, 83, 41)
(658, 84, 42)
(659, 87, 44)
(660, 84, 42)
(661, 83, 41)
(664, 84, 42)
(665, 87, 44)
(666, 84, 42)
(667, 83, 41)
(670, 83, 41)
(673, 83, 41)
(676, 83, 41)
(679, 72, 35)
(679, 84, 42)
(682, 72, 35)
(682, 84, 42)
(685, 72, 35)
(685, 84, 42)
(688, 72, 35)
(688, 84, 42)
(690, 65, 31)
(1381/2, 68, 33)
(691, 72, 35)
(693, 72, 35)
(695, 72, 35)
(1393/2, 72, 35)
(697, 72, 35)
(699, 70, 34)
(701, 70, 34)
(1405/2, 70, 34)
(703, 73, 36)
(705, 73, 36)
(707, 73, 36)
(1417/2, 73, 36)
(709, 73, 36)
(711, 72, 35)
(713, 72, 35)
(1429/2, 72, 35)
(715, 75, 37)
(717, 75, 37)
(719, 75, 37)
(1441/2, 75, 37)
(721, 75, 37)
(723, 73, 36)
(726, 76, 37)
(1453/2, 77, 38)
(727, 72, 35)
(729, 71, 34)
(1459/2, 72, 35)
(730, 67, 32)
(732, 70, 34)
(1465/2, 68, 33)
(733, 65, 31)
(735, 77, 38)
(738, 76, 37)
(1477/2, 77, 38)
(739, 72, 35)
(741, 71, 34)
(1483/2, 72, 35)
(742, 67, 32)
(744, 70, 34)
(1489/2, 68, 33)
(745, 65, 31)
(747, 77, 38)
(750, 72, 35)
(1501/2, 70, 34)
(753, 79, 39)
(756, 73, 36)
(1513/2, 72, 35)
(759, 79, 39)
(1519/2, 77, 38)
(762, 79, 39)
(1525/2, 77, 38)
(765, 79, 39)
(1531/2, 77, 38)
(768, 79, 39)
(1537/2, 77, 38)
(771, 79, 39)
(1543/2, 77, 38)
(774, 76, 37)
(1549/2, 77, 38)
(775, 72, 35)
(780, 71, 34)
(1561/2, 72, 35)
(781, 65, 31)
(786, 64, 30)
(1573/2, 65, 31)
(787, 60, 28)
(790, 64, 30)
(793, 65, 31)
(801, 67, 32)
(802, 68, 33)
(804, 70, 34)
(805, 68, 33)
(807, 67, 32)
(808, 65, 31)
(812, 67, 32)
(813, 67, 32)
(814, 67, 32)
(815, 68, 33)
(816, 70, 34)
(817, 68, 33)
(819, 67, 32)
(820, 65, 31)
(825, 66, 32)
(826, 65, 31)
(831, 66, 32)
(832, 65, 31)
(837, 66, 32)
(838, 65, 31)
(840, 66, 32)
(841, 65, 31)
(843, 66, 32)
(844, 65, 31)
(849, 64, 30)
(850, 65, 31)
(855, 66, 32)
(856, 65, 31)
(861, 64, 30)
(862, 65, 31)
(867, 66, 32)
(868, 65, 31)
(870, 66, 32)
(871, 65, 31)
(1743/2, 64, 30)
(872, 65, 31)
(1745/2, 64, 30)
(873, 65, 31)
(1747/2, 64, 30)
(874, 65, 31)
(1749/2, 64, 30)
(875, 65, 31)
(1751/2, 64, 30)
(876, 65, 31)
(1753/2, 64, 30)
(877, 65, 31)
(1755/2, 64, 30)
(878, 65, 31)
(1757/2, 64, 30)
(879, 65, 31)
(1759/2, 64, 30)
(880, 65, 31)
(1761/2, 64, 30)
(881, 65, 31)
(1763/2, 64, 30)
(882, 63, 29)
(1765/2, 64, 30)
(883, 65, 31)
(889, 65, 31)
(895, 65, 31)
(901, 65, 31)
(904, 65, 31)
(907, 65, 31)
(10001, 60, 28)
(10002, 60, 28)
(10004, 60, 28)
(10006, 60, 28)
(10007, 61, 29)
(10008, 61, 29)
(10010, 61, 29)
(10012, 61, 29)
(10014, 61, 29)
(10016, 61, 29)
(10018, 61, 29)
(10019, 63, 30)
(10020, 63, 30)
(10022, 63, 30)
(10024, 63, 30)
(10025, 65, 31)
(10026, 65, 31)
(10028, 65, 31)
(10030, 65, 31)
(10032, 65, 31)
(10034, 61, 29)
(10035, 61, 29)
(10037, 60, 28)
(10038, 60, 28)
(10040, 58, 27)
(10041, 58, 27)
(10043, 56, 26)
(10044, 56, 26)
(10052, 65, 31)
(10053, 65, 31)
(10055, 65, 31)
(10057, 65, 31)
(10058, 55, 25)
(10058, 63, 30)
(10059, 55, 25)
(10059, 63, 30)
(10061, 55, 25)
(10061, 63, 30)
(10063, 55, 25)
(10063, 63, 30)
(10064, 69, 33)
(10065, 69, 33)
(10067, 69, 33)
(10069, 69, 33)
(10070, 62, 29)
(10071, 62, 29)
(10073, 68, 33)
(10073, 67, 32)
(20147/2, 66, 31)
(10074, 67, 32)
(20149/2, 69, 33)
(10075, 71, 34)
(20151/2, 67, 32)
(10076, 72, 35)
(10079, 68, 33)
(10082, 67, 32)
(10083, 63, 30)
(10084, 65, 31)
(10085, 67, 32)
(10086, 63, 30)
(10087, 60, 28)
(10088, 72, 35)
(10091, 68, 33)
(10094, 67, 32)
(10095, 63, 30)
(10096, 65, 31)
(10097, 67, 32)
(10098, 63, 30)
(10099, 60, 28)
(10100, 67, 32)
(10103, 68, 33)
(10106, 72, 35)
(10107, 72, 35)
(10108, 72, 35)
(10109, 72, 35)
(10110, 77, 38)
(10111, 72, 35)
(10112, 72, 35)
(10115, 69, 33)
(10118, 68, 33)
(10119, 67, 32)
(10120, 65, 31)
(10121, 63, 30)
(10123, 65, 31)
(20247/2, 67, 32)
(10124, 68, 33)
(10125, 67, 32)
(10126, 65, 31)
(10127, 63, 30)
(10129, 65, 31)
(20259/2, 67, 32)
(10130, 68, 33)
(10131, 67, 32)
(10132, 65, 31)
(10133, 68, 33)
(10134, 67, 32)
(10135, 65, 31)
(10136, 68, 33)
(10137, 67, 32)
(10138, 65, 31)
(10139, 68, 33)
(10140, 67, 32)
(10142, 65, 31)
(10145, 65, 31)
(10148, 65, 31)
(10151, 65, 31)
(10154, 60, 28)
(20309/2, 60, 28)
(10155, 55, 25)
(20311/2, 55, 25)
(10156, 60, 28)
(20313/2, 60, 28)
(10157, 55, 25)
(20315/2, 55, 25)
(10158, 60, 28)
(20317/2, 60, 28)
(10159, 55, 25)
(20319/2, 55, 25)
(10160, 61, 29)
(20321/2, 61, 29)
(10161, 56, 26)
(20323/2, 56, 26)
(10162, 61, 29)
(20325/2, 61, 29)
(10163, 56, 26)
(20327/2, 56, 26)
(10164, 61, 29)
(20329/2, 61, 29)
(10165, 56, 26)
(20331/2, 56, 26)
(10166, 61, 29)
(20333/2, 61, 29)
(10167, 58, 27)
(20335/2, 58, 27)
(10168, 61, 29)
(20337/2, 61, 29)
(10169, 58, 27)
(20339/2, 58, 27)
(10170, 61, 29)
(20341/2, 61, 29)
(10171, 58, 27)
(20343/2, 58, 27)
(10172, 63, 30)
(20345/2, 63, 30)
(10173, 58, 27)
(20347/2, 58, 27)
(10174, 63, 30)
(20349/2, 63, 30)
(10175, 60, 28)
(20351/2, 60, 28)
(10176, 63, 30)
(20353/2, 63, 30)
(10177, 60, 28)
(20355/2, 60, 28)
(10178, 65, 31)
(20357/2, 65, 31)
(10179, 60, 28)
(20359/2, 60, 28)
(10180, 65, 31)
(20361/2, 65, 31)
(10181, 60, 28)
(20363/2, 60, 28)
(10182, 65, 31)
(20365/2, 65, 31)
(10183, 60, 28)
(20367/2, 60, 28)
(10184, 65, 31)
(20369/2, 65, 31)
(10185, 58, 27)
(20371/2, 58, 27)
(10186, 65, 31)
(20373/2, 65, 31)
(10187, 61, 29)
(10188, 61, 29)
(10190, 60, 28)
(10191, 60, 28)
(10193, 58, 27)
(10194, 58, 27)
(10196, 56, 26)
(10197, 56, 26)
(10199, 61, 29)
(10200, 61, 29)
(10202, 60, 28)
(10203, 60, 28)
(10205, 58, 27)
(10206, 58, 27)
(10208, 56, 26)
(10209, 56, 26)
(10211, 58, 27)
(10212, 58, 27)
(10214, 58, 27)
(10215, 58, 27)
(10217, 60, 28)
(10218, 60, 28)
(10220, 60, 28)
(10221, 60, 28)
(10223, 64, 30)
(10224, 64, 30)
(10226, 65, 31)
(10227, 65, 31)
(10229, 67, 32)
(10230, 67, 32)
(10232, 67, 32)
(10237, 64, 30)
(20475/2, 65, 31)
(10238, 60, 28)
(10249, 64, 30)
(20499/2, 65, 31)
(10250, 60, 28)
(10253, 60, 28)
(10256, 60, 28)
(10312, 56, 26)
(10313, 58, 27)
(10315, 61, 29)
(10316, 60, 28)
(10318, 58, 27)
(10319, 60, 28)
(10321, 58, 27)
(10322, 56, 26)
(10324, 60, 28)
(10325, 58, 27)
(10326, 60, 28)
(10327, 61, 29)
(10328, 61, 29)
(10329, 60, 28)
(10330, 58, 27)
(10331, 60, 28)
(10333, 58, 27)
(10334, 56, 26)
(10336, 60, 28)
(10337, 58, 27)
(10339, 61, 29)
(10340, 59, 28)
(10342, 56, 26)
(10343, 55, 25)
(10345, 58, 27)
(10346, 55, 25)
(10355, 56, 26)
(10360, 58, 27)
(10361, 57, 26)
(10364, 58, 27)
(10367, 57, 26)
(10372, 58, 27)
(10373, 57, 26)
(10376, 58, 27)
(10379, 57, 26)
(10382, 56, 26)
(10384, 60, 28)
(10385, 59, 27)
(10388, 60, 28)
(10391, 59, 27)
(10396, 60, 28)
(10397, 59, 27)
(10400, 60, 28)
(10403, 59, 27)
(10408, 58, 27)
(10409, 58, 27)
(10411, 60, 28)
(10412, 61, 29)
(10417, 60, 28)
(10418, 58, 27)
(10420, 56, 26)
(10421, 58, 27)
(10422, 60, 28)
(10423, 61, 29)
(10424, 61, 29)
(10429, 60, 28)
(10430, 58, 27)
(10432, 56, 26)
(10433, 58, 27)
(10435, 61, 29)
(10436, 60, 28)
(10438, 58, 27)
(10439, 56, 26)
(10441, 60, 28)
(10442, 56, 26)
(10444, 60, 28)
(10445, 58, 27)
(10446, 60, 28)
(10447, 61, 29)
(10448, 61, 29)
(10449, 60, 28)
(10450, 58, 27)
(10451, 56, 26)
(10453, 60, 28)
(10454, 56, 26)
(10456, 60, 28)
(10457, 58, 27)
(10459, 61, 29)
(10460, 59, 28)
(10462, 56, 26)
(10463, 55, 25)
(10465, 58, 27)
(10466, 55, 25)
(10475, 56, 26)
(10477, 56, 26)
(10478, 55, 25)
(10487, 56, 26)
(10490, 55, 25)
(10495, 55, 25)
(10496, 58, 27)
(10498, 55, 25)
(10501, 58, 27)
(10502, 61, 29)
(10504, 58, 27)
(10507, 55, 25)
(10508, 58, 27)
(10510, 55, 25)
(10511, 61, 29)
(10513, 58, 27)
(10514, 70, 34)
(10516, 67, 32)
(10517, 70, 34)
(10519, 67, 32)
(10520, 70, 34)
(10522, 67, 32)
(10523, 70, 34)
(10524, 67, 32)
(10525, 70, 34)
(10526, 67, 32)
(10527, 70, 34)
(10528, 67, 32)
(10529, 70, 34)
(21059/2, 61, 29)
(10530, 70, 34)
(21061/2, 61, 29)
(10531, 70, 34)
(21063/2, 61, 29)
(10532, 70, 34)
(21065/2, 61, 29)
(10533, 70, 34)
(21067/2, 61, 29)
(10534, 70, 34)
(21069/2, 61, 29)
(10535, 70, 34)
(21071/2, 61, 29)
(10536, 70, 34)
(21073/2, 61, 29)
(10537, 70, 34)
(21075/2, 61, 29)
(10538, 70, 34)
(21077/2, 61, 29)
(10539, 70, 34)
(21079/2, 61, 29)
(10540, 70, 34)
(21081/2, 61, 29)
(10541, 60, 28)
(10542, 60, 28)
(10544, 60, 28)
(10546, 60, 28)
(10547, 61, 29)
(10548, 61, 29)
(10550, 61, 29)
(10552, 61, 29)
(10554, 61, 29)
(10556, 61, 29)
(10558, 61, 29)
(10559, 63, 30)
(10560, 63, 30)
(10562, 63, 30)
(10564, 63, 30)
(10565, 65, 31)
(10566, 65, 31)
(10568, 65, 31)
(10570, 65, 31)
(10572, 65, 31)
(10574, 61, 29)
(10575, 61, 29)
(10577, 60, 28)
(10578, 60, 28)
(10580, 58, 27)
(10581, 58, 27)
(10583, 56, 26)
(10584, 56, 26)
(10589, 65, 31)
(10590, 65, 31)
(10592, 65, 31)
(10594, 65, 31)
(10595, 55, 25)
(10595, 63, 30)
(10596, 55, 25)
(10596, 63, 30)
(10598, 55, 25)
(10598, 63, 30)
(10600, 55, 25)
(10600, 63, 30)
(10601, 69, 33)
(10602, 69, 33)
(10604, 69, 33)
(10606, 69, 33)
(10607, 62, 29)
(10608, 62, 29)
(10610, 68, 33)
(10610, 67, 32)
(21221/2, 66, 31)
(10611, 67, 32)
(21223/2, 69, 33)
(10612, 71, 34)
(21225/2, 67, 32)
(10613, 72, 35)
(10616, 68, 33)
(10619, 67, 32)
(10620, 63, 30)
(10621, 65, 31)
(10622, 67, 32)
(10623, 63, 30)
(10624, 60, 28)
(10625, 72, 35)
(10628, 68, 33)
(10631, 67, 32)
(10632, 63, 30)
(10633, 65, 31)
(10634, 67, 32)
(10635, 63, 30)
(10636, 60, 28)
(10637, 67, 32)
(10640, 68, 33)
(10643, 72, 35)
(10644, 72, 35)
(10645, 72, 35)
(10646, 72, 35)
(10647, 77, 38)
(10648, 72, 35)
(10649, 72, 35)
(10652, 69, 33)
(10655, 68, 33)
(10656, 67, 32)
(10657, 65, 31)
(10658, 63, 30)
(10660, 65, 31)
(21321/2, 67, 32)
(10661, 68, 33)
(10662, 67, 32)
(10663, 65, 31)
(10664, 63, 30)
(10666, 65, 31)
(21333/2, 67, 32)
(10667, 68, 33)
(10668, 67, 32)
(10669, 65, 31)
(10670, 68, 33)
(10671, 67, 32)
(10672, 65, 31)
(10673, 68, 33)
(10674, 67, 32)
(10675, 65, 31)
(10676, 68, 33)
(10677, 67, 32)
(10679, 65, 31)
(10682, 65, 31)
(10685, 65, 31)
(10688, 65, 31)
(10691, 60, 28)
(21383/2, 60, 28)
(10692, 55, 25)
(21385/2, 55, 25)
(10693, 60, 28)
(21387/2, 60, 28)
(10694, 55, 25)
(21389/2, 55, 25)
(10695, 60, 28)
(21391/2, 60, 28)
(10696, 55, 25)
(21393/2, 55, 25)
(10697, 61, 29)
(21395/2, 61, 29)
(10698, 56, 26)
(21397/2, 56, 26)
(10699, 61, 29)
(21399/2, 61, 29)
(10700, 56, 26)
(21401/2, 56, 26)
(10701, 61, 29)
(21403/2, 61, 29)
(10702, 56, 26)
(21405/2, 56, 26)
(10703, 61, 29)
(21407/2, 61, 29)
(10704, 58, 27)
(21409/2, 58, 27)
(10705, 61, 29)
(21411/2, 61, 29)
(10706, 58, 27)
(21413/2, 58, 27)
(10707, 61, 29)
(21415/2, 61, 29)
(10708, 58, 27)
(21417/2, 58, 27)
(10709, 63, 30)
(21419/2, 63, 30)
(10710, 58, 27)
(21421/2, 58, 27)
(10711, 63, 30)
(21423/2, 63, 30)
(10712, 60, 28)
(21425/2, 60, 28)
(10713, 63, 30)
(21427/2, 63, 30)
(10714, 60, 28)
(21429/2, 60, 28)
(10715, 65, 31)
(21431/2, 65, 31)
(10716, 60, 28)
(21433/2, 60, 28)
(10717, 65, 31)
(21435/2, 65, 31)
(10718, 60, 28)
(21437/2, 60, 28)
(10719, 65, 31)
(21439/2, 65, 31)
(10720, 60, 28)
(21441/2, 60, 28)
(10721, 65, 31)
(21443/2, 65, 31)
(10722, 58, 27)
(21445/2, 58, 27)
(10723, 65, 31)
(21447/2, 65, 31)
(10724, 61, 29)
(10725, 61, 29)
(10727, 60, 28)
(10728, 60, 28)
(10730, 58, 27)
(10731, 58, 27)
(10733, 56, 26)
(10734, 56, 26)
(10736, 61, 29)
(10737, 61, 29)
(10739, 60, 28)
(10740, 60, 28)
(10742, 58, 27)
(10743, 58, 27)
(10745, 56, 26)
(10746, 56, 26)
(10748, 58, 27)
(10749, 58, 27)
(10751, 58, 27)
(10752, 58, 27)
(10754, 60, 28)
(10755, 60, 28)
(10757, 60, 28)
(10758, 60, 28)
(10760, 64, 30)
(10761, 64, 30)
(10763, 65, 31)
(10764, 65, 31)
(10766, 67, 32)
(10767, 67, 32)
(10769, 67, 32)
(10774, 64, 30)
(21549/2, 65, 31)
(10775, 60, 28)
(10786, 64, 30)
(21573/2, 65, 31)
(10787, 60, 28)
(10790, 60, 28)
(10793, 60, 28)
(10801, 58, 27)
(10802, 60, 28)
(10804, 61, 29)
(10805, 60, 28)
(10807, 58, 27)
(10808, 56, 26)
(10812, 58, 27)
(10813, 58, 27)
(10814, 58, 27)
(10815, 60, 28)
(10816, 61, 29)
(10817, 60, 28)
(10819, 58, 27)
(10820, 56, 26)
(10825, 58, 27)
(10826, 57, 26)
(10831, 58, 27)
(10832, 61, 29)
(10837, 57, 26)
(10838, 63, 30)
(10840, 57, 26)
(10841, 61, 29)
(10844, 60, 28)
(10846, 63, 30)
(10847, 61, 29)
(10849, 58, 27)
(10850, 57, 26)
(10852, 60, 28)
(10853, 61, 29)
(10856, 60, 28)
(10857, 63, 30)
(10858, 60, 28)
(10859, 61, 29)
(10861, 58, 27)
(10862, 57, 26)
(10864, 60, 28)
(10865, 61, 29)
(10867, 58, 27)
(10868, 61, 29)
(10870, 58, 27)
(10871, 61, 29)
(21743/2, 58, 27)
(10872, 61, 29)
(21745/2, 58, 27)
(10873, 61, 29)
(21747/2, 58, 27)
(10874, 61, 29)
(21749/2, 58, 27)
(10875, 61, 29)
(21751/2, 58, 27)
(10876, 61, 29)
(21753/2, 58, 27)
(10877, 61, 29)
(21755/2, 58, 27)
(10878, 61, 29)
(21757/2, 58, 27)
(10879, 61, 29)
(21759/2, 58, 27)
(10880, 61, 29)
(21761/2, 58, 27)
(10881, 61, 29)
(21763/2, 58, 27)
(10882, 61, 29)
(21765/2, 58, 27)
(10883, 60, 28)
(10889, 60, 28)
(10895, 60, 28)
(10901, 65, 31)
(10904, 65, 31)
(10907, 65, 31)
(20001, 55, 25)
(20002, 55, 25)
(20004, 55, 25)
(20006, 55, 25)
(20007, 56, 26)
(20008, 56, 26)
(20010, 56, 26)
(20012, 56, 26)
(20013, 58, 27)
(20014, 58, 27)
(20016, 58, 27)
(20018, 58, 27)
(20019, 51, 23)
(20020, 51, 23)
(20020, 58, 27)
(20022, 51, 23)
(20022, 60, 28)
(20024, 51, 23)
(20024, 60, 28)
(20025, 53, 24)
(20026, 53, 24)
(20026, 60, 28)
(20028, 53, 24)
(20028, 60, 28)
(20030, 53, 24)
(20030, 60, 28)
(20031, 58, 27)
(20032, 53, 24)
(20032, 58, 27)
(20034, 53, 24)
(20034, 55, 25)
(20035, 53, 24)
(20035, 55, 25)
(20037, 53, 24)
(20037, 56, 26)
(20038, 53, 24)
(20038, 56, 26)
(20040, 52, 23)
(20041, 52, 23)
(20043, 53, 24)
(20044, 53, 24)
(20052, 56, 26)
(20052, 62, 29)
(20053, 56, 26)
(20053, 62, 29)
(20055, 56, 26)
(20055, 62, 29)
(20057, 56, 26)
(20057, 62, 29)
(20058, 60, 28)
(20059, 60, 28)
(20061, 60, 28)
(20063, 60, 28)
(20064, 60, 28)
(20064, 63, 30)
(20065, 60, 28)
(20065, 63, 30)
(20067, 60, 28)
(20067, 63, 30)
(20069, 60, 28)
(20069, 63, 30)
(20070, 59, 27)
(20070, 62, 29)
(20071, 59, 27)
(20071, 62, 29)
(20073, 56, 26)
(20073, 55, 25)
(40147/2, 54, 24)
(20074, 55, 25)
(40149/2, 57, 26)
(20075, 59, 27)
(40151/2, 55, 25)
(20076, 60, 28)
(20079, 56, 26)
(20082, 55, 25)
(20083, 51, 23)
(20084, 53, 24)
(20085, 55, 25)
(20086, 51, 23)
(20087, 48, 21)
(20088, 60, 28)
(20091, 56, 26)
(20094, 55, 25)
(20095, 51, 23)
(20096, 53, 24)
(20097, 55, 25)
(20098, 51, 23)
(20099, 48, 21)
(20100, 63, 30)
(20103, 65, 31)
(20106, 67, 32)
(20107, 65, 31)
(20108, 67, 32)
(20109, 68, 33)
(20110, 72, 35)
(20111, 68, 33)
(20112, 69, 33)
(20114, 60, 28)
(40229/2, 62, 29)
(20115, 63, 30)
(20116, 62, 29)
(20117, 60, 28)
(20118, 65, 31)
(20119, 63, 30)
(20120, 62, 29)
(20121, 60, 28)
(20123, 62, 29)
(40247/2, 63, 30)
(20124, 65, 31)
(20125, 63, 30)
(20126, 62, 29)
(20127, 60, 28)
(20129, 62, 29)
(40259/2, 63, 30)
(20130, 65, 31)
(20131, 63, 30)
(20132, 62, 29)
(20133, 65, 31)
(20134, 63, 30)
(20135, 62, 29)
(20136, 65, 31)
(20137, 63, 30)
(20138, 62, 29)
(20139, 65, 31)
(20140, 63, 30)
(20141, 62, 29)
(20142, 48, 21)
(20142, 60, 28)
(20145, 48, 21)
(20145, 60, 28)
(20148, 48, 21)
(20148, 60, 28)
(20151, 48, 21)
(20151, 60, 28)
(20154, 58, 27)
(40309/2, 58, 27)
(20155, 48, 21)
(40311/2, 48, 21)
(20156, 58, 27)
(40313/2, 58, 27)
(20157, 48, 21)
(40315/2, 48, 21)
(20158, 58, 27)
(40317/2, 58, 27)
(20159, 48, 21)
(40319/2, 48, 21)
(20160, 56, 26)
(40321/2, 56, 26)
(20161, 53, 24)
(40323/2, 53, 24)
(20162, 56, 26)
(40325/2, 56, 26)
(20163, 53, 24)
(40327/2, 53, 24)
(20164, 56, 26)
(40329/2, 56, 26)
(20165, 53, 24)
(40331/2, 53, 24)
(20166, 58, 27)
(40333/2, 58, 27)
(20167, 54, 25)
(40335/2, 54, 25)
(20168, 58, 27)
(40337/2, 58, 27)
(20169, 54, 25)
(40339/2, 54, 25)
(20170, 58, 27)
(40341/2, 58, 27)
(20171, 54, 25)
(40343/2, 54, 25)
(20172, 58, 27)
(40345/2, 58, 27)
(20173, 51, 23)
(40347/2, 51, 23)
(20174, 58, 27)
(40349/2, 58, 27)
(20175, 51, 23)
(40351/2, 51, 23)
(20176, 56, 26)
(40353/2, 56, 26)
(20177, 51, 23)
(40355/2, 51, 23)
(20178, 60, 28)
(40357/2, 60, 28)
(20179, 53, 24)
(40359/2, 53, 24)
(20180, 60, 28)
(40361/2, 60, 28)
(20181, 53, 24)
(40363/2, 53, 24)
(20182, 60, 28)
(40365/2, 60, 28)
(20183, 53, 24)
(40367/2, 53, 24)
(20184, 58, 27)
(40369/2, 58, 27)
(20185, 53, 24)
(40371/2, 53, 24)
(20186, 58, 27)
(40373/2, 58, 27)
(20187, 53, 24)
(20187, 55, 25)
(20188, 53, 24)
(20188, 55, 25)
(20190, 53, 24)
(20190, 56, 26)
(20191, 53, 24)
(20191, 56, 26)
(20193, 52, 23)
(20194, 52, 23)
(20196, 53, 24)
(20197, 53, 24)
(20199, 53, 24)
(20199, 55, 25)
(20200, 53, 24)
(20200, 55, 25)
(20202, 53, 24)
(20202, 56, 26)
(20203, 53, 24)
(20203, 56, 26)
(20205, 52, 23)
(20206, 52, 23)
(20208, 53, 24)
(20209, 53, 24)
(20211, 53, 24)
(20211, 56, 26)
(20212, 53, 24)
(20212, 56, 26)
(20214, 55, 25)
(20215, 55, 25)
(20217, 55, 25)
(20217, 58, 27)
(20218, 55, 25)
(20218, 58, 27)
(20220, 56, 26)
(20221, 56, 26)
(20223, 58, 27)
(20224, 58, 27)
(20226, 60, 28)
(20227, 60, 28)
(20229, 61, 29)
(20230, 61, 29)
(20232, 62, 29)
(20243, 59, 27)
(40487/2, 60, 28)
(20244, 53, 24)
(20249, 52, 23)
(40499/2, 53, 24)
(20250, 48, 21)
(20253, 55, 25)
(20256, 56, 26)
(20262, 53, 24)
(20265, 49, 22)
(20268, 53, 24)
(20269, 52, 23)
(20270, 53, 24)
(20271, 48, 21)
(20274, 53, 24)
(20277, 49, 22)
(20278, 53, 24)
(20279, 52, 23)
(20280, 53, 24)
(20281, 52, 23)
(20282, 53, 24)
(20283, 48, 21)
(20286, 53, 24)
(20289, 49, 22)
(20292, 50, 22)
(20293, 49, 21)
(20294, 50, 22)
(20295, 51, 23)
(20298, 52, 24)
(20304, 51, 23)
(20307, 56, 26)
(20310, 53, 24)
(20313, 49, 22)
(20316, 53, 24)
(20317, 52, 23)
(20318, 53, 24)
(20319, 48, 21)
(20322, 53, 24)
(20325, 49, 22)
(20326, 53, 24)
(20327, 52, 23)
(20328, 53, 24)
(20329, 52, 23)
(20330, 53, 24)
(20331, 48, 21)
(20334, 53, 24)
(20337, 49, 22)
(20340, 50, 22)
(20341, 49, 21)
(20342, 50, 22)
(20343, 51, 23)
(20346, 52, 24)
(20352, 51, 23)
(20355, 56, 26)
(20358, 54, 25)
(20361, 53, 24)
(20364, 54, 25)
(20365, 53, 24)
(20366, 54, 25)
(20367, 53, 24)
(20370, 54, 25)
(20373, 53, 24)
(20376, 54, 25)
(20377, 53, 24)
(20378, 54, 25)
(20379, 53, 24)
(20382, 56, 26)
(20385, 55, 25)
(20388, 56, 26)
(20389, 55, 25)
(20390, 56, 26)
(20391, 55, 25)
(20394, 56, 26)
(20397, 55, 25)
(20398, 56, 26)
(20399, 55, 25)
(20400, 56, 26)
(20401, 55, 25)
(20402, 56, 26)
(20403, 55, 25)
(20406, 53, 24)
(20409, 52, 23)
(20412, 53, 24)
(20413, 52, 23)
(20414, 53, 24)
(20415, 52, 23)
(20418, 53, 24)
(20421, 52, 23)
(20424, 53, 24)
(20425, 52, 23)
(20426, 53, 24)
(20427, 52, 23)
(20430, 53, 24)
(20433, 49, 22)
(20436, 53, 24)
(20437, 52, 23)
(20438, 53, 24)
(20439, 48, 21)
(20442, 53, 24)
(20445, 49, 22)
(20446, 53, 24)
(20447, 52, 23)
(20448, 53, 24)
(20449, 52, 23)
(20450, 53, 24)
(20451, 48, 21)
(20454, 53, 24)
(20457, 49, 22)
(20460, 50, 22)
(20461, 49, 21)
(20462, 50, 22)
(20463, 51, 23)
(20466, 52, 24)
(20472, 51, 23)
(20475, 56, 26)
(20478, 52, 24)
(20484, 51, 23)
(20485, 50, 22)
(20486, 51, 23)
(20487, 56, 26)
(20490, 52, 23)
(20499, 51, 23)
(20505, 52, 23)
(20532, 70, 34)
(41065/2, 69, 33)
(20533, 68, 33)
(41067/2, 67, 32)
(20534, 66, 32)
(41069/2, 65, 31)
(20535, 64, 30)
(20538, 58, 27)
(41077/2, 57, 26)
(20539, 56, 26)
(41079/2, 55, 25)
(20540, 54, 25)
(41081/2, 53, 24)
(20541, 52, 23)
(20542, 55, 25)
(20544, 55, 25)
(20546, 55, 25)
(20547, 56, 26)
(20548, 56, 26)
(20550, 56, 26)
(20552, 56, 26)
(20553, 58, 27)
(20554, 58, 27)
(20556, 58, 27)
(20558, 58, 27)
(20559, 51, 23)
(20560, 51, 23)
(20560, 58, 27)
(20562, 51, 23)
(20562, 60, 28)
(20564, 51, 23)
(20564, 60, 28)
(20565, 53, 24)
(20566, 53, 24)
(20566, 60, 28)
(20568, 53, 24)
(20568, 60, 28)
(20570, 53, 24)
(20570, 60, 28)
(20571, 58, 27)
(20572, 53, 24)
(20572, 58, 27)
(20574, 53, 24)
(20574, 55, 25)
(20575, 53, 24)
(20575, 55, 25)
(20577, 53, 24)
(20577, 56, 26)
(20578, 53, 24)
(20578, 56, 26)
(20580, 52, 23)
(20581, 52, 23)
(20583, 53, 24)
(20584, 53, 24)
(20589, 56, 26)
(20589, 62, 29)
(20590, 56, 26)
(20590, 62, 29)
(20592, 56, 26)
(20592, 62, 29)
(20594, 56, 26)
(20594, 62, 29)
(20595, 60, 28)
(20596, 60, 28)
(20598, 60, 28)
(20600, 60, 28)
(20601, 60, 28)
(20601, 63, 30)
(20602, 60, 28)
(20602, 63, 30)
(20604, 60, 28)
(20604, 63, 30)
(20606, 60, 28)
(20606, 63, 30)
(20607, 59, 27)
(20607, 62, 29)
(20608, 59, 27)
(20608, 62, 29)
(20610, 56, 26)
(20610, 55, 25)
(41221/2, 54, 24)
(20611, 55, 25)
(41223/2, 57, 26)
(20612, 59, 27)
(41225/2, 55, 25)
(20613, 60, 28)
(20616, 56, 26)
(20619, 55, 25)
(20620, 51, 23)
(20621, 53, 24)
(20622, 55, 25)
(20623, 51, 23)
(20624, 48, 21)
(20625, 60, 28)
(20628, 56, 26)
(20631, 55, 25)
(20632, 51, 23)
(20633, 53, 24)
(20634, 55, 25)
(20635, 51, 23)
(20636, 48, 21)
(20637, 63, 30)
(20640, 65, 31)
(20643, 67, 32)
(20644, 65, 31)
(20645, 67, 32)
(20646, 68, 33)
(20647, 72, 35)
(20648, 68, 33)
(20649, 69, 33)
(20651, 60, 28)
(41303/2, 62, 29)
(20652, 63, 30)
(20653, 62, 29)
(20654, 60, 28)
(20655, 65, 31)
(20656, 63, 30)
(20657, 62, 29)
(20658, 60, 28)
(20660, 62, 29)
(41321/2, 63, 30)
(20661, 65, 31)
(20662, 63, 30)
(20663, 62, 29)
(20664, 60, 28)
(20666, 62, 29)
(41333/2, 63, 30)
(20667, 65, 31)
(20668, 63, 30)
(20669, 62, 29)
(20670, 65, 31)
(20671, 63, 30)
(20672, 62, 29)
(20673, 65, 31)
(20674, 63, 30)
(20675, 62, 29)
(20676, 65, 31)
(20677, 63, 30)
(20678, 62, 29)
(20679, 48, 21)
(20679, 60, 28)
(20682, 48, 21)
(20682, 60, 28)
(20685, 48, 21)
(20685, 60, 28)
(20688, 48, 21)
(20688, 60, 28)
(20691, 58, 27)
(41383/2, 58, 27)
(20692, 48, 21)
(41385/2, 48, 21)
(20693, 58, 27)
(41387/2, 58, 27)
(20694, 48, 21)
(41389/2, 48, 21)
(20695, 58, 27)
(41391/2, 58, 27)
(20696, 48, 21)
(41393/2, 48, 21)
(20697, 56, 26)
(41395/2, 56, 26)
(20698, 53, 24)
(41397/2, 53, 24)
(20699, 56, 26)
(41399/2, 56, 26)
(20700, 53, 24)
(41401/2, 53, 24)
(20701, 56, 26)
(41403/2, 56, 26)
(20702, 53, 24)
(41405/2, 53, 24)
(20703, 58, 27)
(41407/2, 58, 27)
(20704, 54, 25)
(41409/2, 54, 25)
(20705, 58, 27)
(41411/2, 58, 27)
(20706, 54, 25)
(41413/2, 54, 25)
(20707, 58, 27)
(41415/2, 58, 27)
(20708, 54, 25)
(41417/2, 54, 25)
(20709, 58, 27)
(41419/2, 58, 27)
(20710, 51, 23)
(41421/2, 51, 23)
(20711, 58, 27)
(41423/2, 58, 27)
(20712, 51, 23)
(41425/2, 51, 23)
(20713, 56, 26)
(41427/2, 56, 26)
(20714, 51, 23)
(41429/2, 51, 23)
(20715, 60, 28)
(41431/2, 60, 28)
(20716, 53, 24)
(41433/2, 53, 24)
(20717, 60, 28)
(41435/2, 60, 28)
(20718, 53, 24)
(41437/2, 53, 24)
(20719, 60, 28)
(41439/2, 60, 28)
(20720, 53, 24)
(41441/2, 53, 24)
(20721, 58, 27)
(41443/2, 58, 27)
(20722, 53, 24)
(41445/2, 53, 24)
(20723, 58, 27)
(41447/2, 58, 27)
(20724, 53, 24)
(20724, 55, 25)
(20725, 53, 24)
(20725, 55, 25)
(20727, 53, 24)
(20727, 56, 26)
(20728, 53, 24)
(20728, 56, 26)
(20730, 52, 23)
(20731, 52, 23)
(20733, 53, 24)
(20734, 53, 24)
(20736, 53, 24)
(20736, 55, 25)
(20737, 53, 24)
(20737, 55, 25)
(20739, 53, 24)
(20739, 56, 26)
(20740, 53, 24)
(20740, 56, 26)
(20742, 52, 23)
(20743, 52, 23)
(20745, 53, 24)
(20746, 53, 24)
(20748, 53, 24)
(20748, 56, 26)
(20749, 53, 24)
(20749, 56, 26)
(20751, 55, 25)
(20752, 55, 25)
(20754, 55, 25)
(20754, 58, 27)
(20755, 55, 25)
(20755, 58, 27)
(20757, 56, 26)
(20758, 56, 26)
(20760, 58, 27)
(20761, 58, 27)
(20763, 60, 28)
(20764, 60, 28)
(20766, 61, 29)
(20767, 61, 29)
(20769, 62, 29)
(20780, 59, 27)
(41561/2, 60, 28)
(20781, 53, 24)
(20786, 52, 23)
(41573/2, 53, 24)
(20787, 48, 21)
(20790, 55, 25)
(20793, 56, 26)
(20796, 53, 24)
(20799, 49, 22)
(20802, 53, 24)
(20803, 52, 23)
(20804, 53, 24)
(20805, 48, 21)
(20808, 53, 24)
(20811, 49, 22)
(20812, 53, 24)
(20813, 52, 23)
(20814, 53, 24)
(20815, 52, 23)
(20816, 53, 24)
(20817, 48, 21)
(20820, 53, 24)
(20823, 51, 23)
(20826, 53, 24)
(20827, 52, 23)
(20828, 53, 24)
(20829, 49, 22)
(20832, 53, 24)
(20835, 48, 21)
(20838, 53, 24)
(20839, 52, 23)
(20840, 53, 24)
(20844, 53, 24)
(20845, 52, 23)
(20846, 53, 24)
(20850, 53, 24)
(20851, 52, 23)
(20852, 53, 24)
(20856, 53, 24)
(20862, 53, 24)
(20863, 52, 23)
(20864, 53, 24)
(20871, 58, 27)
(41743/2, 55, 25)
(20872, 58, 27)
(41745/2, 55, 25)
(20873, 58, 27)
(41747/2, 55, 25)
(20874, 58, 27)
(41749/2, 55, 25)
(20875, 58, 27)
(41751/2, 55, 25)
(20876, 58, 27)
(41753/2, 55, 25)
(20877, 58, 27)
(41755/2, 55, 25)
(20878, 58, 27)
(41757/2, 55, 25)
(20879, 58, 27)
(41759/2, 55, 25)
(20880, 58, 27)
(41761/2, 55, 25)
(20881, 58, 27)
(41763/2, 55, 25)
(20882, 58, 27)
(41765/2, 55, 25)
(20883, 57, 26)
(20889, 57, 26)
(20895, 57, 26)
(20901, 53, 24)
(20904, 53, 24)
(20907, 53, 24)
(30001, 40, 16)
(30002, 40, 16)
(30004, 40, 16)
(30006, 40, 16)
(30007, 41, 17)
(30008, 41, 17)
(30010, 41, 17)
(30012, 41, 17)
(30013, 42, 18)
(30014, 42, 18)
(30016, 42, 18)
(30018, 42, 18)
(30019, 43, 18)
(30020, 43, 18)
(30022, 44, 19)
(30024, 44, 19)
(30025, 45, 19)
(30026, 45, 19)
(30028, 45, 19)
(30030, 45, 19)
(30031, 46, 20)
(30032, 46, 20)
(30034, 46, 20)
(30035, 46, 20)
(30037, 48, 21)
(30038, 48, 21)
(30040, 48, 21)
(30041, 48, 21)
(30043, 41, 17)
(30044, 41, 17)
(30052, 43, 18)
(30053, 43, 18)
(30055, 43, 18)
(30057, 43, 18)
(30058, 43, 18)
(30059, 43, 18)
(30061, 43, 18)
(30063, 43, 18)
(30064, 43, 18)
(30065, 43, 18)
(30067, 43, 18)
(30069, 43, 18)
(30070, 43, 18)
(30071, 43, 18)
(30073, 44, 19)
(30073, 43, 18)
(60147/2, 42, 17)
(30074, 43, 18)
(60149/2, 45, 19)
(30075, 47, 20)
(60151/2, 43, 18)
(30076, 48, 21)
(30079, 44, 19)
(30082, 43, 18)
(30083, 39, 16)
(30084, 41, 17)
(30085, 43, 18)
(30086, 39, 16)
(30087, 36, 14)
(30088, 48, 21)
(30091, 44, 19)
(30094, 43, 18)
(30095, 39, 16)
(30096, 41, 17)
(30097, 43, 18)
(30098, 39, 16)
(30099, 36, 14)
(30100, 48, 21)
(30103, 47, 20)
(30106, 46, 20)
(30107, 48, 21)
(30108, 46, 20)
(30109, 44, 19)
(30110, 41, 17)
(30111, 41, 17)
(30112, 42, 17)
(30115, 42, 17)
(30118, 43, 18)
(30124, 43, 18)
(30130, 43, 18)
(30133, 43, 18)
(30136, 43, 18)
(30139, 43, 18)
(30141, 41, 17)
(60283/2, 43, 18)
(30142, 44, 19)
(30143, 43, 18)
(30144, 41, 17)
(30145, 44, 19)
(30146, 43, 18)
(30147, 41, 17)
(30148, 44, 19)
(30149, 43, 18)
(30150, 41, 17)
(30151, 44, 19)
(30152, 43, 18)
(30153, 41, 17)
(30154, 40, 16)
(30155, 40, 16)
(30157, 40, 16)
(30159, 40, 16)
(30160, 41, 17)
(30161, 41, 17)
(30163, 41, 17)
(30165, 41, 17)
(30166, 42, 18)
(30167, 42, 18)
(30169, 42, 18)
(30171, 42, 18)
(30172, 43, 18)
(30173, 43, 18)
(30175, 44, 19)
(30177, 44, 19)
(30178, 45, 19)
(30179, 45, 19)
(30181, 45, 19)
(30183, 45, 19)
(30184, 46, 20)
(30185, 46, 20)
(30187, 46, 20)
(30188, 46, 20)
(30190, 48, 21)
(30191, 48, 21)
(30193, 48, 21)
(30194, 48, 21)
(30196, 49, 22)
(30197, 49, 22)
(30199, 46, 20)
(30200, 46, 20)
(30202, 48, 21)
(30203, 48, 21)
(30205, 48, 21)
(30206, 48, 21)
(30208, 49, 22)
(30209, 49, 22)
(30211, 50, 22)
(30212, 50, 22)
(30214, 51, 23)
(30215, 51, 23)
(30217, 52, 23)
(30218, 52, 23)
(30220, 53, 24)
(30221, 53, 24)
(30223, 55, 25)
(30224, 55, 25)
(30226, 56, 26)
(30227, 56, 26)
(30229, 58, 27)
(30230, 58, 27)
(30232, 59, 27)
(30249, 40, 16)
(60499/2, 41, 17)
(30250, 36, 14)
(30253, 48, 21)
(30256, 41, 17)
(30262, 41, 17)
(30265, 37, 15)
(30268, 41, 17)
(30269, 40, 16)
(30270, 41, 17)
(30271, 36, 14)
(30274, 41, 17)
(30277, 37, 15)
(30278, 41, 17)
(30279, 40, 16)
(30280, 41, 17)
(30281, 40, 16)
(30282, 41, 17)
(30283, 36, 14)
(30286, 41, 17)
(30289, 37, 15)
(30292, 38, 15)
(30293, 37, 14)
(30294, 38, 15)
(30295, 39, 16)
(30298, 40, 17)
(30304, 39, 16)
(30307, 44, 19)
(30310, 41, 17)
(30313, 37, 15)
(30316, 41, 17)
(30317, 40, 16)
(30318, 41, 17)
(30319, 36, 14)
(30322, 41, 17)
(30325, 37, 15)
(30326, 41, 17)
(30327, 40, 16)
(30328, 41, 17)
(30329, 40, 16)
(30330, 41, 17)
(30331, 36, 14)
(30334, 41, 17)
(30337, 37, 15)
(30340, 38, 15)
(30341, 37, 14)
(30342, 38, 15)
(30343, 39, 16)
(30346, 40, 17)
(30352, 39, 16)
(30355, 44, 19)
(30358, 42, 18)
(30361, 41, 17)
(30364, 42, 18)
(30365, 41, 17)
(30366, 42, 18)
(30367, 41, 17)
(30370, 42, 18)
(30373, 41, 17)
(30376, 42, 18)
(30377, 41, 17)
(30378, 42, 18)
(30379, 41, 17)
(30382, 44, 19)
(30385, 43, 18)
(30388, 44, 19)
(30389, 43, 18)
(30390, 44, 19)
(30391, 43, 18)
(30394, 44, 19)
(30397, 43, 18)
(30398, 44, 19)
(30399, 43, 18)
(30400, 44, 19)
(30401, 43, 18)
(30402, 44, 19)
(30403, 43, 18)
(30406, 41, 17)
(30409, 40, 16)
(30412, 41, 17)
(30413, 40, 16)
(30414, 41, 17)
(30415, 40, 16)
(30418, 41, 17)
(30421, 40, 16)
(30424, 41, 17)
(30425, 40, 16)
(30426, 41, 17)
(30427, 40, 16)
(30430, 41, 17)
(30433, 37, 15)
(30436, 41, 17)
(30437, 40, 16)
(30438, 41, 17)
(30439, 36, 14)
(30442, 41, 17)
(30445, 37, 15)
(30446, 41, 17)
(30447, 40, 16)
(30448, 41, 17)
(30449, 40, 16)
(30450, 41, 17)
(30451, 36, 14)
(30454, 41, 17)
(30457, 37, 15)
(30460, 38, 15)
(30461, 37, 14)
(30462, 38, 15)
(30463, 39, 16)
(30466, 40, 17)
(30472, 39, 16)
(30475, 44, 19)
(30478, 40, 17)
(30484, 39, 16)
(30485, 38, 15)
(30486, 39, 16)
(30487, 44, 19)
(30490, 40, 16)
(30499, 39, 16)
(30505, 40, 16)
(30532, 58, 27)
(61065/2, 57, 26)
(30533, 56, 26)
(61067/2, 55, 25)
(30534, 54, 25)
(61069/2, 53, 24)
(30535, 52, 23)
(30538, 46, 20)
(61077/2, 45, 19)
(30539, 44, 19)
(61079/2, 43, 18)
(30540, 42, 18)
(61081/2, 41, 17)
(30541, 40, 16)
(30542, 40, 16)
(30544, 40, 16)
(30546, 40, 16)
(30547, 41, 17)
(30548, 41, 17)
(30550, 41, 17)
(30552, 41, 17)
(30553, 42, 18)
(30554, 42, 18)
(30556, 42, 18)
(30558, 42, 18)
(30559, 43, 18)
(30560, 43, 18)
(30562, 44, 19)
(30564, 44, 19)
(30565, 45, 19)
(30566, 45, 19)
(30568, 45, 19)
(30570, 45, 19)
(30571, 46, 20)
(30572, 46, 20)
(30574, 46, 20)
(30575, 46, 20)
(30577, 48, 21)
(30578, 48, 21)
(30580, 48, 21)
(30581, 48, 21)
(30583, 41, 17)
(30584, 41, 17)
(30589, 43, 18)
(30590, 43, 18)
(30592, 43, 18)
(30594, 43, 18)
(30595, 43, 18)
(30596, 43, 18)
(30598, 43, 18)
(30600, 43, 18)
(30601, 43, 18)
(30602, 43, 18)
(30604, 43, 18)
(30606, 43, 18)
(30607, 43, 18)
(30608, 43, 18)
(30610, 44, 19)
(30610, 43, 18)
(61221/2, 42, 17)
(30611, 43, 18)
(61223/2, 45, 19)
(30612, 47, 20)
(61225/2, 43, 18)
(30613, 48, 21)
(30616, 44, 19)
(30619, 43, 18)
(30620, 39, 16)
(30621, 41, 17)
(30622, 43, 18)
(30623, 39, 16)
(30624, 36, 14)
(30625, 48, 21)
(30628, 44, 19)
(30631, 43, 18)
(30632, 39, 16)
(30633, 41, 17)
(30634, 43, 18)
(30635, 39, 16)
(30636, 36, 14)
(30637, 48, 21)
(30640, 47, 20)
(30643, 46, 20)
(30644, 48, 21)
(30645, 46, 20)
(30646, 44, 19)
(30647, 41, 17)
(30648, 41, 17)
(30649, 42, 17)
(30652, 42, 17)
(30655, 43, 18)
(30661, 43, 18)
(30667, 43, 18)
(30670, 43, 18)
(30673, 43, 18)
(30676, 43, 18)
(30678, 41, 17)
(61357/2, 43, 18)
(30679, 44, 19)
(30680, 43, 18)
(30681, 41, 17)
(30682, 44, 19)
(30683, 43, 18)
(30684, 41, 17)
(30685, 44, 19)
(30686, 43, 18)
(30687, 41, 17)
(30688, 44, 19)
(30689, 43, 18)
(30690, 41, 17)
(30691, 40, 16)
(30692, 40, 16)
(30694, 40, 16)
(30696, 40, 16)
(30697, 41, 17)
(30698, 41, 17)
(30700, 41, 17)
(30702, 41, 17)
(30703, 42, 18)
(30704, 42, 18)
(30706, 42, 18)
(30708, 42, 18)
(30709, 43, 18)
(30710, 43, 18)
(30712, 44, 19)
(30714, 44, 19)
(30715, 45, 19)
(30716, 45, 19)
(30718, 45, 19)
(30720, 45, 19)
(30721, 46, 20)
(30722, 46, 20)
(30724, 46, 20)
(30725, 46, 20)
(30727, 48, 21)
(30728, 48, 21)
(30730, 48, 21)
(30731, 48, 21)
(30733, 49, 22)
(30734, 49, 22)
(30736, 46, 20)
(30737, 46, 20)
(30739, 48, 21)
(30740, 48, 21)
(30742, 48, 21)
(30743, 48, 21)
(30745, 49, 22)
(30746, 49, 22)
(30748, 50, 22)
(30749, 50, 22)
(30751, 51, 23)
(30752, 51, 23)
(30754, 52, 23)
(30755, 52, 23)
(30757, 53, 24)
(30758, 53, 24)
(30760, 55, 25)
(30761, 55, 25)
(30763, 56, 26)
(30764, 56, 26)
(30766, 58, 27)
(30767, 58, 27)
(30769, 59, 27)
(30786, 40, 16)
(61573/2, 41, 17)
(30787, 36, 14)
(30790, 48, 21)
(30793, 41, 17)
(30796, 41, 17)
(30799, 37, 15)
(30802, 41, 17)
(30803, 40, 16)
(30804, 41, 17)
(30805, 36, 14)
(30808, 41, 17)
(30811, 37, 15)
(30812, 41, 17)
(30813, 40, 16)
(30814, 41, 17)
(30815, 40, 16)
(30816, 41, 17)
(30817, 36, 14)
(30820, 41, 17)
(30823, 39, 16)
(30826, 41, 17)
(30827, 40, 16)
(30828, 41, 17)
(30829, 37, 15)
(30832, 41, 17)
(30835, 36, 14)
(30838, 41, 17)
(30839, 40, 16)
(30840, 41, 17)
(30841, 46, 20)
(30844, 45, 19)
(30847, 46, 20)
(30848, 45, 19)
(30849, 46, 20)
(30850, 41, 17)
(30853, 46, 20)
(30856, 45, 19)
(30859, 46, 20)
(30860, 45, 19)
(30861, 46, 20)
(30862, 41, 17)
(30865, 46, 20)
(30868, 49, 22)
(30871, 41, 17)
(30886, 41, 17)
(30892, 41, 17)
(30893, 40, 16)
(30894, 41, 17)
(30898, 41, 17)
(30904, 41, 17)
(30907, 41, 17)
