(4, 65, 31)
(9/2, 64, 30)
(5, 65, 31)
(11/2, 67, 32)
(6, 68, 33)
(13/2, 70, 34)
(7, 72, 35)
(15/2, 70, 34)
(8, 68, 33)
(17/2, 67, 32)
(9, 65, 31)
(19/2, 67, 32)
(10, 68, 33)
(21/2, 65, 31)
(11, 67, 32)
(23/2, 69, 33)
(12, 70, 34)
(25/2, 72, 35)
(13, 73, 36)
(27/2, 75, 37)
(14, 77, 38)
(29/2, 75, 37)
(15, 73, 36)
(31/2, 72, 35)
(16, 70, 34)
(33/2, 72, 35)
(17, 73, 36)
(35/2, 72, 35)
(18, 70, 34)
(37/2, 68, 33)
(19, 67, 32)
(39/2, 65, 31)
(20, 64, 30)
(41/2, 67, 32)
(21, 70, 34)
(43/2, 73, 36)
(22, 73, 36)
(45/2, 72, 35)
(23, 68, 33)
(47/2, 65, 31)
(24, 64, 30)
(49/2, 67, 32)
(25, 70, 34)
(51/2, 73, 36)
(26, 73, 36)
(53/2, 72, 35)
(27, 65, 31)
(55/2, 67, 32)
(28, 68, 33)
(57/2, 65, 31)
(29, 68, 33)
(59/2, 65, 31)
(30, 68, 33)
(61/2, 65, 31)
(31, 68, 33)
(63/2, 65, 31)
(32, 72, 35)
(34, 85, 43)
(71/2, 85, 43)
(36, 85, 43)
(77/2, 79, 39)
(39, 80, 40)
(79/2, 82, 41)
(40, 76, 37)
(42, 61, 29)
(87/2, 61, 29)
(44, 61, 29)
(93/2, 58, 27)
(47, 55, 25)
(95/2, 65, 31)
(48, 64, 30)
(60, 65, 31)
(121/2, 67, 32)
(61, 69, 33)
(123/2, 70, 34)
(62, 72, 35)
(125/2, 73, 36)
(63, 75, 37)
(127/2, 73, 36)
(64, 72, 35)
(129/2, 70, 34)
(65, 69, 33)
(131/2, 70, 34)
(66, 72, 35)
(133/2, 65, 31)
(67, 67, 32)
(135/2, 69, 33)
(68, 70, 34)
(137/2, 72, 35)
(69, 73, 36)
(139/2, 72, 35)
(70, 70, 34)
(141/2, 65, 31)
(71, 67, 32)
(143/2, 69, 33)
(72, 70, 34)
(145/2, 72, 35)
(73, 73, 36)
(147/2, 72, 35)
(74, 70, 34)
(149/2, 68, 33)
(75, 67, 32)
(151/2, 65, 31)
(76, 64, 30)
(153/2, 67, 32)
(77, 65, 31)
(155/2, 68, 33)
(78, 67, 32)
(157/2, 70, 34)
(79, 68, 33)
(159/2, 72, 35)
(80, 70, 34)
(161/2, 73, 36)
(81, 72, 35)
(163/2, 75, 37)
(82, 73, 36)
(165/2, 77, 38)
(83, 76, 37)
(167/2, 79, 39)
(84, 77, 38)
(169/2, 80, 40)
(85, 79, 39)
(171/2, 82, 41)
(86, 80, 40)
(173/2, 84, 42)
(87, 82, 41)
(175/2, 85, 43)
(88, 84, 42)
(90, 72, 35)
(183/2, 72, 35)
(92, 72, 35)
(189/2, 70, 34)
(95, 68, 33)
(191/2, 67, 32)
(96, 67, 32)
(97, 68, 33)
(98, 68, 33)
(199/2, 68, 33)
(100, 68, 33)
(205/2, 67, 32)
(103, 65, 31)
(207/2, 64, 30)
(104, 65, 31)
(105, 68, 33)
(106, 72, 35)
(215/2, 72, 35)
(108, 72, 35)
(221/2, 70, 34)
(111, 68, 33)
(223/2, 67, 32)
(112, 67, 32)
(113, 68, 33)
(114, 68, 33)
(231/2, 68, 33)
(116, 68, 33)
(237/2, 66, 32)
(119, 65, 31)
(239/2, 64, 30)
(120, 64, 30)
(121, 65, 31)
(122, 68, 33)
(247/2, 68, 33)
(124, 68, 33)
(253/2, 66, 32)
(127, 65, 31)
(255/2, 64, 30)
(128, 64, 30)
(257/2, 65, 31)
(129, 65, 31)
(259/2, 68, 33)
(130, 72, 35)
(261/2, 70, 34)
(131, 68, 33)
(263/2, 67, 32)
(132, 67, 32)
(265/2, 68, 33)
(133, 68, 33)
(267/2, 72, 35)
(134, 76, 37)
(269/2, 73, 36)
(135, 72, 35)
(271/2, 70, 34)
(136, 70, 34)
(273/2, 72, 35)
(137, 72, 35)
(275/2, 77, 38)
(138, 77, 38)
(277/2, 73, 36)
(139, 72, 35)
(279/2, 70, 34)
(140, 77, 38)
(281/2, 72, 35)
(141, 68, 33)
(283/2, 72, 35)
(142, 72, 35)
(285/2, 70, 34)
(143, 67, 32)
(287/2, 64, 30)
(144, 64, 30)
(289/2, 65, 31)
(145, 65, 31)
(291/2, 68, 33)
(146, 72, 35)
(293/2, 70, 34)
(147, 68, 33)
(295/2, 67, 32)
(148, 67, 32)
(297/2, 68, 33)
(149, 68, 33)
(299/2, 72, 35)
(150, 76, 37)
(301/2, 73, 36)
(151, 72, 35)
(303/2, 70, 34)
(152, 70, 34)
(305/2, 72, 35)
(153, 72, 35)
(307/2, 77, 38)
(154, 77, 38)
(309/2, 73, 36)
(155, 72, 35)
(311/2, 70, 34)
(156, 77, 38)
(313/2, 72, 35)
(157, 68, 33)
(315/2, 72, 35)
(158, 72, 35)
(317/2, 70, 34)
(159, 67, 32)
(319/2, 64, 30)
(160, 65, 31)
(161, 68, 33)
(484/3, 72, 35)
(485/3, 77, 38)
(162, 80, 40)
(163, 80, 40)
(490/3, 79, 39)
(491/3, 77, 38)
(164, 76, 37)
(165, 76, 37)
(496/3, 77, 38)
(497/3, 79, 39)
(166, 73, 36)
(167, 73, 36)
(502/3, 72, 35)
(503/3, 70, 34)
(168, 68, 33)
(169, 72, 35)
(508/3, 77, 38)
(509/3, 80, 40)
(170, 84, 42)
(171, 84, 42)
(514/3, 82, 41)
(515/3, 80, 40)
(172, 79, 39)
(173, 79, 39)
(520/3, 80, 40)
(521/3, 82, 41)
(174, 76, 37)
(175, 76, 37)
(526/3, 77, 38)
(527/3, 79, 39)
(176, 72, 35)
(177, 68, 33)
(532/3, 72, 35)
(533/3, 77, 38)
(178, 80, 40)
(179, 80, 40)
(538/3, 79, 39)
(539/3, 77, 38)
(180, 82, 41)
(541/3, 80, 40)
(542/3, 79, 39)
(181, 77, 38)
(544/3, 75, 37)
(545/3, 73, 36)
(182, 72, 35)
(547/3, 70, 34)
(548/3, 69, 33)
(183, 70, 34)
(550/3, 67, 32)
(551/3, 61, 29)
(184, 60, 28)
(185, 72, 35)
(556/3, 75, 37)
(557/3, 80, 40)
(186, 84, 42)
(187, 84, 42)
(562/3, 82, 41)
(563/3, 80, 40)
(188, 85, 43)
(565/3, 84, 42)
(566/3, 82, 41)
(189, 80, 40)
(568/3, 79, 39)
(569/3, 77, 38)
(190, 75, 37)
(571/3, 73, 36)
(572/3, 72, 35)
(191, 70, 34)
(574/3, 67, 32)
(575/3, 65, 31)
(192, 63, 30)
(577/3, 67, 32)
(578/3, 72, 35)
(193, 75, 37)
(580/3, 73, 36)
(581/3, 72, 35)
(194, 75, 37)
(583/3, 73, 36)
(584/3, 72, 35)
(195, 70, 34)
(586/3, 68, 33)
(587/3, 67, 32)
(196, 65, 31)
(589/3, 68, 33)
(590/3, 74, 36)
(197, 77, 38)
(592/3, 75, 37)
(593/3, 74, 36)
(198, 77, 38)
(595/3, 75, 37)
(596/3, 74, 36)
(199, 72, 35)
(598/3, 70, 34)
(599/3, 68, 33)
(200, 67, 32)
(601/3, 63, 30)
(602/3, 65, 31)
(201, 67, 32)
(604/3, 65, 31)
(605/3, 63, 30)
(202, 72, 35)
(607/3, 70, 34)
(608/3, 68, 33)
(203, 77, 38)
(610/3, 75, 37)
(611/3, 74, 36)
(204, 79, 39)
(613/3, 77, 38)
(614/3, 75, 37)
(205, 79, 39)
(616/3, 77, 38)
(617/3, 75, 37)
(206, 84, 42)
(619/3, 82, 41)
(620/3, 80, 40)
(207, 86, 43)
(622/3, 84, 42)
(623/3, 82, 41)
(208, 87, 44)
(209, 84, 42)
(210, 80, 40)
(211, 77, 38)
(212, 75, 37)
(213, 80, 40)
(214, 75, 37)
(215, 73, 36)
(216, 72, 35)
(217, 75, 37)
(218, 75, 37)
(219, 75, 37)
(220, 75, 37)
(221, 73, 36)
(443/2, 72, 35)
(222, 75, 37)
(223, 73, 36)
(447/2, 72, 35)
(224, 72, 35)
(225, 84, 42)
(226, 80, 40)
(227, 77, 38)
(228, 75, 37)
(229, 80, 40)
(230, 75, 37)
(231, 73, 36)
(232, 72, 35)
(233, 72, 35)
(234, 72, 35)
(235, 72, 35)
(236, 72, 35)
(237, 70, 34)
(475/2, 68, 33)
(238, 72, 35)
(239, 70, 34)
(479/2, 68, 33)
(240, 68, 33)
(243, 70, 34)
(244, 72, 35)
(245, 68, 33)
(246, 72, 35)
(247, 73, 36)
(248, 77, 38)
(249, 75, 37)
(250, 73, 36)
(251, 72, 35)
(252, 70, 34)
(255, 72, 35)
(511/2, 73, 36)
(256, 72, 35)
(257, 68, 33)
(258, 72, 35)
(259, 73, 36)
(260, 75, 37)
(261, 72, 35)
(262, 75, 37)
(263, 77, 38)
(264, 78, 39)
(266, 77, 38)
(267, 75, 37)
(268, 75, 37)
(270, 73, 36)
(271, 72, 35)
(272, 70, 34)
(547/2, 72, 35)
(274, 70, 34)
(551/2, 72, 35)
(276, 70, 34)
(555/2, 72, 35)
(278, 70, 34)
(559/2, 72, 35)
(280, 73, 36)
(563/2, 72, 35)
(282, 73, 36)
(567/2, 72, 35)
(284, 73, 36)
(571/2, 72, 35)
(286, 73, 36)
(575/2, 72, 35)
(288, 76, 38)
(302, 75, 37)
(305, 72, 35)
(306, 70, 34)
(307, 67, 32)
(308, 67, 32)
(310, 67, 32)
(312, 67, 32)
(314, 67, 32)
(316, 67, 32)
(635/2, 68, 33)
(318, 67, 32)
(639/2, 68, 33)
(320, 67, 32)
(643/2, 68, 33)
(322, 67, 32)
(647/2, 68, 33)
(324, 69, 34)
(334, 68, 33)
(336, 71, 35)
(338, 70, 34)
(339, 68, 33)
(340, 68, 33)
(342, 67, 32)
(343, 70, 34)
(344, 73, 36)
(346, 72, 35)
(347, 70, 34)
(348, 72, 35)
(699/2, 67, 32)
(350, 68, 33)
(351, 63, 30)
(352, 71, 35)
(354, 70, 34)
(355, 68, 33)
(356, 68, 33)
(358, 67, 32)
(359, 70, 34)
(360, 73, 36)
(362, 72, 35)
(363, 70, 34)
(364, 72, 35)
(731/2, 67, 32)
(366, 68, 33)
(367, 63, 30)
(368, 73, 36)
(370, 72, 35)
(371, 70, 34)
(372, 72, 35)
(747/2, 67, 32)
(374, 68, 33)
(375, 63, 30)
(376, 73, 36)
(378, 72, 35)
(379, 70, 34)
(384, 67, 32)
(769/2, 68, 33)
(385, 70, 34)
(771/2, 72, 35)
(386, 73, 36)
(773/2, 72, 35)
(387, 70, 34)
(775/2, 68, 33)
(388, 67, 32)
(390, 67, 32)
(396, 65, 31)
(793/2, 67, 32)
(397, 69, 33)
(795/2, 70, 34)
(398, 72, 35)
(797/2, 73, 36)
(399, 75, 37)
(799/2, 73, 36)
(400, 72, 35)
(402, 72, 35)
(408, 70, 34)
(817/2, 72, 35)
(409, 73, 36)
(819/2, 75, 37)
(410, 77, 38)
(821/2, 75, 37)
(411, 73, 36)
(823/2, 72, 35)
(412, 70, 34)
(829/2, 65, 31)
(415, 67, 32)
(831/2, 69, 33)
(416, 70, 34)
(833/2, 72, 35)
(417, 73, 36)
(835/2, 75, 37)
(418, 77, 38)
(837/2, 75, 37)
(419, 73, 36)
(839/2, 72, 35)
(420, 70, 34)
(424, 70, 34)
(849/2, 72, 35)
(425, 74, 36)
(851/2, 75, 37)
(426, 77, 38)
(853/2, 75, 37)
(427, 74, 36)
(855/2, 72, 35)
(428, 70, 34)
(857/2, 72, 35)
(429, 74, 36)
(859/2, 75, 37)
(430, 77, 38)
(861/2, 75, 37)
(431, 74, 36)
(863/2, 72, 35)
(432, 70, 34)
(865/2, 72, 35)
(433, 74, 36)
(867/2, 75, 37)
(434, 77, 38)
(869/2, 79, 39)
(435, 80, 40)
(871/2, 77, 38)
(436, 83, 41)
(438, 80, 40)
(879/2, 80, 40)
(440, 80, 40)
(885/2, 74, 36)
(443, 75, 37)
(887/2, 77, 38)
(444, 71, 34)
(446, 68, 33)
(895/2, 68, 33)
(448, 68, 33)
(901/2, 62, 29)
(451, 63, 30)
(903/2, 65, 31)
(452, 59, 27)
(454, 55, 25)
(911/2, 55, 25)
(456, 55, 25)
(913/2, 63, 30)
(457, 62, 29)
(915/2, 60, 28)
(458, 67, 32)
(917/2, 75, 37)
(459, 74, 36)
(919/2, 72, 35)
(460, 79, 39)
(921/2, 72, 35)
(461, 74, 36)
(923/2, 75, 37)
(462, 67, 32)
(925/2, 60, 28)
(463, 62, 29)
(927/2, 63, 30)
(464, 55, 25)
(929/2, 63, 30)
(465, 62, 29)
(931/2, 60, 28)
(466, 67, 32)
(933/2, 75, 37)
(467, 74, 36)
(935/2, 72, 35)
(468, 79, 39)
(937/2, 72, 35)
(469, 74, 36)
(939/2, 75, 37)
(470, 67, 32)
(941/2, 60, 28)
(471, 62, 29)
(943/2, 63, 30)
(472, 55, 25)
(474, 82, 41)
(951/2, 82, 41)
(476, 82, 41)
(957/2, 76, 37)
(479, 77, 38)
(959/2, 79, 39)
(480, 72, 35)
(482, 70, 34)
(967/2, 70, 34)
(484, 70, 34)
(973/2, 64, 30)
(487, 65, 31)
(975/2, 67, 32)
(488, 55, 25)
(977/2, 64, 30)
(489, 62, 29)
(979/2, 61, 28)
(490, 67, 32)
(981/2, 76, 37)
(491, 74, 36)
(983/2, 73, 35)
(492, 79, 39)
(985/2, 73, 35)
(493, 74, 36)
(987/2, 76, 37)
(494, 67, 32)
(989/2, 61, 28)
(495, 62, 29)
(991/2, 64, 30)
(496, 55, 25)
(993/2, 64, 30)
(497, 62, 29)
(995/2, 61, 28)
(498, 67, 32)
(997/2, 76, 37)
(499, 74, 36)
(999/2, 73, 35)
(500, 79, 39)
(1001/2, 73, 35)
(501, 74, 36)
(1003/2, 76, 37)
(502, 67, 32)
(1005/2, 61, 28)
(503, 62, 29)
(1007/2, 64, 30)
(504, 57, 26)
(1009/2, 65, 31)
(505, 64, 30)
(1011/2, 62, 29)
(506, 69, 33)
(1013/2, 77, 38)
(507, 76, 37)
(1015/2, 74, 36)
(508, 81, 40)
(1017/2, 76, 37)
(509, 77, 38)
(1019/2, 79, 39)
(510, 69, 33)
(1021/2, 64, 30)
(511, 65, 31)
(1023/2, 67, 32)
(512, 57, 26)
(1025/2, 66, 31)
(513, 64, 30)
(1027/2, 62, 29)
(514, 69, 33)
(1029/2, 78, 38)
(515, 76, 37)
(1031/2, 74, 36)
(516, 81, 40)
(1033/2, 76, 37)
(517, 78, 38)
(1035/2, 79, 39)
(518, 69, 33)
(1037/2, 64, 30)
(519, 66, 31)
(1039/2, 67, 32)
(520, 58, 27)
(1041/2, 67, 32)
(521, 65, 31)
(1043/2, 63, 30)
(522, 70, 34)
(1045/2, 79, 39)
(523, 77, 38)
(1047/2, 75, 37)
(524, 82, 41)
(1049/2, 75, 37)
(525, 77, 38)
(1051/2, 79, 39)
(526, 70, 34)
(1053/2, 63, 30)
(527, 65, 31)
(1055/2, 67, 32)
(528, 60, 28)
(1057/2, 69, 33)
(529, 67, 32)
(1059/2, 66, 31)
(530, 72, 35)
(1061/2, 81, 40)
(531, 79, 39)
(1063/2, 78, 38)
(532, 62, 29)
(1065/2, 69, 33)
(533, 67, 32)
(1067/2, 66, 31)
(534, 74, 36)
(1069/2, 81, 40)
(535, 79, 39)
(1071/2, 78, 38)
(536, 86, 43)
(1073/2, 79, 39)
(537, 81, 40)
(1075/2, 82, 41)
(538, 74, 36)
(1077/2, 67, 32)
(539, 69, 33)
(1079/2, 70, 34)
(540, 60, 28)
(1081/2, 67, 32)
(541, 65, 31)
(1083/2, 63, 30)
(542, 72, 35)
(1085/2, 79, 39)
(543, 77, 38)
(1087/2, 75, 37)
(544, 84, 42)
(1089/2, 77, 38)
(545, 79, 39)
(1091/2, 80, 40)
(546, 72, 35)
(1093/2, 65, 31)
(547, 67, 32)
(1095/2, 68, 33)
(548, 58, 27)
(1097/2, 65, 31)
(549, 63, 30)
(1099/2, 62, 29)
(550, 70, 34)
(1101/2, 77, 38)
(551, 75, 37)
(1103/2, 74, 36)
(552, 82, 41)
(1105/2, 75, 37)
(553, 77, 38)
(1107/2, 79, 39)
(554, 70, 34)
(1109/2, 63, 30)
(555, 65, 31)
(1111/2, 67, 32)
(556, 82, 41)
(1113/2, 77, 38)
(557, 79, 39)
(1115/2, 80, 40)
(558, 70, 34)
(1117/2, 65, 31)
(559, 67, 32)
(1119/2, 68, 33)
(560, 82, 41)
(1121/2, 75, 37)
(561, 77, 38)
(1123/2, 79, 39)
(562, 63, 30)
(1137/2, 72, 35)
(569, 70, 34)
(1139/2, 69, 33)
(570, 69, 33)
(570, 81, 40)
(1143/2, 69, 33)
(1143/2, 81, 40)
(572, 69, 33)
(572, 81, 40)
(578, 70, 34)
(578, 82, 41)
(586, 71, 34)
(586, 83, 41)
(1175/2, 71, 34)
(1175/2, 83, 41)
(588, 71, 34)
(588, 83, 41)
(594, 72, 35)
(594, 84, 42)
(598, 72, 35)
(598, 84, 42)
(1199/2, 72, 35)
(1199/2, 84, 42)
(600, 72, 35)
(600, 84, 42)
(602, 73, 35)
(602, 85, 42)
(606, 73, 35)
(606, 85, 42)
(1215/2, 73, 35)
(1215/2, 85, 42)
(608, 73, 35)
(608, 85, 42)
(610, 74, 36)
(610, 86, 43)
(614, 86, 43)
(1231/2, 86, 43)
(616, 86, 43)
(618, 87, 44)
(622, 88, 44)
(1247/2, 88, 44)
(624, 88, 44)
(626, 89, 45)
(630, 89, 45)
(1263/2, 89, 45)
(632, 89, 45)
(634, 90, 46)
(1271/2, 90, 46)
(636, 90, 46)
(638, 94, 48)
(1279/2, 94, 48)
(640, 94, 48)
(648, 94, 48)
(656, 94, 48)
(660, 88, 44)
(663, 88, 44)
(664, 91, 46)
(666, 89, 45)
(670, 89, 45)
(673, 89, 45)
(674, 85, 43)
(675, 82, 41)
(676, 77, 38)
(677, 73, 36)
(678, 70, 34)
(679, 65, 31)
(680, 61, 29)
(1361/2, 58, 27)
(681, 61, 29)
(1363/2, 65, 31)
(682, 70, 34)
(1365/2, 73, 36)
(683, 77, 38)
(1367/2, 82, 41)
(684, 85, 43)
(686, 72, 35)
(1375/2, 72, 35)
(688, 72, 35)
(1381/2, 70, 34)
(691, 68, 33)
(1383/2, 67, 32)
(692, 67, 32)
(693, 68, 33)
(694, 68, 33)
(1391/2, 68, 33)
(696, 68, 33)
(1397/2, 67, 32)
(699, 65, 31)
(1399/2, 64, 30)
(700, 65, 31)
(701, 68, 33)
(702, 72, 35)
(1407/2, 72, 35)
(704, 72, 35)
(1413/2, 70, 34)
(707, 68, 33)
(1415/2, 67, 32)
(708, 67, 32)
(709, 68, 33)
(710, 68, 33)
(1423/2, 68, 33)
(712, 68, 33)
(1429/2, 66, 32)
(715, 65, 31)
(1431/2, 64, 30)
(716, 64, 30)
(717, 65, 31)
(718, 68, 33)
(1439/2, 68, 33)
(720, 68, 33)
(1445/2, 66, 32)
(723, 65, 31)
(1447/2, 64, 30)
(724, 64, 30)
(1449/2, 65, 31)
(725, 65, 31)
(1451/2, 68, 33)
(726, 72, 35)
(1453/2, 70, 34)
(727, 68, 33)
(1455/2, 67, 32)
(728, 67, 32)
(1457/2, 68, 33)
(729, 68, 33)
(1459/2, 72, 35)
(730, 76, 37)
(1461/2, 73, 36)
(731, 72, 35)
(1463/2, 70, 34)
(732, 70, 34)
(1465/2, 72, 35)
(733, 72, 35)
(1467/2, 77, 38)
(734, 77, 38)
(1469/2, 73, 36)
(735, 72, 35)
(1471/2, 70, 34)
(736, 77, 38)
(1473/2, 72, 35)
(737, 68, 33)
(1475/2, 72, 35)
(738, 72, 35)
(1477/2, 70, 34)
(739, 67, 32)
(1479/2, 64, 30)
(741, 80, 40)
(742, 79, 39)
(743, 70, 34)
(744, 79, 39)
(745, 77, 38)
(746, 82, 41)
(747, 76, 37)
(749, 77, 38)
(1501/2, 79, 39)
(751, 80, 40)
(1503/2, 82, 41)
(752, 84, 42)
(754, 64, 30)
(756, 65, 31)
(757, 68, 33)
(2272/3, 72, 35)
(2273/3, 77, 38)
(758, 80, 40)
(759, 80, 40)
(2278/3, 79, 39)
(2279/3, 77, 38)
(760, 76, 37)
(761, 76, 37)
(2284/3, 77, 38)
(2285/3, 79, 39)
(762, 73, 36)
(763, 73, 36)
(2290/3, 72, 35)
(2291/3, 70, 34)
(764, 68, 33)
(765, 72, 35)
(2296/3, 77, 38)
(2297/3, 80, 40)
(766, 84, 42)
(767, 84, 42)
(2302/3, 82, 41)
(2303/3, 80, 40)
(768, 79, 39)
(769, 79, 39)
(2308/3, 80, 40)
(2309/3, 82, 41)
(770, 76, 37)
(771, 76, 37)
(2314/3, 77, 38)
(2315/3, 79, 39)
(772, 72, 35)
(773, 68, 33)
(2320/3, 72, 35)
(2321/3, 77, 38)
(774, 80, 40)
(775, 68, 33)
(2326/3, 72, 35)
(2327/3, 77, 38)
(776, 80, 40)
(777, 68, 33)
(2332/3, 72, 35)
(2333/3, 77, 38)
(778, 80, 40)
(779, 68, 33)
(2338/3, 72, 35)
(2339/3, 77, 38)
(780, 80, 40)
(781, 68, 33)
(2344/3, 73, 36)
(2345/3, 77, 38)
(782, 80, 40)
(783, 68, 33)
(2350/3, 73, 36)
(2351/3, 77, 38)
(784, 75, 37)
(785, 68, 33)
(2356/3, 72, 35)
(2357/3, 75, 37)
(786, 80, 40)
(787, 68, 33)
(2362/3, 72, 35)
(2363/3, 75, 37)
(788, 80, 40)
(789, 68, 33)
(2368/3, 70, 34)
(2369/3, 77, 38)
(790, 80, 40)
(791, 68, 33)
(2374/3, 70, 34)
(2375/3, 77, 38)
(792, 79, 39)
(793, 67, 32)
(2380/3, 70, 34)
(2381/3, 75, 37)
(794, 79, 39)
(795, 70, 34)
(2386/3, 75, 37)
(2387/3, 79, 39)
(796, 82, 41)
(797, 70, 34)
(2392/3, 75, 37)
(2393/3, 78, 39)
(798, 82, 41)
(799, 70, 34)
(2398/3, 75, 37)
(2399/3, 78, 39)
(800, 77, 38)
(801, 70, 34)
(2404/3, 74, 36)
(2405/3, 77, 38)
(802, 82, 41)
(803, 70, 34)
(2410/3, 74, 36)
(2411/3, 77, 38)
(804, 80, 40)
(805, 65, 31)
(2416/3, 71, 34)
(2417/3, 74, 36)
(806, 77, 38)
(807, 71, 34)
(2422/3, 74, 36)
(2423/3, 77, 38)
(808, 76, 37)
(809, 67, 32)
(2428/3, 72, 35)
(2429/3, 76, 37)
(810, 79, 39)
(2431/3, 77, 38)
(2432/3, 76, 37)
(811, 73, 36)
(2434/3, 72, 35)
(2435/3, 70, 34)
(812, 68, 33)
(813, 65, 31)
(2440/3, 68, 33)
(2441/3, 72, 35)
(814, 74, 36)
(815, 65, 31)
(2446/3, 71, 34)
(2447/3, 74, 36)
(816, 76, 37)
(817, 67, 32)
(2452/3, 72, 35)
(2453/3, 76, 37)
(818, 79, 39)
(2455/3, 77, 38)
(2456/3, 76, 37)
(819, 73, 36)
(2458/3, 72, 35)
(2459/3, 70, 34)
(820, 68, 33)
(821, 65, 31)
(2464/3, 68, 33)
(2465/3, 72, 35)
(822, 74, 36)
(823, 65, 31)
(2470/3, 71, 34)
(2471/3, 74, 36)
(824, 72, 35)
(834, 74, 36)
(836, 72, 35)
(838, 74, 36)
(840, 72, 35)
(841, 74, 36)
(842, 76, 37)
(843, 77, 38)
(844, 79, 39)
(845, 81, 40)
(846, 82, 41)
(849, 81, 40)
(850, 77, 38)
(851, 74, 36)
(852, 72, 35)
(853, 77, 38)
(854, 72, 35)
(855, 70, 34)
(856, 69, 33)
(857, 72, 35)
(858, 72, 35)
(859, 72, 35)
(860, 72, 35)
(861, 70, 34)
(1723/2, 69, 33)
(862, 72, 35)
(863, 70, 34)
(1727/2, 69, 33)
(864, 69, 33)
(865, 81, 40)
(866, 77, 38)
(867, 74, 36)
(868, 72, 35)
(869, 77, 38)
(870, 72, 35)
(871, 70, 34)
(872, 69, 33)
(873, 69, 33)
(874, 69, 33)
(875, 69, 33)
(876, 69, 33)
(877, 67, 32)
(1755/2, 65, 31)
(878, 69, 33)
(879, 67, 32)
(1759/2, 65, 31)
(880, 65, 31)
(883, 67, 32)
(884, 69, 33)
(885, 65, 31)
(886, 69, 33)
(887, 70, 34)
(888, 74, 36)
(889, 72, 35)
(890, 70, 34)
(891, 69, 33)
(892, 67, 32)
(895, 69, 33)
(1791/2, 70, 34)
(896, 69, 33)
(897, 65, 31)
(898, 69, 33)
(899, 70, 34)
(900, 72, 35)
(901, 69, 33)
(902, 72, 35)
(903, 74, 36)
(904, 75, 37)
(906, 74, 36)
(907, 69, 33)
(908, 72, 35)
(910, 70, 34)
(911, 69, 33)
(912, 67, 32)
(1827/2, 69, 33)
(914, 67, 32)
(1831/2, 69, 33)
(916, 67, 32)
(1835/2, 69, 33)
(918, 67, 32)
(1839/2, 69, 33)
(920, 70, 34)
(1843/2, 69, 33)
(922, 70, 34)
(1847/2, 69, 33)
(924, 70, 34)
(1851/2, 69, 33)
(926, 70, 34)
(1855/2, 69, 33)
(928, 74, 36)
(937, 76, 37)
(938, 77, 38)
(939, 79, 39)
(940, 79, 39)
(941, 72, 35)
(943, 70, 34)
(944, 69, 33)
(1891/2, 70, 34)
(946, 69, 33)
(1895/2, 70, 34)
(948, 69, 33)
(1899/2, 70, 34)
(950, 69, 33)
(1903/2, 70, 34)
(952, 66, 31)
(1907/2, 67, 32)
(954, 66, 31)
(1911/2, 67, 32)
(956, 66, 31)
(1915/2, 67, 32)
(958, 66, 31)
(1919/2, 67, 32)
(960, 68, 33)
(966, 67, 32)
(967, 65, 31)
(968, 65, 31)
(970, 64, 30)
(971, 67, 32)
(972, 70, 34)
(974, 69, 33)
(975, 67, 32)
(976, 69, 33)
(1955/2, 64, 30)
(978, 65, 31)
(979, 60, 28)
(980, 68, 33)
(982, 67, 32)
(983, 65, 31)
(984, 65, 31)
(986, 64, 30)
(987, 67, 32)
(988, 70, 34)
(990, 69, 33)
(991, 67, 32)
(992, 69, 33)
(1987/2, 64, 30)
(994, 65, 31)
(995, 60, 28)
(996, 70, 34)
(998, 69, 33)
(999, 67, 32)
(1000, 69, 33)
(2003/2, 64, 30)
(1002, 65, 31)
(1003, 60, 28)
(1004, 70, 34)
(1006, 67, 32)
(1007, 64, 30)
(1014, 64, 30)
(1022, 67, 32)
(1030, 72, 35)
(1032, 65, 31)
(2065/2, 64, 30)
(1033, 65, 31)
(2067/2, 67, 32)
(1034, 68, 33)
(2069/2, 70, 34)
(1035, 72, 35)
(2071/2, 70, 34)
(1036, 68, 33)
(2073/2, 67, 32)
(1037, 65, 31)
(2075/2, 67, 32)
(1038, 68, 33)
(2077/2, 65, 31)
(1039, 67, 32)
(2079/2, 68, 33)
(1040, 70, 34)
(2081/2, 72, 35)
(1041, 73, 36)
(2083/2, 75, 37)
(1042, 77, 38)
(2085/2, 75, 37)
(1043, 73, 36)
(2087/2, 72, 35)
(1044, 70, 34)
(2089/2, 72, 35)
(1045, 73, 36)
(2091/2, 72, 35)
(1046, 70, 34)
(2093/2, 68, 33)
(1047, 67, 32)
(2095/2, 65, 31)
(1048, 64, 30)
(2097/2, 67, 32)
(1049, 70, 34)
(2099/2, 73, 36)
(1050, 73, 36)
(2101/2, 72, 35)
(1051, 68, 33)
(2103/2, 65, 31)
(1052, 64, 30)
(2105/2, 67, 32)
(1053, 70, 34)
(2107/2, 73, 36)
(1054, 73, 36)
(2109/2, 72, 35)
(1055, 68, 33)
(2111/2, 65, 31)
(1056, 67, 32)
(2113/2, 65, 31)
(1057, 68, 33)
(2115/2, 65, 31)
(1058, 70, 34)
(2117/2, 65, 31)
(1059, 72, 35)
(2119/2, 65, 31)
(1060, 73, 36)
(1062, 85, 43)
(2127/2, 85, 43)
(1064, 85, 43)
(2129/2, 79, 39)
(1065, 80, 40)
(2131/2, 82, 41)
(1066, 73, 36)
(2133/2, 67, 32)
(1067, 68, 33)
(2135/2, 70, 34)
(1068, 58, 27)
(1070, 85, 43)
(2143/2, 85, 43)
(1072, 84, 42)
(2145/2, 77, 38)
(1073, 79, 39)
(2147/2, 80, 40)
(1074, 72, 35)
(2149/2, 65, 31)
(1075, 67, 32)
(2151/2, 68, 33)
(1076, 60, 28)
(1078, 84, 42)
(2159/2, 84, 42)
(1080, 83, 41)
(2161/2, 77, 38)
(1081, 79, 39)
(2163/2, 80, 40)
(1082, 82, 41)
(2165/2, 76, 37)
(1083, 77, 38)
(2167/2, 79, 39)
(1084, 81, 40)
(2169/2, 72, 35)
(1085, 76, 37)
(2171/2, 77, 38)
(1086, 80, 40)
(2173/2, 72, 35)
(1087, 76, 37)
(2175/2, 77, 38)
(1088, 79, 39)
(2177/2, 70, 34)
(1089, 72, 35)
(2179/2, 73, 36)
(1090, 72, 35)
(2181/2, 64, 30)
(1091, 65, 31)
(2183/2, 67, 32)
(1092, 60, 28)
(1094, 85, 43)
(2191/2, 85, 43)
(1096, 85, 43)
(2193/2, 79, 39)
(1097, 80, 40)
(2195/2, 82, 41)
(1098, 73, 36)
(2197/2, 67, 32)
(1099, 68, 33)
(2199/2, 70, 34)
(1100, 64, 30)
(2201/2, 67, 32)
(1101, 70, 34)
(2203/2, 73, 36)
(1102, 85, 43)
(2207/2, 85, 43)
(1104, 84, 42)
(2209/2, 77, 38)
(1105, 79, 39)
(2211/2, 80, 40)
(1106, 72, 35)
(2213/2, 65, 31)
(1107, 67, 32)
(2215/2, 68, 33)
(1108, 60, 28)
(1110, 84, 42)
(2223/2, 84, 42)
(1112, 83, 41)
(2225/2, 77, 38)
(1113, 79, 39)
(2227/2, 80, 40)
(1114, 80, 40)
(2229/2, 79, 39)
(1115, 75, 37)
(2231/2, 70, 34)
(1116, 85, 43)
(2233/2, 79, 39)
(1117, 80, 40)
(2235/2, 82, 41)
(1118, 82, 41)
(2237/2, 80, 40)
(1119, 77, 38)
(2239/2, 72, 35)
(1120, 88, 44)
(2241/2, 84, 42)
(1121, 86, 43)
(2243/2, 88, 44)
(1122, 88, 44)
(2245/2, 89, 45)
(1123, 89, 45)
(2247/2, 89, 45)
(1124, 89, 45)
(2249/2, 84, 42)
(1125, 80, 40)
(2251/2, 77, 38)
(1126, 76, 37)
(2253/2, 72, 35)
(1127, 67, 32)
(2255/2, 64, 30)
(1128, 80, 40)
(1130, 79, 39)
(2263/2, 79, 39)
(1132, 82, 41)
(1134, 80, 40)
(1136, 85, 43)
(1138, 84, 42)
(2279/2, 84, 42)
(1140, 87, 44)
(1142, 75, 37)
(1144, 73, 36)
(2289/2, 72, 35)
(1145, 70, 34)
(2291/2, 68, 33)
(1146, 67, 32)
(2293/2, 65, 31)
(1147, 63, 30)
(2295/2, 61, 29)
(1148, 60, 28)
(2297/2, 64, 30)
(1149, 65, 31)
(2299/2, 68, 33)
(1150, 72, 35)
(2301/2, 76, 37)
(1151, 77, 38)
(2303/2, 80, 40)
(1152, 84, 42)
(1154, 76, 37)
(2311/2, 76, 37)
(1156, 77, 38)
(1158, 89, 45)
(2319/2, 89, 45)
(1160, 89, 45)
(1162, 87, 44)
(2327/2, 87, 44)
(1164, 85, 43)
(1166, 84, 42)
(1168, 85, 43)
(1170, 84, 42)
(2343/2, 84, 42)
(1172, 82, 41)
(1174, 80, 40)
(1176, 79, 39)
(1177, 80, 40)
(1178, 82, 41)
(1179, 84, 42)
(1180, 85, 43)
(1181, 84, 42)
(1182, 82, 41)
(1183, 80, 40)
(1184, 79, 39)
(1185, 84, 42)
(1186, 82, 41)
(1187, 84, 42)
(1188, 80, 40)
(1190, 77, 38)
(1192, 65, 31)
(2385/2, 67, 32)
(1193, 68, 33)
(2387/2, 70, 34)
(1194, 72, 35)
(2389/2, 73, 36)
(1195, 75, 37)
(2391/2, 77, 38)
(1196, 79, 39)
(1198, 80, 40)
(1200, 67, 32)
(2401/2, 70, 34)
(1201, 72, 35)
(2403/2, 73, 36)
(1202, 75, 37)
(2405/2, 77, 38)
(1203, 79, 39)
(2407/2, 80, 40)
(1204, 82, 41)
(1206, 84, 42)
(1208, 85, 43)
(2417/2, 87, 44)
(1209, 89, 45)
(2419/2, 87, 44)
(1210, 85, 43)
(2421/2, 84, 42)
(1211, 82, 41)
(2423/2, 80, 40)
(1212, 79, 39)
(2425/2, 80, 40)
(1213, 82, 41)
(2427/2, 84, 42)
(1214, 85, 43)
(2429/2, 82, 41)
(1215, 79, 39)
(2431/2, 77, 38)
(1216, 76, 37)
(2433/2, 77, 38)
(1217, 79, 39)
(2435/2, 80, 40)
(1218, 82, 41)
(2437/2, 79, 39)
(1219, 77, 38)
(2439/2, 76, 37)
(1220, 77, 38)
(2441/2, 80, 40)
(1221, 84, 42)
(2443/2, 82, 41)
(1222, 80, 40)
(2445/2, 79, 39)
(1223, 77, 38)
(2447/2, 75, 37)
(1224, 73, 36)
(2449/2, 75, 37)
(1225, 77, 38)
(2451/2, 75, 37)
(1226, 73, 36)
(2453/2, 72, 35)
(1227, 70, 34)
(2455/2, 68, 33)
(1228, 67, 32)
(2457/2, 68, 33)
(1229, 70, 34)
(2459/2, 72, 35)
(1230, 73, 36)
(2461/2, 70, 34)
(1231, 67, 32)
(2463/2, 65, 31)
(1232, 64, 30)
(2465/2, 65, 31)
(1233, 67, 32)
(2467/2, 68, 33)
(1234, 70, 34)
(2469/2, 67, 32)
(1235, 65, 31)
(2471/2, 64, 30)
(1236, 65, 31)
(2473/2, 67, 32)
(1237, 68, 33)
(2475/2, 70, 34)
(1238, 72, 35)
(2477/2, 74, 36)
(1239, 76, 37)
(2479/2, 77, 38)
(1240, 76, 37)
(2481/2, 77, 38)
(1241, 79, 39)
(2483/2, 80, 40)
(1242, 82, 41)
(2485/2, 79, 39)
(1243, 77, 38)
(2487/2, 76, 37)
(1244, 77, 38)
(2489/2, 79, 39)
(1245, 80, 40)
(2491/2, 82, 41)
(1246, 84, 42)
(2493/2, 86, 43)
(1247, 88, 44)
(2495/2, 89, 45)
(1248, 88, 44)
(1250, 55, 25)
(2501/2, 56, 26)
(1251, 58, 27)
(2503/2, 59, 27)
(1252, 60, 28)
(2505/2, 62, 29)
(1253, 64, 30)
(2507/2, 65, 31)
(1254, 67, 32)
(2509/2, 69, 33)
(1255, 71, 34)
(2511/2, 72, 35)
(1256, 74, 36)
(2513/2, 76, 37)
(1257, 77, 38)
(2515/2, 79, 39)
(1258, 81, 40)
(2517/2, 83, 41)
(1259, 84, 42)
(2519/2, 86, 43)
(1260, 88, 44)
(2521/2, 89, 45)
(1261, 91, 46)
(2523/2, 92, 47)
(1262, 94, 48)
(2527/2, 94, 48)
(1264, 94, 48)
(1270, 88, 44)
(1272, 89, 45)
(1274, 79, 39)
(1276, 80, 40)
(1278, 84, 42)
(1280, 84, 42)
(1284, 67, 32)
(1284, 72, 35)
(1284, 76, 37)
(1288, 65, 31)
(1288, 72, 35)
(1288, 77, 38)
(10004, 56, 26)
(20009/2, 55, 25)
(10005, 56, 26)
(20011/2, 58, 27)
(10006, 60, 28)
(20013/2, 58, 27)
(10007, 56, 26)
(20015/2, 58, 27)
(10008, 60, 28)
(20017/2, 58, 27)
(10009, 56, 26)
(20019/2, 58, 27)
(10010, 60, 28)
(20021/2, 60, 28)
(10011, 61, 29)
(20023/2, 63, 30)
(10012, 65, 31)
(20025/2, 69, 33)
(10013, 70, 34)
(20027/2, 72, 35)
(10014, 73, 36)
(20029/2, 72, 35)
(10015, 70, 34)
(20031/2, 66, 32)
(10016, 65, 31)
(20033/2, 69, 33)
(10017, 70, 34)
(20035/2, 66, 32)
(10018, 65, 31)
(20037/2, 63, 30)
(10019, 61, 29)
(20039/2, 60, 28)
(10020, 58, 27)
(10022, 56, 26)
(20045/2, 60, 28)
(10023, 65, 31)
(20047/2, 60, 28)
(10024, 58, 27)
(10026, 56, 26)
(20053/2, 60, 28)
(10027, 65, 31)
(20055/2, 60, 28)
(10028, 62, 29)
(10030, 62, 29)
(10032, 55, 25)
(10032, 64, 30)
(10038, 73, 36)
(20079/2, 73, 36)
(10040, 73, 36)
(20085/2, 67, 32)
(10043, 68, 33)
(20087/2, 70, 34)
(10044, 64, 30)
(10060, 57, 26)
(20121/2, 58, 27)
(10061, 60, 28)
(20123/2, 58, 27)
(10062, 57, 26)
(20125/2, 58, 27)
(10063, 60, 28)
(20127/2, 58, 27)
(10064, 57, 26)
(20129/2, 58, 27)
(10065, 60, 28)
(20131/2, 58, 27)
(10066, 57, 26)
(20133/2, 57, 26)
(10067, 58, 27)
(20135/2, 60, 28)
(10068, 58, 27)
(10070, 58, 27)
(20141/2, 57, 26)
(10071, 58, 27)
(20143/2, 60, 28)
(10072, 58, 27)
(10074, 58, 27)
(20149/2, 60, 28)
(10075, 58, 27)
(20151/2, 60, 28)
(10076, 61, 29)
(10077, 60, 28)
(10078, 61, 29)
(10079, 60, 28)
(10080, 65, 31)
(10082, 65, 31)
(10083, 64, 30)
(20167/2, 67, 32)
(10084, 65, 31)
(20169/2, 68, 33)
(10085, 67, 32)
(20171/2, 70, 34)
(10086, 68, 33)
(20173/2, 72, 35)
(10087, 70, 34)
(20175/2, 73, 36)
(10088, 72, 35)
(10090, 65, 31)
(10098, 65, 31)
(20199/2, 65, 31)
(10100, 64, 30)
(10103, 60, 28)
(10104, 60, 28)
(10105, 65, 31)
(10106, 65, 31)
(20215/2, 65, 31)
(10108, 65, 31)
(10114, 56, 26)
(20231/2, 56, 26)
(10116, 56, 26)
(10122, 56, 26)
(20247/2, 56, 26)
(10124, 56, 26)
(10130, 55, 25)
(10132, 56, 26)
(10134, 64, 30)
(10136, 65, 31)
(10138, 65, 31)
(10140, 56, 26)
(10140, 65, 31)
(10142, 55, 25)
(10142, 64, 30)
(10144, 56, 26)
(10145, 56, 26)
(20291/2, 56, 26)
(10146, 55, 25)
(10147, 60, 28)
(20295/2, 60, 28)
(10148, 60, 28)
(10149, 60, 28)
(20299/2, 60, 28)
(10150, 64, 30)
(20301/2, 61, 29)
(10151, 60, 28)
(20303/2, 58, 27)
(10152, 58, 27)
(20305/2, 60, 28)
(10153, 60, 28)
(20307/2, 65, 31)
(10154, 65, 31)
(20309/2, 61, 29)
(10155, 60, 28)
(20311/2, 58, 27)
(10156, 65, 31)
(20313/2, 60, 28)
(10157, 56, 26)
(20315/2, 60, 28)
(10158, 60, 28)
(20317/2, 58, 27)
(10159, 58, 27)
(20319/2, 58, 27)
(10160, 56, 26)
(10161, 60, 28)
(30484/3, 65, 31)
(30485/3, 68, 33)
(10162, 72, 35)
(10163, 72, 35)
(30490/3, 70, 34)
(30491/3, 68, 33)
(10164, 67, 32)
(10165, 67, 32)
(30496/3, 68, 33)
(30497/3, 70, 34)
(10166, 70, 34)
(10167, 70, 34)
(30502/3, 68, 33)
(30503/3, 67, 32)
(10168, 65, 31)
(10169, 68, 33)
(30508/3, 72, 35)
(30509/3, 77, 38)
(10170, 80, 40)
(10171, 80, 40)
(30514/3, 79, 39)
(30515/3, 77, 38)
(10172, 76, 37)
(10173, 76, 37)
(30520/3, 77, 38)
(30521/3, 79, 39)
(10174, 73, 36)
(10175, 73, 36)
(30526/3, 72, 35)
(30527/3, 70, 34)
(10176, 68, 33)
(10177, 65, 31)
(30532/3, 68, 33)
(30533/3, 72, 35)
(10178, 77, 38)
(10179, 77, 38)
(30538/3, 75, 37)
(30539/3, 73, 36)
(10180, 73, 36)
(10182, 61, 29)
(10185, 68, 33)
(30556/3, 72, 35)
(30557/3, 77, 38)
(10186, 80, 40)
(10187, 80, 40)
(30562/3, 79, 39)
(30563/3, 77, 38)
(10188, 73, 36)
(10190, 61, 29)
(10193, 63, 30)
(10194, 68, 33)
(10195, 63, 30)
(10197, 68, 33)
(10198, 68, 33)
(10199, 65, 31)
(10201, 63, 30)
(10202, 63, 30)
(10203, 68, 33)
(10204, 67, 32)
(10205, 63, 30)
(10206, 63, 30)
(10207, 68, 33)
(10208, 68, 33)
(10211, 73, 36)
(10212, 72, 35)
(10215, 68, 33)
(10217, 68, 33)
(10218, 67, 32)
(10219, 66, 32)
(10220, 65, 31)
(10222, 67, 32)
(10224, 68, 33)
(10225, 80, 40)
(10226, 75, 37)
(10227, 73, 36)
(10228, 72, 35)
(10229, 75, 37)
(10230, 72, 35)
(10231, 68, 33)
(10232, 63, 30)
(10233, 68, 33)
(10234, 67, 32)
(10235, 66, 32)
(10236, 65, 31)
(10238, 67, 32)
(10240, 68, 33)
(20481/2, 68, 33)
(20483/2, 68, 33)
(20485/2, 68, 33)
(20487/2, 68, 33)
(20489/2, 68, 33)
(20491/2, 68, 33)
(20493/2, 68, 33)
(20495/2, 68, 33)
(10248, 60, 28)
(20497/2, 68, 33)
(20499/2, 68, 33)
(20501/2, 68, 33)
(20503/2, 68, 33)
(10252, 68, 33)
(10254, 67, 32)
(10256, 68, 33)
(20513/2, 68, 33)
(20515/2, 68, 33)
(20517/2, 68, 33)
(20519/2, 68, 33)
(20521/2, 68, 33)
(20523/2, 68, 33)
(20525/2, 68, 33)
(20527/2, 68, 33)
(10264, 68, 33)
(10267, 68, 33)
(10268, 68, 33)
(10271, 63, 30)
(10272, 64, 31)
(20547/2, 63, 30)
(10274, 64, 31)
(20551/2, 63, 30)
(10276, 64, 31)
(20555/2, 63, 30)
(10278, 64, 31)
(20559/2, 63, 30)
(10280, 61, 29)
(20563/2, 63, 30)
(10282, 61, 29)
(20567/2, 63, 30)
(10284, 61, 29)
(20571/2, 63, 30)
(10286, 61, 29)
(20575/2, 63, 30)
(10292, 62, 29)
(10296, 61, 29)
(10304, 60, 28)
(10305, 63, 30)
(10306, 61, 29)
(10308, 61, 29)
(20619/2, 63, 30)
(10310, 61, 29)
(20623/2, 63, 30)
(10312, 61, 29)
(20627/2, 63, 30)
(10314, 61, 29)
(20631/2, 63, 30)
(10316, 64, 31)
(20635/2, 63, 30)
(10318, 64, 31)
(20639/2, 63, 30)
(10320, 64, 31)
(20643/2, 63, 30)
(10322, 64, 31)
(20647/2, 63, 30)
(10328, 63, 30)
(10332, 64, 31)
(10340, 61, 29)
(20681/2, 63, 30)
(10341, 61, 29)
(20683/2, 63, 30)
(10342, 61, 29)
(20685/2, 63, 30)
(10343, 61, 29)
(20687/2, 63, 30)
(10344, 61, 29)
(20689/2, 63, 30)
(10345, 61, 29)
(20691/2, 63, 30)
(10346, 61, 29)
(20693/2, 63, 30)
(10347, 61, 29)
(20695/2, 63, 30)
(10348, 60, 28)
(20697/2, 63, 30)
(10349, 60, 28)
(20699/2, 63, 30)
(10350, 60, 28)
(20701/2, 56, 26)
(10351, 60, 28)
(20703/2, 56, 26)
(10352, 65, 31)
(20705/2, 56, 26)
(10353, 65, 31)
(20707/2, 56, 26)
(10354, 65, 31)
(20709/2, 56, 26)
(10355, 65, 31)
(20711/2, 56, 26)
(10356, 61, 29)
(20713/2, 63, 30)
(10357, 61, 29)
(20715/2, 63, 30)
(10358, 61, 29)
(20717/2, 63, 30)
(10359, 61, 29)
(20719/2, 63, 30)
(10360, 61, 29)
(20721/2, 63, 30)
(10361, 61, 29)
(20723/2, 63, 30)
(10362, 61, 29)
(20725/2, 63, 30)
(10363, 61, 29)
(20727/2, 63, 30)
(10364, 60, 28)
(20729/2, 63, 30)
(10365, 60, 28)
(20731/2, 63, 30)
(10368, 61, 29)
(20737/2, 63, 30)
(10369, 61, 29)
(20739/2, 63, 30)
(10370, 61, 29)
(20741/2, 63, 30)
(10371, 61, 29)
(20743/2, 63, 30)
(10372, 60, 28)
(20745/2, 63, 30)
(10373, 60, 28)
(20747/2, 63, 30)
(10376, 58, 27)
(10378, 60, 28)
(10379, 61, 29)
(10384, 58, 27)
(20769/2, 56, 26)
(10385, 55, 25)
(20771/2, 56, 26)
(10386, 58, 27)
(20773/2, 60, 28)
(10387, 61, 29)
(20775/2, 60, 28)
(10388, 58, 27)
(10390, 58, 27)
(10396, 63, 30)
(20793/2, 61, 29)
(10397, 60, 28)
(20795/2, 61, 29)
(10398, 63, 30)
(20797/2, 65, 31)
(10399, 66, 32)
(20799/2, 65, 31)
(10400, 63, 30)
(10402, 63, 30)
(10408, 61, 29)
(20817/2, 63, 30)
(10409, 65, 31)
(20819/2, 63, 30)
(10410, 61, 29)
(20821/2, 60, 28)
(10411, 58, 27)
(20823/2, 60, 28)
(10412, 61, 29)
(20829/2, 61, 29)
(10415, 63, 30)
(20831/2, 60, 28)
(10416, 61, 29)
(20833/2, 63, 30)
(10417, 65, 31)
(20835/2, 63, 30)
(10418, 61, 29)
(20837/2, 60, 28)
(10419, 58, 27)
(20839/2, 60, 28)
(10420, 62, 29)
(10424, 62, 29)
(20849/2, 63, 30)
(10425, 65, 31)
(20851/2, 63, 30)
(10426, 62, 29)
(20853/2, 60, 28)
(10427, 58, 27)
(20855/2, 60, 28)
(10428, 62, 29)
(20857/2, 63, 30)
(10429, 65, 31)
(20859/2, 63, 30)
(10430, 62, 29)
(20861/2, 60, 28)
(10431, 58, 27)
(20863/2, 60, 28)
(10432, 62, 29)
(20865/2, 63, 30)
(10433, 65, 31)
(20867/2, 63, 30)
(10434, 62, 29)
(20869/2, 63, 30)
(10435, 65, 31)
(20871/2, 63, 30)
(10436, 74, 36)
(10436, 77, 38)
(10442, 68, 33)
(20887/2, 68, 33)
(10444, 68, 33)
(20893/2, 62, 29)
(10447, 63, 30)
(20895/2, 65, 31)
(10448, 59, 27)
(10450, 65, 31)
(20903/2, 65, 31)
(10452, 65, 31)
(20909/2, 59, 27)
(10455, 60, 28)
(20911/2, 62, 29)
(10456, 67, 32)
(20917/2, 60, 28)
(10459, 62, 29)
(20919/2, 63, 30)
(10460, 55, 25)
(10464, 67, 32)
(20933/2, 60, 28)
(10467, 62, 29)
(20935/2, 63, 30)
(10468, 55, 25)
(10470, 82, 41)
(20943/2, 82, 41)
(10472, 82, 41)
(20949/2, 76, 37)
(10475, 77, 38)
(20951/2, 79, 39)
(10476, 72, 35)
(10478, 70, 34)
(20959/2, 70, 34)
(10480, 70, 34)
(20965/2, 64, 30)
(10483, 65, 31)
(20967/2, 67, 32)
(10484, 60, 28)
(10486, 67, 32)
(20975/2, 67, 32)
(10488, 67, 32)
(20981/2, 61, 28)
(10491, 62, 29)
(20983/2, 64, 30)
(10492, 55, 25)
(10496, 67, 32)
(20997/2, 61, 28)
(10499, 62, 29)
(20999/2, 64, 30)
(10500, 55, 25)
(21005/2, 67, 32)
(10503, 67, 32)
(21007/2, 67, 32)
(10504, 65, 31)
(10508, 64, 30)
(10511, 57, 26)
(10512, 57, 26)
(10518, 57, 26)
(21039/2, 57, 26)
(10520, 58, 27)
(10526, 58, 27)
(21055/2, 58, 27)
(10528, 60, 28)
(10534, 62, 29)
(21071/2, 62, 29)
(10536, 62, 29)
(10540, 55, 25)
(10542, 60, 28)
(21087/2, 60, 28)
(10544, 60, 28)
(10548, 58, 27)
(10550, 58, 27)
(21103/2, 58, 27)
(10552, 58, 27)
(10556, 56, 26)
(10560, 55, 25)
(10566, 66, 32)
(21135/2, 66, 32)
(10568, 66, 32)
(10572, 66, 32)
(10574, 65, 31)
(10576, 65, 31)
(21161/2, 61, 29)
(10581, 60, 28)
(21163/2, 58, 27)
(10582, 65, 31)
(21167/2, 65, 31)
(10584, 65, 31)
(10588, 65, 31)
(10590, 65, 31)
(10592, 65, 31)
(10594, 63, 30)
(21191/2, 63, 30)
(10596, 63, 30)
(10598, 63, 30)
(10602, 63, 30)
(21207/2, 63, 30)
(10604, 63, 30)
(10606, 63, 30)
(10610, 62, 29)
(21223/2, 62, 29)
(10612, 62, 29)
(10614, 62, 29)
(10618, 61, 29)
(21239/2, 61, 29)
(10620, 61, 29)
(10622, 60, 28)
(10626, 60, 28)
(10626, 63, 30)
(21255/2, 60, 28)
(21255/2, 63, 30)
(10628, 60, 28)
(10628, 63, 30)
(10630, 61, 29)
(10634, 61, 29)
(21271/2, 61, 29)
(10636, 61, 29)
(10638, 61, 29)
(10640, 61, 29)
(10644, 55, 25)
(21289/2, 56, 26)
(10645, 58, 27)
(21291/2, 60, 28)
(10646, 61, 29)
(21293/2, 60, 28)
(10647, 58, 27)
(21295/2, 56, 26)
(10648, 55, 25)
(10652, 55, 25)
(21305/2, 56, 26)
(10653, 58, 27)
(21307/2, 60, 28)
(10654, 61, 29)
(21309/2, 60, 28)
(10655, 58, 27)
(21311/2, 56, 26)
(10656, 55, 25)
(10660, 58, 27)
(21321/2, 56, 26)
(10661, 55, 25)
(21323/2, 56, 26)
(10662, 58, 27)
(21325/2, 70, 34)
(10663, 68, 33)
(21327/2, 67, 32)
(10664, 65, 31)
(21329/2, 64, 30)
(10665, 65, 31)
(21331/2, 67, 32)
(10666, 68, 33)
(21333/2, 70, 34)
(10667, 72, 35)
(21335/2, 70, 34)
(10668, 68, 33)
(21337/2, 67, 32)
(10669, 65, 31)
(21339/2, 67, 32)
(10670, 68, 33)
(21341/2, 65, 31)
(10671, 67, 32)
(21343/2, 69, 33)
(10672, 70, 34)
(21345/2, 72, 35)
(10673, 73, 36)
(21347/2, 75, 37)
(10674, 77, 38)
(21349/2, 75, 37)
(10675, 73, 36)
(21351/2, 72, 35)
(10676, 70, 34)
(10678, 65, 31)
(10680, 65, 31)
(10682, 61, 29)
(10682, 65, 31)
(10684, 58, 27)
(10684, 64, 30)
(10686, 65, 31)
(10688, 65, 31)
(10694, 65, 31)
(21391/2, 65, 31)
(10696, 64, 30)
(10699, 60, 28)
(10700, 60, 28)
(10701, 65, 31)
(10702, 65, 31)
(21407/2, 65, 31)
(10704, 65, 31)
(10710, 56, 26)
(21423/2, 56, 26)
(10712, 56, 26)
(10718, 56, 26)
(21439/2, 56, 26)
(10720, 56, 26)
(10726, 55, 25)
(10728, 56, 26)
(10730, 64, 30)
(10732, 65, 31)
(10734, 65, 31)
(10736, 56, 26)
(10736, 65, 31)
(10738, 55, 25)
(10738, 64, 30)
(10740, 64, 30)
(21481/2, 65, 31)
(10741, 65, 31)
(21483/2, 68, 33)
(10742, 72, 35)
(21485/2, 70, 34)
(10743, 68, 33)
(21487/2, 67, 32)
(10744, 67, 32)
(21489/2, 68, 33)
(10745, 68, 33)
(21491/2, 72, 35)
(10746, 76, 37)
(21493/2, 73, 36)
(10747, 72, 35)
(21495/2, 70, 34)
(10748, 70, 34)
(21497/2, 72, 35)
(10749, 72, 35)
(21499/2, 77, 38)
(10750, 77, 38)
(21501/2, 73, 36)
(10751, 72, 35)
(21503/2, 70, 34)
(10752, 77, 38)
(21505/2, 72, 35)
(10753, 68, 33)
(21507/2, 72, 35)
(10754, 72, 35)
(21509/2, 70, 34)
(10755, 67, 32)
(21511/2, 64, 30)
(10756, 60, 28)
(10757, 60, 28)
(32272/3, 65, 31)
(32273/3, 68, 33)
(10758, 72, 35)
(10759, 72, 35)
(32278/3, 70, 34)
(32279/3, 68, 33)
(10760, 67, 32)
(10761, 67, 32)
(32284/3, 68, 33)
(32285/3, 70, 34)
(10762, 70, 34)
(10763, 70, 34)
(32290/3, 68, 33)
(32291/3, 67, 32)
(10764, 65, 31)
(10765, 68, 33)
(32296/3, 72, 35)
(32297/3, 77, 38)
(10766, 80, 40)
(10767, 80, 40)
(32302/3, 79, 39)
(32303/3, 77, 38)
(10768, 76, 37)
(10769, 76, 37)
(32308/3, 77, 38)
(32309/3, 79, 39)
(10770, 73, 36)
(10771, 73, 36)
(32314/3, 72, 35)
(32315/3, 70, 34)
(10772, 68, 33)
(10773, 65, 31)
(32320/3, 68, 33)
(32321/3, 72, 35)
(10774, 77, 38)
(10775, 65, 31)
(32326/3, 68, 33)
(32327/3, 72, 35)
(10776, 77, 38)
(10777, 65, 31)
(32332/3, 68, 33)
(32333/3, 72, 35)
(10778, 77, 38)
(10779, 65, 31)
(32338/3, 68, 33)
(32339/3, 72, 35)
(10780, 77, 38)
(10781, 65, 31)
(32344/3, 68, 33)
(32345/3, 73, 36)
(10782, 77, 38)
(10783, 65, 31)
(32350/3, 68, 33)
(32351/3, 73, 36)
(10784, 72, 35)
(10785, 63, 30)
(32356/3, 68, 33)
(32357/3, 72, 35)
(10786, 75, 37)
(10787, 63, 30)
(32362/3, 68, 33)
(32363/3, 72, 35)
(10788, 77, 38)
(10789, 65, 31)
(32368/3, 68, 33)
(32369/3, 70, 34)
(10790, 74, 36)
(10791, 65, 31)
(32374/3, 68, 33)
(32375/3, 70, 34)
(10792, 75, 37)
(10793, 63, 30)
(32380/3, 67, 32)
(32381/3, 70, 34)
(10794, 75, 37)
(10795, 67, 32)
(32386/3, 70, 34)
(32387/3, 75, 37)
(10796, 78, 39)
(10797, 66, 32)
(32392/3, 70, 34)
(32393/3, 75, 37)
(10798, 78, 39)
(10799, 66, 32)
(32398/3, 70, 34)
(32399/3, 75, 37)
(10800, 74, 36)
(10801, 65, 31)
(32404/3, 70, 34)
(32405/3, 74, 36)
(10802, 77, 38)
(10803, 65, 31)
(32410/3, 70, 34)
(32411/3, 74, 36)
(10804, 71, 34)
(10805, 62, 29)
(32416/3, 65, 31)
(32417/3, 68, 33)
(10806, 71, 34)
(10807, 62, 29)
(32422/3, 65, 31)
(32423/3, 68, 33)
(10808, 67, 32)
(10813, 60, 28)
(32440/3, 65, 31)
(32441/3, 68, 33)
(10814, 71, 34)
(10815, 60, 28)
(32446/3, 65, 31)
(32447/3, 68, 33)
(10816, 67, 32)
(10817, 64, 30)
(32452/3, 67, 32)
(32453/3, 72, 35)
(10818, 76, 37)
(32455/3, 74, 36)
(32456/3, 72, 35)
(10819, 70, 34)
(32458/3, 68, 33)
(32459/3, 67, 32)
(10820, 65, 31)
(10821, 60, 28)
(32464/3, 65, 31)
(32465/3, 68, 33)
(10822, 71, 34)
(10823, 60, 28)
(32470/3, 65, 31)
(32471/3, 68, 33)
(10824, 67, 32)
(10825, 60, 28)
(32476/3, 64, 30)
(32477/3, 67, 32)
(10826, 70, 34)
(10827, 58, 27)
(32482/3, 62, 29)
(32483/3, 65, 31)
(10828, 70, 34)
(10829, 60, 28)
(32488/3, 64, 30)
(32489/3, 67, 32)
(10830, 70, 34)
(10831, 58, 27)
(32494/3, 62, 29)
(32495/3, 65, 31)
(10832, 70, 34)
(10833, 60, 28)
(32500/3, 64, 30)
(32501/3, 67, 32)
(10834, 70, 34)
(10837, 60, 28)
(32512/3, 64, 30)
(32513/3, 67, 32)
(10838, 70, 34)
(10851, 70, 34)
(10852, 69, 33)
(10855, 65, 31)
(10857, 65, 31)
(10858, 64, 30)
(10859, 63, 30)
(10860, 62, 29)
(10862, 64, 30)
(10864, 65, 31)
(10865, 77, 38)
(10866, 72, 35)
(10867, 70, 34)
(10868, 69, 33)
(10869, 72, 35)
(10870, 69, 33)
(10871, 65, 31)
(10873, 65, 31)
(10874, 64, 30)
(10875, 63, 30)
(10876, 62, 29)
(10878, 64, 30)
(10880, 65, 31)
(10885, 65, 31)
(10886, 60, 28)
(10887, 58, 27)
(10888, 63, 30)
(10890, 62, 29)
(10891, 60, 28)
(10892, 58, 27)
(10895, 57, 26)
(21791/2, 55, 25)
(10896, 57, 26)
(10899, 62, 29)
(10900, 60, 28)
(10901, 65, 31)
(10902, 60, 28)
(10903, 58, 27)
(10904, 57, 26)
(10906, 58, 27)
(10907, 63, 30)
(10908, 57, 26)
(10910, 58, 27)
(10911, 60, 28)
(10912, 62, 29)
(21827/2, 60, 28)
(10914, 62, 29)
(21831/2, 60, 28)
(10916, 62, 29)
(21835/2, 60, 28)
(10918, 62, 29)
(21839/2, 60, 28)
(10920, 58, 27)
(21843/2, 60, 28)
(10922, 58, 27)
(21847/2, 60, 28)
(10924, 58, 27)
(21851/2, 60, 28)
(10926, 58, 27)
(21855/2, 60, 28)
(10932, 60, 28)
(10936, 59, 27)
(10938, 58, 27)
(10940, 57, 26)
(10942, 64, 30)
(10944, 64, 30)
(21891/2, 62, 29)
(10946, 64, 30)
(21895/2, 62, 29)
(10948, 64, 30)
(21899/2, 62, 29)
(10950, 64, 30)
(21903/2, 62, 29)
(10952, 63, 30)
(21907/2, 62, 29)
(10954, 63, 30)
(21911/2, 62, 29)
(10956, 63, 30)
(21915/2, 62, 29)
(10958, 63, 30)
(21919/2, 62, 29)
(10964, 62, 29)
(10968, 58, 27)
(21937/2, 60, 28)
(10969, 58, 27)
(21939/2, 60, 28)
(10970, 58, 27)
(21941/2, 60, 28)
(10971, 58, 27)
(21943/2, 60, 28)
(10972, 58, 27)
(21945/2, 60, 28)
(10973, 58, 27)
(21947/2, 60, 28)
(10974, 58, 27)
(21949/2, 60, 28)
(10975, 58, 27)
(21951/2, 60, 28)
(10976, 57, 26)
(10980, 62, 29)
(10984, 58, 27)
(21969/2, 60, 28)
(10985, 58, 27)
(21971/2, 60, 28)
(10986, 58, 27)
(21973/2, 60, 28)
(10987, 58, 27)
(21975/2, 60, 28)
(10988, 58, 27)
(21977/2, 60, 28)
(10989, 58, 27)
(21979/2, 60, 28)
(10990, 58, 27)
(21981/2, 60, 28)
(10991, 58, 27)
(21983/2, 60, 28)
(10992, 57, 26)
(21985/2, 60, 28)
(10993, 57, 26)
(21987/2, 60, 28)
(10996, 58, 27)
(21993/2, 60, 28)
(10997, 58, 27)
(21995/2, 60, 28)
(10998, 58, 27)
(21997/2, 60, 28)
(10999, 58, 27)
(21999/2, 60, 28)
(11000, 57, 26)
(22001/2, 60, 28)
(11001, 57, 26)
(22003/2, 60, 28)
(11004, 58, 27)
(11012, 58, 27)
(11014, 58, 27)
(11020, 58, 27)
(11020, 64, 30)
(11022, 58, 27)
(11022, 64, 30)
(11028, 58, 27)
(11028, 67, 32)
(11030, 58, 27)
(11030, 67, 32)
(11032, 56, 26)
(22065/2, 55, 25)
(11033, 56, 26)
(22067/2, 58, 27)
(11034, 60, 28)
(22069/2, 58, 27)
(11035, 56, 26)
(22071/2, 58, 27)
(11036, 60, 28)
(22073/2, 58, 27)
(11037, 56, 26)
(22075/2, 58, 27)
(11038, 60, 28)
(11040, 65, 31)
(22081/2, 69, 33)
(11041, 70, 34)
(22083/2, 72, 35)
(11042, 73, 36)
(22085/2, 72, 35)
(11043, 70, 34)
(22087/2, 69, 33)
(11044, 65, 31)
(22089/2, 69, 33)
(11045, 70, 34)
(22091/2, 69, 33)
(11046, 65, 31)
(22093/2, 63, 30)
(11047, 61, 29)
(22095/2, 60, 28)
(11048, 58, 27)
(11050, 60, 28)
(11052, 58, 27)
(11054, 60, 28)
(11055, 65, 31)
(11056, 65, 31)
(11058, 65, 31)
(11060, 65, 31)
(11064, 70, 34)
(11064, 76, 37)
(11066, 64, 30)
(22135/2, 64, 30)
(11068, 64, 30)
(22137/2, 67, 32)
(11069, 65, 31)
(22139/2, 64, 30)
(11070, 67, 32)
(22141/2, 70, 34)
(11071, 68, 33)
(22143/2, 67, 32)
(11072, 72, 35)
(11072, 77, 38)
(11074, 65, 31)
(22151/2, 65, 31)
(11076, 65, 31)
(22153/2, 68, 33)
(11077, 67, 32)
(22155/2, 65, 31)
(11078, 72, 35)
(22157/2, 68, 33)
(11079, 70, 34)
(22159/2, 72, 35)
(11080, 77, 38)
(11082, 67, 32)
(11082, 70, 34)
(22167/2, 67, 32)
(22167/2, 70, 34)
(11084, 69, 33)
(11086, 68, 33)
(11088, 67, 32)
(11090, 60, 28)
(11090, 64, 30)
(22183/2, 60, 28)
(22183/2, 64, 30)
(11092, 65, 31)
(22185/2, 60, 28)
(11093, 60, 28)
(22187/2, 60, 28)
(11094, 68, 33)
(22189/2, 65, 31)
(11095, 60, 28)
(22191/2, 56, 26)
(11096, 58, 27)
(11098, 64, 30)
(22199/2, 64, 30)
(11100, 58, 27)
(22201/2, 67, 32)
(11101, 65, 31)
(22203/2, 64, 30)
(11102, 58, 27)
(22205/2, 67, 32)
(11103, 65, 31)
(22207/2, 64, 30)
(11104, 65, 31)
(11104, 72, 35)
(11104, 77, 38)
(11106, 65, 31)
(22215/2, 65, 31)
(11108, 65, 31)
(11110, 65, 31)
(11112, 65, 31)
(11114, 58, 27)
(22231/2, 58, 27)
(11116, 58, 27)
(11118, 56, 26)
(11120, 64, 30)
(11122, 65, 31)
(22247/2, 65, 31)
(11124, 56, 26)
(11124, 65, 31)
(11126, 55, 25)
(11126, 64, 30)
(11128, 71, 35)
(11130, 70, 34)
(22263/2, 70, 34)
(11132, 79, 39)
(11134, 72, 35)
(11136, 76, 37)
(11138, 77, 38)
(22279/2, 77, 38)
(11140, 84, 42)
(11142, 72, 35)
(11144, 70, 34)
(22289/2, 68, 33)
(11145, 67, 32)
(22291/2, 65, 31)
(11146, 63, 30)
(22293/2, 61, 29)
(11147, 60, 28)
(22295/2, 58, 27)
(11148, 56, 26)
(22297/2, 60, 28)
(11149, 60, 28)
(22299/2, 65, 31)
(11150, 68, 33)
(22301/2, 60, 28)
(11151, 60, 28)
(22303/2, 65, 31)
(11152, 68, 33)
(11154, 72, 35)
(22311/2, 72, 35)
(11156, 72, 35)
(11158, 77, 38)
(22319/2, 77, 38)
(11160, 77, 38)
(11162, 75, 37)
(22327/2, 75, 37)
(11164, 73, 36)
(11166, 72, 35)
(11168, 73, 36)
(11170, 72, 35)
(22343/2, 72, 35)
(11172, 70, 34)
(11174, 68, 33)
(11176, 67, 32)
(11177, 68, 33)
(11178, 70, 34)
(11179, 72, 35)
(11180, 73, 36)
(11181, 72, 35)
(11182, 70, 34)
(11183, 68, 33)
(11184, 67, 32)
(11185, 72, 35)
(11186, 70, 34)
(11187, 72, 35)
(11188, 68, 33)
(11190, 65, 31)
(11192, 77, 38)
(11194, 75, 37)
(22391/2, 75, 37)
(11196, 73, 36)
(11198, 72, 35)
(11200, 73, 36)
(11202, 72, 35)
(22407/2, 72, 35)
(11204, 70, 34)
(11206, 68, 33)
(11208, 67, 32)
(11209, 68, 33)
(11210, 70, 34)
(11211, 72, 35)
(11212, 73, 36)
(11213, 72, 35)
(11214, 70, 34)
(11215, 68, 33)
(11216, 67, 32)
(11217, 72, 35)
(11218, 70, 34)
(11219, 72, 35)
(11220, 68, 33)
(11222, 65, 31)
(11224, 55, 25)
(11225, 56, 26)
(11226, 58, 27)
(11227, 60, 28)
(11228, 61, 29)
(11229, 60, 28)
(11230, 58, 27)
(11231, 56, 26)
(11232, 55, 25)
(11233, 60, 28)
(11234, 58, 27)
(11235, 60, 28)
(11236, 56, 26)
(11238, 65, 31)
(11240, 67, 32)
(11241, 72, 35)
(11242, 70, 34)
(11243, 72, 35)
(11244, 68, 33)
(11246, 65, 31)
(11248, 55, 25)
(11250, 55, 25)
(11252, 55, 25)
(11254, 55, 25)
(11256, 58, 27)
(11258, 58, 27)
(11260, 58, 27)
(11262, 58, 27)
(11264, 64, 30)
(11266, 64, 30)
(11268, 64, 30)
(11270, 72, 35)
(11272, 72, 35)
(11274, 72, 35)
(11274, 76, 37)
(11276, 72, 35)
(11276, 77, 38)
(11278, 72, 35)
(11278, 76, 37)
(11280, 72, 35)
(11280, 77, 38)
(11284, 67, 32)
(11284, 70, 34)
(11288, 68, 33)
(20002, 48, 21)
(20004, 48, 21)
(20006, 48, 21)
(20008, 48, 21)
(20010, 48, 21)
(40021/2, 56, 26)
(20011, 58, 27)
(40023/2, 60, 28)
(20012, 61, 29)
(40025/2, 63, 30)
(20013, 65, 31)
(40027/2, 66, 32)
(20014, 65, 31)
(40029/2, 65, 31)
(20015, 65, 31)
(40031/2, 63, 30)
(20016, 61, 29)
(40033/2, 63, 30)
(20017, 65, 31)
(40035/2, 63, 30)
(20018, 61, 29)
(40037/2, 60, 28)
(20019, 58, 27)
(40039/2, 56, 26)
(20020, 55, 25)
(20022, 53, 24)
(40045/2, 56, 26)
(20023, 60, 28)
(40047/2, 56, 26)
(20024, 55, 25)
(20026, 53, 24)
(40053/2, 56, 26)
(20027, 60, 28)
(40055/2, 53, 24)
(20028, 53, 24)
(40057/2, 56, 26)
(20029, 53, 24)
(40059/2, 56, 26)
(20030, 53, 24)
(40061/2, 56, 26)
(20031, 53, 24)
(40063/2, 56, 26)
(20032, 48, 21)
(20032, 55, 25)
(20038, 70, 34)
(40079/2, 70, 34)
(20040, 70, 34)
(40085/2, 64, 30)
(20043, 65, 31)
(40087/2, 67, 32)
(20044, 55, 25)
(20058, 51, 23)
(20060, 51, 23)
(20062, 51, 23)
(40125/2, 53, 24)
(20063, 54, 25)
(40127/2, 53, 24)
(20064, 51, 23)
(20066, 51, 23)
(20068, 49, 22)
(40137/2, 51, 23)
(20069, 53, 24)
(40139/2, 51, 23)
(20070, 49, 22)
(20072, 49, 22)
(40145/2, 51, 23)
(20073, 53, 24)
(40147/2, 51, 23)
(20074, 49, 22)
(20076, 58, 27)
(20077, 53, 24)
(20080, 53, 24)
(20081, 53, 24)
(40163/2, 60, 28)
(20082, 61, 29)
(40165/2, 58, 27)
(20083, 58, 27)
(40167/2, 48, 21)
(20084, 60, 28)
(40169/2, 48, 21)
(20085, 60, 28)
(40171/2, 48, 21)
(20086, 60, 28)
(40173/2, 48, 21)
(20087, 60, 28)
(40175/2, 48, 21)
(20088, 60, 28)
(20090, 60, 28)
(20092, 53, 24)
(20098, 59, 27)
(40199/2, 59, 27)
(20100, 60, 28)
(40205/2, 58, 27)
(20103, 56, 26)
(40207/2, 55, 25)
(20104, 56, 26)
(20105, 60, 28)
(20106, 60, 28)
(40215/2, 60, 28)
(20108, 60, 28)
(40221/2, 58, 27)
(20111, 56, 26)
(40223/2, 55, 25)
(20112, 55, 25)
(20113, 56, 26)
(20116, 54, 25)
(20120, 53, 24)
(20124, 54, 25)
(20128, 53, 24)
(20130, 48, 21)
(20134, 48, 21)
(20134, 58, 27)
(20136, 60, 28)
(20138, 53, 24)
(20140, 60, 28)
(20142, 58, 27)
(20144, 52, 23)
(40289/2, 53, 24)
(20145, 53, 24)
(40291/2, 56, 26)
(20146, 60, 28)
(40293/2, 58, 27)
(20147, 56, 26)
(40295/2, 55, 25)
(20148, 55, 25)
(40297/2, 56, 26)
(20149, 56, 26)
(40299/2, 56, 26)
(20150, 48, 21)
(20150, 58, 27)
(20151, 48, 21)
(20151, 58, 27)
(40303/2, 48, 21)
(40303/2, 58, 27)
(20152, 48, 21)
(20152, 60, 28)
(20153, 48, 21)
(20153, 60, 28)
(40307/2, 48, 21)
(40307/2, 60, 28)
(20154, 53, 24)
(20154, 58, 27)
(20155, 53, 24)
(40311/2, 53, 24)
(20156, 53, 24)
(20156, 56, 26)
(20157, 53, 24)
(40315/2, 53, 24)
(20158, 52, 23)
(20158, 55, 25)
(20159, 48, 21)
(40319/2, 48, 21)
(20160, 48, 21)
(60481/3, 53, 24)
(60482/3, 56, 26)
(20161, 60, 28)
(20162, 56, 26)
(60487/3, 60, 28)
(60488/3, 65, 31)
(20163, 68, 33)
(20164, 58, 27)
(60493/3, 61, 29)
(60494/3, 67, 32)
(20165, 70, 34)
(20166, 55, 25)
(60499/3, 58, 27)
(60500/3, 64, 30)
(20167, 67, 32)
(20168, 48, 21)
(60505/3, 53, 24)
(60506/3, 56, 26)
(20169, 60, 28)
(20170, 56, 26)
(60511/3, 60, 28)
(60512/3, 65, 31)
(20171, 68, 33)
(20172, 58, 27)
(60517/3, 61, 29)
(60518/3, 67, 32)
(20173, 70, 34)
(20174, 58, 27)
(60523/3, 61, 29)
(60524/3, 67, 32)
(20175, 70, 34)
(20176, 56, 26)
(60529/3, 60, 28)
(60530/3, 65, 31)
(20177, 68, 33)
(20178, 56, 26)
(60535/3, 61, 29)
(60536/3, 65, 31)
(20179, 68, 33)
(20180, 58, 27)
(20180, 63, 30)
(20184, 60, 28)
(60553/3, 63, 30)
(60554/3, 68, 33)
(20185, 72, 35)
(20186, 60, 28)
(60559/3, 65, 31)
(60560/3, 68, 33)
(20187, 72, 35)
(20188, 55, 25)
(20193, 55, 25)
(20194, 56, 26)
(20197, 59, 28)
(20198, 58, 27)
(20201, 61, 29)
(20202, 60, 28)
(20203, 58, 27)
(20203, 62, 29)
(20204, 58, 27)
(20204, 63, 30)
(20205, 61, 29)
(20206, 60, 28)
(20207, 58, 27)
(20207, 62, 29)
(20208, 60, 28)
(20208, 63, 30)
(20215, 65, 31)
(20216, 63, 30)
(20217, 60, 28)
(20218, 58, 27)
(20219, 57, 26)
(20220, 58, 27)
(20222, 70, 34)
(20224, 63, 30)
(20225, 56, 26)
(20226, 60, 28)
(20227, 61, 29)
(20228, 63, 30)
(20229, 60, 28)
(20230, 63, 30)
(20231, 65, 31)
(20232, 68, 33)
(20233, 63, 30)
(20234, 63, 30)
(20235, 63, 30)
(20236, 62, 29)
(20238, 61, 29)
(20240, 60, 28)
(20243, 65, 31)
(20244, 63, 30)
(20245, 68, 33)
(20246, 63, 30)
(20247, 61, 29)
(20248, 66, 32)
(20250, 65, 31)
(20251, 63, 30)
(20252, 61, 29)
(20255, 60, 28)
(40511/2, 58, 27)
(20256, 56, 26)
(20259, 65, 31)
(20260, 63, 30)
(20261, 68, 33)
(20262, 63, 30)
(20263, 61, 29)
(20264, 60, 28)
(20266, 56, 26)
(20267, 60, 28)
(20268, 60, 28)
(20270, 61, 29)
(20271, 56, 26)
(20272, 56, 26)
(20274, 56, 26)
(20276, 56, 26)
(20278, 56, 26)
(20280, 56, 26)
(20282, 56, 26)
(20284, 56, 26)
(20286, 56, 26)
(20292, 56, 25)
(20296, 57, 26)
(20300, 58, 27)
(20302, 51, 23)
(20306, 55, 25)
(20307, 58, 27)
(20308, 58, 27)
(20310, 58, 27)
(20312, 58, 27)
(20314, 58, 27)
(20316, 58, 27)
(40635/2, 63, 30)
(20318, 58, 27)
(40639/2, 63, 30)
(20320, 58, 27)
(40643/2, 63, 30)
(20322, 58, 27)
(40647/2, 63, 30)
(20328, 54, 25)
(20332, 52, 24)
(20336, 56, 26)
(20338, 58, 27)
(20339, 59, 28)
(20340, 58, 27)
(20343, 55, 25)
(20344, 58, 27)
(20346, 56, 26)
(20347, 55, 25)
(20348, 56, 26)
(20352, 56, 26)
(20354, 58, 27)
(20355, 59, 28)
(20356, 58, 27)
(20359, 55, 25)
(20360, 58, 27)
(20362, 56, 26)
(20363, 55, 25)
(20364, 56, 26)
(20368, 58, 27)
(20370, 56, 26)
(20371, 55, 25)
(20372, 56, 26)
(20376, 55, 25)
(20382, 49, 22)
(20384, 49, 22)
(20386, 49, 22)
(20388, 49, 22)
(20390, 48, 21)
(20394, 54, 25)
(20396, 53, 24)
(20398, 53, 24)
(20400, 54, 25)
(20402, 53, 24)
(20406, 53, 24)
(20408, 53, 24)
(20410, 53, 24)
(20414, 53, 24)
(20416, 53, 24)
(20418, 53, 24)
(20422, 53, 24)
(20424, 53, 24)
(20426, 53, 24)
(20428, 53, 24)
(40857/2, 51, 23)
(20429, 50, 22)
(40859/2, 51, 23)
(20430, 53, 24)
(40861/2, 53, 24)
(20431, 58, 27)
(40863/2, 58, 27)
(20432, 65, 31)
(20433, 70, 34)
(20435, 65, 31)
(20436, 55, 25)
(20436, 62, 29)
(20442, 65, 31)
(40887/2, 65, 31)
(20444, 65, 31)
(40893/2, 59, 27)
(20447, 60, 28)
(40895/2, 62, 29)
(20448, 50, 22)
(20450, 62, 29)
(40903/2, 62, 29)
(20452, 62, 29)
(40909/2, 55, 25)
(20455, 57, 26)
(40911/2, 59, 27)
(20456, 48, 21)
(40925/2, 48, 21)
(20463, 48, 21)
(40927/2, 48, 21)
(20464, 48, 21)
(20470, 79, 39)
(40943/2, 79, 39)
(20472, 79, 39)
(40949/2, 67, 32)
(20475, 68, 33)
(40951/2, 70, 34)
(20476, 64, 30)
(20478, 67, 32)
(40959/2, 67, 32)
(20480, 67, 32)
(40965/2, 55, 25)
(20483, 56, 26)
(40967/2, 58, 27)
(20484, 52, 23)
(20486, 52, 23)
(40975/2, 52, 23)
(20488, 52, 23)
(40989/2, 52, 23)
(20495, 52, 23)
(40991/2, 52, 23)
(20496, 52, 23)
(41005/2, 52, 23)
(20503, 52, 23)
(41007/2, 52, 23)
(20504, 52, 23)
(20506, 50, 22)
(20510, 49, 21)
(20512, 54, 24)
(20518, 54, 24)
(41039/2, 54, 24)
(20520, 55, 25)
(20526, 55, 25)
(41055/2, 55, 25)
(20528, 57, 26)
(20534, 54, 24)
(20536, 55, 25)
(20538, 53, 24)
(20540, 51, 23)
(20546, 51, 23)
(41095/2, 51, 23)
(20548, 50, 22)
(20552, 51, 23)
(20556, 50, 22)
(20560, 51, 23)
(20562, 63, 30)
(41127/2, 63, 30)
(20564, 63, 30)
(20572, 63, 30)
(20574, 63, 30)
(20576, 63, 30)
(20578, 61, 29)
(20582, 61, 29)
(41167/2, 61, 29)
(20584, 61, 29)
(20588, 61, 29)
(20590, 61, 29)
(20592, 62, 29)
(20594, 60, 28)
(41191/2, 60, 28)
(20596, 60, 28)
(20598, 60, 28)
(20602, 58, 27)
(41207/2, 58, 27)
(20604, 58, 27)
(20606, 58, 27)
(20610, 50, 22)
(20610, 57, 26)
(41223/2, 50, 22)
(41223/2, 57, 26)
(20612, 50, 22)
(20612, 57, 26)
(20614, 50, 22)
(20614, 57, 26)
(20618, 58, 27)
(41239/2, 58, 27)
(20620, 58, 27)
(20622, 56, 26)
(20626, 53, 24)
(41255/2, 53, 24)
(20628, 53, 24)
(20630, 53, 24)
(20630, 58, 27)
(20634, 58, 27)
(41271/2, 58, 27)
(20636, 58, 27)
(20638, 58, 27)
(20640, 58, 27)
(20642, 49, 22)
(20644, 49, 22)
(20646, 49, 22)
(20650, 49, 22)
(20652, 49, 22)
(20654, 49, 22)
(20658, 48, 21)
(20660, 48, 21)
(20662, 48, 21)
(20664, 48, 21)
(20666, 48, 21)
(20668, 48, 21)
(20668, 60, 28)
(20670, 48, 21)
(20670, 60, 28)
(41341/2, 60, 28)
(20671, 61, 29)
(41343/2, 63, 30)
(20672, 58, 27)
(20672, 65, 31)
(20674, 58, 27)
(20674, 65, 31)
(20676, 53, 24)
(20676, 58, 27)
(20678, 53, 24)
(20678, 58, 27)
(20680, 58, 27)
(20682, 58, 27)
(20684, 61, 29)
(20686, 60, 28)
(20688, 53, 24)
(20694, 59, 27)
(41391/2, 59, 27)
(20696, 60, 28)
(41397/2, 58, 27)
(20699, 56, 26)
(41399/2, 55, 25)
(20700, 56, 26)
(20701, 60, 28)
(20702, 60, 28)
(41407/2, 60, 28)
(20704, 60, 28)
(41413/2, 58, 27)
(20707, 56, 26)
(41415/2, 55, 25)
(20708, 55, 25)
(20709, 56, 26)
(20712, 54, 25)
(20716, 53, 24)
(20720, 54, 25)
(20724, 53, 24)
(20726, 48, 21)
(20730, 48, 21)
(20730, 58, 27)
(20732, 60, 28)
(20734, 53, 24)
(20736, 60, 28)
(20738, 58, 27)
(20740, 52, 23)
(41481/2, 53, 24)
(20741, 53, 24)
(41483/2, 56, 26)
(20742, 60, 28)
(41485/2, 58, 27)
(20743, 56, 26)
(41487/2, 55, 25)
(20744, 55, 25)
(41489/2, 56, 26)
(20745, 56, 26)
(41491/2, 60, 28)
(20746, 64, 30)
(41493/2, 61, 29)
(20747, 60, 28)
(41495/2, 58, 27)
(20748, 58, 27)
(41497/2, 60, 28)
(20749, 60, 28)
(41499/2, 65, 31)
(20750, 53, 24)
(20750, 58, 27)
(20751, 53, 24)
(20751, 58, 27)
(41503/2, 53, 24)
(41503/2, 58, 27)
(20752, 53, 24)
(20752, 56, 26)
(20753, 53, 24)
(20753, 56, 26)
(41507/2, 53, 24)
(41507/2, 56, 26)
(20754, 55, 25)
(20754, 58, 27)
(20755, 55, 25)
(20755, 58, 27)
(41511/2, 55, 25)
(41511/2, 58, 27)
(20756, 56, 26)
(62269/3, 53, 24)
(62270/3, 56, 26)
(20757, 60, 28)
(20758, 56, 26)
(62275/3, 60, 28)
(62276/3, 65, 31)
(20759, 68, 33)
(20760, 58, 27)
(62281/3, 61, 29)
(62282/3, 67, 32)
(20761, 70, 34)
(20762, 55, 25)
(62287/3, 58, 27)
(62288/3, 64, 30)
(20763, 67, 32)
(20764, 56, 26)
(62293/3, 60, 28)
(62294/3, 65, 31)
(20765, 68, 33)
(20766, 56, 26)
(62299/3, 60, 28)
(62300/3, 65, 31)
(20767, 68, 33)
(20768, 58, 27)
(62305/3, 61, 29)
(62306/3, 67, 32)
(20769, 70, 34)
(20770, 58, 27)
(62311/3, 61, 29)
(62312/3, 67, 32)
(20771, 70, 34)
(20772, 56, 26)
(62317/3, 60, 28)
(62318/3, 65, 31)
(20773, 68, 33)
(20774, 53, 24)
(62323/3, 56, 26)
(62324/3, 60, 28)
(20775, 65, 31)
(20776, 53, 24)
(62329/3, 56, 26)
(62330/3, 60, 28)
(20777, 65, 31)
(20778, 53, 24)
(62335/3, 56, 26)
(62336/3, 60, 28)
(20779, 65, 31)
(20780, 53, 24)
(62341/3, 56, 26)
(62342/3, 61, 29)
(20781, 65, 31)
(20782, 53, 24)
(62347/3, 56, 26)
(62348/3, 61, 29)
(20783, 65, 31)
(20784, 51, 23)
(62353/3, 56, 26)
(62354/3, 60, 28)
(20785, 63, 30)
(20786, 51, 23)
(62359/3, 56, 26)
(62360/3, 60, 28)
(20787, 63, 30)
(20788, 53, 24)
(62365/3, 58, 27)
(62366/3, 62, 29)
(20789, 65, 31)
(20790, 53, 24)
(62371/3, 56, 26)
(62372/3, 58, 27)
(20791, 62, 29)
(20792, 51, 23)
(62377/3, 55, 25)
(62378/3, 58, 27)
(20793, 63, 30)
(20794, 51, 23)
(62383/3, 55, 25)
(62384/3, 58, 27)
(20795, 63, 30)
(20796, 51, 23)
(62389/3, 54, 25)
(62390/3, 58, 27)
(20797, 63, 30)
(20798, 51, 23)
(62395/3, 54, 25)
(62396/3, 58, 27)
(20799, 63, 30)
(20800, 53, 24)
(62401/3, 58, 27)
(62402/3, 62, 29)
(20801, 65, 31)
(20802, 53, 24)
(62407/3, 58, 27)
(62408/3, 62, 29)
(20803, 65, 31)
(20804, 53, 24)
(62413/3, 56, 26)
(62414/3, 59, 27)
(20805, 62, 29)
(20806, 53, 24)
(62419/3, 56, 26)
(62420/3, 59, 27)
(20807, 62, 29)
(20808, 48, 21)
(62425/3, 52, 23)
(62426/3, 55, 25)
(20809, 60, 28)
(20812, 48, 21)
(62437/3, 53, 24)
(62438/3, 56, 26)
(20813, 60, 28)
(20814, 48, 21)
(62443/3, 53, 24)
(62444/3, 56, 26)
(20815, 60, 28)
(20816, 48, 21)
(62449/3, 52, 23)
(62450/3, 55, 25)
(20817, 60, 28)
(20820, 48, 21)
(62461/3, 53, 24)
(62462/3, 56, 26)
(20821, 60, 28)
(20822, 48, 21)
(62467/3, 53, 24)
(62468/3, 56, 26)
(20823, 60, 28)
(20824, 48, 21)
(62473/3, 52, 23)
(62474/3, 55, 25)
(20825, 60, 28)
(20826, 50, 22)
(62479/3, 53, 24)
(62480/3, 58, 27)
(20827, 62, 29)
(20828, 52, 23)
(62485/3, 55, 25)
(62486/3, 58, 27)
(20829, 60, 28)
(20830, 53, 24)
(62491/3, 58, 27)
(62492/3, 62, 29)
(20831, 65, 31)
(20832, 52, 23)
(62497/3, 55, 25)
(62498/3, 58, 27)
(20833, 60, 28)
(20836, 55, 25)
(62509/3, 58, 27)
(62510/3, 64, 30)
(20837, 67, 32)
(20853, 69, 33)
(20854, 65, 31)
(20855, 62, 29)
(20856, 60, 28)
(20857, 57, 26)
(20858, 55, 25)
(20859, 57, 26)
(20860, 53, 24)
(20862, 55, 25)
(20864, 57, 26)
(20865, 53, 24)
(20866, 57, 26)
(20867, 58, 27)
(20868, 60, 28)
(20869, 69, 33)
(20870, 65, 31)
(20871, 62, 29)
(20872, 60, 28)
(20873, 60, 28)
(20874, 60, 28)
(20875, 60, 28)
(20876, 59, 27)
(20878, 58, 27)
(20880, 57, 26)
(41761/2, 53, 24)
(41763/2, 53, 24)
(41765/2, 53, 24)
(41767/2, 53, 24)
(41769/2, 53, 24)
(41771/2, 53, 24)
(41773/2, 53, 24)
(41775/2, 53, 24)
(20888, 57, 26)
(41777/2, 53, 24)
(41779/2, 53, 24)
(41781/2, 53, 24)
(41783/2, 53, 24)
(20892, 53, 24)
(20894, 52, 23)
(20896, 53, 24)
(41793/2, 53, 24)
(41795/2, 53, 24)
(41797/2, 53, 24)
(41799/2, 53, 24)
(41801/2, 53, 24)
(41803/2, 53, 24)
(41805/2, 53, 24)
(41807/2, 53, 24)
(20904, 53, 24)
(20907, 53, 24)
(20908, 53, 24)
(20911, 53, 24)
(20912, 53, 24)
(20914, 53, 24)
(20916, 53, 24)
(20918, 53, 24)
(20920, 53, 24)
(20922, 53, 24)
(20924, 53, 24)
(20926, 53, 24)
(20932, 54, 24)
(20936, 55, 25)
(20940, 57, 26)
(20942, 55, 25)
(20944, 55, 25)
(41891/2, 53, 24)
(20946, 55, 25)
(41895/2, 53, 24)
(20948, 55, 25)
(41899/2, 53, 24)
(20950, 55, 25)
(41903/2, 53, 24)
(20952, 57, 26)
(41907/2, 58, 27)
(20954, 57, 26)
(41911/2, 58, 27)
(20956, 57, 26)
(41915/2, 58, 27)
(20958, 57, 26)
(41919/2, 58, 27)
(20964, 53, 24)
(20966, 55, 25)
(20967, 56, 26)
(20968, 55, 25)
(20971, 52, 23)
(20972, 55, 25)
(20974, 53, 24)
(20975, 52, 23)
(20976, 53, 24)
(20980, 53, 24)
(20982, 55, 25)
(20983, 56, 26)
(20984, 55, 25)
(20988, 55, 25)
(20990, 53, 24)
(20991, 52, 23)
(20992, 53, 24)
(20996, 55, 25)
(20998, 53, 24)
(20999, 52, 23)
(21000, 53, 24)
(21004, 55, 25)
(21010, 55, 25)
(21012, 55, 25)
(21014, 55, 25)
(21018, 55, 25)
(21020, 55, 25)
(21022, 55, 25)
(21026, 48, 21)
(21028, 48, 21)
(21030, 48, 21)
(21032, 48, 21)
(21034, 48, 21)
(21036, 48, 21)
(21038, 48, 21)
(42077/2, 56, 26)
(21039, 58, 27)
(42079/2, 60, 28)
(21040, 61, 29)
(42081/2, 63, 30)
(21041, 65, 31)
(42083/2, 66, 32)
(21042, 65, 31)
(42085/2, 65, 31)
(21043, 65, 31)
(42087/2, 63, 30)
(21044, 61, 29)
(42089/2, 63, 30)
(21045, 65, 31)
(42091/2, 63, 30)
(21046, 61, 29)
(42093/2, 60, 28)
(21047, 58, 27)
(42095/2, 56, 26)
(21048, 55, 25)
(21050, 48, 21)
(21051, 53, 24)
(21052, 55, 25)
(21054, 60, 28)
(21056, 55, 25)
(21057, 56, 26)
(21058, 58, 27)
(21059, 60, 28)
(21060, 61, 29)
(21064, 58, 27)
(21064, 64, 30)
(21066, 58, 27)
(42135/2, 58, 27)
(21068, 58, 27)
(42137/2, 55, 25)
(21069, 56, 26)
(42139/2, 58, 27)
(21070, 64, 30)
(42141/2, 67, 32)
(21071, 65, 31)
(42143/2, 64, 30)
(21072, 65, 31)
(21072, 72, 35)
(21074, 60, 28)
(42151/2, 60, 28)
(21076, 60, 28)
(42153/2, 56, 26)
(21077, 58, 27)
(42155/2, 60, 28)
(21078, 65, 31)
(42157/2, 68, 33)
(21079, 67, 32)
(42159/2, 65, 31)
(21080, 68, 33)
(21082, 64, 30)
(42167/2, 64, 30)
(21084, 65, 31)
(21086, 60, 28)
(21086, 65, 31)
(21088, 61, 29)
(21090, 55, 25)
(42183/2, 55, 25)
(21092, 56, 26)
(21093, 60, 28)
(42187/2, 60, 28)
(21094, 60, 28)
(42189/2, 60, 28)
(21095, 60, 28)
(42191/2, 60, 28)
(21096, 64, 30)
(21098, 58, 27)
(42199/2, 58, 27)
(21100, 58, 27)
(42201/2, 61, 29)
(21101, 60, 28)
(42203/2, 58, 27)
(21102, 58, 27)
(42205/2, 61, 29)
(21103, 60, 28)
(42207/2, 58, 27)
(21104, 60, 28)
(21104, 65, 31)
(21106, 60, 28)
(42215/2, 60, 28)
(21108, 60, 28)
(42217/2, 65, 31)
(21109, 61, 29)
(42219/2, 60, 28)
(21110, 60, 28)
(42221/2, 65, 31)
(21111, 61, 29)
(42223/2, 60, 28)
(21112, 53, 24)
(21112, 56, 26)
(21114, 55, 25)
(42231/2, 55, 25)
(21116, 55, 25)
(21118, 56, 26)
(21120, 58, 27)
(21122, 59, 27)
(21122, 62, 29)
(42247/2, 59, 27)
(42247/2, 62, 29)
(21124, 60, 28)
(21126, 60, 28)
(21128, 53, 24)
(21130, 55, 25)
(42261/2, 58, 27)
(21131, 63, 30)
(42263/2, 67, 32)
(21132, 67, 32)
(42265/2, 64, 30)
(21133, 60, 28)
(42267/2, 55, 25)
(21134, 65, 31)
(21136, 58, 27)
(21138, 60, 28)
(42277/2, 65, 31)
(21139, 68, 33)
(42279/2, 72, 35)
(21140, 77, 38)
(21142, 65, 31)
(21144, 65, 31)
(21146, 58, 27)
(42295/2, 58, 27)
(21148, 48, 21)
(42297/2, 48, 21)
(42297/2, 60, 28)
(21149, 48, 21)
(21149, 60, 28)
(42299/2, 48, 21)
(42299/2, 60, 28)
(21150, 48, 21)
(21150, 60, 28)
(42301/2, 48, 21)
(42301/2, 60, 28)
(21151, 48, 21)
(21151, 60, 28)
(42303/2, 48, 21)
(42303/2, 60, 28)
(21152, 48, 21)
(21152, 60, 28)
(21154, 67, 32)
(21154, 70, 34)
(42311/2, 67, 32)
(42311/2, 70, 34)
(21156, 68, 33)
(21158, 65, 31)
(42319/2, 65, 31)
(21160, 65, 31)
(21162, 63, 30)
(42327/2, 63, 30)
(21164, 61, 29)
(21166, 60, 28)
(21168, 61, 29)
(21170, 60, 28)
(42343/2, 60, 28)
(21172, 58, 27)
(21174, 56, 26)
(21176, 55, 25)
(21177, 56, 26)
(21178, 58, 27)
(21179, 60, 28)
(21180, 61, 29)
(21181, 60, 28)
(21182, 58, 27)
(21183, 56, 26)
(21184, 55, 25)
(21185, 60, 28)
(21186, 58, 27)
(21187, 60, 28)
(21188, 56, 26)
(21190, 53, 24)
(21192, 65, 31)
(21194, 63, 30)
(42391/2, 63, 30)
(21196, 61, 29)
(21198, 60, 28)
(21200, 61, 29)
(21202, 60, 28)
(42407/2, 60, 28)
(21204, 53, 24)
(21204, 58, 27)
(21206, 53, 24)
(21206, 56, 26)
(21208, 53, 24)
(21208, 55, 25)
(21209, 53, 24)
(21209, 55, 25)
(21210, 53, 24)
(21210, 55, 25)
(21211, 53, 24)
(21211, 55, 25)
(21212, 53, 24)
(21212, 55, 25)
(21213, 53, 24)
(21213, 55, 25)
(21214, 53, 24)
(21214, 55, 25)
(21215, 53, 24)
(21215, 55, 25)
(21216, 52, 23)
(21216, 55, 25)
(21217, 52, 23)
(21217, 55, 25)
(21218, 52, 23)
(21218, 55, 25)
(21219, 52, 23)
(21219, 55, 25)
(21220, 53, 24)
(21220, 56, 26)
(21222, 53, 24)
(21222, 56, 26)
(21224, 53, 24)
(21224, 55, 25)
(21225, 53, 24)
(21225, 55, 25)
(21226, 53, 24)
(21226, 55, 25)
(21227, 53, 24)
(21227, 55, 25)
(21228, 53, 24)
(21228, 55, 25)
(21229, 53, 24)
(21229, 55, 25)
(21230, 53, 24)
(21230, 55, 25)
(21231, 53, 24)
(21231, 55, 25)
(21232, 52, 23)
(21232, 55, 25)
(21233, 60, 28)
(21234, 58, 27)
(21235, 60, 28)
(21236, 56, 26)
(21238, 53, 24)
(21240, 55, 25)
(21241, 60, 28)
(21242, 58, 27)
(21243, 60, 28)
(21244, 56, 26)
(21246, 53, 24)
(21248, 52, 23)
(21250, 52, 23)
(21252, 52, 23)
(21254, 52, 23)
(21256, 55, 25)
(21258, 55, 25)
(21260, 55, 25)
(21262, 55, 25)
(21264, 55, 25)
(21266, 55, 25)
(21268, 55, 25)
(21270, 67, 32)
(21270, 70, 34)
(21272, 68, 33)
(21274, 67, 32)
(21274, 70, 34)
(21276, 68, 33)
(21278, 67, 32)
(21278, 70, 34)
(21280, 68, 33)
(21284, 48, 21)
(21284, 60, 28)
(21288, 53, 24)
(21288, 56, 26)
(30000, 41, 17)
(30002, 41, 17)
(30004, 41, 17)
(30006, 41, 17)
(30008, 41, 17)
(30010, 41, 17)
(30012, 41, 17)
(30014, 41, 17)
(30016, 41, 17)
(30018, 41, 17)
(30020, 43, 18)
(30022, 44, 19)
(30024, 43, 18)
(30026, 44, 19)
(30028, 47, 20)
(30030, 47, 20)
(30032, 36, 14)
(30032, 48, 21)
(30046, 49, 22)
(60095/2, 49, 22)
(30048, 49, 22)
(60101/2, 43, 18)
(30051, 44, 19)
(60103/2, 46, 20)
(30052, 36, 14)
(30053, 48, 21)
(30054, 46, 20)
(30055, 43, 18)
(30056, 41, 17)
(30058, 41, 17)
(30060, 41, 17)
(30062, 41, 17)
(30064, 41, 17)
(30066, 41, 17)
(30068, 41, 17)
(30070, 41, 17)
(30072, 41, 17)
(30074, 41, 17)
(30076, 43, 18)
(30077, 44, 19)
(30078, 46, 20)
(30079, 48, 21)
(30080, 49, 22)
(30081, 44, 19)
(30082, 46, 20)
(30083, 43, 18)
(30084, 44, 19)
(30085, 40, 16)
(30086, 41, 17)
(30087, 43, 18)
(30088, 44, 19)
(30090, 44, 19)
(30092, 49, 22)
(30100, 36, 14)
(30104, 41, 17)
(30106, 44, 19)
(30108, 49, 22)
(30116, 36, 14)
(30120, 37, 15)
(30124, 36, 14)
(30128, 37, 15)
(30130, 40, 16)
(30132, 41, 17)
(30134, 43, 18)
(30136, 44, 19)
(30138, 49, 22)
(30140, 48, 21)
(30142, 48, 21)
(30144, 37, 15)
(30145, 37, 15)
(60291/2, 37, 15)
(30146, 40, 16)
(30147, 40, 16)
(60295/2, 40, 16)
(30148, 41, 17)
(30149, 41, 17)
(60299/2, 41, 17)
(30150, 43, 18)
(30151, 43, 18)
(60303/2, 43, 18)
(30152, 44, 19)
(30153, 44, 19)
(60307/2, 44, 19)
(30154, 49, 22)
(30155, 49, 22)
(60311/2, 49, 22)
(30156, 48, 21)
(30157, 48, 21)
(60315/2, 48, 21)
(30158, 48, 21)
(30159, 48, 21)
(60319/2, 48, 21)
(30160, 41, 17)
(90481/3, 48, 21)
(90482/3, 53, 24)
(30161, 56, 26)
(30162, 53, 24)
(90487/3, 56, 26)
(90488/3, 60, 28)
(30163, 65, 31)
(30164, 53, 24)
(90493/3, 58, 27)
(90494/3, 61, 29)
(30165, 65, 31)
(30166, 53, 24)
(90499/3, 55, 25)
(90500/3, 58, 27)
(30167, 64, 30)
(30168, 41, 17)
(90505/3, 48, 21)
(90506/3, 53, 24)
(30169, 56, 26)
(30170, 53, 24)
(90511/3, 56, 26)
(90512/3, 60, 28)
(30171, 65, 31)
(30172, 53, 24)
(90517/3, 58, 27)
(90518/3, 61, 29)
(30173, 65, 31)
(30174, 53, 24)
(90523/3, 58, 27)
(90524/3, 61, 29)
(30175, 65, 31)
(30176, 53, 24)
(90529/3, 56, 26)
(90530/3, 60, 28)
(30177, 65, 31)
(30178, 53, 24)
(90535/3, 56, 26)
(90536/3, 61, 29)
(30179, 65, 31)
(30180, 43, 18)
(30184, 56, 26)
(90553/3, 60, 28)
(90554/3, 63, 30)
(30185, 68, 33)
(30186, 56, 26)
(90559/3, 60, 28)
(90560/3, 65, 31)
(30187, 68, 33)
(30188, 46, 20)
(30192, 48, 21)
(30195, 48, 21)
(30196, 50, 22)
(30199, 50, 22)
(30200, 51, 23)
(30201, 58, 27)
(30202, 56, 26)
(30203, 53, 24)
(30204, 51, 23)
(30205, 46, 20)
(30206, 44, 19)
(30207, 41, 17)
(30208, 39, 16)
(60417/2, 39, 16)
(60419/2, 39, 16)
(60421/2, 39, 16)
(60423/2, 39, 16)
(60425/2, 39, 16)
(60427/2, 39, 16)
(60429/2, 39, 16)
(60431/2, 39, 16)
(60433/2, 39, 16)
(60435/2, 39, 16)
(60437/2, 39, 16)
(60439/2, 39, 16)
(30222, 39, 16)
(30224, 39, 16)
(60449/2, 39, 16)
(60451/2, 39, 16)
(60453/2, 39, 16)
(60455/2, 39, 16)
(60457/2, 39, 16)
(60459/2, 39, 16)
(60461/2, 39, 16)
(60463/2, 39, 16)
(60465/2, 39, 16)
(60467/2, 39, 16)
(60469/2, 39, 16)
(60471/2, 39, 16)
(30238, 39, 16)
(30241, 56, 26)
(30242, 53, 24)
(30243, 49, 22)
(30244, 48, 21)
(30245, 53, 24)
(30246, 48, 21)
(30247, 46, 20)
(30248, 44, 19)
(30250, 49, 22)
(30251, 51, 23)
(30252, 53, 24)
(30254, 51, 23)
(30257, 56, 26)
(30258, 53, 24)
(30259, 49, 22)
(30260, 48, 21)
(30261, 53, 24)
(30262, 48, 21)
(30263, 46, 20)
(30264, 44, 19)
(30266, 49, 22)
(30267, 51, 23)
(30268, 53, 24)
(30271, 51, 23)
(30272, 49, 22)
(60547/2, 51, 23)
(30274, 49, 22)
(60551/2, 51, 23)
(30276, 49, 22)
(60555/2, 51, 23)
(30278, 49, 22)
(60559/2, 51, 23)
(30280, 52, 24)
(60563/2, 54, 25)
(30282, 52, 24)
(60567/2, 54, 25)
(30284, 52, 24)
(60571/2, 54, 25)
(30286, 52, 24)
(60575/2, 54, 25)
(30292, 40, 16)
(30296, 45, 19)
(30300, 44, 19)
(30302, 43, 18)
(30304, 44, 19)
(30305, 48, 21)
(30306, 51, 23)
(30308, 52, 24)
(60619/2, 51, 23)
(30310, 52, 24)
(60623/2, 51, 23)
(30312, 52, 24)
(60627/2, 51, 23)
(30314, 52, 24)
(60631/2, 51, 23)
(30316, 49, 22)
(60635/2, 48, 21)
(30318, 49, 22)
(60639/2, 48, 21)
(30320, 49, 22)
(60643/2, 48, 21)
(30322, 49, 22)
(60647/2, 48, 21)
(30328, 47, 21)
(30332, 52, 24)
(30336, 49, 22)
(30340, 51, 23)
(30344, 39, 16)
(30349, 44, 19)
(30350, 48, 21)
(30351, 51, 23)
(30352, 50, 22)
(30356, 51, 23)
(30360, 39, 16)
(30365, 44, 19)
(30366, 48, 21)
(30367, 44, 19)
(30368, 39, 16)
(30373, 44, 19)
(30374, 48, 21)
(30375, 44, 19)
(30376, 39, 16)
(30380, 40, 16)
(30382, 40, 16)
(30384, 40, 16)
(30386, 40, 16)
(30392, 45, 19)
(30394, 45, 19)
(30396, 45, 19)
(30398, 45, 19)
(30404, 46, 20)
(30406, 46, 20)
(30408, 46, 20)
(30412, 46, 20)
(30414, 46, 20)
(30416, 46, 20)
(30420, 44, 19)
(30422, 44, 19)
(30424, 44, 19)
(30426, 44, 19)
(30428, 44, 19)
(30430, 44, 19)
(30432, 44, 19)
(30434, 44, 19)
(30436, 43, 18)
(30446, 53, 24)
(60895/2, 53, 24)
(30448, 53, 24)
(60901/2, 47, 20)
(30451, 48, 21)
(60903/2, 50, 22)
(30452, 43, 18)
(30454, 41, 17)
(60911/2, 41, 17)
(30456, 39, 16)
(60925/2, 39, 16)
(30463, 41, 17)
(60927/2, 43, 18)
(30464, 39, 16)
(60941/2, 40, 16)
(30471, 41, 17)
(60943/2, 43, 18)
(30472, 36, 14)
(30474, 60, 28)
(60951/2, 60, 28)
(30476, 60, 28)
(60957/2, 55, 25)
(30479, 56, 26)
(60959/2, 58, 27)
(30480, 52, 23)
(30482, 48, 21)
(60967/2, 48, 21)
(30484, 48, 21)
(30486, 46, 20)
(60975/2, 46, 20)
(30488, 45, 19)
(60989/2, 46, 20)
(30495, 46, 20)
(60991/2, 46, 20)
(30496, 45, 19)
(61005/2, 45, 19)
(30503, 45, 19)
(61007/2, 45, 19)
(30504, 45, 19)
(61021/2, 45, 19)
(30511, 45, 19)
(61023/2, 45, 19)
(30512, 38, 15)
(30514, 50, 22)
(61031/2, 50, 22)
(30516, 50, 22)
(61037/2, 42, 17)
(30519, 43, 18)
(61039/2, 45, 19)
(30520, 38, 15)
(30522, 50, 22)
(61047/2, 50, 22)
(30524, 50, 22)
(61053/2, 43, 18)
(30527, 45, 19)
(61055/2, 46, 20)
(30528, 38, 15)
(30530, 50, 22)
(61063/2, 50, 22)
(30532, 50, 22)
(30534, 48, 21)
(30536, 46, 20)
(30538, 46, 20)
(61079/2, 46, 20)
(30540, 46, 20)
(30544, 44, 19)
(30546, 44, 19)
(61095/2, 44, 19)
(30548, 44, 19)
(30552, 43, 18)
(30556, 41, 17)
(30560, 39, 16)
(61129/2, 54, 25)
(30565, 56, 26)
(61131/2, 58, 27)
(30566, 39, 16)
(30572, 41, 17)
(30574, 41, 17)
(30576, 46, 20)
(30578, 58, 27)
(61159/2, 58, 27)
(30580, 58, 27)
(61169/2, 49, 22)
(30585, 51, 23)
(61171/2, 53, 24)
(30586, 44, 19)
(30588, 44, 19)
(30590, 44, 19)
(30592, 43, 18)
(30596, 43, 18)
(30598, 43, 18)
(30600, 43, 18)
(30604, 43, 18)
(30606, 43, 18)
(30608, 43, 18)
(30610, 42, 17)
(61223/2, 42, 17)
(30612, 42, 17)
(30614, 42, 17)
(30618, 43, 18)
(61239/2, 43, 18)
(30620, 43, 18)
(30622, 44, 19)
(30626, 45, 19)
(61255/2, 45, 19)
(30628, 45, 19)
(30630, 46, 20)
(30634, 42, 18)
(61271/2, 42, 18)
(30636, 42, 18)
(30638, 42, 18)
(30640, 40, 16)
(30642, 40, 16)
(30644, 40, 16)
(30646, 40, 16)
(30648, 40, 16)
(30650, 40, 16)
(30652, 40, 16)
(30654, 40, 16)
(30656, 40, 16)
(30658, 40, 16)
(30660, 43, 18)
(30662, 43, 18)
(30664, 44, 19)
(61329/2, 43, 18)
(30665, 44, 19)
(61331/2, 46, 20)
(30666, 48, 21)
(61333/2, 46, 20)
(30667, 44, 19)
(61335/2, 46, 20)
(30668, 48, 21)
(61337/2, 46, 20)
(30669, 44, 19)
(61339/2, 46, 20)
(30670, 48, 21)
(61341/2, 44, 19)
(30671, 46, 20)
(61343/2, 48, 21)
(30672, 49, 22)
(30674, 49, 22)
(30676, 49, 22)
(30678, 49, 22)
(30680, 49, 22)
(61361/2, 53, 24)
(30681, 58, 27)
(61363/2, 61, 29)
(30682, 58, 27)
(61365/2, 53, 24)
(30683, 49, 22)
(61367/2, 46, 20)
(30684, 43, 18)
(30686, 44, 19)
(30688, 49, 22)
(30696, 36, 14)
(30700, 41, 17)
(30702, 44, 19)
(30704, 49, 22)
(61421/2, 41, 17)
(30711, 39, 16)
(61423/2, 37, 15)
(30712, 36, 14)
(30713, 39, 16)
(30714, 44, 19)
(30715, 48, 21)
(30716, 49, 22)
(30717, 44, 19)
(30718, 53, 24)
(61437/2, 41, 17)
(30719, 39, 16)
(61439/2, 37, 15)
(30720, 36, 14)
(30721, 39, 16)
(30722, 44, 19)
(30723, 48, 21)
(30724, 49, 22)
(30725, 37, 15)
(30726, 40, 16)
(30727, 52, 23)
(30728, 53, 24)
(30729, 41, 17)
(30730, 43, 18)
(30731, 55, 25)
(30732, 56, 26)
(30733, 44, 19)
(30734, 49, 22)
(30735, 61, 29)
(30736, 60, 28)
(30737, 48, 21)
(30738, 48, 21)
(30739, 36, 14)
(30740, 37, 15)
(30741, 37, 15)
(61483/2, 37, 15)
(30742, 40, 16)
(30743, 40, 16)
(61487/2, 40, 16)
(30744, 41, 17)
(30745, 41, 17)
(61491/2, 41, 17)
(30746, 43, 18)
(30747, 43, 18)
(61495/2, 43, 18)
(30748, 44, 19)
(30749, 44, 19)
(61499/2, 44, 19)
(30750, 49, 22)
(30751, 49, 22)
(61503/2, 49, 22)
(30752, 48, 21)
(30753, 48, 21)
(61507/2, 48, 21)
(30754, 36, 14)
(30755, 36, 14)
(61511/2, 36, 14)
(30756, 41, 17)
(92269/3, 44, 19)
(92270/3, 48, 21)
(30757, 53, 24)
(30758, 53, 24)
(92275/3, 56, 26)
(92276/3, 60, 28)
(30759, 65, 31)
(30760, 53, 24)
(92281/3, 58, 27)
(92282/3, 61, 29)
(30761, 65, 31)
(30762, 53, 24)
(92287/3, 55, 25)
(92288/3, 58, 27)
(30763, 64, 30)
(30764, 53, 24)
(92293/3, 56, 26)
(92294/3, 60, 28)
(30765, 65, 31)
(30766, 53, 24)
(92299/3, 56, 26)
(92300/3, 60, 28)
(30767, 65, 31)
(30768, 53, 24)
(92305/3, 58, 27)
(92306/3, 61, 29)
(30769, 65, 31)
(30770, 53, 24)
(92311/3, 58, 27)
(92312/3, 61, 29)
(30771, 65, 31)
(30772, 53, 24)
(92317/3, 56, 26)
(92318/3, 60, 28)
(30773, 65, 31)
(30780, 37, 15)
(30782, 41, 17)
(30784, 44, 19)
(30786, 48, 21)
(30788, 50, 22)
(30790, 53, 24)
(30792, 58, 27)
(30796, 39, 16)
(30798, 42, 18)
(30800, 46, 20)
(30802, 50, 22)
(30804, 53, 24)
(30806, 56, 26)
(30808, 60, 28)
(30814, 65, 31)
(30816, 64, 30)
(30818, 60, 28)
(30822, 65, 31)
(30824, 64, 30)
(30826, 62, 29)
(30828, 60, 28)
(30830, 62, 29)
(30832, 60, 28)
(30834, 53, 24)
(30836, 52, 23)
(30838, 41, 17)
(30840, 40, 16)
(30848, 41, 17)
(61697/2, 41, 17)
(61699/2, 41, 17)
(61701/2, 41, 17)
(61703/2, 41, 17)
(61705/2, 41, 17)
(61707/2, 41, 17)
(61709/2, 41, 17)
(61711/2, 41, 17)
(61713/2, 41, 17)
(61715/2, 41, 17)
(61717/2, 41, 17)
(61719/2, 41, 17)
(30862, 41, 17)
(30864, 41, 17)
(61729/2, 41, 17)
(61731/2, 41, 17)
(61733/2, 41, 17)
(61735/2, 41, 17)
(61737/2, 41, 17)
(61739/2, 41, 17)
(61741/2, 41, 17)
(61743/2, 41, 17)
(61745/2, 41, 17)
(61747/2, 41, 17)
(61749/2, 41, 17)
(61751/2, 41, 17)
(30878, 41, 17)
(30881, 53, 24)
(30882, 50, 22)
(30883, 46, 20)
(30884, 45, 19)
(30885, 50, 22)
(30886, 45, 19)
(30887, 43, 18)
(30888, 41, 17)
(30890, 46, 20)
(30891, 48, 21)
(30892, 50, 22)
(30894, 48, 21)
(30897, 53, 24)
(30898, 50, 22)
(30899, 46, 20)
(30900, 45, 19)
(30901, 50, 22)
(30902, 45, 19)
(30903, 43, 18)
(30904, 41, 17)
(30906, 46, 20)
(30907, 48, 21)
(30908, 51, 23)
(30910, 50, 22)
(30911, 48, 21)
(30912, 46, 20)
(61827/2, 48, 21)
(30914, 46, 20)
(61831/2, 48, 21)
(30916, 46, 20)
(61835/2, 48, 21)
(30918, 46, 20)
(61839/2, 48, 21)
(30920, 50, 22)
(61843/2, 51, 23)
(30922, 50, 22)
(61847/2, 51, 23)
(30924, 50, 22)
(61851/2, 51, 23)
(30926, 50, 22)
(61855/2, 51, 23)
(30932, 38, 15)
(30936, 43, 18)
(30940, 48, 21)
(30944, 49, 21)
(61891/2, 50, 22)
(30946, 49, 21)
(61895/2, 50, 22)
(30948, 49, 21)
(61899/2, 50, 22)
(30950, 49, 21)
(61903/2, 50, 22)
(30952, 48, 21)
(61907/2, 46, 20)
(30954, 48, 21)
(61911/2, 46, 20)
(30956, 48, 21)
(61915/2, 46, 20)
(30958, 48, 21)
(61919/2, 46, 20)
(30964, 47, 20)
(30968, 36, 14)
(30977, 41, 17)
(30978, 45, 19)
(30979, 48, 21)
(30980, 47, 20)
(30984, 48, 21)
(30993, 53, 24)
(30994, 57, 26)
(30995, 53, 24)
(30996, 48, 21)
(31001, 53, 24)
(31002, 57, 26)
(31003, 53, 24)
(31004, 48, 21)
(31008, 37, 15)
(31010, 37, 15)
(31016, 37, 15)
(31018, 37, 15)
(31024, 40, 16)
(31026, 40, 16)
(31032, 41, 17)
(31034, 41, 17)
(31036, 41, 17)
(31038, 41, 17)
(31040, 41, 17)
(31042, 41, 17)
(31044, 41, 17)
(31046, 41, 17)
(31048, 43, 18)
(31050, 44, 19)
(31052, 43, 18)
(31054, 44, 19)
(31056, 46, 20)
(31057, 48, 21)
(31058, 49, 22)
(31059, 45, 19)
(31060, 46, 20)
(31064, 43, 18)
(31066, 55, 25)
(62135/2, 55, 25)
(31068, 55, 25)
(62137/2, 52, 23)
(31069, 53, 24)
(62139/2, 55, 25)
(31070, 46, 20)
(62141/2, 49, 22)
(31071, 48, 21)
(62143/2, 46, 20)
(31072, 44, 19)
(31074, 56, 26)
(62151/2, 56, 26)
(31076, 56, 26)
(62153/2, 53, 24)
(31077, 55, 25)
(62155/2, 56, 26)
(31078, 44, 19)
(62157/2, 41, 17)
(31079, 43, 18)
(62159/2, 44, 19)
(31080, 38, 15)
(31082, 37, 15)
(62167/2, 37, 15)
(31084, 36, 14)
(31086, 48, 21)
(31088, 46, 20)
(31090, 48, 21)
(62183/2, 48, 21)
(31092, 44, 19)
(62185/2, 53, 24)
(31093, 60, 28)
(62187/2, 56, 26)
(31094, 53, 24)
(62189/2, 48, 21)
(31095, 44, 19)
(62191/2, 41, 17)
(31096, 43, 18)
(31098, 55, 25)
(62199/2, 55, 25)
(31100, 55, 25)
(62201/2, 58, 27)
(31101, 56, 26)
(62203/2, 55, 25)
(31102, 43, 18)
(62205/2, 46, 20)
(31103, 44, 19)
(62207/2, 43, 18)
(31104, 44, 19)
(31106, 56, 26)
(62215/2, 56, 26)
(31108, 56, 26)
(62217/2, 60, 28)
(31109, 58, 27)
(62219/2, 56, 26)
(31110, 44, 19)
(62221/2, 48, 21)
(31111, 46, 20)
(62223/2, 44, 19)
(31112, 38, 15)
(31114, 39, 16)
(62231/2, 39, 16)
(31116, 40, 16)
(31118, 41, 17)
(31120, 43, 18)
(31122, 44, 19)
(62247/2, 41, 17)
(31124, 48, 21)
(31126, 36, 14)
(31128, 38, 15)
(62257/2, 41, 17)
(31129, 44, 19)
(62259/2, 50, 22)
(31130, 51, 23)
(62261/2, 55, 25)
(31131, 58, 27)
(62263/2, 63, 30)
(31132, 64, 30)
(62265/2, 60, 28)
(31133, 55, 25)
(62267/2, 52, 23)
(31134, 53, 24)
(62269/2, 48, 21)
(31135, 44, 19)
(62271/2, 41, 17)
(31136, 43, 18)
(62273/2, 46, 20)
(31137, 52, 23)
(62275/2, 55, 25)
(31138, 44, 19)
(62277/2, 48, 21)
(31139, 53, 24)
(62279/2, 56, 26)
(31140, 45, 19)
(62281/2, 46, 20)
(31141, 48, 21)
(62283/2, 49, 22)
(31142, 51, 23)
(62285/2, 53, 24)
(31143, 55, 25)
(62287/2, 57, 26)
(31144, 46, 20)
(62289/2, 48, 21)
(31145, 49, 22)
(62291/2, 51, 23)
(31146, 53, 24)
(62293/2, 55, 25)
(31147, 56, 26)
(62295/2, 58, 27)
(31148, 60, 28)
(62297/2, 55, 25)
(31149, 56, 26)
(62299/2, 53, 24)
(31150, 48, 21)
(62301/2, 43, 18)
(31151, 44, 19)
(62303/2, 41, 17)
(31152, 36, 14)
(31154, 48, 21)
(62311/2, 48, 21)
(31156, 41, 17)
(31158, 53, 24)
(62319/2, 53, 24)
(31160, 53, 24)
(31162, 51, 23)
(62327/2, 51, 23)
(31164, 49, 22)
(31166, 48, 21)
(31168, 49, 22)
(31170, 48, 21)
(62343/2, 48, 21)
(31172, 46, 20)
(31174, 44, 19)
(31176, 43, 18)
(31177, 44, 19)
(31178, 46, 20)
(31179, 48, 21)
(31180, 49, 22)
(31181, 48, 21)
(31182, 46, 20)
(31183, 44, 19)
(31184, 43, 18)
(31185, 48, 21)
(31186, 46, 20)
(31187, 48, 21)
(31188, 44, 19)
(31190, 41, 17)
(31192, 61, 29)
(31194, 60, 28)
(62391/2, 60, 28)
(31196, 58, 27)
(31198, 56, 26)
(31200, 58, 27)
(31202, 56, 26)
(62407/2, 56, 26)
(31204, 49, 22)
(31206, 48, 21)
(31208, 46, 20)
(31209, 46, 20)
(31210, 46, 20)
(31211, 46, 20)
(31212, 46, 20)
(31213, 46, 20)
(31214, 46, 20)
(31215, 46, 20)
(31216, 48, 21)
(31217, 48, 21)
(31218, 48, 21)
(31219, 48, 21)
(31220, 41, 17)
(31222, 41, 17)
(31224, 46, 20)
(31225, 46, 20)
(31226, 46, 20)
(31227, 46, 20)
(31228, 46, 20)
(31229, 46, 20)
(31230, 46, 20)
(31231, 46, 20)
(31232, 48, 21)
(31233, 48, 21)
(31234, 46, 20)
(31235, 48, 21)
(31236, 44, 19)
(31238, 41, 17)
(31240, 43, 18)
(31241, 48, 21)
(31242, 46, 20)
(31243, 48, 21)
(31244, 44, 19)
(31246, 41, 17)
(31248, 36, 14)
(31248, 48, 21)
(31250, 36, 14)
(31250, 48, 21)
(31252, 36, 14)
(31252, 48, 21)
(31254, 36, 14)
(31254, 48, 21)
(31256, 36, 14)
(31256, 48, 21)
(31258, 36, 14)
(31258, 48, 21)
(31260, 36, 14)
(31260, 48, 21)
(31262, 36, 14)
(31262, 48, 21)
(31264, 36, 14)
(31264, 48, 21)
(31266, 36, 14)
(31266, 48, 21)
(31268, 36, 14)
(31268, 48, 21)
(31270, 48, 21)
(31272, 53, 24)
(31274, 48, 21)
(31276, 53, 24)
(31278, 48, 21)
(31280, 53, 24)
(31284, 36, 14)
(31288, 41, 17)
