(2, 80, 40)
(19/8, 72, 35)
(5/2, 72, 35)
(7/2, 70, 34)
(4, 70, 34)
(35/8, 77, 38)
(9/2, 77, 38)
(5, 70, 34)
(11/2, 72, 35)
(6, 73, 36)
(13/2, 73, 36)
(29/4, 75, 37)
(15/2, 73, 36)
(8, 72, 35)
(10, 72, 35)
(83/8, 77, 38)
(21/2, 75, 37)
(23/2, 74, 36)
(12, 75, 37)
(99/8, 70, 34)
(25/2, 70, 34)
(55/4, 70, 34)
(14, 72, 35)
(57/4, 74, 36)
(29/2, 74, 36)
(15, 77, 38)
(31/2, 75, 37)
(16, 75, 37)
(33/2, 73, 36)
(17, 72, 35)
(35/2, 72, 35)
(18, 70, 34)
(147/8, 69, 33)
(37/2, 70, 34)
(19, 72, 35)
(39/2, 73, 36)
(20, 77, 38)
(163/8, 75, 37)
(41/2, 73, 36)
(21, 75, 37)
(43/2, 77, 38)
(22, 80, 40)
(45/2, 79, 39)
(23, 77, 38)
(47/2, 75, 37)
(24, 68, 33)
(49/2, 67, 32)
(25, 65, 31)
(51/2, 63, 30)
(28, 80, 40)
(227/8, 72, 35)
(57/2, 72, 35)
(59/2, 70, 34)
(30, 77, 38)
(61/2, 75, 37)
(127/4, 73, 36)
(32, 70, 34)
(129/4, 72, 35)
(65/2, 68, 33)
(67/2, 70, 34)
(69/2, 72, 35)
(71/2, 77, 38)
(73/2, 70, 34)
(151/4, 72, 35)
(38, 73, 36)
(153/4, 72, 35)
(77/2, 72, 35)
(40, 70, 34)
(161/4, 70, 34)
(41, 68, 33)
(165/4, 68, 33)
(42, 66, 32)
(169/4, 66, 32)
(43, 65, 31)
(173/4, 65, 31)
(44, 62, 29)
(177/4, 62, 29)
(45, 62, 29)
(181/4, 62, 29)
(46, 67, 32)
(185/4, 67, 32)
(47, 71, 34)
(189/4, 71, 34)
(48, 72, 35)
(193/4, 72, 35)
(49, 72, 35)
(197/4, 72, 35)
(50, 72, 35)
(201/4, 72, 35)
(101/2, 69, 33)
(103/2, 70, 34)
(105/2, 75, 37)
(215/4, 74, 36)
(54, 72, 35)
(217/4, 70, 34)
(109/2, 70, 34)
(223/4, 68, 33)
(56, 67, 32)
(225/4, 65, 31)
(113/2, 74, 36)
(231/4, 72, 35)
(58, 70, 34)
(233/4, 68, 33)
(117/2, 77, 38)
(239/4, 79, 39)
(60, 77, 38)
(241/4, 75, 37)
(121/2, 74, 36)
(243/4, 72, 35)
(61, 74, 36)
(245/4, 75, 37)
(123/2, 75, 37)
(247/4, 70, 34)
(62, 74, 36)
(62, 72, 35)
(249/4, 70, 34)
(125/2, 70, 34)
(63, 70, 34)
(255/4, 68, 33)
(64, 67, 32)
(257/4, 65, 31)
(129/2, 74, 36)
(65, 74, 36)
(263/4, 72, 35)
(66, 70, 34)
(265/4, 68, 33)
(133/2, 77, 38)
(271/4, 79, 39)
(68, 77, 38)
(273/4, 75, 37)
(275/4, 79, 39)
(69, 77, 38)
(277/4, 75, 37)
(279/4, 79, 39)
(70, 77, 38)
(281/4, 75, 37)
(141/2, 75, 37)
(283/4, 70, 34)
(71, 68, 33)
(285/4, 70, 34)
(143/2, 67, 32)
(287/4, 72, 35)
(72, 70, 34)
(289/4, 68, 33)
(291/4, 72, 35)
(73, 70, 34)
(293/4, 68, 33)
(295/4, 67, 32)
(74, 68, 33)
(297/4, 70, 34)
(149/2, 72, 35)
(299/4, 70, 34)
(75, 68, 33)
(301/4, 67, 32)
(151/2, 67, 32)
(303/4, 70, 34)
(76, 65, 31)
(305/4, 67, 32)
(153/2, 63, 30)
(307/4, 58, 27)
(77, 63, 30)
(619/8, 63, 30)
(155/2, 63, 30)
(623/8, 63, 30)
(78, 63, 30)
(627/8, 63, 30)
(157/2, 63, 30)
(315/4, 68, 33)
(79, 68, 33)
(319/4, 68, 33)
(80, 67, 32)
(321/4, 65, 31)
(161/2, 70, 34)
(323/4, 67, 32)
(81, 63, 30)
(651/8, 63, 30)
(163/2, 63, 30)
(655/8, 63, 30)
(82, 63, 30)
(659/8, 63, 30)
(165/2, 63, 30)
(331/4, 68, 33)
(83, 68, 33)
(335/4, 68, 33)
(84, 67, 32)
(337/4, 65, 31)
(169/2, 70, 34)
(339/4, 70, 34)
(85, 79, 39)
(341/4, 75, 37)
(171/2, 74, 36)
(347/4, 70, 34)
(87, 75, 37)
(349/4, 79, 39)
(175/2, 77, 38)
(355/4, 77, 38)
(89, 75, 37)
(359/4, 77, 38)
(90, 75, 37)
(363/4, 77, 38)
(91, 75, 37)
(367/4, 77, 38)
(92, 75, 37)
(369/4, 77, 38)
(185/2, 75, 37)
(371/4, 77, 38)
(93, 75, 37)
(373/4, 73, 36)
(375/4, 73, 36)
(94, 70, 34)
(377/4, 67, 32)
(379/4, 67, 32)
(95, 65, 31)
(381/4, 63, 30)
(383/4, 63, 30)
(385/4, 63, 30)
(387/4, 63, 30)
(98, 80, 40)
(787/8, 72, 35)
(197/2, 72, 35)
(199/2, 70, 34)
(100, 70, 34)
(803/8, 77, 38)
(201/2, 77, 38)
(101, 70, 34)
(203/2, 72, 35)
(102, 73, 36)
(205/2, 73, 36)
(413/4, 75, 37)
(207/2, 73, 36)
(104, 72, 35)
(106, 72, 35)
(851/8, 77, 38)
(213/2, 75, 37)
(215/2, 74, 36)
(108, 75, 37)
(867/8, 70, 34)
(217/2, 70, 34)
(437/4, 70, 34)
(219/2, 71, 34)
(439/4, 72, 35)
(110, 73, 36)
(441/4, 74, 36)
(221/2, 74, 36)
(111, 77, 38)
(223/2, 75, 37)
(112, 75, 37)
(225/2, 75, 37)
(113, 73, 36)
(907/8, 72, 35)
(227/2, 72, 35)
(114, 70, 34)
(915/8, 69, 33)
(229/2, 70, 34)
(115, 72, 35)
(231/2, 73, 36)
(116, 77, 38)
(931/8, 75, 37)
(233/2, 73, 36)
(117, 75, 37)
(235/2, 77, 38)
(118, 80, 40)
(237/2, 79, 39)
(119, 77, 38)
(239/2, 75, 37)
(120, 68, 33)
(241/2, 67, 32)
(121, 65, 31)
(243/2, 64, 30)
(122, 65, 31)
(245/2, 67, 32)
(123, 70, 34)
(247/2, 68, 33)
(124, 68, 33)
(249/2, 69, 33)
(125, 72, 35)
(251/2, 70, 34)
(126, 70, 34)
(1011/8, 77, 38)
(253/2, 77, 38)
(128, 69, 33)
(1027/8, 77, 38)
(257/2, 77, 38)
(130, 77, 38)
(1043/8, 78, 39)
(261/2, 78, 39)
(131, 73, 36)
(131, 76, 37)
(132, 73, 36)
(132, 76, 37)
(531/4, 73, 36)
(531/4, 76, 37)
(133, 73, 36)
(133, 76, 37)
(535/4, 73, 36)
(535/4, 76, 37)
(134, 88, 44)
(539/4, 85, 43)
(135, 82, 41)
(541/4, 79, 39)
(271/2, 76, 38)
(543/4, 73, 36)
(136, 70, 34)
(545/4, 67, 32)
(273/2, 66, 32)
(547/4, 70, 34)
(137, 73, 36)
(549/4, 78, 39)
(275/2, 82, 41)
(551/4, 66, 32)
(138, 66, 32)
(553/4, 66, 32)
(277/2, 66, 32)
(139, 71, 35)
(1115/8, 71, 35)
(279/2, 71, 35)
(1119/8, 71, 35)
(140, 71, 35)
(1123/8, 71, 35)
(281/2, 71, 34)
(563/4, 76, 37)
(141, 76, 37)
(567/4, 76, 37)
(142, 75, 36)
(569/4, 73, 35)
(285/2, 78, 38)
(571/4, 75, 36)
(143, 71, 34)
(1147/8, 71, 34)
(287/2, 71, 34)
(1151/8, 71, 34)
(144, 71, 34)
(1155/8, 71, 34)
(289/2, 71, 34)
(289/2, 83, 41)
(145, 71, 34)
(145, 83, 41)
(1163/8, 71, 34)
(1163/8, 83, 41)
(291/2, 71, 34)
(291/2, 83, 41)
(1167/8, 71, 34)
(1167/8, 83, 41)
(146, 71, 34)
(146, 83, 41)
(1171/8, 71, 34)
(1171/8, 83, 41)
(293/2, 71, 34)
(293/2, 83, 41)
(147, 71, 34)
(147, 83, 41)
(1179/8, 71, 34)
(1179/8, 83, 41)
(295/2, 71, 34)
(295/2, 83, 41)
(1183/8, 71, 34)
(1183/8, 83, 41)
(148, 71, 34)
(148, 83, 41)
(1187/8, 71, 34)
(1187/8, 83, 41)
(297/2, 71, 34)
(297/2, 83, 41)
(1191/8, 83, 41)
(149, 89, 45)
(1195/8, 86, 43)
(299/2, 83, 41)
(150, 84, 42)
(1207/8, 83, 41)
(151, 89, 45)
(1211/8, 86, 43)
(303/2, 83, 41)
(152, 84, 42)
(1223/8, 71, 34)
(153, 77, 38)
(1227/8, 74, 36)
(307/2, 71, 34)
(615/4, 71, 34)
(617/4, 71, 34)
(619/4, 71, 34)
(621/4, 71, 34)
(623/4, 71, 34)
(625/4, 71, 34)
(627/4, 71, 35)
(629/4, 71, 35)
(631/4, 71, 35)
(633/4, 71, 35)
(1271/8, 67, 32)
(159, 73, 36)
(1275/8, 70, 34)
(319/2, 67, 32)
(160, 68, 33)
(1287/8, 67, 32)
(161, 73, 36)
(1291/8, 70, 34)
(323/2, 67, 32)
(162, 68, 33)
(651/4, 67, 32)
(163, 73, 36)
(653/4, 70, 34)
(327/2, 67, 32)
(655/4, 67, 32)
(164, 65, 31)
(657/4, 63, 30)
(329/2, 63, 30)
(663/4, 61, 29)
(166, 60, 28)
(665/4, 58, 27)
(333/2, 67, 32)
(671/4, 65, 31)
(168, 63, 30)
(673/4, 61, 29)
(337/2, 70, 34)
(679/4, 72, 35)
(170, 70, 34)
(681/4, 68, 33)
(341/2, 67, 32)
(683/4, 65, 31)
(171, 67, 32)
(685/4, 68, 33)
(343/2, 68, 33)
(687/4, 63, 30)
(172, 67, 32)
(172, 65, 31)
(689/4, 63, 30)
(345/2, 63, 30)
(173, 75, 37)
(695/4, 73, 36)
(174, 72, 35)
(697/4, 70, 34)
(349/2, 79, 39)
(175, 79, 39)
(703/4, 77, 38)
(176, 75, 37)
(705/4, 73, 36)
(353/2, 82, 41)
(711/4, 84, 42)
(178, 82, 41)
(713/4, 80, 40)
(715/4, 84, 42)
(179, 82, 41)
(717/4, 80, 40)
(719/4, 84, 42)
(180, 82, 41)
(721/4, 80, 40)
(361/2, 80, 40)
(723/4, 75, 37)
(181, 73, 36)
(725/4, 75, 37)
(363/2, 72, 35)
(727/4, 77, 38)
(182, 75, 37)
(729/4, 73, 36)
(731/4, 77, 38)
(183, 75, 37)
(733/4, 73, 36)
(735/4, 72, 35)
(184, 73, 36)
(737/4, 75, 37)
(369/2, 77, 38)
(739/4, 75, 37)
(185, 73, 36)
(741/4, 72, 35)
(371/2, 72, 35)
(743/4, 72, 35)
(186, 73, 36)
(745/4, 70, 34)
(373/2, 68, 33)
(747/4, 63, 30)
(187, 68, 33)
(1499/8, 68, 33)
(375/2, 68, 33)
(1503/8, 68, 33)
(188, 68, 33)
(1507/8, 68, 33)
(377/2, 68, 33)
(755/4, 73, 36)
(189, 73, 36)
(759/4, 73, 36)
(190, 72, 35)
(761/4, 70, 34)
(381/2, 75, 37)
(763/4, 72, 35)
(191, 68, 33)
(1531/8, 68, 33)
(383/2, 68, 33)
(1535/8, 68, 33)
(192, 68, 33)
(1539/8, 68, 33)
(385/2, 68, 33)
(771/4, 73, 36)
(193, 73, 36)
(775/4, 73, 36)
(194, 72, 35)
(777/4, 70, 34)
(389/2, 75, 37)
(783/4, 76, 38)
(196, 73, 36)
(785/4, 75, 37)
(393/2, 72, 35)
(791/4, 76, 38)
(198, 70, 34)
(793/4, 73, 36)
(397/2, 72, 35)
(795/4, 68, 33)
(199, 73, 36)
(797/4, 68, 33)
(399/2, 75, 37)
(799/4, 68, 33)
(200, 77, 38)
(801/4, 68, 33)
(401/2, 79, 39)
(803/4, 73, 36)
(201, 80, 40)
(805/4, 73, 36)
(403/2, 82, 41)
(807/4, 73, 36)
(202, 80, 40)
(809/4, 73, 36)
(405/2, 79, 39)
(811/4, 80, 40)
(203, 79, 39)
(813/4, 77, 38)
(407/2, 76, 37)
(815/4, 77, 38)
(204, 75, 37)
(817/4, 73, 36)
(409/2, 72, 35)
(819/4, 73, 36)
(205, 72, 35)
(821/4, 70, 34)
(411/2, 69, 33)
(823/4, 70, 34)
(206, 73, 36)
(825/4, 77, 38)
(413/2, 75, 37)
(827/4, 73, 36)
(207, 72, 35)
(829/4, 70, 34)
(415/2, 69, 33)
(831/4, 70, 34)
(208, 73, 36)
(833/4, 77, 38)
(417/2, 75, 37)
(835/4, 70, 34)
(209, 73, 36)
(837/4, 77, 38)
(419/2, 75, 37)
(839/4, 70, 34)
(210, 73, 36)
(841/4, 77, 38)
(421/2, 75, 37)
(843/4, 73, 36)
(211, 70, 34)
(845/4, 68, 33)
(423/2, 67, 32)
(847/4, 65, 31)
(212, 61, 29)
(849/4, 58, 27)
(425/2, 55, 25)
(216, 80, 40)
(1731/8, 72, 35)
(433/2, 72, 35)
(218, 72, 35)
(437/2, 75, 37)
(439/2, 75, 37)
(883/4, 80, 40)
(221, 79, 39)
(885/4, 77, 38)
(443/2, 76, 37)
(222, 75, 37)
(891/4, 84, 42)
(223, 80, 40)
(893/4, 77, 38)
(447/2, 76, 37)
(224, 75, 37)
(899/4, 72, 35)
(225, 70, 34)
(901/4, 68, 33)
(451/2, 68, 33)
(226, 68, 33)
(227, 68, 33)
(228, 68, 33)
(923/4, 67, 32)
(231, 68, 33)
(925/4, 69, 33)
(463/2, 70, 34)
(927/4, 69, 33)
(232, 70, 34)
(929/4, 71, 34)
(465/2, 72, 35)
(931/4, 71, 34)
(233, 72, 35)
(933/4, 73, 36)
(467/2, 75, 37)
(935/4, 74, 36)
(234, 75, 37)
(937/4, 79, 39)
(469/2, 80, 40)
(939/4, 84, 42)
(235, 82, 41)
(941/4, 80, 40)
(471/2, 75, 37)
(943/4, 72, 35)
(236, 70, 34)
(945/4, 68, 33)
(473/2, 68, 33)
(475/2, 68, 33)
(238, 68, 33)
(477/2, 68, 33)
(10002, 65, 31)
(10004, 65, 31)
(10005, 63, 30)
(10006, 65, 31)
(20013/2, 63, 30)
(10007, 67, 32)
(20015/2, 70, 34)
(10008, 68, 33)
(20017/2, 67, 32)
(10009, 65, 31)
(20019/2, 64, 30)
(10010, 65, 31)
(10012, 63, 30)
(10013, 62, 29)
(40053/4, 63, 30)
(20027/2, 65, 31)
(40055/4, 68, 33)
(10014, 67, 32)
(40057/4, 65, 31)
(20029/2, 65, 31)
(10015, 62, 29)
(20031/2, 63, 30)
(10017, 63, 30)
(20035/2, 63, 30)
(10018, 61, 29)
(80147/8, 60, 28)
(20037/2, 65, 31)
(10019, 63, 30)
(20039/2, 61, 29)
(10020, 68, 33)
(80163/8, 66, 32)
(20041/2, 65, 31)
(10021, 72, 35)
(20043/2, 73, 36)
(10022, 73, 36)
(20045/2, 73, 36)
(10024, 63, 30)
(20049/2, 61, 29)
(10028, 65, 31)
(10030, 68, 33)
(20061/2, 68, 33)
(40123/4, 72, 35)
(10031, 70, 34)
(40125/4, 68, 33)
(20063/2, 67, 32)
(20065/2, 68, 33)
(10033, 63, 30)
(40133/4, 63, 30)
(10034, 58, 27)
(10034, 63, 30)
(40137/4, 58, 27)
(40137/4, 63, 30)
(10035, 63, 30)
(40141/4, 63, 30)
(10036, 59, 28)
(40145/4, 59, 28)
(10037, 58, 27)
(40149/4, 58, 27)
(10038, 63, 30)
(40153/4, 63, 30)
(20077/2, 63, 30)
(20079/2, 64, 30)
(20081/2, 65, 31)
(20083/2, 72, 35)
(20085/2, 70, 34)
(40175/4, 70, 34)
(10044, 68, 33)
(40177/4, 67, 32)
(20089/2, 67, 32)
(10046, 60, 28)
(40185/4, 60, 28)
(10047, 65, 31)
(40189/4, 65, 31)
(10048, 67, 32)
(40193/4, 67, 32)
(10049, 67, 32)
(40197/4, 67, 32)
(10050, 65, 31)
(40201/4, 65, 31)
(10051, 66, 32)
(40205/4, 66, 32)
(10052, 58, 27)
(40209/4, 58, 27)
(10053, 57, 26)
(10053, 65, 31)
(40213/4, 57, 26)
(40213/4, 65, 31)
(10054, 62, 29)
(40219/4, 62, 29)
(10055, 63, 30)
(40221/4, 62, 29)
(20111/2, 60, 28)
(40225/4, 65, 31)
(40227/4, 68, 33)
(10057, 67, 32)
(40229/4, 65, 31)
(20115/2, 63, 30)
(40233/4, 68, 33)
(40235/4, 72, 35)
(10059, 70, 34)
(40237/4, 68, 33)
(20119/2, 67, 32)
(10060, 68, 33)
(40241/4, 70, 34)
(20121/2, 65, 31)
(20123/2, 67, 32)
(10062, 65, 31)
(20125/2, 63, 30)
(40251/4, 68, 33)
(10063, 67, 32)
(40253/4, 65, 31)
(20127/2, 63, 30)
(40257/4, 65, 31)
(40259/4, 65, 31)
(10065, 67, 32)
(40261/4, 65, 31)
(20131/2, 63, 30)
(40265/4, 68, 33)
(40267/4, 72, 35)
(10067, 70, 34)
(40269/4, 68, 33)
(20135/2, 67, 32)
(20137/2, 67, 32)
(20139/2, 67, 32)
(10070, 60, 28)
(20141/2, 67, 32)
(10071, 65, 31)
(20143/2, 64, 30)
(40289/4, 65, 31)
(20145/2, 64, 30)
(40293/4, 65, 31)
(20147/2, 64, 30)
(10074, 65, 31)
(40297/4, 67, 32)
(20149/2, 68, 33)
(40299/4, 67, 32)
(10075, 65, 31)
(40301/4, 63, 30)
(20151/2, 63, 30)
(10076, 62, 29)
(20153/2, 63, 30)
(10077, 59, 27)
(80619/8, 59, 27)
(20155/2, 59, 27)
(80623/8, 59, 27)
(10078, 59, 27)
(80627/8, 59, 27)
(20157/2, 60, 28)
(10079, 62, 29)
(40319/4, 56, 26)
(40319/4, 62, 29)
(10080, 56, 26)
(10080, 62, 29)
(40321/4, 56, 26)
(40321/4, 62, 29)
(20161/2, 55, 25)
(20161/2, 63, 30)
(10081, 61, 29)
(80651/8, 61, 29)
(20163/2, 61, 29)
(80655/8, 61, 29)
(10082, 61, 29)
(80659/8, 61, 29)
(20165/2, 60, 28)
(10083, 59, 28)
(10083, 62, 29)
(40335/4, 59, 28)
(40335/4, 62, 29)
(10084, 59, 28)
(10084, 62, 29)
(40337/4, 59, 28)
(40337/4, 62, 29)
(20169/2, 58, 27)
(20169/2, 63, 30)
(40343/4, 71, 35)
(10086, 70, 34)
(40345/4, 68, 33)
(20173/2, 67, 32)
(40351/4, 71, 35)
(10088, 70, 34)
(40353/4, 68, 33)
(20177/2, 67, 32)
(40357/4, 67, 32)
(20179/2, 68, 33)
(40361/4, 68, 33)
(20181/2, 70, 34)
(40365/4, 68, 33)
(20183/2, 67, 32)
(40367/4, 68, 33)
(10092, 67, 32)
(40369/4, 68, 33)
(20185/2, 67, 32)
(20187/2, 61, 29)
(20189/2, 61, 29)
(20191/2, 61, 29)
(40383/4, 61, 29)
(40385/4, 61, 29)
(40387/4, 61, 29)
(40389/4, 58, 27)
(40389/4, 65, 31)
(40391/4, 58, 27)
(40391/4, 67, 32)
(40393/4, 56, 26)
(40393/4, 68, 33)
(40395/4, 65, 31)
(10099, 67, 32)
(40397/4, 68, 33)
(20199/2, 68, 33)
(40399/4, 67, 32)
(10100, 65, 31)
(40401/4, 65, 31)
(40403/4, 68, 33)
(40405/4, 67, 32)
(40407/4, 68, 33)
(40409/4, 65, 31)
(40411/4, 63, 30)
(10103, 65, 31)
(40413/4, 67, 32)
(20207/2, 67, 32)
(40415/4, 70, 34)
(10104, 68, 33)
(20209/2, 67, 32)
(10105, 65, 31)
(20211/2, 64, 30)
(10106, 65, 31)
(40427/4, 65, 31)
(10107, 67, 32)
(40429/4, 68, 33)
(20215/2, 68, 33)
(40431/4, 65, 31)
(10108, 63, 30)
(40433/4, 67, 32)
(40435/4, 67, 32)
(10109, 65, 31)
(40437/4, 63, 30)
(20219/2, 62, 29)
(40439/4, 68, 33)
(10110, 67, 32)
(40441/4, 65, 31)
(40443/4, 65, 31)
(40445/4, 68, 33)
(40447/4, 67, 32)
(40449/4, 66, 32)
(40451/4, 66, 32)
(10113, 65, 31)
(40453/4, 63, 30)
(40455/4, 63, 30)
(10114, 61, 29)
(40457/4, 60, 28)
(40459/4, 65, 31)
(40461/4, 65, 31)
(40463/4, 65, 31)
(40465/4, 66, 32)
(20233/2, 65, 31)
(40467/4, 68, 33)
(10117, 70, 34)
(40469/4, 72, 35)
(20235/2, 73, 36)
(40471/4, 68, 33)
(10118, 73, 36)
(40473/4, 73, 36)
(40475/4, 73, 36)
(40477/4, 73, 36)
(40479/4, 73, 36)
(40481/4, 63, 30)
(40483/4, 61, 29)
(40485/4, 61, 29)
(40487/4, 61, 29)
(40489/4, 60, 28)
(40491/4, 64, 30)
(40493/4, 67, 32)
(40495/4, 65, 31)
(40497/4, 65, 31)
(40499/4, 65, 31)
(40501/4, 57, 26)
(40501/4, 66, 32)
(40503/4, 58, 27)
(40503/4, 65, 31)
(40505/4, 65, 31)
(20253/2, 63, 30)
(40507/4, 63, 30)
(10127, 61, 29)
(40509/4, 61, 29)
(20255/2, 60, 28)
(40511/4, 60, 28)
(10128, 60, 28)
(40513/4, 57, 26)
(20257/2, 58, 27)
(40515/4, 58, 27)
(10129, 60, 28)
(40517/4, 60, 28)
(20259/2, 61, 29)
(40519/4, 61, 29)
(10130, 68, 33)
(40521/4, 68, 33)
(20261/2, 66, 32)
(40523/4, 66, 32)
(10131, 71, 35)
(20263/2, 70, 34)
(10132, 68, 33)
(20265/2, 67, 32)
(10133, 71, 35)
(20267/2, 70, 34)
(10134, 68, 33)
(20269/2, 55, 25)
(20269/2, 67, 32)
(20273/2, 64, 31)
(20275/2, 64, 31)
(20277/2, 63, 30)
(10139, 63, 30)
(81115/8, 63, 30)
(20279/2, 63, 30)
(81119/8, 63, 30)
(10140, 63, 30)
(81123/8, 63, 30)
(20281/2, 64, 30)
(40563/4, 68, 32)
(10141, 67, 32)
(40567/4, 67, 32)
(10142, 66, 31)
(40569/4, 64, 30)
(20285/2, 63, 29)
(40571/4, 66, 31)
(10143, 59, 27)
(81147/8, 59, 27)
(20287/2, 60, 28)
(81151/8, 60, 28)
(10144, 60, 28)
(81155/8, 60, 28)
(20289/2, 61, 28)
(10145, 61, 28)
(81163/8, 61, 28)
(20291/2, 62, 29)
(81167/8, 62, 29)
(10146, 62, 29)
(81171/8, 62, 29)
(20293/2, 63, 29)
(10147, 63, 29)
(81179/8, 63, 29)
(20295/2, 64, 30)
(81183/8, 64, 30)
(10148, 64, 30)
(81187/8, 64, 30)
(20297/2, 65, 31)
(81199/8, 65, 31)
(10150, 65, 31)
(81203/8, 65, 31)
(20301/2, 65, 31)
(81215/8, 65, 31)
(10152, 65, 31)
(81219/8, 65, 31)
(20305/2, 65, 31)
(40615/4, 65, 31)
(40617/4, 66, 31)
(40619/4, 68, 32)
(40621/4, 66, 31)
(40623/4, 68, 32)
(40625/4, 68, 32)
(40627/4, 68, 33)
(40629/4, 68, 33)
(40631/4, 68, 33)
(40633/4, 68, 33)
(40635/4, 67, 32)
(81279/8, 64, 31)
(10160, 64, 31)
(81283/8, 64, 31)
(20321/2, 64, 31)
(81295/8, 64, 31)
(10162, 64, 31)
(81299/8, 64, 31)
(20325/2, 63, 30)
(10164, 58, 27)
(40659/4, 55, 25)
(10165, 60, 28)
(40661/4, 58, 27)
(20331/2, 56, 26)
(40665/4, 58, 27)
(40667/4, 58, 27)
(10167, 63, 30)
(40669/4, 61, 29)
(20335/2, 60, 28)
(40673/4, 61, 29)
(40675/4, 61, 29)
(10169, 67, 32)
(40677/4, 65, 31)
(20339/2, 63, 30)
(20341/2, 58, 27)
(10171, 58, 27)
(20343/2, 60, 28)
(10172, 58, 27)
(20345/2, 60, 28)
(40691/4, 63, 30)
(10173, 72, 35)
(40693/4, 70, 34)
(20347/2, 68, 33)
(40697/4, 70, 34)
(20349/2, 70, 34)
(40699/4, 67, 32)
(10175, 72, 35)
(40701/4, 70, 34)
(20351/2, 68, 33)
(40705/4, 73, 36)
(40707/4, 77, 38)
(10177, 75, 37)
(40709/4, 73, 36)
(20355/2, 72, 35)
(20357/2, 72, 35)
(20359/2, 72, 35)
(10180, 65, 31)
(20361/2, 72, 35)
(10181, 70, 34)
(20363/2, 69, 33)
(40727/4, 73, 36)
(10182, 72, 35)
(40729/4, 70, 34)
(40731/4, 73, 36)
(10183, 72, 35)
(40733/4, 70, 34)
(40735/4, 69, 33)
(10184, 70, 34)
(40737/4, 72, 35)
(20369/2, 73, 36)
(40739/4, 72, 35)
(10185, 70, 34)
(40741/4, 68, 33)
(20371/2, 68, 33)
(10186, 67, 32)
(20373/2, 68, 33)
(10187, 64, 30)
(81499/8, 64, 30)
(20375/2, 64, 30)
(81503/8, 64, 30)
(10188, 64, 30)
(81507/8, 64, 30)
(20377/2, 65, 31)
(40755/4, 61, 29)
(10189, 67, 32)
(40759/4, 61, 29)
(40759/4, 67, 32)
(10190, 61, 29)
(10190, 67, 32)
(40761/4, 61, 29)
(40761/4, 67, 32)
(20381/2, 60, 28)
(20381/2, 68, 33)
(10191, 66, 32)
(81531/8, 66, 32)
(20383/2, 66, 32)
(81535/8, 66, 32)
(10192, 66, 32)
(81539/8, 66, 32)
(20385/2, 65, 31)
(40771/4, 61, 29)
(10193, 58, 27)
(40775/4, 58, 27)
(10194, 58, 27)
(40777/4, 58, 27)
(20389/2, 60, 28)
(40779/4, 63, 30)
(10195, 72, 35)
(40781/4, 68, 33)
(20391/2, 67, 32)
(40787/4, 63, 30)
(10197, 68, 33)
(40789/4, 72, 35)
(20395/2, 70, 34)
(20397/2, 68, 33)
(40795/4, 60, 28)
(10199, 68, 33)
(40797/4, 61, 29)
(20399/2, 68, 33)
(40799/4, 63, 30)
(10200, 68, 33)
(40801/4, 65, 31)
(20401/2, 67, 32)
(40803/4, 70, 34)
(10201, 73, 36)
(40805/4, 68, 33)
(20403/2, 73, 36)
(40807/4, 70, 34)
(10202, 73, 36)
(40809/4, 68, 33)
(20405/2, 73, 36)
(40811/4, 68, 33)
(10203, 70, 34)
(40813/4, 72, 35)
(20407/2, 73, 36)
(40815/4, 65, 31)
(10204, 67, 32)
(40817/4, 68, 33)
(20409/2, 70, 34)
(40819/4, 61, 29)
(10205, 63, 30)
(40821/4, 65, 31)
(20411/2, 66, 32)
(40823/4, 65, 31)
(10206, 65, 31)
(40825/4, 70, 34)
(40827/4, 61, 29)
(10207, 63, 30)
(40829/4, 65, 31)
(20415/2, 66, 32)
(40831/4, 65, 31)
(10208, 65, 31)
(40833/4, 70, 34)
(40835/4, 65, 31)
(10209, 67, 32)
(40837/4, 68, 33)
(20419/2, 70, 34)
(40839/4, 65, 31)
(10210, 67, 32)
(40841/4, 68, 33)
(20421/2, 70, 34)
(20423/2, 61, 29)
(20425/2, 61, 29)
(10216, 65, 31)
(20435/2, 64, 30)
(10218, 65, 31)
(20437/2, 67, 32)
(40877/4, 68, 33)
(20439/2, 70, 34)
(40879/4, 73, 36)
(10220, 72, 35)
(40881/4, 70, 34)
(20441/2, 68, 33)
(20443/2, 67, 32)
(40887/4, 73, 36)
(10222, 72, 35)
(40889/4, 70, 34)
(20445/2, 68, 33)
(20447/2, 67, 32)
(40895/4, 73, 36)
(10224, 72, 35)
(40897/4, 70, 34)
(20449/2, 68, 33)
(40903/4, 68, 33)
(10226, 67, 32)
(40905/4, 65, 31)
(20453/2, 64, 30)
(40907/4, 65, 31)
(10227, 63, 30)
(40909/4, 61, 29)
(20455/2, 60, 28)
(40911/4, 61, 29)
(10228, 60, 28)
(40913/4, 61, 29)
(20457/2, 56, 26)
(10229, 56, 26)
(20463/2, 61, 29)
(20465/2, 60, 28)
(20467/2, 61, 29)
(20469/2, 60, 28)
(20475/2, 60, 28)
(10238, 60, 28)
(20477/2, 60, 28)
(20002, 56, 26)
(20004, 56, 26)
(20005, 55, 25)
(40011/2, 56, 26)
(20006, 56, 26)
(40013/2, 55, 25)
(20007, 58, 27)
(80029/4, 63, 30)
(40015/2, 67, 32)
(20008, 68, 33)
(20010, 60, 28)
(40021/2, 58, 27)
(20012, 58, 27)
(40025/2, 55, 25)
(20013, 53, 24)
(80053/4, 55, 25)
(40027/2, 56, 26)
(80055/4, 60, 28)
(20014, 58, 27)
(80057/4, 56, 26)
(40029/2, 56, 26)
(40031/2, 55, 25)
(20017, 66, 32)
(40035/2, 57, 26)
(20018, 58, 27)
(160147/8, 60, 28)
(40037/2, 53, 24)
(20019, 57, 26)
(40039/2, 58, 27)
(20020, 60, 28)
(40041/2, 61, 29)
(20021, 66, 32)
(40043/2, 65, 31)
(20022, 65, 31)
(40045/2, 70, 34)
(20023, 68, 33)
(40047/2, 67, 32)
(20024, 63, 30)
(20025, 56, 26)
(40051/2, 55, 25)
(20028, 56, 26)
(20030, 58, 27)
(40061/2, 60, 28)
(80123/4, 63, 30)
(20031, 61, 29)
(80125/4, 60, 28)
(40063/2, 58, 27)
(80127/4, 65, 31)
(20032, 61, 29)
(80129/4, 63, 30)
(40065/2, 60, 28)
(20033, 60, 28)
(80133/4, 60, 28)
(20034, 61, 29)
(80137/4, 61, 29)
(20035, 60, 28)
(80141/4, 60, 28)
(20036, 56, 26)
(80145/4, 56, 26)
(20037, 56, 26)
(80149/4, 56, 26)
(20038, 55, 25)
(80153/4, 55, 25)
(20039, 60, 28)
(80157/4, 60, 28)
(20040, 60, 28)
(80161/4, 60, 28)
(20041, 60, 28)
(80165/4, 60, 28)
(20042, 63, 30)
(80169/4, 63, 30)
(20043, 63, 30)
(80173/4, 63, 30)
(20044, 53, 24)
(80177/4, 53, 24)
(40089/2, 53, 24)
(40091/2, 51, 23)
(40093/2, 55, 25)
(40095/2, 60, 28)
(40097/2, 58, 27)
(80199/4, 56, 26)
(20050, 55, 25)
(80201/4, 53, 24)
(40101/2, 60, 28)
(40103/2, 65, 31)
(40105/2, 69, 33)
(40107/2, 70, 34)
(20054, 53, 24)
(80219/4, 53, 24)
(20055, 55, 25)
(80221/4, 53, 24)
(40111/2, 51, 23)
(20056, 56, 26)
(80227/4, 60, 28)
(20057, 58, 27)
(80229/4, 56, 26)
(40115/2, 55, 25)
(20058, 60, 28)
(80235/4, 63, 30)
(20059, 62, 29)
(80237/4, 60, 28)
(40119/2, 58, 27)
(20060, 63, 30)
(40121/2, 63, 30)
(20062, 62, 29)
(40125/2, 63, 30)
(80251/4, 65, 31)
(20063, 63, 30)
(80253/4, 61, 29)
(40127/2, 60, 28)
(80257/4, 53, 24)
(40129/2, 56, 26)
(80259/4, 53, 24)
(20065, 59, 27)
(80261/4, 55, 25)
(40131/2, 55, 25)
(20066, 60, 28)
(80267/4, 63, 30)
(20067, 62, 29)
(80269/4, 60, 28)
(40135/2, 59, 27)
(20068, 60, 28)
(40137/2, 59, 27)
(20069, 60, 28)
(40139/2, 59, 27)
(20070, 60, 28)
(40141/2, 63, 30)
(20071, 62, 29)
(40143/2, 61, 29)
(40145/2, 61, 29)
(40147/2, 61, 29)
(20074, 60, 28)
(80297/4, 58, 27)
(40149/2, 56, 26)
(80299/4, 58, 27)
(20075, 60, 28)
(40151/2, 58, 27)
(80303/4, 55, 25)
(20076, 56, 26)
(80305/4, 58, 27)
(40153/2, 55, 25)
(40157/2, 56, 26)
(20079, 53, 24)
(160635/8, 53, 24)
(40159/2, 53, 24)
(160639/8, 53, 24)
(20080, 53, 24)
(160643/8, 53, 24)
(40161/2, 51, 23)
(20081, 58, 27)
(80327/4, 58, 27)
(20082, 56, 26)
(80329/4, 55, 25)
(40165/2, 60, 28)
(80331/4, 56, 26)
(20083, 53, 24)
(20083, 56, 26)
(160667/8, 53, 24)
(160667/8, 56, 26)
(40167/2, 53, 24)
(40167/2, 56, 26)
(160671/8, 53, 24)
(160671/8, 56, 26)
(20084, 53, 24)
(20084, 56, 26)
(160675/8, 53, 24)
(160675/8, 56, 26)
(40169/2, 55, 25)
(40171/2, 53, 24)
(160687/8, 53, 24)
(20086, 53, 24)
(160691/8, 53, 24)
(40173/2, 51, 23)
(160695/8, 51, 23)
(20087, 51, 23)
(160699/8, 51, 23)
(40175/2, 50, 22)
(160703/8, 50, 22)
(20088, 50, 22)
(160707/8, 50, 22)
(40177/2, 49, 22)
(160711/8, 49, 22)
(20089, 49, 22)
(160715/8, 49, 22)
(40179/2, 49, 22)
(160719/8, 49, 22)
(20090, 49, 22)
(160723/8, 49, 22)
(40181/2, 49, 22)
(20091, 49, 22)
(20091, 61, 29)
(80367/4, 49, 22)
(80367/4, 61, 29)
(20092, 49, 22)
(20092, 61, 29)
(80369/4, 49, 22)
(80369/4, 61, 29)
(40185/2, 49, 22)
(40185/2, 61, 29)
(40187/2, 51, 23)
(40187/2, 55, 25)
(40189/2, 51, 23)
(40189/2, 55, 25)
(40191/2, 55, 25)
(80383/4, 55, 25)
(80385/4, 56, 26)
(80387/4, 58, 27)
(80389/4, 61, 29)
(80391/4, 61, 29)
(80393/4, 60, 28)
(80395/4, 56, 26)
(20099, 55, 25)
(80397/4, 53, 24)
(40199/2, 53, 24)
(80399/4, 55, 25)
(20100, 56, 26)
(80401/4, 56, 26)
(80403/4, 65, 31)
(80405/4, 63, 30)
(80407/4, 63, 30)
(80409/4, 56, 26)
(80411/4, 55, 25)
(20103, 56, 26)
(80413/4, 58, 27)
(40207/2, 58, 27)
(80415/4, 55, 25)
(20104, 56, 26)
(80417/4, 60, 28)
(80419/4, 60, 28)
(80421/4, 60, 28)
(80423/4, 60, 28)
(80425/4, 60, 28)
(80427/4, 59, 28)
(80429/4, 59, 28)
(40215/2, 58, 27)
(80431/4, 58, 27)
(80433/4, 58, 27)
(40217/2, 58, 27)
(80435/4, 51, 23)
(20109, 56, 26)
(80437/4, 55, 25)
(40219/2, 53, 24)
(80439/4, 53, 24)
(20110, 58, 27)
(80441/4, 56, 26)
(80443/4, 56, 26)
(80445/4, 62, 29)
(80447/4, 63, 30)
(80449/4, 58, 27)
(80451/4, 58, 27)
(80453/4, 66, 32)
(80455/4, 66, 32)
(20114, 65, 31)
(80457/4, 65, 31)
(80459/4, 58, 27)
(80461/4, 63, 30)
(80463/4, 61, 29)
(20116, 60, 28)
(80465/4, 60, 28)
(40233/2, 61, 29)
(80467/4, 65, 31)
(20117, 66, 32)
(40235/2, 65, 31)
(20118, 65, 31)
(80473/4, 65, 31)
(80475/4, 70, 34)
(80477/4, 68, 33)
(80479/4, 67, 32)
(80481/4, 60, 28)
(80483/4, 58, 27)
(80485/4, 56, 26)
(80487/4, 55, 25)
(80489/4, 56, 26)
(80491/4, 55, 25)
(80493/4, 60, 28)
(80493/4, 64, 30)
(80495/4, 60, 28)
(80495/4, 65, 31)
(80497/4, 60, 28)
(80497/4, 65, 31)
(80499/4, 60, 28)
(80499/4, 63, 30)
(80501/4, 60, 28)
(80501/4, 63, 30)
(80503/4, 61, 29)
(80505/4, 53, 24)
(80505/4, 58, 27)
(40253/2, 53, 24)
(40253/2, 57, 26)
(80507/4, 53, 24)
(80507/4, 57, 26)
(20127, 53, 24)
(20127, 58, 27)
(80509/4, 53, 24)
(80509/4, 58, 27)
(40255/2, 53, 24)
(80511/4, 53, 24)
(20128, 53, 24)
(80513/4, 53, 24)
(40257/2, 53, 24)
(80515/4, 53, 24)
(20129, 53, 24)
(80517/4, 53, 24)
(40259/2, 53, 24)
(40259/2, 56, 26)
(80519/4, 53, 24)
(80519/4, 56, 26)
(20130, 61, 29)
(80521/4, 61, 29)
(40261/2, 61, 29)
(80523/4, 61, 29)
(20131, 49, 22)
(20131, 61, 29)
(80525/4, 49, 22)
(80525/4, 61, 29)
(40263/2, 49, 22)
(40263/2, 61, 29)
(80527/4, 49, 22)
(80527/4, 61, 29)
(20132, 49, 22)
(20132, 61, 29)
(80529/4, 49, 22)
(80529/4, 61, 29)
(40265/2, 49, 22)
(40265/2, 61, 29)
(40269/2, 49, 22)
(40269/2, 61, 29)
(40273/2, 54, 25)
(40273/2, 61, 29)
(40275/2, 54, 25)
(40275/2, 61, 29)
(80551/4, 61, 29)
(20138, 59, 28)
(80553/4, 58, 27)
(40277/2, 59, 28)
(20139, 55, 25)
(161115/8, 55, 25)
(40279/2, 55, 25)
(161119/8, 55, 25)
(20140, 55, 25)
(161123/8, 55, 25)
(40281/2, 56, 25)
(20141, 58, 26)
(161131/8, 58, 26)
(40283/2, 58, 26)
(161135/8, 58, 26)
(20142, 58, 26)
(161139/8, 58, 26)
(40285/2, 59, 27)
(20143, 54, 24)
(161147/8, 54, 24)
(40287/2, 55, 25)
(161151/8, 55, 25)
(20144, 55, 25)
(161155/8, 55, 25)
(40289/2, 56, 25)
(20145, 56, 25)
(161163/8, 56, 25)
(40291/2, 57, 26)
(161167/8, 57, 26)
(20146, 57, 26)
(161171/8, 57, 26)
(40293/2, 57, 26)
(20147, 57, 26)
(161179/8, 57, 26)
(40295/2, 59, 27)
(161183/8, 59, 27)
(20148, 59, 27)
(161187/8, 59, 27)
(40297/2, 62, 29)
(161199/8, 62, 29)
(20150, 60, 28)
(161203/8, 60, 28)
(40301/2, 62, 29)
(161215/8, 62, 29)
(20152, 60, 28)
(161219/8, 60, 28)
(40305/2, 62, 29)
(80615/4, 62, 29)
(80617/4, 62, 29)
(80619/4, 62, 29)
(80621/4, 62, 29)
(80623/4, 62, 29)
(80625/4, 62, 29)
(80627/4, 63, 30)
(80629/4, 62, 29)
(80631/4, 63, 30)
(80633/4, 65, 31)
(80635/4, 64, 31)
(161279/8, 58, 27)
(20160, 58, 27)
(161283/8, 58, 27)
(40321/2, 58, 27)
(161295/8, 58, 27)
(20162, 58, 27)
(161299/8, 58, 27)
(40325/2, 58, 27)
(20164, 55, 25)
(80659/4, 51, 23)
(20165, 56, 26)
(80661/4, 55, 25)
(40331/2, 53, 24)
(40333/2, 61, 29)
(80667/4, 61, 29)
(20167, 60, 28)
(80669/4, 58, 27)
(40335/2, 56, 26)
(40337/2, 65, 31)
(80675/4, 65, 31)
(20169, 63, 30)
(80677/4, 61, 29)
(40339/2, 60, 28)
(20170, 61, 29)
(80681/4, 63, 30)
(40341/2, 56, 26)
(20171, 56, 26)
(40343/2, 56, 26)
(20172, 55, 25)
(40345/2, 56, 26)
(20173, 66, 32)
(40347/2, 65, 31)
(40349/2, 61, 29)
(80699/4, 58, 27)
(20175, 64, 30)
(80701/4, 60, 28)
(40351/2, 60, 28)
(80705/4, 65, 31)
(80707/4, 68, 33)
(20177, 67, 32)
(80709/4, 65, 31)
(40355/2, 64, 30)
(20178, 65, 31)
(40357/2, 64, 30)
(20179, 65, 31)
(40359/2, 64, 30)
(20180, 65, 31)
(40361/2, 68, 33)
(20181, 67, 32)
(40363/2, 66, 32)
(80729/4, 65, 31)
(40365/2, 66, 32)
(80733/4, 65, 31)
(40367/2, 66, 32)
(20184, 65, 31)
(80737/4, 63, 30)
(40369/2, 61, 29)
(80739/4, 63, 30)
(20185, 65, 31)
(40371/2, 63, 30)
(20186, 58, 27)
(80745/4, 61, 29)
(40373/2, 60, 28)
(40377/2, 61, 29)
(20189, 58, 27)
(161515/8, 58, 27)
(40379/2, 58, 27)
(161519/8, 58, 27)
(20190, 58, 27)
(161523/8, 58, 27)
(40381/2, 60, 28)
(20191, 63, 30)
(80767/4, 63, 30)
(20192, 61, 29)
(80769/4, 60, 28)
(40385/2, 61, 29)
(80771/4, 56, 26)
(20193, 61, 29)
(20193, 64, 31)
(161547/8, 61, 29)
(161547/8, 64, 31)
(40387/2, 61, 29)
(40387/2, 64, 31)
(161551/8, 61, 29)
(161551/8, 64, 31)
(20194, 61, 29)
(20194, 64, 31)
(161555/8, 61, 29)
(161555/8, 64, 31)
(40389/2, 60, 28)
(40389/2, 63, 30)
(40391/2, 58, 27)
(161567/8, 58, 27)
(20196, 58, 27)
(161571/8, 58, 27)
(40393/2, 56, 26)
(161575/8, 56, 26)
(20197, 56, 26)
(161579/8, 56, 26)
(40395/2, 55, 25)
(161583/8, 55, 25)
(20198, 55, 25)
(161587/8, 55, 25)
(40397/2, 56, 26)
(161591/8, 56, 26)
(20199, 56, 26)
(161595/8, 56, 26)
(40399/2, 56, 26)
(161599/8, 56, 26)
(20200, 56, 26)
(161603/8, 56, 26)
(40401/2, 61, 29)
(161607/8, 61, 29)
(20201, 61, 29)
(161611/8, 61, 29)
(40403/2, 61, 29)
(161615/8, 61, 29)
(20202, 61, 29)
(161619/8, 61, 29)
(40405/2, 61, 29)
(80811/4, 63, 30)
(20203, 61, 29)
(80813/4, 60, 28)
(40407/2, 58, 27)
(80815/4, 60, 28)
(20204, 58, 27)
(80817/4, 56, 26)
(40409/2, 55, 25)
(80819/4, 56, 26)
(20205, 54, 25)
(80821/4, 53, 24)
(40411/2, 51, 23)
(80823/4, 53, 24)
(20206, 58, 27)
(80825/4, 61, 29)
(80827/4, 56, 26)
(20207, 54, 25)
(80829/4, 53, 24)
(40415/2, 51, 23)
(80831/4, 53, 24)
(20208, 58, 27)
(80833/4, 61, 29)
(20209, 61, 29)
(20210, 61, 29)
(40423/2, 51, 23)
(40423/2, 55, 25)
(40425/2, 63, 30)
(20216, 56, 26)
(40435/2, 55, 25)
(20218, 56, 26)
(40437/2, 58, 27)
(80877/4, 60, 28)
(40439/2, 61, 29)
(80879/4, 65, 31)
(20220, 63, 30)
(80881/4, 61, 29)
(40441/2, 60, 28)
(40443/2, 58, 27)
(20222, 60, 28)
(80889/4, 61, 29)
(40445/2, 60, 28)
(40447/2, 58, 27)
(20224, 60, 28)
(80897/4, 61, 29)
(40449/2, 60, 28)
(80899/4, 68, 33)
(20225, 67, 32)
(80901/4, 65, 31)
(40451/2, 64, 30)
(80903/4, 65, 31)
(20226, 63, 30)
(80905/4, 61, 29)
(40453/2, 60, 28)
(80907/4, 56, 26)
(20227, 55, 25)
(80909/4, 53, 24)
(40455/2, 52, 23)
(80911/4, 53, 24)
(20228, 51, 23)
(80913/4, 49, 22)
(40457/2, 48, 21)
(80915/4, 49, 22)
(20229, 51, 23)
(80917/4, 53, 24)
(40459/2, 51, 23)
(80919/4, 49, 22)
(20230, 51, 23)
(80921/4, 53, 24)
(40461/2, 51, 23)
(40463/2, 51, 23)
(40465/2, 51, 23)
(40467/2, 51, 23)
(40469/2, 51, 23)
(40475/2, 51, 23)
(20238, 51, 23)
(40477/2, 51, 23)
(30000, 44, 19)
(60001/2, 43, 18)
(30001, 41, 17)
(60003/2, 40, 16)
(30002, 41, 17)
(60005/2, 37, 15)
(30004, 49, 22)
(30005, 49, 22)
(60011/2, 48, 21)
(30006, 46, 20)
(60013/2, 51, 23)
(60015/2, 51, 23)
(30008, 44, 19)
(30010, 44, 19)
(30012, 43, 18)
(60025/2, 46, 20)
(30015, 46, 20)
(60031/2, 39, 16)
(30017, 51, 23)
(60035/2, 53, 24)
(120073/4, 51, 23)
(60037/2, 49, 22)
(30019, 48, 21)
(60039/2, 46, 20)
(30020, 44, 19)
(60041/2, 49, 22)
(30022, 48, 21)
(60045/2, 46, 20)
(30024, 48, 21)
(60049/2, 46, 20)
(30026, 44, 19)
(60053/2, 43, 18)
(30027, 41, 17)
(60055/2, 40, 16)
(30028, 41, 17)
(60057/2, 37, 15)
(30030, 49, 22)
(60061/2, 51, 23)
(60065/2, 56, 26)
(30033, 56, 26)
(120133/4, 56, 26)
(30034, 55, 25)
(120137/4, 55, 25)
(30035, 56, 26)
(120141/4, 56, 26)
(30036, 50, 22)
(120145/4, 50, 22)
(30037, 51, 23)
(120149/4, 51, 23)
(30038, 51, 23)
(120153/4, 51, 23)
(30039, 56, 26)
(120157/4, 56, 26)
(30040, 55, 25)
(120161/4, 55, 25)
(30041, 53, 24)
(120165/4, 53, 24)
(30042, 45, 19)
(120169/4, 45, 19)
(30043, 46, 20)
(120173/4, 46, 20)
(30044, 46, 20)
(120177/4, 46, 20)
(30045, 47, 20)
(120181/4, 47, 20)
(30046, 48, 21)
(120185/4, 48, 21)
(30047, 50, 22)
(120189/4, 50, 22)
(30048, 51, 23)
(120193/4, 51, 23)
(60097/2, 52, 23)
(60099/2, 53, 24)
(60101/2, 51, 23)
(60103/2, 50, 22)
(60105/2, 48, 21)
(60107/2, 46, 20)
(30054, 44, 19)
(60109/2, 43, 18)
(60111/2, 44, 19)
(60113/2, 46, 20)
(60115/2, 48, 21)
(60117/2, 50, 22)
(60119/2, 51, 23)
(30060, 53, 24)
(120241/4, 55, 25)
(60121/2, 56, 26)
(30061, 57, 26)
(60123/2, 58, 27)
(30062, 56, 26)
(60125/2, 55, 25)
(30063, 39, 16)
(60127/2, 44, 19)
(60129/2, 47, 20)
(30065, 43, 18)
(60131/2, 48, 21)
(60133/2, 50, 22)
(30067, 51, 23)
(120269/4, 53, 24)
(60135/2, 55, 25)
(60137/2, 55, 25)
(60139/2, 55, 25)
(30070, 56, 26)
(60141/2, 58, 27)
(60143/2, 46, 20)
(60145/2, 46, 20)
(60147/2, 46, 20)
(30074, 44, 19)
(120297/4, 43, 18)
(60149/2, 41, 17)
(120299/4, 43, 18)
(30075, 44, 19)
(120301/4, 45, 19)
(60151/2, 46, 20)
(30076, 46, 20)
(60153/2, 39, 16)
(30079, 39, 16)
(240635/8, 39, 16)
(60159/2, 39, 16)
(240639/8, 39, 16)
(30080, 39, 16)
(240643/8, 39, 16)
(60161/2, 39, 16)
(30081, 43, 18)
(120327/4, 43, 18)
(30082, 41, 17)
(120329/4, 39, 16)
(60165/2, 44, 19)
(120331/4, 48, 21)
(30083, 39, 16)
(240667/8, 39, 16)
(60167/2, 39, 16)
(240671/8, 39, 16)
(30084, 39, 16)
(240675/8, 39, 16)
(60169/2, 39, 16)
(240679/8, 39, 16)
(30085, 39, 16)
(240683/8, 39, 16)
(60171/2, 39, 16)
(240687/8, 39, 16)
(30086, 39, 16)
(240691/8, 39, 16)
(60173/2, 39, 16)
(240695/8, 39, 16)
(30087, 39, 16)
(240699/8, 39, 16)
(60175/2, 39, 16)
(240703/8, 39, 16)
(30088, 39, 16)
(240707/8, 39, 16)
(60177/2, 39, 16)
(240711/8, 39, 16)
(30089, 39, 16)
(240715/8, 39, 16)
(60179/2, 41, 17)
(240719/8, 41, 17)
(30090, 41, 17)
(240723/8, 41, 17)
(60181/2, 43, 18)
(120365/4, 44, 19)
(60183/2, 46, 20)
(120367/4, 44, 19)
(30092, 46, 20)
(120369/4, 44, 19)
(60185/2, 46, 20)
(60187/2, 46, 20)
(30096, 44, 19)
(60193/2, 43, 18)
(30097, 41, 17)
(60195/2, 40, 16)
(30098, 41, 17)
(60197/2, 37, 15)
(30100, 49, 22)
(30101, 49, 22)
(60203/2, 48, 21)
(30102, 46, 20)
(60205/2, 51, 23)
(60207/2, 51, 23)
(30104, 44, 19)
(120417/4, 56, 26)
(120419/4, 56, 26)
(120421/4, 56, 26)
(120423/4, 56, 26)
(120425/4, 56, 26)
(120427/4, 56, 26)
(30107, 55, 25)
(120429/4, 53, 24)
(60215/2, 53, 24)
(120431/4, 56, 26)
(30108, 55, 25)
(120433/4, 51, 23)
(60217/2, 46, 20)
(60219/2, 46, 20)
(30111, 46, 20)
(60223/2, 39, 16)
(30112, 51, 23)
(60225/2, 48, 21)
(30113, 49, 22)
(120453/4, 51, 23)
(60227/2, 53, 24)
(120457/4, 51, 23)
(60229/2, 49, 22)
(30115, 48, 21)
(60231/2, 46, 20)
(30116, 44, 19)
(60233/2, 49, 22)
(30117, 37, 15)
(60235/2, 49, 22)
(30118, 48, 21)
(60237/2, 46, 20)
(30122, 44, 19)
(240979/8, 36, 14)
(60245/2, 36, 14)
(30124, 48, 21)
(240995/8, 41, 17)
(60249/2, 41, 17)
(30126, 49, 22)
(60253/2, 48, 21)
(30127, 46, 20)
(60255/2, 45, 19)
(30128, 51, 23)
(60257/2, 49, 22)
(30129, 48, 21)
(60259/2, 47, 21)
(30130, 47, 21)
(60261/2, 46, 20)
(30131, 44, 19)
(60263/2, 43, 18)
(30132, 47, 21)
(60265/2, 46, 20)
(30133, 44, 19)
(60267/2, 43, 18)
(30134, 47, 21)
(60269/2, 46, 20)
(60273/2, 46, 20)
(60275/2, 46, 20)
(120551/4, 46, 20)
(30138, 44, 19)
(120553/4, 42, 18)
(60277/2, 47, 21)
(30139, 47, 21)
(241115/8, 47, 21)
(60279/2, 47, 21)
(241119/8, 47, 21)
(30140, 47, 21)
(241123/8, 47, 21)
(60281/2, 47, 20)
(30141, 47, 20)
(241131/8, 47, 20)
(60283/2, 47, 20)
(241135/8, 47, 20)
(30142, 47, 20)
(241139/8, 47, 20)
(60285/2, 47, 20)
(30143, 39, 15)
(241147/8, 39, 15)
(60287/2, 40, 16)
(241151/8, 40, 16)
(30144, 40, 16)
(241155/8, 40, 16)
(60289/2, 41, 16)
(30145, 41, 16)
(241163/8, 41, 16)
(60291/2, 42, 17)
(241167/8, 42, 17)
(30146, 42, 17)
(241171/8, 42, 17)
(60293/2, 42, 17)
(30147, 42, 17)
(241179/8, 42, 17)
(60295/2, 43, 18)
(241183/8, 43, 18)
(30148, 43, 18)
(241187/8, 43, 18)
(60297/2, 43, 18)
(241199/8, 43, 18)
(30150, 43, 18)
(241203/8, 43, 18)
(60301/2, 43, 18)
(241215/8, 43, 18)
(30152, 43, 18)
(241219/8, 43, 18)
(60305/2, 43, 18)
(30154, 42, 17)
(60309/2, 41, 16)
(30155, 42, 17)
(60311/2, 41, 16)
(30156, 40, 16)
(60313/2, 39, 16)
(30157, 40, 17)
(60315/2, 39, 16)
(30158, 38, 15)
(60317/2, 37, 15)
(241279/8, 37, 15)
(30160, 37, 15)
(241283/8, 37, 15)
(60321/2, 37, 15)
(241295/8, 37, 15)
(30162, 37, 15)
(241299/8, 37, 15)
(60325/2, 37, 15)
(60329/2, 36, 14)
(60331/2, 37, 15)
(60333/2, 39, 16)
(60335/2, 41, 17)
(60337/2, 43, 18)
(60339/2, 44, 19)
(30170, 46, 20)
(120681/4, 48, 21)
(60341/2, 49, 22)
(30171, 50, 22)
(60343/2, 51, 23)
(30172, 49, 22)
(60345/2, 48, 21)
(30173, 44, 19)
(60347/2, 49, 22)
(60349/2, 52, 23)
(30175, 48, 21)
(60351/2, 53, 24)
(60353/2, 55, 25)
(30177, 56, 26)
(120709/4, 58, 27)
(60355/2, 60, 28)
(60357/2, 60, 28)
(60359/2, 60, 28)
(30180, 61, 29)
(60361/2, 63, 30)
(60363/2, 51, 23)
(60365/2, 51, 23)
(60367/2, 51, 23)
(30184, 49, 22)
(120737/4, 48, 21)
(60369/2, 46, 20)
(120739/4, 48, 21)
(30185, 49, 22)
(120741/4, 50, 22)
(60371/2, 51, 23)
(30186, 51, 23)
(60373/2, 44, 19)
(30189, 44, 19)
(241515/8, 44, 19)
(60379/2, 44, 19)
(241519/8, 44, 19)
(30190, 44, 19)
(241523/8, 44, 19)
(60381/2, 44, 19)
(30191, 48, 21)
(120767/4, 48, 21)
(30192, 46, 20)
(120769/4, 44, 19)
(60385/2, 49, 22)
(120771/4, 53, 24)
(30193, 44, 19)
(241547/8, 44, 19)
(60387/2, 44, 19)
(241551/8, 44, 19)
(30194, 44, 19)
(241555/8, 44, 19)
(60389/2, 44, 19)
(241559/8, 44, 19)
(30195, 44, 19)
(241563/8, 44, 19)
(60391/2, 44, 19)
(241567/8, 44, 19)
(30196, 44, 19)
(241571/8, 44, 19)
(60393/2, 44, 19)
(241575/8, 44, 19)
(30197, 44, 19)
(241579/8, 44, 19)
(60395/2, 44, 19)
(241583/8, 44, 19)
(30198, 44, 19)
(241587/8, 44, 19)
(60397/2, 44, 19)
(30199, 46, 20)
(60399/2, 48, 21)
(30200, 49, 22)
(60401/2, 51, 23)
(30201, 53, 24)
(60403/2, 55, 25)
(30202, 56, 26)
(60405/2, 58, 27)
(120811/4, 60, 28)
(30203, 58, 27)
(120813/4, 56, 26)
(60407/2, 55, 25)
(120815/4, 56, 26)
(30204, 55, 25)
(120817/4, 53, 24)
(60409/2, 52, 23)
(120819/4, 53, 24)
(30205, 51, 23)
(120821/4, 49, 22)
(60411/2, 48, 21)
(120823/4, 49, 22)
(30206, 46, 20)
(120825/4, 44, 19)
(60413/2, 43, 18)
(120827/4, 53, 24)
(30207, 51, 23)
(120829/4, 49, 22)
(60415/2, 48, 21)
(120831/4, 49, 22)
(30208, 46, 20)
(120833/4, 44, 19)
(60417/2, 43, 18)
(120835/4, 49, 22)
(30209, 46, 20)
(120837/4, 44, 19)
(60419/2, 43, 18)
(120839/4, 49, 22)
(30210, 46, 20)
(120841/4, 44, 19)
(60421/2, 43, 18)
(60423/2, 46, 20)
(120851/4, 53, 24)
(30213, 51, 23)
(120853/4, 49, 22)
(60427/2, 46, 20)
(30214, 44, 19)
(60429/2, 43, 18)
(30215, 41, 17)
(60431/2, 40, 16)
(30216, 41, 17)
(60433/2, 36, 14)
(30218, 41, 17)
(60437/2, 39, 16)
(30220, 41, 17)
(120881/4, 43, 18)
(60441/2, 44, 19)
(60445/2, 44, 19)
(60449/2, 44, 19)
(120911/4, 44, 19)
(30228, 43, 18)
(120913/4, 41, 17)
(60457/2, 40, 16)
(120915/4, 41, 17)
(30229, 39, 16)
(120917/4, 37, 15)
(60459/2, 36, 14)
(120919/4, 41, 17)
(30230, 39, 16)
(120921/4, 37, 15)
(60461/2, 36, 14)
(60463/2, 43, 18)
(60465/2, 44, 19)
(60467/2, 39, 16)
(60469/2, 44, 19)
(60475/2, 44, 19)
(30238, 44, 19)
(60477/2, 44, 19)
