(3/2, 60, 28)
(2, 56, 26)
(5/2, 60, 28)
(7/2, 65, 31)
(4, 68, 33)
(9/2, 67, 32)
(11/2, 65, 31)
(6, 64, 30)
(13/2, 67, 32)
(15/2, 72, 35)
(8, 72, 35)
(17/2, 68, 33)
(19/2, 65, 31)
(10, 64, 30)
(21/2, 67, 32)
(23/2, 72, 35)
(12, 72, 35)
(25/2, 68, 33)
(27/2, 65, 31)
(14, 71, 34)
(29/2, 74, 36)
(31/2, 79, 39)
(16, 79, 39)
(18, 72, 35)
(19, 73, 36)
(22, 72, 35)
(23, 73, 36)
(25, 72, 35)
(101/4, 73, 36)
(51/2, 72, 35)
(103/4, 73, 36)
(27, 72, 35)
(109/4, 73, 36)
(55/2, 72, 35)
(111/4, 73, 36)
(67/2, 60, 28)
(34, 56, 26)
(69/2, 60, 28)
(71/2, 65, 31)
(36, 68, 33)
(73/2, 67, 32)
(75/2, 65, 31)
(38, 64, 30)
(77/2, 67, 32)
(79/2, 72, 35)
(40, 72, 35)
(81/2, 68, 33)
(83/2, 65, 31)
(42, 64, 30)
(85/2, 67, 32)
(87/2, 72, 35)
(44, 72, 35)
(89/2, 68, 33)
(91/2, 65, 31)
(46, 74, 36)
(93/2, 77, 38)
(95/2, 82, 41)
(48, 82, 41)
(99/2, 75, 37)
(50, 74, 36)
(101/2, 77, 38)
(103/2, 82, 41)
(52, 82, 41)
(105/2, 75, 37)
(107/2, 73, 36)
(54, 72, 35)
(109/2, 75, 37)
(111/2, 80, 40)
(56, 80, 40)
(58, 72, 35)
(59, 73, 36)
(62, 72, 35)
(63, 73, 36)
(65, 72, 35)
(261/4, 73, 36)
(131/2, 72, 35)
(263/4, 73, 36)
(67, 72, 35)
(269/4, 73, 36)
(135/2, 72, 35)
(271/4, 73, 36)
(139/2, 68, 33)
(70, 64, 31)
(141/2, 68, 33)
(143/2, 73, 36)
(72, 73, 36)
(74, 70, 34)
(75, 73, 36)
(155/2, 70, 34)
(78, 64, 31)
(157/2, 70, 34)
(159/2, 73, 36)
(80, 73, 36)
(81, 70, 34)
(325/4, 73, 36)
(163/2, 70, 34)
(327/4, 73, 36)
(83, 68, 33)
(333/4, 72, 35)
(167/2, 68, 33)
(335/4, 72, 35)
(85, 73, 36)
(341/4, 75, 37)
(171/2, 73, 36)
(343/4, 75, 37)
(87, 72, 35)
(349/4, 75, 37)
(175/2, 72, 35)
(351/4, 75, 37)
(89, 72, 35)
(357/4, 75, 37)
(179/2, 72, 35)
(359/4, 75, 37)
(91, 70, 34)
(365/4, 73, 36)
(183/2, 70, 34)
(367/4, 73, 36)
(93, 63, 30)
(373/4, 70, 34)
(187/2, 63, 30)
(375/4, 70, 34)
(95, 63, 30)
(381/4, 70, 34)
(191/2, 63, 30)
(383/4, 70, 34)
(193/2, 68, 33)
(97, 67, 32)
(195/2, 68, 33)
(98, 72, 35)
(197/2, 67, 32)
(99, 68, 33)
(199/2, 65, 31)
(100, 63, 30)
(102, 62, 29)
(209/2, 73, 36)
(105, 72, 35)
(211/2, 73, 36)
(106, 77, 38)
(213/2, 72, 35)
(107, 73, 36)
(215/2, 70, 34)
(108, 68, 33)
(110, 67, 32)
(225/2, 75, 37)
(113, 74, 36)
(227/2, 75, 37)
(114, 78, 39)
(229/2, 74, 36)
(115, 75, 37)
(231/2, 72, 35)
(116, 82, 41)
(118, 81, 40)
(241/2, 69, 33)
(121, 72, 35)
(243/2, 75, 37)
(122, 75, 37)
(245/2, 73, 36)
(123, 72, 35)
(247/2, 70, 34)
(124, 73, 36)
(249/2, 70, 34)
(125, 67, 32)
(127, 67, 32)
(128, 68, 33)
(129, 72, 35)
(130, 75, 37)
(263/2, 80, 40)
(132, 80, 40)
(134, 68, 33)
(137, 82, 41)
(138, 82, 41)
(139, 84, 42)
(279/2, 85, 43)
(140, 85, 43)
(142, 73, 36)
(289/2, 75, 37)
(145, 74, 36)
(291/2, 75, 37)
(146, 78, 39)
(293/2, 74, 36)
(147, 75, 37)
(295/2, 72, 35)
(148, 82, 41)
(150, 81, 40)
(305/2, 69, 33)
(153, 72, 35)
(307/2, 75, 37)
(154, 75, 37)
(309/2, 73, 36)
(155, 72, 35)
(311/2, 70, 34)
(156, 73, 36)
(313/2, 70, 34)
(157, 67, 32)
(159, 67, 32)
(323/2, 68, 33)
(162, 59, 28)
(325/2, 68, 33)
(327/2, 71, 35)
(164, 71, 35)
(329/2, 70, 34)
(331/2, 68, 33)
(166, 71, 35)
(333/2, 75, 37)
(335/2, 80, 40)
(168, 80, 40)
(169, 71, 35)
(170, 59, 28)
(341/2, 68, 33)
(343/2, 71, 35)
(172, 71, 35)
(345/2, 70, 34)
(347/2, 68, 33)
(174, 71, 35)
(349/2, 75, 37)
(351/2, 80, 40)
(176, 80, 40)
(178, 78, 39)
(180, 76, 38)
(182, 75, 37)
(184, 74, 36)
(186, 75, 37)
(188, 71, 35)
(190, 68, 33)
(192, 68, 33)
(193, 70, 34)
(194, 68, 33)
(195, 70, 34)
(196, 68, 33)
(197, 70, 34)
(198, 68, 33)
(199, 70, 34)
(200, 70, 34)
(401/2, 72, 35)
(403/2, 73, 36)
(202, 73, 36)
(405/2, 72, 35)
(407/2, 70, 34)
(204, 70, 34)
(409/2, 72, 35)
(411/2, 70, 34)
(206, 75, 37)
(207, 72, 35)
(208, 68, 33)
(209, 70, 34)
(210, 68, 33)
(211, 70, 34)
(212, 68, 33)
(213, 70, 34)
(214, 68, 33)
(215, 70, 34)
(216, 70, 34)
(433/2, 72, 35)
(435/2, 73, 36)
(218, 73, 36)
(437/2, 72, 35)
(439/2, 70, 34)
(220, 70, 34)
(441/2, 72, 35)
(443/2, 70, 34)
(222, 75, 37)
(223, 72, 35)
(224, 70, 34)
(449/2, 72, 35)
(451/2, 70, 34)
(226, 75, 37)
(227, 72, 35)
(228, 70, 34)
(457/2, 72, 35)
(459/2, 70, 34)
(230, 70, 34)
(461/2, 72, 35)
(463/2, 70, 34)
(232, 75, 37)
(234, 72, 35)
(236, 75, 37)
(238, 72, 35)
(241, 63, 30)
(965/4, 68, 33)
(483/2, 63, 30)
(967/4, 68, 33)
(243, 68, 33)
(973/4, 72, 35)
(487/2, 68, 33)
(975/4, 72, 35)
(245, 72, 35)
(981/4, 75, 37)
(491/2, 72, 35)
(983/4, 75, 37)
(247, 75, 37)
(989/4, 80, 40)
(495/2, 75, 37)
(991/4, 80, 40)
(248, 69, 33)
(248, 81, 40)
(252, 69, 33)
(252, 81, 40)
(256, 69, 33)
(256, 81, 40)
(258, 69, 33)
(258, 81, 40)
(260, 69, 33)
(260, 81, 40)
(527/2, 65, 31)
(264, 61, 29)
(529/2, 65, 31)
(531/2, 70, 34)
(266, 73, 36)
(533/2, 72, 35)
(535/2, 70, 34)
(268, 69, 33)
(537/2, 72, 35)
(539/2, 77, 38)
(270, 77, 38)
(271, 70, 34)
(272, 69, 33)
(545/2, 72, 35)
(547/2, 77, 38)
(274, 77, 38)
(275, 70, 34)
(276, 65, 31)
(553/2, 70, 34)
(555/2, 73, 36)
(278, 73, 36)
(557/2, 77, 38)
(559/2, 82, 41)
(280, 71, 34)
(280, 83, 41)
(284, 71, 34)
(284, 83, 41)
(288, 71, 34)
(288, 83, 41)
(290, 71, 34)
(290, 83, 41)
(292, 71, 34)
(292, 83, 41)
(296, 60, 28)
(1185/4, 62, 29)
(593/2, 60, 28)
(1187/4, 62, 29)
(297, 63, 30)
(298, 60, 28)
(1193/4, 62, 29)
(597/2, 60, 28)
(1195/4, 62, 29)
(299, 63, 30)
(300, 60, 28)
(1201/4, 62, 29)
(601/2, 60, 28)
(1203/4, 62, 29)
(301, 63, 30)
(302, 63, 30)
(1209/4, 68, 33)
(605/2, 63, 30)
(1211/4, 68, 33)
(303, 63, 30)
(304, 72, 35)
(306, 72, 35)
(308, 72, 35)
(313, 68, 33)
(1253/4, 72, 35)
(627/2, 68, 33)
(1255/4, 72, 35)
(315, 68, 33)
(1261/4, 72, 35)
(631/2, 68, 33)
(1263/4, 72, 35)
(317, 69, 33)
(1269/4, 72, 35)
(635/2, 69, 33)
(1271/4, 72, 35)
(319, 69, 33)
(1277/4, 72, 35)
(639/2, 69, 33)
(1279/4, 72, 35)
(320, 73, 36)
(321, 77, 38)
(322, 73, 36)
(323, 77, 38)
(324, 73, 36)
(325, 75, 37)
(326, 73, 36)
(327, 75, 37)
(328, 72, 35)
(329, 84, 42)
(330, 72, 35)
(331, 84, 42)
(332, 72, 35)
(333, 84, 42)
(334, 72, 35)
(335, 84, 42)
(336, 71, 34)
(337, 83, 41)
(338, 70, 34)
(339, 82, 41)
(340, 69, 33)
(341, 81, 40)
(342, 77, 38)
(343, 80, 40)
(344, 77, 38)
(345, 79, 39)
(346, 77, 38)
(347, 79, 39)
(348, 77, 38)
(349, 79, 39)
(350, 77, 38)
(351, 79, 39)
(352, 77, 38)
(353, 79, 39)
(354, 77, 38)
(355, 79, 39)
(356, 77, 38)
(1425/4, 80, 40)
(713/2, 77, 38)
(1427/4, 80, 40)
(357, 77, 38)
(1429/4, 81, 40)
(715/2, 77, 38)
(1431/4, 81, 40)
(358, 77, 38)
(1433/4, 82, 41)
(717/2, 77, 38)
(1435/4, 82, 41)
(359, 77, 38)
(1437/4, 83, 41)
(719/2, 77, 38)
(1439/4, 83, 41)
(360, 84, 42)
(721/2, 79, 39)
(723/2, 82, 41)
(362, 82, 41)
(725/2, 80, 40)
(727/2, 79, 39)
(364, 80, 40)
(729/2, 82, 41)
(731/2, 84, 42)
(366, 84, 42)
(367, 80, 40)
(368, 81, 40)
(737/2, 84, 42)
(739/2, 87, 44)
(370, 87, 44)
(741/2, 84, 42)
(743/2, 81, 40)
(372, 82, 41)
(745/2, 85, 43)
(747/2, 89, 45)
(374, 89, 45)
(375, 85, 43)
(376, 89, 45)
(753/2, 83, 41)
(755/2, 89, 45)
(378, 88, 44)
(757/2, 82, 41)
(759/2, 88, 44)
(380, 87, 44)
(761/2, 81, 40)
(763/2, 87, 44)
(382, 86, 43)
(765/2, 80, 40)
(767/2, 86, 43)
(384, 83, 41)
(769/2, 77, 38)
(771/2, 83, 41)
(386, 80, 40)
(773/2, 74, 36)
(775/2, 80, 40)
(388, 77, 38)
(777/2, 71, 34)
(779/2, 77, 38)
(390, 71, 34)
(781/2, 65, 31)
(783/2, 71, 34)
(392, 72, 35)
(396, 71, 34)
(793/2, 74, 36)
(795/2, 77, 38)
(398, 77, 38)
(797/2, 74, 36)
(799/2, 71, 34)
(400, 72, 35)
(404, 59, 27)
(809/2, 62, 29)
(811/2, 65, 31)
(406, 65, 31)
(813/2, 62, 29)
(815/2, 59, 27)
(408, 60, 28)
(817/2, 64, 30)
(819/2, 67, 32)
(410, 67, 32)
(411, 64, 30)
(412, 64, 30)
(825/2, 67, 32)
(827/2, 72, 35)
(414, 72, 35)
(415, 67, 32)
(416, 67, 32)
(833/2, 72, 35)
(835/2, 76, 37)
(418, 76, 37)
(837/2, 72, 35)
(839/2, 79, 39)
(420, 79, 39)
(422, 76, 37)
(425, 77, 38)
(426, 75, 37)
(427, 72, 35)
(428, 73, 36)
(429, 68, 33)
(430, 71, 35)
(430, 69, 34)
(863/2, 68, 33)
(432, 68, 33)
(433, 77, 38)
(434, 75, 37)
(435, 72, 35)
(436, 73, 36)
(437, 68, 33)
(438, 71, 35)
(438, 69, 34)
(879/2, 68, 33)
(440, 68, 33)
(441, 68, 33)
(442, 71, 35)
(442, 69, 34)
(887/2, 68, 33)
(444, 68, 33)
(445, 65, 31)
(446, 68, 33)
(446, 66, 32)
(895/2, 65, 31)
(448, 65, 31)
(457, 79, 39)
(458, 77, 38)
(459, 74, 36)
(460, 75, 37)
(461, 70, 34)
(462, 73, 36)
(462, 71, 35)
(927/2, 70, 34)
(464, 70, 34)
(465, 79, 39)
(466, 77, 38)
(467, 74, 36)
(468, 75, 37)
(469, 70, 34)
(470, 73, 36)
(470, 71, 35)
(943/2, 70, 34)
(472, 70, 34)
(474, 73, 36)
(478, 63, 30)
(479, 67, 32)
(480, 70, 34)
(482, 73, 36)
(486, 64, 30)
(487, 67, 32)
(488, 68, 33)
(490, 72, 35)
(494, 65, 31)
(495, 68, 33)
(496, 71, 34)
(498, 77, 38)
(502, 65, 31)
(503, 70, 34)
(504, 69, 33)
(506, 77, 38)
(510, 65, 31)
(511, 68, 33)
(512, 67, 32)
(513, 77, 38)
(515, 79, 39)
(2061/4, 82, 41)
(1031/2, 79, 39)
(2063/4, 82, 41)
(516, 69, 33)
(517, 77, 38)
(519, 81, 40)
(2077/4, 84, 42)
(1039/2, 81, 40)
(2079/4, 84, 42)
(520, 70, 34)
(521, 77, 38)
(523, 82, 41)
(2093/4, 85, 43)
(1047/2, 82, 41)
(2095/4, 85, 43)
(524, 71, 34)
(525, 77, 38)
(527, 83, 41)
(2109/4, 86, 43)
(1055/2, 83, 41)
(2111/4, 86, 43)
(528, 72, 35)
(529, 76, 37)
(2117/4, 79, 39)
(1059/2, 76, 37)
(2119/4, 79, 39)
(531, 79, 39)
(2125/4, 82, 41)
(1063/2, 79, 39)
(2127/4, 82, 41)
(533, 79, 39)
(2133/4, 82, 41)
(1067/2, 79, 39)
(2135/4, 82, 41)
(535, 79, 39)
(2141/4, 84, 42)
(1071/2, 79, 39)
(2143/4, 84, 42)
(539, 72, 35)
(1621/3, 74, 36)
(1622/3, 76, 37)
(541, 77, 38)
(1624/3, 79, 39)
(1625/3, 80, 40)
(542, 79, 39)
(1627/3, 80, 40)
(1628/3, 82, 41)
(543, 84, 42)
(1630/3, 86, 43)
(1631/3, 88, 44)
(544, 89, 45)
(2179/4, 91, 46)
(545, 92, 47)
(546, 67, 32)
(1639/3, 68, 33)
(1640/3, 70, 34)
(547, 72, 35)
(1642/3, 74, 36)
(1643/3, 76, 37)
(548, 77, 38)
(2195/4, 79, 39)
(549, 80, 40)
(550, 77, 38)
(1651/3, 79, 39)
(1652/3, 80, 40)
(551, 81, 40)
(1654/3, 82, 41)
(1655/3, 83, 41)
(552, 84, 42)
(1107/2, 79, 39)
(554, 76, 37)
(1109/2, 72, 35)
(555, 67, 32)
(1111/2, 64, 30)
(556, 88, 44)
(1115/2, 84, 42)
(558, 79, 39)
(1117/2, 76, 37)
(559, 72, 35)
(1119/2, 67, 32)
(560, 91, 46)
(1123/2, 88, 44)
(562, 84, 42)
(1125/2, 79, 39)
(563, 76, 37)
(1127/2, 72, 35)
(564, 67, 32)
(1129/2, 64, 30)
(565, 65, 31)
(1131/2, 67, 32)
(566, 60, 28)
(567, 60, 28)
(568, 59, 27)
(568, 60, 28)
(568, 62, 29)
(568, 60, 28)
(1153/2, 65, 31)
(577, 64, 30)
(1155/2, 65, 31)
(578, 68, 33)
(1157/2, 64, 30)
(579, 65, 31)
(1159/2, 61, 29)
(580, 60, 28)
(582, 58, 27)
(1177/2, 73, 36)
(589, 72, 35)
(1179/2, 73, 36)
(590, 77, 38)
(1181/2, 75, 37)
(591, 73, 36)
(1183/2, 75, 37)
(592, 73, 36)
(594, 72, 35)
(1193/2, 75, 37)
(597, 74, 36)
(1195/2, 75, 37)
(598, 78, 39)
(1197/2, 74, 36)
(599, 75, 37)
(1199/2, 72, 35)
(1201/2, 77, 38)
(601, 75, 37)
(1203/2, 73, 36)
(602, 72, 35)
(1205/2, 70, 34)
(603, 68, 33)
(1207/2, 67, 32)
(604, 70, 34)
(1209/2, 67, 32)
(605, 64, 30)
(607, 64, 30)
(608, 65, 31)
(609, 68, 33)
(610, 72, 35)
(611, 77, 38)
(612, 77, 38)
(614, 65, 31)
(617, 73, 36)
(618, 79, 39)
(619, 82, 41)
(620, 82, 41)
(622, 70, 34)
(1249/2, 75, 37)
(625, 74, 36)
(1251/2, 75, 37)
(626, 78, 39)
(1253/2, 74, 36)
(627, 75, 37)
(1255/2, 72, 35)
(628, 82, 41)
(630, 81, 40)
(1265/2, 77, 38)
(633, 75, 37)
(1267/2, 73, 36)
(634, 72, 35)
(1269/2, 70, 34)
(635, 68, 33)
(1271/2, 67, 32)
(1273/2, 77, 38)
(637, 75, 37)
(1275/2, 73, 36)
(638, 72, 35)
(1277/2, 70, 34)
(639, 68, 33)
(1279/2, 67, 32)
(1281/2, 77, 38)
(641, 75, 37)
(1283/2, 73, 36)
(642, 72, 35)
(1285/2, 70, 34)
(643, 68, 33)
(1287/2, 67, 32)
(644, 70, 34)
(1289/2, 67, 32)
(645, 64, 30)
(647, 64, 30)
(1299/2, 65, 31)
(650, 56, 26)
(1301/2, 65, 31)
(1303/2, 68, 33)
(652, 68, 33)
(1305/2, 67, 32)
(1307/2, 65, 31)
(654, 68, 33)
(1309/2, 72, 35)
(1311/2, 77, 38)
(656, 77, 38)
(657, 65, 31)
(658, 68, 33)
(1317/2, 77, 38)
(1319/2, 80, 40)
(660, 80, 40)
(1321/2, 79, 39)
(1323/2, 77, 38)
(662, 80, 40)
(1325/2, 84, 42)
(1327/2, 89, 45)
(664, 89, 45)
(666, 87, 44)
(668, 85, 43)
(670, 84, 42)
(672, 83, 41)
(674, 84, 42)
(676, 80, 40)
(678, 77, 38)
(680, 77, 38)
(681, 79, 39)
(682, 77, 38)
(683, 79, 39)
(684, 77, 38)
(685, 79, 39)
(686, 77, 38)
(687, 79, 39)
(688, 79, 39)
(1377/2, 80, 40)
(1379/2, 82, 41)
(690, 82, 41)
(1381/2, 80, 40)
(1383/2, 79, 39)
(692, 79, 39)
(1385/2, 80, 40)
(1387/2, 79, 39)
(694, 84, 42)
(695, 80, 40)
(696, 77, 38)
(697, 78, 39)
(698, 77, 38)
(699, 78, 39)
(700, 77, 38)
(701, 78, 39)
(702, 77, 38)
(703, 78, 39)
(704, 78, 39)
(1409/2, 80, 40)
(1411/2, 82, 41)
(706, 82, 41)
(1413/2, 80, 40)
(1415/2, 78, 39)
(708, 77, 38)
(1417/2, 78, 39)
(1419/2, 80, 40)
(710, 80, 40)
(711, 77, 38)
(712, 82, 41)
(1425/2, 84, 42)
(1427/2, 85, 43)
(714, 85, 43)
(1429/2, 84, 42)
(1431/2, 82, 41)
(716, 80, 40)
(1433/2, 82, 41)
(1435/2, 84, 42)
(718, 84, 42)
(719, 80, 40)
(720, 76, 37)
(1441/2, 77, 38)
(1443/2, 79, 39)
(722, 79, 39)
(724, 79, 39)
(1449/2, 80, 40)
(1451/2, 82, 41)
(726, 82, 41)
(728, 76, 37)
(1457/2, 77, 38)
(1459/2, 79, 39)
(730, 76, 37)
(1461/2, 77, 38)
(1463/2, 79, 39)
(732, 79, 39)
(1465/2, 80, 40)
(1467/2, 82, 41)
(734, 82, 41)
(1469/2, 84, 42)
(1471/2, 85, 43)
(736, 85, 43)
(2215/3, 82, 41)
(2216/3, 84, 42)
(739, 85, 43)
(2218/3, 84, 42)
(2219/3, 82, 41)
(740, 82, 41)
(2221/3, 79, 39)
(2222/3, 80, 40)
(741, 82, 41)
(2224/3, 80, 40)
(2225/3, 79, 39)
(742, 79, 39)
(2227/3, 76, 37)
(2228/3, 77, 38)
(743, 79, 39)
(2230/3, 77, 38)
(2231/3, 76, 37)
(744, 76, 37)
(2233/3, 72, 35)
(2234/3, 74, 36)
(745, 76, 37)
(2236/3, 74, 36)
(2237/3, 72, 35)
(746, 79, 39)
(2239/3, 77, 38)
(2240/3, 76, 37)
(747, 82, 41)
(2242/3, 80, 40)
(2243/3, 79, 39)
(748, 84, 42)
(2245/3, 82, 41)
(2246/3, 80, 40)
(749, 80, 40)
(2248/3, 79, 39)
(2249/3, 77, 38)
(750, 77, 38)
(2251/3, 76, 37)
(2252/3, 77, 38)
(751, 72, 35)
(2254/3, 77, 38)
(2255/3, 80, 40)
(752, 84, 42)
(2257/3, 82, 41)
(2258/3, 80, 40)
(753, 79, 39)
(2260/3, 78, 38)
(2261/3, 79, 39)
(754, 84, 42)
(2263/3, 82, 41)
(2264/3, 80, 40)
(755, 79, 39)
(2266/3, 78, 38)
(2267/3, 79, 39)
(756, 84, 42)
(2269/3, 82, 41)
(2270/3, 80, 40)
(757, 80, 40)
(2272/3, 79, 39)
(2273/3, 77, 38)
(758, 77, 38)
(2275/3, 76, 37)
(2276/3, 77, 38)
(759, 72, 35)
(2278/3, 77, 38)
(2279/3, 80, 40)
(760, 84, 42)
(2281/3, 82, 41)
(2282/3, 80, 40)
(761, 79, 39)
(2284/3, 78, 38)
(2285/3, 79, 39)
(762, 84, 42)
(2287/3, 82, 41)
(2288/3, 80, 40)
(763, 79, 39)
(2290/3, 78, 38)
(2291/3, 79, 39)
(764, 84, 42)
(2293/3, 82, 41)
(2294/3, 80, 40)
(765, 80, 40)
(2296/3, 79, 39)
(2297/3, 77, 38)
(766, 82, 41)
(2299/3, 80, 40)
(2300/3, 79, 39)
(767, 77, 38)
(2302/3, 76, 37)
(2303/3, 77, 38)
(768, 82, 41)
(2305/3, 80, 40)
(2306/3, 79, 39)
(769, 79, 39)
(2308/3, 77, 38)
(2309/3, 75, 37)
(770, 80, 40)
(2311/3, 79, 39)
(2312/3, 77, 38)
(771, 75, 37)
(2314/3, 74, 36)
(2315/3, 75, 37)
(772, 80, 40)
(2317/3, 79, 39)
(2318/3, 77, 38)
(773, 77, 38)
(2320/3, 76, 37)
(2321/3, 77, 38)
(774, 80, 40)
(2323/3, 80, 40)
(2324/3, 79, 39)
(775, 77, 38)
(2326/3, 76, 37)
(2327/3, 77, 38)
(776, 80, 40)
(2329/3, 79, 39)
(2330/3, 77, 38)
(777, 80, 40)
(2332/3, 79, 39)
(2333/3, 77, 38)
(778, 79, 39)
(2335/3, 77, 38)
(2336/3, 76, 37)
(779, 79, 39)
(2338/3, 77, 38)
(2339/3, 76, 37)
(780, 84, 42)
(2341/3, 82, 41)
(2342/3, 80, 40)
(781, 80, 40)
(2344/3, 79, 39)
(2345/3, 77, 38)
(782, 82, 41)
(2347/3, 80, 40)
(2348/3, 79, 39)
(783, 77, 38)
(2350/3, 76, 37)
(2351/3, 77, 38)
(784, 82, 41)
(2353/3, 80, 40)
(2354/3, 79, 39)
(785, 79, 39)
(2356/3, 77, 38)
(2357/3, 75, 37)
(786, 80, 40)
(2359/3, 78, 39)
(2360/3, 77, 38)
(787, 75, 37)
(2362/3, 74, 36)
(2363/3, 75, 37)
(788, 80, 40)
(2365/3, 78, 39)
(2366/3, 77, 38)
(789, 80, 40)
(2368/3, 78, 39)
(2369/3, 77, 38)
(790, 77, 38)
(2371/3, 75, 37)
(2372/3, 73, 36)
(791, 77, 38)
(2374/3, 75, 37)
(2375/3, 73, 36)
(792, 73, 36)
(2377/3, 72, 35)
(2378/3, 70, 34)
(793, 73, 36)
(2380/3, 72, 35)
(2381/3, 70, 34)
(794, 70, 34)
(2383/3, 68, 33)
(2384/3, 66, 32)
(795, 70, 34)
(2386/3, 68, 33)
(2387/3, 66, 32)
(796, 70, 34)
(2389/3, 68, 33)
(2390/3, 66, 32)
(797, 70, 34)
(2392/3, 68, 33)
(2393/3, 66, 32)
(798, 73, 36)
(800, 70, 34)
(2401/3, 68, 33)
(2402/3, 66, 32)
(801, 70, 34)
(2404/3, 68, 33)
(2405/3, 66, 32)
(802, 73, 36)
(804, 70, 34)
(2413/3, 68, 33)
(2414/3, 66, 32)
(805, 70, 34)
(2416/3, 68, 33)
(2417/3, 66, 32)
(806, 62, 29)
(806, 74, 36)
(808, 72, 35)
(810, 72, 35)
(810, 76, 37)
(812, 77, 38)
(814, 86, 43)
(816, 84, 42)
(818, 88, 44)
(820, 89, 45)
(821, 91, 46)
(822, 92, 47)
(823, 94, 48)
(824, 96, 49)
(2486/3, 94, 48)
(2488/3, 92, 47)
(830, 91, 46)
(2492/3, 89, 45)
(2494/3, 87, 44)
(832, 87, 44)
(2498/3, 85, 43)
(2500/3, 84, 42)
(834, 82, 41)
(2504/3, 80, 40)
(2506/3, 79, 39)
(836, 85, 43)
(2510/3, 82, 41)
(2512/3, 79, 39)
(838, 77, 38)
(2516/3, 73, 36)
(2518/3, 70, 34)
(840, 67, 32)
(2522/3, 68, 33)
(2524/3, 70, 34)
(842, 64, 30)
(2533/3, 60, 28)
(2534/3, 62, 29)
(845, 64, 30)
(2536/3, 62, 29)
(2537/3, 60, 28)
(846, 67, 32)
(2539/3, 65, 31)
(2540/3, 64, 30)
(847, 70, 34)
(2542/3, 68, 33)
(2543/3, 67, 32)
(848, 76, 37)
(2545/3, 72, 35)
(2546/3, 74, 36)
(849, 76, 37)
(2548/3, 74, 36)
(2549/3, 72, 35)
(850, 79, 39)
(2551/3, 77, 38)
(2552/3, 76, 37)
(851, 82, 41)
(2554/3, 80, 40)
(2555/3, 79, 39)
(852, 84, 42)
(2557/3, 82, 41)
(2558/3, 80, 40)
(853, 80, 40)
(2560/3, 79, 39)
(2561/3, 77, 38)
(854, 77, 38)
(2563/3, 76, 37)
(2564/3, 77, 38)
(855, 72, 35)
(2566/3, 77, 38)
(2567/3, 80, 40)
(856, 84, 42)
(2569/3, 82, 41)
(2570/3, 80, 40)
(857, 79, 39)
(2572/3, 78, 38)
(2573/3, 79, 39)
(858, 84, 42)
(2575/3, 82, 41)
(2576/3, 80, 40)
(859, 79, 39)
(2578/3, 78, 38)
(2579/3, 79, 39)
(860, 84, 42)
(2581/3, 82, 41)
(2582/3, 80, 40)
(861, 80, 40)
(2584/3, 79, 39)
(2585/3, 77, 38)
(862, 77, 38)
(2587/3, 76, 37)
(2588/3, 77, 38)
(863, 72, 35)
(2590/3, 77, 38)
(2591/3, 80, 40)
(864, 84, 42)
(2593/3, 82, 41)
(2594/3, 80, 40)
(865, 79, 39)
(2596/3, 78, 38)
(2597/3, 79, 39)
(866, 84, 42)
(2599/3, 82, 41)
(2600/3, 80, 40)
(867, 79, 39)
(2602/3, 78, 38)
(2603/3, 79, 39)
(868, 84, 42)
(2605/3, 82, 41)
(2606/3, 80, 40)
(869, 80, 40)
(2608/3, 79, 39)
(2609/3, 77, 38)
(870, 85, 43)
(2611/3, 84, 42)
(2612/3, 82, 41)
(871, 82, 41)
(2614/3, 80, 40)
(2615/3, 79, 39)
(872, 84, 42)
(2617/3, 82, 41)
(2618/3, 80, 40)
(873, 80, 40)
(2620/3, 79, 39)
(2621/3, 77, 38)
(874, 82, 41)
(2623/3, 80, 40)
(2624/3, 79, 39)
(875, 79, 39)
(2626/3, 77, 38)
(2627/3, 76, 37)
(876, 84, 42)
(2629/3, 82, 41)
(2630/3, 80, 40)
(877, 85, 43)
(2632/3, 84, 42)
(2633/3, 82, 41)
(878, 80, 40)
(2635/3, 79, 39)
(2636/3, 77, 38)
(879, 79, 39)
(2638/3, 77, 38)
(2639/3, 76, 37)
(880, 72, 35)
(2641/3, 70, 34)
(2642/3, 68, 33)
(881, 73, 36)
(2644/3, 72, 35)
(2645/3, 70, 34)
(882, 68, 33)
(2647/3, 67, 32)
(2648/3, 65, 31)
(883, 67, 32)
(2650/3, 65, 31)
(2651/3, 64, 30)
(884, 65, 31)
(2653/3, 64, 30)
(2654/3, 65, 31)
(885, 67, 32)
(2656/3, 65, 31)
(2657/3, 67, 32)
(886, 68, 33)
(2659/3, 67, 32)
(2660/3, 68, 33)
(887, 70, 34)
(2662/3, 68, 33)
(2663/3, 70, 34)
(888, 72, 35)
(2665/3, 70, 34)
(2666/3, 72, 35)
(889, 73, 36)
(2668/3, 72, 35)
(2669/3, 73, 36)
(890, 75, 37)
(2671/3, 73, 36)
(2672/3, 75, 37)
(891, 77, 38)
(2674/3, 75, 37)
(2675/3, 77, 38)
(892, 79, 39)
(2677/3, 77, 38)
(2678/3, 79, 39)
(893, 80, 40)
(2680/3, 79, 39)
(2681/3, 80, 40)
(894, 82, 41)
(2683/3, 80, 40)
(2684/3, 82, 41)
(895, 84, 42)
(2686/3, 82, 41)
(2687/3, 84, 42)
(896, 85, 43)
(897, 88, 44)
(899, 88, 44)
(900, 89, 45)
(901, 91, 46)
(903, 91, 46)
(904, 92, 47)
(905, 96, 49)
(907, 96, 49)
(909, 96, 49)
(911, 96, 49)
(913, 84, 42)
(914, 84, 42)
(915, 84, 42)
(916, 84, 42)
(918, 60, 28)
(918, 67, 32)
(918, 72, 35)
(918, 76, 37)
(920, 65, 31)
(920, 72, 35)
(920, 77, 38)
(20007/2, 56, 26)
(10004, 60, 28)
(20009/2, 58, 27)
(20011/2, 56, 26)
(10006, 58, 27)
(10008, 60, 28)
(10010, 58, 27)
(10012, 60, 28)
(10014, 55, 25)
(10014, 65, 31)
(10016, 55, 25)
(10016, 64, 30)
(10018, 67, 32)
(10019, 70, 34)
(10022, 67, 32)
(10023, 70, 34)
(10025, 67, 32)
(40101/4, 70, 34)
(20051/2, 67, 32)
(40103/4, 70, 34)
(10027, 67, 32)
(40109/4, 70, 34)
(20055/2, 67, 32)
(40111/4, 70, 34)
(20071/2, 56, 26)
(10036, 60, 28)
(20073/2, 58, 27)
(20075/2, 56, 26)
(10038, 58, 27)
(10040, 60, 28)
(10042, 58, 27)
(10044, 60, 28)
(10046, 68, 33)
(10048, 67, 32)
(20099/2, 63, 30)
(10050, 62, 29)
(20101/2, 65, 31)
(20103/2, 68, 33)
(10052, 67, 32)
(20105/2, 63, 30)
(20107/2, 61, 29)
(10054, 60, 28)
(10056, 61, 29)
(10058, 68, 33)
(10059, 73, 36)
(10062, 68, 33)
(10063, 73, 36)
(10065, 68, 33)
(40261/4, 73, 36)
(20131/2, 68, 33)
(40263/4, 73, 36)
(10067, 68, 33)
(40269/4, 73, 36)
(20135/2, 68, 33)
(40271/4, 73, 36)
(10072, 64, 31)
(10072, 70, 34)
(10074, 64, 31)
(10075, 70, 34)
(10080, 64, 31)
(10081, 61, 29)
(40325/4, 64, 31)
(20163/2, 61, 29)
(40327/4, 64, 31)
(10083, 60, 28)
(40333/4, 63, 30)
(20167/2, 60, 28)
(40335/4, 63, 30)
(10085, 63, 30)
(40341/4, 67, 32)
(20171/2, 63, 30)
(40343/4, 67, 32)
(10087, 63, 30)
(40349/4, 68, 33)
(20175/2, 63, 30)
(40351/4, 68, 33)
(10089, 63, 30)
(40357/4, 66, 32)
(20179/2, 63, 30)
(40359/4, 66, 32)
(10091, 61, 29)
(40365/4, 65, 31)
(20183/2, 61, 29)
(40367/4, 65, 31)
(10093, 61, 29)
(10095, 61, 29)
(20201/2, 68, 33)
(10101, 67, 32)
(20203/2, 68, 33)
(10102, 72, 35)
(20205/2, 70, 34)
(10103, 68, 33)
(20207/2, 70, 34)
(10104, 68, 33)
(10106, 67, 32)
(20217/2, 73, 36)
(10109, 72, 35)
(20219/2, 73, 36)
(10110, 77, 38)
(20221/2, 75, 37)
(10111, 73, 36)
(20223/2, 75, 37)
(10112, 73, 36)
(10114, 72, 35)
(20233/2, 75, 37)
(10117, 74, 36)
(20235/2, 75, 37)
(10118, 78, 39)
(20237/2, 74, 36)
(10119, 75, 37)
(20239/2, 72, 35)
(10120, 69, 33)
(20245/2, 70, 34)
(10123, 69, 33)
(20247/2, 70, 34)
(10124, 58, 27)
(10125, 61, 29)
(10127, 61, 29)
(10128, 60, 28)
(10133, 65, 31)
(10134, 65, 31)
(20271/2, 70, 34)
(10136, 70, 34)
(10138, 61, 29)
(10141, 70, 34)
(10142, 70, 34)
(10143, 70, 34)
(20287/2, 72, 35)
(10144, 70, 34)
(10146, 69, 33)
(20297/2, 75, 37)
(10149, 74, 36)
(20299/2, 75, 37)
(10150, 78, 39)
(20301/2, 74, 36)
(10151, 75, 37)
(20303/2, 72, 35)
(10152, 69, 33)
(20309/2, 70, 34)
(10155, 69, 33)
(20311/2, 70, 34)
(10156, 58, 27)
(10157, 61, 29)
(10159, 61, 29)
(10160, 59, 28)
(20327/2, 59, 28)
(10164, 63, 30)
(20329/2, 61, 29)
(20331/2, 59, 28)
(10166, 63, 30)
(20333/2, 68, 33)
(20335/2, 71, 35)
(10168, 71, 35)
(10169, 68, 33)
(20343/2, 59, 28)
(10172, 63, 30)
(20345/2, 61, 29)
(20347/2, 59, 28)
(10174, 63, 30)
(20349/2, 68, 33)
(20351/2, 68, 33)
(10176, 71, 34)
(10177, 76, 37)
(10178, 69, 33)
(10179, 75, 36)
(10180, 68, 32)
(10181, 71, 34)
(10182, 68, 32)
(10183, 71, 34)
(10184, 68, 32)
(10185, 71, 34)
(10186, 63, 30)
(10187, 70, 34)
(10188, 63, 30)
(10189, 68, 33)
(10190, 64, 31)
(10191, 68, 33)
(10200, 67, 32)
(20401/2, 68, 33)
(20403/2, 70, 34)
(10202, 70, 34)
(20405/2, 68, 33)
(20407/2, 67, 32)
(10204, 67, 32)
(20409/2, 68, 33)
(20411/2, 67, 32)
(10206, 68, 33)
(10208, 56, 26)
(10209, 58, 27)
(10210, 56, 26)
(10211, 58, 27)
(10212, 56, 26)
(10213, 58, 27)
(10214, 56, 26)
(10215, 58, 27)
(10216, 67, 32)
(20433/2, 68, 33)
(20435/2, 70, 34)
(10218, 70, 34)
(20437/2, 68, 33)
(20439/2, 67, 32)
(10220, 67, 32)
(20441/2, 68, 33)
(20443/2, 67, 32)
(10222, 68, 33)
(10224, 67, 32)
(20449/2, 68, 33)
(20451/2, 67, 32)
(10226, 68, 33)
(10228, 67, 32)
(20457/2, 68, 33)
(20459/2, 67, 32)
(10230, 67, 32)
(20461/2, 68, 33)
(20463/2, 67, 32)
(10232, 68, 33)
(10234, 56, 26)
(10235, 60, 28)
(10238, 60, 28)
(10239, 63, 30)
(10240, 56, 26)
(40961/4, 60, 28)
(20481/2, 56, 26)
(40963/4, 60, 28)
(10242, 60, 28)
(40969/4, 63, 30)
(20485/2, 60, 28)
(40971/4, 63, 30)
(10244, 63, 30)
(40977/4, 68, 33)
(20489/2, 63, 30)
(40979/4, 68, 33)
(10246, 68, 33)
(40985/4, 72, 35)
(20493/2, 68, 33)
(40987/4, 72, 35)
(10248, 63, 30)
(10248, 75, 37)
(10252, 63, 30)
(10252, 75, 37)
(10256, 63, 30)
(10256, 75, 37)
(10258, 63, 30)
(10258, 75, 37)
(10260, 63, 30)
(10260, 75, 37)
(20531/2, 61, 29)
(10266, 65, 31)
(20533/2, 63, 30)
(20535/2, 61, 29)
(10268, 63, 30)
(20539/2, 63, 30)
(10270, 61, 29)
(20541/2, 65, 31)
(20543/2, 70, 34)
(10272, 72, 35)
(10273, 65, 31)
(10274, 61, 29)
(20549/2, 65, 31)
(20551/2, 70, 34)
(10280, 74, 36)
(10280, 77, 38)
(10284, 74, 36)
(10284, 77, 38)
(10288, 74, 36)
(10288, 77, 38)
(10290, 74, 36)
(10290, 77, 38)
(10292, 74, 36)
(10292, 77, 38)
(10297, 63, 30)
(41189/4, 67, 32)
(20595/2, 63, 30)
(41191/4, 67, 32)
(10299, 63, 30)
(41197/4, 67, 32)
(20599/2, 63, 30)
(41199/4, 67, 32)
(10301, 63, 30)
(41205/4, 67, 32)
(20603/2, 63, 30)
(41207/4, 67, 32)
(10303, 63, 30)
(41213/4, 67, 32)
(20607/2, 63, 30)
(41215/4, 67, 32)
(10304, 60, 28)
(10304, 67, 32)
(10306, 60, 28)
(10306, 67, 32)
(10308, 60, 28)
(10308, 67, 32)
(10312, 65, 31)
(41249/4, 67, 32)
(20625/2, 65, 31)
(41251/4, 67, 32)
(10313, 68, 33)
(10314, 65, 31)
(41257/4, 67, 32)
(20629/2, 65, 31)
(41259/4, 67, 32)
(10315, 68, 33)
(10316, 65, 31)
(41265/4, 67, 32)
(20633/2, 65, 31)
(41267/4, 67, 32)
(10317, 69, 33)
(10318, 69, 33)
(41273/4, 73, 36)
(20637/2, 69, 33)
(41275/4, 73, 36)
(10319, 69, 33)
(20647/2, 65, 31)
(10324, 58, 27)
(20649/2, 63, 30)
(20651/2, 67, 32)
(10326, 70, 34)
(20653/2, 63, 30)
(20655/2, 67, 32)
(10328, 68, 33)
(20657/2, 63, 30)
(20659/2, 68, 33)
(10330, 68, 33)
(20663/2, 63, 30)
(10332, 62, 29)
(20665/2, 65, 31)
(20667/2, 68, 33)
(10334, 72, 35)
(20669/2, 70, 34)
(20671/2, 68, 33)
(10336, 68, 33)
(20673/2, 67, 32)
(20675/2, 65, 31)
(10338, 67, 32)
(20677/2, 60, 28)
(20679/2, 67, 32)
(10340, 65, 31)
(20681/2, 60, 28)
(20683/2, 65, 31)
(10342, 68, 33)
(20685/2, 65, 31)
(20695/2, 61, 29)
(10348, 61, 29)
(20697/2, 60, 28)
(20699/2, 58, 27)
(10350, 58, 27)
(10351, 61, 29)
(10352, 62, 29)
(20705/2, 60, 28)
(20707/2, 55, 25)
(10354, 55, 25)
(20709/2, 60, 28)
(20711/2, 62, 29)
(10356, 62, 29)
(10357, 55, 25)
(10358, 55, 25)
(10358, 67, 32)
(10359, 55, 25)
(10359, 67, 32)
(20719/2, 77, 38)
(10360, 76, 37)
(20721/2, 79, 39)
(20723/2, 79, 39)
(10362, 79, 39)
(20725/2, 77, 38)
(20727/2, 76, 37)
(10364, 77, 38)
(20729/2, 79, 39)
(20731/2, 80, 40)
(10366, 80, 40)
(10367, 77, 38)
(10368, 75, 37)
(20737/2, 75, 37)
(20739/2, 78, 39)
(10370, 78, 39)
(20741/2, 75, 37)
(20743/2, 72, 35)
(10372, 73, 36)
(20745/2, 77, 38)
(20747/2, 73, 36)
(10374, 73, 36)
(10375, 77, 38)
(10376, 80, 40)
(20753/2, 74, 36)
(20755/2, 80, 40)
(10378, 79, 39)
(20757/2, 73, 36)
(20759/2, 79, 39)
(10380, 78, 39)
(20761/2, 72, 35)
(20763/2, 78, 39)
(10382, 77, 38)
(20765/2, 71, 34)
(20767/2, 77, 38)
(10384, 74, 36)
(20769/2, 68, 33)
(20771/2, 74, 36)
(10386, 71, 34)
(20773/2, 65, 31)
(20775/2, 71, 34)
(10388, 68, 33)
(20777/2, 62, 29)
(20779/2, 68, 33)
(10390, 68, 33)
(20781/2, 62, 29)
(20783/2, 68, 33)
(10392, 67, 32)
(20785/2, 60, 28)
(20787/2, 67, 32)
(10394, 68, 33)
(20789/2, 60, 28)
(20791/2, 68, 33)
(10396, 68, 33)
(10400, 67, 32)
(20801/2, 60, 28)
(20803/2, 67, 32)
(10402, 68, 33)
(20805/2, 60, 28)
(20807/2, 68, 33)
(10404, 68, 33)
(10408, 67, 32)
(10412, 64, 30)
(10416, 60, 28)
(10425, 68, 33)
(10426, 66, 32)
(10427, 63, 30)
(10428, 65, 31)
(10430, 66, 32)
(10432, 65, 31)
(10433, 68, 33)
(10434, 66, 32)
(10435, 63, 30)
(10436, 65, 31)
(10438, 66, 32)
(10440, 65, 31)
(10442, 66, 32)
(10444, 65, 31)
(10445, 61, 29)
(10446, 60, 28)
(10448, 61, 29)
(10450, 59, 28)
(10454, 58, 27)
(10457, 70, 34)
(10458, 68, 33)
(10459, 65, 31)
(10460, 67, 32)
(10462, 68, 33)
(10464, 67, 32)
(10465, 70, 34)
(10466, 68, 33)
(10467, 65, 31)
(10468, 67, 32)
(10470, 68, 33)
(10472, 67, 32)
(10476, 58, 27)
(10477, 61, 29)
(10484, 58, 27)
(10485, 61, 29)
(10492, 56, 26)
(10493, 60, 28)
(10496, 65, 31)
(10500, 58, 27)
(10501, 61, 29)
(10504, 60, 28)
(10504, 65, 31)
(10508, 56, 26)
(10509, 60, 28)
(10512, 61, 29)
(10514, 70, 34)
(42057/4, 73, 36)
(21029/2, 70, 34)
(42059/4, 73, 36)
(10515, 79, 39)
(10516, 63, 30)
(10518, 72, 35)
(42073/4, 75, 37)
(21037/2, 72, 35)
(42075/4, 75, 37)
(10519, 81, 40)
(10520, 65, 31)
(10522, 73, 36)
(42089/4, 77, 38)
(21045/2, 73, 36)
(42091/4, 77, 38)
(10523, 82, 41)
(10524, 65, 31)
(10526, 74, 36)
(42105/4, 77, 38)
(21053/2, 74, 36)
(42107/4, 77, 38)
(10527, 83, 41)
(10528, 67, 32)
(42113/4, 70, 34)
(21057/2, 67, 32)
(42115/4, 70, 34)
(10530, 70, 34)
(42121/4, 73, 36)
(21061/2, 70, 34)
(42123/4, 73, 36)
(10532, 70, 34)
(42129/4, 72, 35)
(21065/2, 70, 34)
(42131/4, 72, 35)
(10534, 64, 30)
(42137/4, 67, 32)
(21069/2, 64, 30)
(42139/4, 67, 32)
(21075/2, 60, 28)
(10538, 56, 26)
(21077/2, 60, 28)
(21079/2, 65, 31)
(10540, 68, 33)
(21081/2, 67, 32)
(21083/2, 65, 31)
(10542, 64, 30)
(21085/2, 67, 32)
(21087/2, 72, 35)
(10544, 72, 35)
(21089/2, 68, 33)
(21091/2, 65, 31)
(10546, 64, 30)
(21093/2, 67, 32)
(21095/2, 72, 35)
(10548, 72, 35)
(21097/2, 68, 33)
(21099/2, 65, 31)
(10550, 71, 34)
(21101/2, 74, 36)
(21103/2, 79, 39)
(10552, 79, 39)
(10554, 72, 35)
(10555, 73, 36)
(10558, 72, 35)
(10559, 73, 36)
(10560, 64, 30)
(10568, 64, 30)
(21161/2, 68, 33)
(10581, 67, 32)
(21163/2, 68, 33)
(10582, 72, 35)
(21165/2, 70, 34)
(10583, 68, 33)
(21167/2, 70, 34)
(10584, 68, 33)
(10586, 67, 32)
(10588, 58, 27)
(21185/2, 75, 37)
(10593, 74, 36)
(21187/2, 75, 37)
(10594, 78, 39)
(21189/2, 74, 36)
(10595, 75, 37)
(21191/2, 72, 35)
(10596, 70, 34)
(10598, 69, 33)
(10600, 70, 34)
(10602, 65, 31)
(10604, 55, 25)
(10605, 58, 27)
(10607, 58, 27)
(10608, 56, 26)
(10613, 68, 33)
(10614, 62, 29)
(10615, 67, 32)
(10616, 67, 32)
(10618, 55, 25)
(10621, 61, 29)
(10622, 55, 25)
(10623, 60, 28)
(10624, 60, 28)
(21257/2, 75, 37)
(10629, 74, 36)
(21259/2, 75, 37)
(10630, 78, 39)
(21261/2, 74, 36)
(10631, 75, 37)
(21263/2, 72, 35)
(10632, 70, 34)
(10634, 65, 31)
(10636, 68, 33)
(10638, 65, 31)
(10640, 61, 29)
(10644, 55, 25)
(10645, 58, 27)
(10647, 58, 27)
(21303/2, 65, 31)
(10652, 60, 28)
(21305/2, 58, 27)
(21307/2, 56, 26)
(10654, 65, 31)
(21309/2, 68, 33)
(21311/2, 68, 33)
(10656, 68, 33)
(10657, 65, 31)
(21319/2, 65, 31)
(10660, 72, 35)
(21321/2, 70, 34)
(21323/2, 68, 33)
(10662, 77, 38)
(21325/2, 80, 40)
(21327/2, 80, 40)
(10664, 65, 31)
(10665, 68, 33)
(10666, 66, 32)
(10667, 68, 33)
(10668, 65, 31)
(10669, 68, 33)
(10670, 63, 30)
(10671, 68, 33)
(10672, 65, 31)
(10673, 67, 32)
(10674, 64, 30)
(10675, 67, 32)
(10676, 65, 31)
(10677, 68, 33)
(10678, 65, 31)
(10679, 68, 33)
(10688, 76, 37)
(21377/2, 77, 38)
(21379/2, 79, 39)
(10690, 79, 39)
(21381/2, 77, 38)
(21383/2, 76, 37)
(10692, 76, 37)
(21385/2, 77, 38)
(21387/2, 76, 37)
(10694, 77, 38)
(10700, 66, 32)
(10704, 75, 37)
(21409/2, 77, 38)
(21411/2, 78, 39)
(10706, 78, 39)
(21413/2, 77, 38)
(21415/2, 75, 37)
(10708, 73, 36)
(21417/2, 75, 37)
(21419/2, 77, 38)
(10710, 77, 38)
(10711, 73, 36)
(10712, 79, 39)
(21425/2, 80, 40)
(21427/2, 82, 41)
(10714, 82, 41)
(21429/2, 80, 40)
(21431/2, 79, 39)
(10716, 77, 38)
(21433/2, 79, 39)
(21435/2, 80, 40)
(10718, 80, 40)
(10719, 77, 38)
(10720, 67, 32)
(21441/2, 68, 33)
(21443/2, 70, 34)
(10722, 70, 34)
(10724, 70, 34)
(21449/2, 72, 35)
(21451/2, 73, 36)
(10726, 73, 36)
(10728, 67, 32)
(21457/2, 68, 33)
(21459/2, 70, 34)
(10730, 67, 32)
(21461/2, 68, 33)
(21463/2, 70, 34)
(10732, 76, 37)
(21465/2, 77, 38)
(21467/2, 79, 39)
(10734, 79, 39)
(21469/2, 80, 40)
(21471/2, 82, 41)
(10736, 82, 41)
(21495/2, 60, 28)
(10748, 56, 26)
(21497/2, 60, 28)
(21499/2, 65, 31)
(10750, 68, 33)
(21501/2, 67, 32)
(21503/2, 65, 31)
(10752, 58, 27)
(21505/2, 60, 28)
(21507/2, 67, 32)
(10754, 70, 34)
(10755, 67, 32)
(21511/2, 60, 28)
(10756, 56, 26)
(21513/2, 60, 28)
(21515/2, 65, 31)
(10758, 68, 33)
(21517/2, 67, 32)
(21519/2, 65, 31)
(10760, 58, 27)
(21521/2, 60, 28)
(21523/2, 67, 32)
(10762, 70, 34)
(10763, 67, 32)
(21527/2, 60, 28)
(10764, 56, 26)
(21529/2, 60, 28)
(21531/2, 65, 31)
(10766, 68, 33)
(21533/2, 65, 31)
(21535/2, 58, 27)
(10768, 58, 27)
(21537/2, 63, 30)
(21539/2, 67, 32)
(10770, 67, 32)
(21541/2, 63, 30)
(21543/2, 56, 26)
(10772, 56, 26)
(21545/2, 61, 29)
(21547/2, 65, 31)
(10774, 58, 27)
(21549/2, 61, 29)
(21551/2, 65, 31)
(10776, 65, 31)
(21553/2, 68, 33)
(21555/2, 65, 31)
(10778, 64, 30)
(21557/2, 67, 32)
(21559/2, 60, 28)
(10780, 56, 26)
(21561/2, 60, 28)
(21563/2, 68, 33)
(10782, 68, 33)
(21565/2, 65, 31)
(21567/2, 68, 33)
(10784, 67, 32)
(21569/2, 63, 30)
(21571/2, 67, 32)
(10786, 66, 32)
(21573/2, 56, 26)
(21575/2, 66, 32)
(10788, 65, 31)
(10789, 68, 33)
(32368/3, 66, 32)
(32369/3, 65, 31)
(10790, 65, 31)
(32371/3, 63, 30)
(32372/3, 61, 29)
(10791, 65, 31)
(32374/3, 63, 30)
(32375/3, 61, 29)
(10792, 61, 29)
(32377/3, 60, 28)
(32378/3, 58, 27)
(10793, 61, 29)
(32380/3, 60, 28)
(32381/3, 58, 27)
(10794, 70, 34)
(32383/3, 68, 33)
(32384/3, 66, 32)
(10795, 70, 34)
(32386/3, 68, 33)
(32387/3, 66, 32)
(10796, 70, 34)
(32389/3, 68, 33)
(32390/3, 66, 32)
(10797, 70, 34)
(32392/3, 68, 33)
(32393/3, 66, 32)
(10798, 61, 29)
(10798, 68, 33)
(10800, 70, 34)
(32401/3, 68, 33)
(32402/3, 66, 32)
(10801, 70, 34)
(32404/3, 68, 33)
(32405/3, 66, 32)
(10802, 61, 29)
(10802, 68, 33)
(10804, 70, 34)
(32413/3, 68, 33)
(32414/3, 66, 32)
(10805, 70, 34)
(32416/3, 68, 33)
(32417/3, 66, 32)
(10806, 65, 31)
(10808, 65, 31)
(10810, 67, 32)
(10810, 72, 35)
(10812, 65, 31)
(10812, 72, 35)
(10814, 65, 31)
(10814, 74, 36)
(10816, 65, 31)
(10816, 72, 35)
(10818, 67, 32)
(10818, 72, 35)
(10820, 65, 31)
(10820, 72, 35)
(10822, 65, 31)
(10824, 68, 33)
(10826, 67, 32)
(10828, 65, 31)
(10830, 61, 29)
(10832, 60, 28)
(10834, 55, 25)
(10842, 58, 27)
(21703/2, 60, 28)
(10852, 56, 26)
(21705/2, 60, 28)
(21707/2, 65, 31)
(10854, 68, 33)
(21709/2, 67, 32)
(21711/2, 65, 31)
(10856, 58, 27)
(21713/2, 60, 28)
(21715/2, 67, 32)
(10858, 70, 34)
(10859, 67, 32)
(21719/2, 60, 28)
(10860, 56, 26)
(21721/2, 60, 28)
(21723/2, 65, 31)
(10862, 68, 33)
(21725/2, 67, 32)
(21727/2, 65, 31)
(10864, 58, 27)
(21729/2, 60, 28)
(21731/2, 67, 32)
(10866, 70, 34)
(10867, 67, 32)
(21735/2, 60, 28)
(10868, 68, 33)
(21737/2, 65, 31)
(21739/2, 68, 33)
(10870, 67, 32)
(21741/2, 70, 34)
(21743/2, 67, 32)
(10872, 68, 33)
(21745/2, 65, 31)
(21747/2, 68, 33)
(10874, 64, 30)
(21749/2, 67, 32)
(21751/2, 64, 30)
(10876, 65, 31)
(10877, 58, 27)
(10878, 56, 26)
(10879, 60, 28)
(10879, 64, 30)
(10880, 60, 28)
(10880, 65, 31)
(10881, 58, 27)
(10882, 56, 26)
(10883, 60, 28)
(10884, 60, 28)
(10885, 63, 30)
(10886, 63, 30)
(10887, 63, 30)
(10888, 68, 33)
(10889, 68, 33)
(10890, 72, 35)
(10891, 73, 36)
(10892, 76, 37)
(10893, 77, 38)
(10894, 77, 38)
(10895, 77, 38)
(10896, 77, 38)
(10897, 73, 36)
(32692/3, 72, 35)
(32693/3, 70, 34)
(10898, 73, 36)
(32695/3, 72, 35)
(32696/3, 70, 34)
(10899, 73, 36)
(32698/3, 72, 35)
(32699/3, 70, 34)
(10900, 68, 33)
(10901, 73, 36)
(32704/3, 72, 35)
(32705/3, 70, 34)
(10902, 73, 36)
(32707/3, 72, 35)
(32708/3, 70, 34)
(10903, 73, 36)
(32710/3, 72, 35)
(32711/3, 70, 34)
(10904, 68, 33)
(10905, 70, 34)
(32716/3, 68, 33)
(32717/3, 67, 32)
(10906, 70, 34)
(32719/3, 68, 33)
(32720/3, 67, 32)
(10907, 70, 34)
(32722/3, 68, 33)
(32723/3, 67, 32)
(10908, 68, 33)
(10909, 67, 32)
(10910, 68, 33)
(10911, 67, 32)
(10912, 68, 33)
(10913, 76, 37)
(10914, 77, 38)
(10915, 76, 37)
(10916, 77, 38)
(10918, 55, 25)
(10918, 64, 30)
(10918, 72, 35)
(10920, 56, 26)
(10920, 65, 31)
(40011/2, 53, 24)
(20006, 55, 25)
(20008, 56, 26)
(20010, 55, 25)
(20012, 56, 26)
(20014, 53, 24)
(20014, 55, 25)
(20016, 52, 23)
(20016, 55, 25)
(20018, 64, 30)
(20019, 67, 32)
(20022, 64, 30)
(20023, 67, 32)
(20025, 64, 30)
(80101/4, 67, 32)
(40051/2, 64, 30)
(80103/4, 67, 32)
(20027, 64, 30)
(80109/4, 67, 32)
(40055/2, 64, 30)
(80111/4, 67, 32)
(80113/4, 60, 28)
(40057/2, 48, 21)
(80115/4, 60, 28)
(20029, 48, 21)
(80117/4, 60, 28)
(40059/2, 48, 21)
(80119/4, 60, 28)
(20030, 48, 21)
(80121/4, 60, 28)
(40061/2, 48, 21)
(80123/4, 60, 28)
(20031, 48, 21)
(80125/4, 60, 28)
(40063/2, 48, 21)
(80127/4, 60, 28)
(40075/2, 53, 24)
(20038, 55, 25)
(20040, 56, 26)
(20042, 55, 25)
(20044, 56, 26)
(20046, 58, 27)
(20046, 62, 29)
(20048, 63, 30)
(20050, 68, 33)
(20050, 58, 27)
(40103/2, 62, 29)
(20052, 63, 30)
(20054, 54, 25)
(20056, 53, 24)
(20058, 65, 31)
(20059, 68, 33)
(20062, 65, 31)
(20063, 68, 33)
(20065, 64, 31)
(80261/4, 68, 33)
(40131/2, 64, 31)
(80263/4, 68, 33)
(20067, 64, 31)
(80269/4, 68, 33)
(40135/2, 64, 31)
(80271/4, 68, 33)
(80273/4, 52, 24)
(40137/2, 49, 22)
(80275/4, 52, 24)
(20069, 49, 22)
(80277/4, 52, 24)
(40139/2, 49, 22)
(80279/4, 52, 24)
(20070, 49, 22)
(80281/4, 52, 24)
(40141/2, 49, 22)
(80283/4, 52, 24)
(20071, 49, 22)
(80285/4, 52, 24)
(40143/2, 49, 22)
(80287/4, 52, 24)
(20072, 49, 22)
(20074, 61, 29)
(20075, 64, 31)
(80305/4, 52, 24)
(40153/2, 49, 22)
(80307/4, 52, 24)
(20077, 49, 22)
(80309/4, 52, 24)
(40155/2, 49, 22)
(80311/4, 52, 24)
(20078, 49, 22)
(80313/4, 52, 24)
(40157/2, 49, 22)
(80315/4, 52, 24)
(20079, 49, 22)
(80317/4, 52, 24)
(40159/2, 49, 22)
(80319/4, 52, 24)
(20080, 49, 22)
(80321/4, 52, 24)
(40161/2, 49, 22)
(80323/4, 52, 24)
(20082, 48, 21)
(80329/4, 51, 23)
(40165/2, 48, 21)
(80331/4, 51, 23)
(20084, 55, 25)
(80337/4, 58, 27)
(40169/2, 55, 25)
(80339/4, 58, 27)
(20086, 56, 26)
(80345/4, 60, 28)
(40173/2, 56, 26)
(80347/4, 60, 28)
(20088, 57, 26)
(80353/4, 60, 28)
(40177/2, 57, 26)
(80355/4, 60, 28)
(20090, 58, 27)
(80361/4, 61, 29)
(40181/2, 58, 27)
(80363/4, 61, 29)
(20092, 56, 26)
(80369/4, 58, 27)
(40185/2, 56, 26)
(80371/4, 58, 27)
(20094, 55, 25)
(80377/4, 58, 27)
(40189/2, 55, 25)
(80379/4, 58, 27)
(40201/2, 56, 26)
(20101, 55, 25)
(40203/2, 56, 26)
(20102, 60, 28)
(40205/2, 58, 27)
(20103, 56, 26)
(40207/2, 58, 27)
(20104, 56, 26)
(20106, 55, 25)
(40217/2, 61, 29)
(20109, 60, 28)
(40219/2, 61, 29)
(20110, 65, 31)
(40221/2, 63, 30)
(20111, 61, 29)
(40223/2, 63, 30)
(20112, 61, 29)
(20114, 60, 28)
(40233/2, 63, 30)
(20117, 62, 29)
(40235/2, 63, 30)
(20118, 66, 32)
(40237/2, 62, 29)
(20119, 63, 30)
(40239/2, 60, 28)
(40241/2, 60, 28)
(20121, 63, 30)
(40243/2, 66, 32)
(20122, 66, 32)
(40245/2, 65, 31)
(20123, 63, 30)
(40247/2, 61, 29)
(20124, 55, 25)
(20125, 58, 27)
(20127, 58, 27)
(20128, 56, 26)
(40265/2, 56, 26)
(20133, 55, 25)
(40267/2, 56, 26)
(20134, 60, 28)
(40269/2, 58, 27)
(20135, 56, 26)
(40271/2, 58, 27)
(20136, 56, 26)
(20138, 55, 25)
(40281/2, 61, 29)
(20141, 60, 28)
(40283/2, 61, 29)
(20142, 65, 31)
(40285/2, 63, 30)
(20143, 61, 29)
(40287/2, 63, 30)
(20144, 61, 29)
(20146, 60, 28)
(40297/2, 60, 28)
(20149, 59, 27)
(40299/2, 60, 28)
(20150, 63, 30)
(40301/2, 59, 27)
(20151, 60, 28)
(40303/2, 63, 30)
(40305/2, 60, 28)
(20153, 63, 30)
(40307/2, 66, 32)
(20154, 66, 32)
(40309/2, 65, 31)
(20155, 63, 30)
(40311/2, 61, 29)
(20156, 55, 25)
(20157, 58, 27)
(20159, 58, 27)
(20160, 56, 26)
(40331/2, 56, 26)
(20166, 56, 26)
(40333/2, 59, 28)
(40335/2, 63, 30)
(20168, 68, 33)
(20169, 56, 26)
(40347/2, 56, 26)
(20174, 56, 26)
(40349/2, 59, 28)
(40351/2, 59, 28)
(20176, 59, 27)
(20177, 68, 32)
(20178, 63, 29)
(20179, 66, 31)
(20180, 59, 27)
(20181, 64, 30)
(20182, 59, 27)
(20183, 64, 30)
(20184, 59, 27)
(20185, 62, 29)
(40383/2, 68, 33)
(20192, 62, 29)
(40385/2, 63, 30)
(40387/2, 65, 31)
(20194, 65, 31)
(40389/2, 63, 30)
(40391/2, 62, 29)
(20196, 62, 29)
(40393/2, 63, 30)
(40395/2, 65, 31)
(20198, 65, 31)
(20199, 62, 29)
(20200, 61, 29)
(20201, 63, 30)
(20202, 61, 29)
(20203, 63, 30)
(20204, 61, 29)
(20205, 63, 30)
(20206, 60, 28)
(40415/2, 63, 30)
(20208, 62, 29)
(40417/2, 63, 30)
(40419/2, 65, 31)
(20210, 65, 31)
(40421/2, 63, 30)
(40423/2, 62, 29)
(20212, 62, 29)
(40425/2, 63, 30)
(40427/2, 65, 31)
(20214, 65, 31)
(20215, 62, 29)
(20216, 49, 22)
(20217, 51, 23)
(20218, 49, 22)
(20219, 51, 23)
(20220, 49, 22)
(20221, 51, 23)
(20222, 48, 21)
(20223, 51, 23)
(20224, 49, 22)
(20225, 51, 23)
(20226, 48, 21)
(20227, 51, 23)
(20228, 49, 22)
(20232, 48, 21)
(20233, 51, 23)
(20236, 51, 23)
(20237, 56, 26)
(20248, 48, 21)
(80993/4, 49, 22)
(40497/2, 48, 21)
(80995/4, 49, 22)
(20249, 48, 21)
(80997/4, 49, 22)
(40499/2, 48, 21)
(80999/4, 49, 22)
(20250, 51, 23)
(20252, 48, 21)
(81009/4, 49, 22)
(40505/2, 48, 21)
(81011/4, 49, 22)
(20253, 48, 21)
(81013/4, 49, 22)
(40507/2, 48, 21)
(81015/4, 49, 22)
(20254, 51, 23)
(20256, 48, 21)
(81025/4, 49, 22)
(40513/2, 48, 21)
(81027/4, 49, 22)
(20257, 51, 23)
(20258, 48, 21)
(81033/4, 49, 22)
(40517/2, 48, 21)
(81035/4, 49, 22)
(20259, 51, 23)
(20260, 48, 21)
(81041/4, 49, 22)
(40521/2, 48, 21)
(81043/4, 49, 22)
(20261, 51, 23)
(20262, 51, 23)
(81049/4, 54, 25)
(40525/2, 51, 23)
(81051/4, 54, 25)
(20263, 51, 23)
(40535/2, 58, 27)
(20268, 60, 28)
(20270, 61, 29)
(20272, 63, 30)
(20274, 61, 29)
(20280, 50, 22)
(81121/4, 51, 23)
(40561/2, 50, 22)
(81123/4, 51, 23)
(20281, 50, 22)
(81125/4, 51, 23)
(40563/2, 50, 22)
(81127/4, 51, 23)
(20282, 53, 24)
(20284, 50, 22)
(81137/4, 51, 23)
(40569/2, 50, 22)
(81139/4, 51, 23)
(20285, 50, 22)
(81141/4, 51, 23)
(40571/2, 50, 22)
(81143/4, 51, 23)
(20286, 53, 24)
(20288, 50, 22)
(81153/4, 51, 23)
(40577/2, 50, 22)
(81155/4, 51, 23)
(20289, 53, 24)
(20290, 50, 22)
(81161/4, 51, 23)
(40581/2, 50, 22)
(81163/4, 51, 23)
(20291, 53, 24)
(20292, 50, 22)
(81169/4, 51, 23)
(40585/2, 50, 22)
(81171/4, 51, 23)
(20293, 53, 24)
(20294, 53, 24)
(81177/4, 56, 26)
(40589/2, 53, 24)
(81179/4, 56, 26)
(20295, 53, 24)
(20296, 55, 25)
(20298, 55, 25)
(20300, 55, 25)
(20304, 52, 23)
(81217/4, 53, 24)
(40609/2, 52, 23)
(81219/4, 53, 24)
(20305, 55, 25)
(20306, 52, 23)
(81225/4, 53, 24)
(40613/2, 52, 23)
(81227/4, 53, 24)
(20307, 55, 25)
(20308, 52, 23)
(81233/4, 53, 24)
(40617/2, 52, 23)
(81235/4, 53, 24)
(20309, 55, 25)
(20310, 55, 25)
(81241/4, 60, 28)
(40621/2, 55, 25)
(81243/4, 60, 28)
(20311, 55, 25)
(20312, 60, 28)
(20314, 60, 28)
(20316, 60, 28)
(20316, 63, 30)
(40643/2, 53, 24)
(20322, 49, 22)
(40645/2, 53, 24)
(40647/2, 58, 27)
(20324, 58, 27)
(40649/2, 55, 25)
(40651/2, 58, 27)
(20326, 58, 27)
(40653/2, 63, 30)
(40655/2, 63, 30)
(20328, 63, 30)
(40659/2, 63, 30)
(20330, 60, 28)
(40661/2, 63, 30)
(40663/2, 68, 33)
(20332, 56, 26)
(40665/2, 62, 29)
(40667/2, 65, 31)
(20334, 68, 33)
(40669/2, 67, 32)
(40671/2, 65, 31)
(20336, 65, 31)
(40673/2, 62, 29)
(40675/2, 62, 29)
(20338, 60, 28)
(40677/2, 55, 25)
(40679/2, 60, 28)
(20340, 60, 28)
(40681/2, 53, 24)
(40683/2, 60, 28)
(20342, 60, 28)
(40687/2, 77, 38)
(20344, 70, 34)
(40689/2, 72, 35)
(40691/2, 73, 36)
(20346, 73, 36)
(40693/2, 72, 35)
(40695/2, 70, 34)
(20348, 70, 34)
(40697/2, 72, 35)
(40699/2, 73, 36)
(20350, 73, 36)
(20351, 70, 34)
(20352, 71, 34)
(40705/2, 72, 35)
(40707/2, 74, 36)
(20354, 74, 36)
(40709/2, 72, 35)
(40711/2, 71, 34)
(20356, 71, 34)
(20357, 72, 35)
(20358, 73, 36)
(20359, 74, 36)
(20360, 76, 37)
(20362, 48, 21)
(20363, 60, 28)
(20364, 48, 21)
(20366, 48, 21)
(20367, 60, 28)
(20368, 48, 21)
(20370, 48, 21)
(20371, 60, 28)
(20372, 48, 21)
(20374, 48, 21)
(20375, 60, 28)
(20376, 48, 21)
(20378, 48, 21)
(20379, 60, 28)
(20380, 48, 21)
(20382, 48, 21)
(20383, 60, 28)
(20384, 48, 21)
(20386, 50, 22)
(20387, 53, 24)
(20388, 50, 22)
(20390, 50, 22)
(20391, 53, 24)
(20392, 52, 23)
(20396, 50, 22)
(20397, 53, 24)
(20398, 50, 22)
(20399, 53, 24)
(20400, 52, 23)
(20404, 50, 22)
(20405, 53, 24)
(20406, 50, 22)
(20407, 53, 24)
(20408, 52, 23)
(20412, 55, 25)
(20416, 52, 23)
(20416, 55, 25)
(20428, 61, 29)
(20430, 60, 28)
(20432, 61, 29)
(20436, 61, 29)
(20438, 60, 28)
(20440, 61, 29)
(20442, 60, 28)
(20444, 61, 29)
(20445, 56, 26)
(20446, 59, 28)
(20446, 57, 27)
(40895/2, 56, 26)
(20448, 56, 26)
(20460, 58, 27)
(20462, 62, 29)
(20464, 63, 30)
(20468, 58, 27)
(20470, 62, 29)
(20472, 63, 30)
(20474, 51, 23)
(20475, 55, 25)
(20482, 52, 23)
(20483, 55, 25)
(20490, 53, 24)
(20491, 56, 26)
(20496, 53, 24)
(20496, 56, 26)
(20498, 53, 24)
(20499, 56, 26)
(20504, 53, 24)
(20504, 57, 26)
(20506, 53, 24)
(20507, 57, 26)
(20513, 58, 27)
(82053/4, 61, 29)
(41027/2, 58, 27)
(82055/4, 61, 29)
(20514, 67, 32)
(20515, 70, 34)
(20517, 60, 28)
(82069/4, 63, 30)
(41035/2, 60, 28)
(82071/4, 63, 30)
(20518, 69, 33)
(20519, 72, 35)
(20521, 61, 29)
(82085/4, 65, 31)
(41043/2, 61, 29)
(82087/4, 65, 31)
(20522, 70, 34)
(20523, 73, 36)
(20525, 62, 29)
(82101/4, 65, 31)
(41051/2, 62, 29)
(82103/4, 65, 31)
(20526, 71, 34)
(20527, 74, 36)
(20529, 60, 28)
(82117/4, 64, 30)
(41059/2, 60, 28)
(82119/4, 64, 30)
(20531, 58, 27)
(82125/4, 61, 29)
(41063/2, 58, 27)
(82127/4, 61, 29)
(20533, 58, 27)
(82133/4, 60, 28)
(41067/2, 58, 27)
(82135/4, 60, 28)
(20535, 70, 34)
(82141/4, 72, 35)
(41071/2, 70, 34)
(82143/4, 72, 35)
(41075/2, 60, 28)
(20538, 56, 26)
(41077/2, 60, 28)
(41079/2, 56, 26)
(20540, 60, 28)
(41081/2, 58, 27)
(41083/2, 56, 26)
(20542, 58, 27)
(20544, 56, 26)
(20546, 55, 25)
(20546, 58, 27)
(20548, 56, 26)
(20550, 55, 25)
(20550, 65, 31)
(20552, 55, 25)
(20552, 64, 30)
(20554, 64, 30)
(20555, 67, 32)
(20558, 64, 30)
(20559, 67, 32)
(20560, 52, 23)
(20560, 55, 25)
(20568, 60, 28)
(41169/2, 73, 36)
(20585, 72, 35)
(41171/2, 73, 36)
(20586, 77, 38)
(41173/2, 72, 35)
(20587, 73, 36)
(41175/2, 70, 34)
(20588, 68, 33)
(20590, 67, 32)
(41185/2, 63, 30)
(20593, 62, 29)
(41187/2, 63, 30)
(20594, 66, 32)
(41189/2, 62, 29)
(20595, 63, 30)
(41191/2, 60, 28)
(20596, 58, 27)
(20598, 57, 26)
(20600, 58, 27)
(20602, 53, 24)
(20604, 52, 23)
(20605, 55, 25)
(20607, 55, 25)
(20608, 53, 24)
(41225/2, 65, 31)
(20613, 64, 30)
(41227/2, 65, 31)
(20614, 68, 33)
(41229/2, 67, 32)
(20615, 65, 31)
(41231/2, 67, 32)
(20616, 65, 31)
(20618, 64, 30)
(41241/2, 70, 34)
(20621, 69, 33)
(41243/2, 70, 34)
(20622, 73, 36)
(41245/2, 72, 35)
(20623, 70, 34)
(41247/2, 72, 35)
(20624, 70, 34)
(20626, 69, 33)
(41257/2, 63, 30)
(20629, 62, 29)
(41259/2, 63, 30)
(20630, 66, 32)
(41261/2, 62, 29)
(20631, 63, 30)
(41263/2, 60, 28)
(20632, 58, 27)
(20634, 53, 24)
(20636, 56, 26)
(20638, 53, 24)
(20640, 53, 24)
(20640, 55, 25)
(20644, 52, 23)
(20645, 55, 25)
(20647, 55, 25)
(20648, 49, 22)
(20649, 56, 26)
(20650, 49, 22)
(20651, 56, 26)
(20652, 48, 21)
(20653, 56, 26)
(20654, 48, 21)
(20655, 56, 26)
(20656, 49, 22)
(20657, 56, 26)
(20658, 49, 22)
(20659, 56, 26)
(20660, 48, 21)
(20661, 56, 26)
(20662, 48, 21)
(20663, 56, 26)
(20664, 49, 22)
(20666, 56, 26)
(20667, 60, 28)
(20668, 56, 26)
(20669, 61, 29)
(20670, 56, 26)
(20671, 60, 28)
(20672, 65, 31)
(41359/2, 73, 36)
(20680, 70, 34)
(41361/2, 72, 35)
(41363/2, 73, 36)
(20682, 73, 36)
(41365/2, 72, 35)
(41367/2, 70, 34)
(20684, 70, 34)
(41369/2, 72, 35)
(41371/2, 73, 36)
(20686, 73, 36)
(20687, 70, 34)
(20688, 70, 34)
(20689, 72, 35)
(20690, 70, 34)
(20691, 72, 35)
(20692, 70, 34)
(20693, 72, 35)
(20694, 68, 33)
(20695, 72, 35)
(20696, 61, 29)
(41393/2, 60, 28)
(41395/2, 58, 27)
(20698, 58, 27)
(41397/2, 60, 28)
(41399/2, 61, 29)
(20700, 61, 29)
(41401/2, 60, 28)
(41403/2, 58, 27)
(20702, 58, 27)
(20703, 61, 29)
(20704, 60, 28)
(20705, 56, 26)
(20706, 60, 28)
(20707, 56, 26)
(20708, 61, 29)
(20709, 56, 26)
(20710, 61, 29)
(20711, 65, 31)
(20712, 60, 28)
(20713, 64, 30)
(20714, 60, 28)
(20715, 64, 30)
(20716, 60, 28)
(20717, 65, 31)
(20718, 65, 31)
(20719, 68, 33)
(20722, 60, 28)
(20723, 58, 27)
(20726, 55, 25)
(20727, 58, 27)
(20730, 61, 29)
(20732, 58, 27)
(20734, 56, 26)
(20736, 55, 25)
(20736, 58, 27)
(20748, 48, 21)
(20748, 56, 26)
(20748, 65, 31)
(41499/2, 56, 26)
(20750, 60, 28)
(41501/2, 58, 27)
(41503/2, 56, 26)
(20752, 48, 21)
(20752, 55, 25)
(20752, 67, 32)
(41507/2, 55, 25)
(20754, 67, 32)
(20755, 60, 28)
(20756, 48, 21)
(20756, 56, 26)
(20756, 65, 31)
(41515/2, 56, 26)
(20758, 60, 28)
(41517/2, 58, 27)
(41519/2, 56, 26)
(20760, 48, 21)
(20760, 55, 25)
(20760, 67, 32)
(41523/2, 55, 25)
(20762, 67, 32)
(20763, 60, 28)
(20764, 48, 21)
(20764, 56, 26)
(20764, 65, 31)
(41531/2, 56, 26)
(20766, 53, 24)
(41533/2, 58, 27)
(41535/2, 68, 33)
(20768, 67, 32)
(41537/2, 63, 30)
(41539/2, 58, 27)
(20770, 51, 23)
(41541/2, 56, 26)
(41543/2, 67, 32)
(20772, 65, 31)
(41545/2, 61, 29)
(41547/2, 56, 26)
(20774, 61, 29)
(41549/2, 58, 27)
(41551/2, 61, 29)
(20776, 56, 26)
(41553/2, 60, 28)
(41555/2, 56, 26)
(20778, 55, 25)
(41557/2, 58, 27)
(41559/2, 58, 27)
(20780, 53, 24)
(41561/2, 56, 26)
(41563/2, 60, 28)
(20782, 65, 31)
(41565/2, 62, 29)
(41567/2, 65, 31)
(20784, 58, 27)
(41569/2, 55, 25)
(41571/2, 58, 27)
(20786, 56, 26)
(41573/2, 51, 23)
(41575/2, 56, 26)
(20788, 56, 26)
(20789, 68, 33)
(62368/3, 66, 32)
(62369/3, 65, 31)
(20790, 65, 31)
(62371/3, 63, 30)
(62372/3, 61, 29)
(20791, 65, 31)
(62374/3, 63, 30)
(62375/3, 61, 29)
(20792, 61, 29)
(62377/3, 60, 28)
(62378/3, 58, 27)
(20793, 61, 29)
(62380/3, 60, 28)
(62381/3, 58, 27)
(20794, 58, 27)
(62383/3, 56, 26)
(62384/3, 54, 25)
(20795, 58, 27)
(62386/3, 56, 26)
(62387/3, 54, 25)
(20796, 58, 27)
(62389/3, 56, 26)
(62390/3, 54, 25)
(20797, 58, 27)
(62392/3, 56, 26)
(62393/3, 54, 25)
(20798, 53, 24)
(20798, 56, 26)
(20800, 58, 27)
(62401/3, 56, 26)
(62402/3, 54, 25)
(20801, 58, 27)
(62404/3, 56, 26)
(62405/3, 54, 25)
(20802, 53, 24)
(20802, 56, 26)
(20804, 58, 27)
(62413/3, 56, 26)
(62414/3, 54, 25)
(20805, 58, 27)
(62416/3, 56, 26)
(62417/3, 54, 25)
(20806, 53, 24)
(20806, 56, 26)
(20808, 53, 24)
(20808, 56, 26)
(20810, 48, 21)
(20810, 60, 28)
(20812, 48, 21)
(20812, 60, 28)
(20814, 53, 24)
(20814, 56, 26)
(20816, 53, 24)
(20816, 56, 26)
(20818, 48, 21)
(20818, 60, 28)
(20820, 48, 21)
(20820, 60, 28)
(20822, 53, 24)
(20822, 56, 26)
(20824, 53, 24)
(20824, 56, 26)
(20826, 48, 21)
(20826, 58, 27)
(20828, 48, 21)
(20828, 56, 26)
(20830, 51, 23)
(20830, 58, 27)
(20832, 51, 23)
(20832, 56, 26)
(20834, 49, 22)
(20842, 55, 25)
(20852, 48, 21)
(41705/2, 56, 26)
(41707/2, 56, 26)
(20854, 60, 28)
(41709/2, 58, 27)
(41711/2, 56, 26)
(20856, 48, 21)
(20856, 55, 25)
(41713/2, 58, 27)
(41715/2, 58, 27)
(20858, 67, 32)
(20859, 60, 28)
(41719/2, 60, 28)
(20860, 48, 21)
(41721/2, 56, 26)
(41723/2, 56, 26)
(20862, 60, 28)
(41725/2, 58, 27)
(41727/2, 56, 26)
(20864, 48, 21)
(20864, 55, 25)
(41729/2, 58, 27)
(41731/2, 58, 27)
(20866, 67, 32)
(20867, 60, 28)
(41735/2, 60, 28)
(20868, 60, 28)
(41737/2, 56, 26)
(41739/2, 60, 28)
(20870, 58, 27)
(41741/2, 61, 29)
(41743/2, 58, 27)
(20872, 60, 28)
(41745/2, 56, 26)
(41747/2, 60, 28)
(20874, 55, 25)
(41749/2, 58, 27)
(41751/2, 55, 25)
(20876, 56, 26)
(20877, 55, 25)
(20878, 56, 26)
(20879, 58, 27)
(20880, 56, 26)
(20881, 55, 25)
(20882, 56, 26)
(20883, 58, 27)
(20884, 56, 26)
(20885, 58, 27)
(20886, 60, 28)
(20887, 58, 27)
(20888, 63, 30)
(20889, 61, 29)
(20890, 66, 32)
(20891, 65, 31)
(20892, 70, 34)
(20893, 68, 33)
(20894, 65, 31)
(20895, 68, 33)
(20896, 70, 34)
(20897, 70, 34)
(62692/3, 68, 33)
(62693/3, 67, 32)
(20898, 70, 34)
(62695/3, 68, 33)
(62696/3, 67, 32)
(20899, 70, 34)
(62698/3, 68, 33)
(62699/3, 67, 32)
(20900, 65, 31)
(20901, 70, 34)
(62704/3, 68, 33)
(62705/3, 67, 32)
(20902, 70, 34)
(62707/3, 68, 33)
(62708/3, 67, 32)
(20903, 70, 34)
(62710/3, 68, 33)
(62711/3, 67, 32)
(20904, 65, 31)
(20905, 67, 32)
(62716/3, 65, 31)
(62717/3, 64, 30)
(20906, 67, 32)
(62719/3, 65, 31)
(62720/3, 64, 30)
(20907, 67, 32)
(62722/3, 65, 31)
(62723/3, 64, 30)
(20908, 65, 31)
(20909, 64, 30)
(20910, 65, 31)
(20911, 64, 30)
(20912, 65, 31)
(20913, 67, 32)
(20913, 72, 35)
(20914, 68, 33)
(20914, 72, 35)
(20915, 67, 32)
(20915, 72, 35)
(20916, 68, 33)
(20916, 72, 35)
(20918, 48, 21)
(20918, 58, 27)
(20920, 48, 21)
(20920, 56, 26)
(30000, 41, 17)
(30001, 48, 21)
(30002, 41, 17)
(30003, 48, 21)
(30004, 41, 17)
(30005, 48, 21)
(30006, 41, 17)
(30007, 48, 21)
(30008, 41, 17)
(30009, 48, 21)
(30010, 41, 17)
(30011, 48, 21)
(30012, 41, 17)
(30013, 48, 21)
(30014, 38, 15)
(30015, 43, 18)
(30016, 36, 14)
(30017, 43, 18)
(30020, 36, 14)
(30021, 43, 18)
(30024, 36, 14)
(120097/4, 43, 18)
(60049/2, 36, 14)
(120099/4, 43, 18)
(30026, 36, 14)
(120105/4, 43, 18)
(60053/2, 36, 14)
(120107/4, 43, 18)
(30028, 48, 21)
(30029, 46, 20)
(30030, 44, 19)
(30031, 43, 18)
(30032, 41, 17)
(30033, 48, 21)
(30034, 41, 17)
(30035, 48, 21)
(30036, 41, 17)
(30037, 48, 21)
(30038, 41, 17)
(30039, 48, 21)
(30040, 41, 17)
(30041, 48, 21)
(30042, 41, 17)
(30043, 48, 21)
(30044, 41, 17)
(30045, 48, 21)
(30046, 41, 17)
(30047, 46, 20)
(30048, 39, 16)
(30049, 46, 20)
(30050, 41, 17)
(30051, 46, 20)
(30052, 39, 16)
(30053, 46, 20)
(30054, 39, 16)
(30055, 44, 19)
(30056, 37, 15)
(30057, 44, 19)
(30060, 37, 15)
(30061, 44, 19)
(30064, 37, 15)
(120257/4, 44, 19)
(60129/2, 37, 15)
(120259/4, 44, 19)
(30066, 37, 15)
(120265/4, 44, 19)
(60133/2, 37, 15)
(120267/4, 44, 19)
(30068, 49, 22)
(30069, 47, 21)
(30070, 46, 20)
(30071, 44, 19)
(30072, 43, 18)
(30073, 49, 22)
(30076, 49, 22)
(30077, 47, 21)
(30078, 46, 20)
(30079, 44, 19)
(30080, 43, 18)
(120321/4, 49, 22)
(60161/2, 43, 18)
(120323/4, 49, 22)
(30082, 44, 19)
(120329/4, 48, 21)
(60165/2, 44, 19)
(120331/4, 48, 21)
(30084, 46, 20)
(120337/4, 49, 22)
(60169/2, 46, 20)
(120339/4, 49, 22)
(30086, 48, 21)
(120345/4, 51, 23)
(60173/2, 48, 21)
(120347/4, 51, 23)
(30088, 48, 21)
(120353/4, 51, 23)
(60177/2, 48, 21)
(120355/4, 51, 23)
(30090, 49, 22)
(120361/4, 53, 24)
(60181/2, 49, 22)
(120363/4, 53, 24)
(30092, 51, 23)
(30094, 51, 23)
(30096, 53, 24)
(30100, 46, 20)
(30104, 51, 23)
(30108, 39, 16)
(30112, 54, 25)
(30116, 42, 18)
(30120, 41, 17)
(30122, 46, 20)
(30125, 51, 23)
(30127, 51, 23)
(30128, 56, 26)
(60257/2, 44, 19)
(30129, 43, 18)
(60259/2, 44, 19)
(30130, 48, 21)
(60261/2, 43, 18)
(30131, 44, 19)
(60263/2, 41, 17)
(30132, 39, 16)
(30134, 38, 15)
(60273/2, 49, 22)
(30137, 48, 21)
(60275/2, 49, 22)
(30138, 53, 24)
(60277/2, 48, 21)
(30139, 49, 22)
(60279/2, 46, 20)
(30140, 44, 19)
(30142, 43, 18)
(30145, 42, 18)
(60295/2, 54, 25)
(30148, 54, 25)
(30150, 42, 18)
(30152, 41, 17)
(30154, 46, 20)
(30157, 39, 16)
(30159, 39, 16)
(30160, 40, 17)
(30161, 47, 21)
(30162, 40, 17)
(30163, 47, 21)
(30164, 39, 16)
(30165, 47, 21)
(30166, 39, 16)
(30167, 47, 21)
(30168, 40, 17)
(30169, 47, 21)
(30170, 40, 17)
(30171, 47, 21)
(30172, 39, 16)
(30173, 47, 21)
(30174, 39, 16)
(30175, 47, 21)
(30176, 40, 17)
(30178, 47, 21)
(30180, 52, 24)
(30182, 52, 24)
(30184, 53, 24)
(30186, 55, 25)
(30188, 56, 26)
(30190, 64, 31)
(60415/2, 51, 23)
(30208, 53, 24)
(60417/2, 51, 23)
(60419/2, 50, 22)
(30210, 50, 22)
(60421/2, 51, 23)
(60423/2, 53, 24)
(30212, 53, 24)
(60425/2, 51, 23)
(60427/2, 50, 22)
(30214, 50, 22)
(30215, 53, 24)
(30216, 39, 16)
(30224, 39, 16)
(30228, 39, 16)
(30232, 44, 19)
(30248, 41, 17)
(60499/2, 51, 23)
(30250, 48, 21)
(60501/2, 51, 23)
(60503/2, 54, 25)
(30252, 41, 17)
(60507/2, 51, 23)
(30254, 48, 21)
(60509/2, 51, 23)
(60511/2, 54, 25)
(30256, 41, 17)
(30257, 51, 23)
(121029/4, 54, 25)
(60515/2, 51, 23)
(121031/4, 54, 25)
(30259, 51, 23)
(121037/4, 54, 25)
(60519/2, 51, 23)
(121039/4, 54, 25)
(30261, 51, 23)
(121045/4, 53, 24)
(60523/2, 51, 23)
(121047/4, 53, 24)
(30263, 51, 23)
(121053/4, 53, 24)
(60527/2, 51, 23)
(121055/4, 53, 24)
(30264, 46, 20)
(30264, 53, 24)
(30268, 46, 20)
(30268, 53, 24)
(30272, 46, 20)
(30272, 53, 24)
(30280, 43, 18)
(60563/2, 53, 24)
(30282, 50, 22)
(60565/2, 53, 24)
(60567/2, 56, 26)
(30284, 43, 18)
(60571/2, 53, 24)
(30286, 50, 22)
(60573/2, 53, 24)
(60575/2, 56, 26)
(30288, 43, 18)
(30289, 53, 24)
(121157/4, 56, 26)
(60579/2, 53, 24)
(121159/4, 56, 26)
(30291, 53, 24)
(121165/4, 56, 26)
(60583/2, 53, 24)
(121167/4, 56, 26)
(30293, 53, 24)
(121173/4, 55, 25)
(60587/2, 53, 24)
(121175/4, 55, 25)
(30295, 53, 24)
(121181/4, 55, 25)
(60591/2, 53, 24)
(121183/4, 55, 25)
(30296, 51, 23)
(30298, 51, 23)
(30300, 51, 23)
(30305, 55, 25)
(121221/4, 58, 27)
(60611/2, 55, 25)
(121223/4, 58, 27)
(30307, 55, 25)
(121229/4, 58, 27)
(60615/2, 55, 25)
(121231/4, 58, 27)
(30309, 55, 25)
(121237/4, 58, 27)
(60619/2, 55, 25)
(121239/4, 58, 27)
(30311, 55, 25)
(121245/4, 58, 27)
(60623/2, 55, 25)
(121247/4, 58, 27)
(30312, 56, 26)
(30314, 56, 26)
(30316, 57, 26)
(60639/2, 41, 17)
(30320, 37, 15)
(60641/2, 41, 17)
(60643/2, 46, 20)
(30322, 49, 22)
(60645/2, 48, 21)
(60647/2, 46, 20)
(30324, 43, 18)
(60649/2, 46, 20)
(60651/2, 51, 23)
(30326, 55, 25)
(30327, 51, 23)
(60655/2, 51, 23)
(30328, 44, 19)
(60657/2, 51, 23)
(60659/2, 56, 26)
(30330, 60, 28)
(60661/2, 58, 27)
(60663/2, 56, 26)
(30332, 53, 24)
(60665/2, 56, 26)
(60667/2, 62, 29)
(30334, 65, 31)
(30335, 62, 29)
(60671/2, 50, 22)
(30336, 43, 18)
(60673/2, 50, 22)
(60675/2, 43, 18)
(30338, 40, 16)
(60677/2, 48, 21)
(60679/2, 40, 16)
(30340, 41, 17)
(60681/2, 48, 21)
(60683/2, 41, 17)
(30342, 41, 17)
(60685/2, 48, 21)
(60703/2, 49, 22)
(30352, 43, 18)
(60705/2, 45, 19)
(60707/2, 47, 20)
(30354, 47, 20)
(60709/2, 45, 19)
(60711/2, 43, 18)
(30356, 43, 18)
(30357, 43, 18)
(30358, 43, 18)
(30359, 43, 18)
(30360, 36, 14)
(30361, 48, 21)
(30362, 36, 14)
(30364, 36, 14)
(30365, 48, 21)
(30366, 36, 14)
(30368, 36, 14)
(30369, 48, 21)
(30370, 36, 14)
(30372, 36, 14)
(30373, 48, 21)
(30374, 36, 14)
(30376, 36, 14)
(30377, 48, 21)
(30378, 36, 14)
(30380, 36, 14)
(30381, 48, 21)
(30382, 36, 14)
(30384, 36, 14)
(30385, 48, 21)
(30386, 36, 14)
(30388, 36, 14)
(30389, 48, 21)
(30390, 36, 14)
(30392, 36, 14)
(30396, 36, 14)
(30397, 48, 21)
(30398, 36, 14)
(30399, 48, 21)
(30400, 36, 14)
(30404, 36, 14)
(30405, 48, 21)
(30406, 36, 14)
(30407, 48, 21)
(30408, 36, 14)
(30424, 37, 15)
(30425, 44, 19)
(30426, 37, 15)
(30428, 37, 15)
(30430, 37, 15)
(30432, 37, 15)
(30433, 44, 19)
(30434, 37, 15)
(30436, 37, 15)
(30438, 37, 15)
(30440, 37, 15)
(30448, 37, 15)
(30452, 38, 15)
(30456, 39, 16)
(30457, 46, 20)
(30458, 39, 16)
(30460, 39, 16)
(30462, 39, 16)
(30464, 39, 16)
(30465, 46, 20)
(30466, 39, 16)
(30468, 39, 16)
(30470, 39, 16)
(30472, 39, 16)
(30473, 46, 20)
(30480, 40, 16)
(30481, 46, 20)
(30488, 41, 17)
(30489, 48, 21)
(30496, 38, 15)
(30497, 50, 22)
(30500, 37, 15)
(30504, 36, 14)
(30505, 48, 21)
(30508, 36, 14)
(30508, 48, 21)
(30512, 46, 20)
(122049/4, 49, 22)
(61025/2, 46, 20)
(122051/4, 49, 22)
(30513, 55, 25)
(30514, 58, 27)
(30515, 61, 29)
(30516, 48, 21)
(122065/4, 51, 23)
(61033/2, 48, 21)
(122067/4, 51, 23)
(30517, 57, 26)
(30518, 60, 28)
(30519, 63, 30)
(30520, 49, 22)
(122081/4, 53, 24)
(61041/2, 49, 22)
(122083/4, 53, 24)
(30521, 58, 27)
(30522, 61, 29)
(30523, 65, 31)
(30524, 50, 22)
(122097/4, 53, 24)
(61049/2, 50, 22)
(122099/4, 53, 24)
(30525, 59, 27)
(30526, 62, 29)
(30527, 65, 31)
(30528, 52, 23)
(122113/4, 55, 25)
(61057/2, 52, 23)
(122115/4, 55, 25)
(30530, 53, 24)
(122121/4, 55, 25)
(61061/2, 53, 24)
(122123/4, 55, 25)
(30532, 52, 23)
(122129/4, 55, 25)
(61065/2, 52, 23)
(122131/4, 55, 25)
(30534, 60, 28)
(122137/4, 64, 30)
(61069/2, 60, 28)
(122139/4, 64, 30)
(30536, 41, 17)
(30537, 48, 21)
(30538, 41, 17)
(30539, 48, 21)
(30540, 41, 17)
(30541, 48, 21)
(30542, 41, 17)
(30543, 48, 21)
(30544, 41, 17)
(30545, 48, 21)
(30546, 41, 17)
(30547, 48, 21)
(30548, 41, 17)
(30549, 48, 21)
(30550, 38, 15)
(30551, 43, 18)
(30552, 36, 14)
(30553, 43, 18)
(30556, 36, 14)
(30557, 43, 18)
(30560, 36, 14)
(30568, 67, 32)
(61139/2, 64, 30)
(30570, 60, 28)
(61141/2, 55, 25)
(30571, 52, 23)
(61143/2, 48, 21)
(30572, 43, 18)
(61145/2, 40, 16)
(30573, 41, 17)
(61147/2, 43, 18)
(30574, 36, 14)
(30575, 36, 14)
(30576, 37, 15)
(30580, 38, 15)
(30584, 39, 16)
(30588, 51, 23)
(30592, 56, 26)
(30596, 53, 24)
(30600, 49, 22)
(30605, 48, 21)
(30607, 48, 21)
(30608, 41, 17)
(61217/2, 53, 24)
(30609, 52, 23)
(61219/2, 53, 24)
(30610, 56, 26)
(61221/2, 52, 23)
(30611, 53, 24)
(61223/2, 49, 22)
(30612, 48, 21)
(30614, 47, 20)
(61233/2, 58, 27)
(30617, 57, 26)
(61235/2, 58, 27)
(30618, 61, 29)
(61237/2, 57, 26)
(30619, 58, 27)
(61239/2, 55, 25)
(30620, 53, 24)
(30622, 52, 23)
(30625, 39, 16)
(30626, 51, 23)
(30627, 54, 25)
(30628, 54, 25)
(30630, 53, 24)
(30632, 49, 22)
(30636, 48, 21)
(30640, 46, 20)
(30645, 48, 21)
(30647, 48, 21)
(30648, 37, 15)
(30649, 44, 19)
(30650, 37, 15)
(30651, 44, 19)
(30652, 36, 14)
(30653, 44, 19)
(30654, 36, 14)
(30655, 44, 19)
(30656, 37, 15)
(30657, 44, 19)
(30658, 37, 15)
(30659, 44, 19)
(30660, 36, 14)
(30661, 44, 19)
(30662, 36, 14)
(30663, 44, 19)
(30664, 37, 15)
(30666, 44, 19)
(30668, 49, 22)
(30670, 44, 19)
(30672, 49, 22)
(30674, 48, 21)
(30676, 53, 24)
(30678, 61, 29)
(61391/2, 44, 19)
(30696, 46, 20)
(61393/2, 48, 21)
(61395/2, 49, 22)
(30698, 49, 22)
(61397/2, 48, 21)
(61399/2, 46, 20)
(30700, 46, 20)
(61401/2, 48, 21)
(61403/2, 49, 22)
(30702, 49, 22)
(30703, 46, 20)
(30704, 44, 19)
(30708, 49, 22)
(30710, 53, 24)
(30711, 56, 26)
(30712, 48, 21)
(30716, 53, 24)
(30718, 56, 26)
(30719, 60, 28)
(30722, 52, 23)
(30723, 55, 25)
(30726, 52, 23)
(30727, 55, 25)
(30730, 46, 20)
(30732, 43, 18)
(30734, 41, 17)
(30736, 40, 16)
(30748, 41, 17)
(30748, 48, 21)
(30748, 53, 24)
(61499/2, 53, 24)
(30750, 53, 24)
(61503/2, 48, 21)
(30752, 40, 16)
(61507/2, 52, 23)
(30754, 52, 23)
(61511/2, 48, 21)
(30756, 41, 17)
(30756, 48, 21)
(30756, 53, 24)
(61515/2, 53, 24)
(30758, 53, 24)
(61519/2, 48, 21)
(30760, 40, 16)
(61523/2, 52, 23)
(30762, 52, 23)
(61527/2, 48, 21)
(30764, 41, 17)
(30764, 48, 21)
(30764, 53, 24)
(61531/2, 53, 24)
(30766, 38, 15)
(30766, 46, 20)
(61535/2, 50, 22)
(30768, 39, 16)
(30768, 46, 20)
(61539/2, 51, 23)
(30770, 36, 14)
(30770, 48, 21)
(61543/2, 48, 21)
(30772, 37, 15)
(61547/2, 49, 22)
(30774, 46, 20)
(61551/2, 49, 22)
(30776, 36, 14)
(61555/2, 48, 21)
(30778, 36, 14)
(61559/2, 48, 21)
(30780, 41, 17)
(61561/2, 48, 21)
(61563/2, 53, 24)
(30782, 50, 22)
(61565/2, 58, 27)
(61567/2, 38, 15)
(30784, 39, 16)
(61569/2, 46, 20)
(61571/2, 51, 23)
(30786, 48, 21)
(61573/2, 56, 26)
(61575/2, 36, 14)
(30788, 37, 15)
(30789, 56, 26)
(92368/3, 54, 25)
(92369/3, 53, 24)
(30790, 53, 24)
(92371/3, 51, 23)
(92372/3, 49, 22)
(30791, 53, 24)
(92374/3, 51, 23)
(92375/3, 49, 22)
(30792, 49, 22)
(92377/3, 48, 21)
(92378/3, 46, 20)
(30793, 49, 22)
(92380/3, 48, 21)
(92381/3, 46, 20)
(30794, 46, 20)
(92383/3, 44, 19)
(92384/3, 42, 18)
(30795, 46, 20)
(92386/3, 44, 19)
(92387/3, 42, 18)
(30796, 46, 20)
(92389/3, 44, 19)
(92390/3, 42, 18)
(30797, 46, 20)
(92392/3, 44, 19)
(92393/3, 42, 18)
(30798, 41, 17)
(30800, 46, 20)
(92401/3, 44, 19)
(92402/3, 42, 18)
(30801, 46, 20)
(92404/3, 44, 19)
(92405/3, 42, 18)
(30802, 41, 17)
(30804, 46, 20)
(92413/3, 44, 19)
(92414/3, 42, 18)
(30805, 46, 20)
(92416/3, 44, 19)
(92417/3, 42, 18)
(30806, 47, 20)
(30808, 48, 21)
(30810, 46, 20)
(30812, 44, 19)
(30814, 47, 20)
(30816, 48, 21)
(30818, 46, 20)
(30820, 44, 19)
(30822, 37, 15)
(30824, 36, 14)
(30826, 40, 16)
(30828, 41, 17)
(30830, 43, 18)
(30832, 44, 19)
(30834, 46, 20)
(30842, 48, 21)
(30852, 41, 17)
(30852, 48, 21)
(30852, 53, 24)
(61707/2, 53, 24)
(30854, 53, 24)
(61711/2, 48, 21)
(30856, 40, 16)
(61715/2, 52, 23)
(30858, 52, 23)
(61719/2, 48, 21)
(30860, 41, 17)
(30860, 48, 21)
(30860, 53, 24)
(61723/2, 53, 24)
(30862, 53, 24)
(61727/2, 48, 21)
(30864, 40, 16)
(61731/2, 52, 23)
(30866, 52, 23)
(61735/2, 48, 21)
(30868, 41, 17)
(30868, 48, 21)
(30868, 53, 24)
(61739/2, 53, 24)
(30870, 40, 16)
(61743/2, 52, 23)
(30872, 41, 17)
(61747/2, 53, 24)
(30874, 36, 14)
(61751/2, 48, 21)
(30876, 41, 17)
(30877, 40, 16)
(30878, 41, 17)
(30879, 36, 14)
(30879, 48, 21)
(30880, 41, 17)
(30881, 40, 16)
(30882, 41, 17)
(30883, 36, 14)
(30883, 48, 21)
(30884, 41, 17)
(30885, 39, 16)
(30886, 44, 19)
(30887, 43, 18)
(30888, 42, 18)
(30889, 41, 17)
(30890, 39, 16)
(30891, 37, 15)
(30892, 36, 14)
(30893, 41, 17)
(30894, 49, 22)
(30895, 48, 21)
(30896, 46, 20)
(30897, 36, 14)
(30897, 48, 21)
(30899, 36, 14)
(30899, 48, 21)
(30900, 36, 14)
(30900, 48, 21)
(30901, 36, 14)
(30901, 52, 23)
(30903, 36, 14)
(30903, 52, 23)
(30904, 36, 14)
(30904, 53, 24)
(30905, 36, 14)
(30905, 48, 21)
(30907, 36, 14)
(30907, 48, 21)
(30908, 41, 17)
(30909, 36, 14)
(30910, 41, 17)
(30911, 36, 14)
(30912, 41, 17)
(30913, 36, 14)
(30913, 48, 21)
(30914, 41, 17)
(30915, 36, 14)
(30915, 48, 21)
(30916, 41, 17)
(30918, 36, 14)
(30918, 48, 21)
(30920, 41, 17)
