(34, 63, 30)
(38, 65, 31)
(40, 68, 33)
(43, 67, 32)
(44, 65, 31)
(45, 63, 30)
(46, 73, 36)
(49, 72, 35)
(50, 70, 34)
(51, 68, 33)
(53, 67, 32)
(54, 65, 31)
(55, 64, 30)
(59, 65, 31)
(60, 70, 34)
(63, 77, 38)
(64, 82, 41)
(67, 82, 41)
(68, 87, 44)
(69, 79, 39)
(70, 82, 41)
(71, 80, 40)
(72, 79, 39)
(73, 77, 38)
(74, 85, 43)
(77, 84, 42)
(78, 82, 41)
(79, 81, 40)
(80, 87, 44)
(83, 86, 43)
(84, 84, 42)
(85, 82, 41)
(86, 81, 40)
(87, 79, 39)
(88, 77, 38)
(89, 76, 37)
(91, 77, 38)
(92, 77, 38)
(94, 67, 32)
(100, 77, 38)
(102, 79, 39)
(104, 82, 41)
(107, 81, 40)
(108, 79, 39)
(109, 77, 38)
(110, 87, 44)
(113, 86, 43)
(114, 84, 42)
(115, 82, 41)
(116, 81, 40)
(117, 79, 39)
(118, 84, 42)
(120, 82, 41)
(121, 81, 40)
(122, 79, 39)
(123, 77, 38)
(124, 86, 43)
(129, 77, 38)
(130, 76, 37)
(131, 79, 39)
(132, 84, 42)
(133, 75, 37)
(134, 74, 36)
(135, 77, 38)
(136, 82, 41)
(137, 73, 36)
(138, 72, 35)
(139, 82, 41)
(141, 81, 40)
(142, 79, 39)
(143, 77, 38)
(144, 80, 40)
(147, 74, 36)
(148, 75, 37)
(149, 77, 38)
(150, 79, 39)
(153, 79, 39)
(154, 77, 38)
(155, 75, 37)
(156, 74, 36)
(157, 77, 38)
(158, 82, 41)
(161, 79, 39)
(162, 74, 36)
(165, 75, 37)
(166, 69, 33)
(168, 70, 34)
(169, 75, 37)
(170, 72, 35)
(343/2, 70, 34)
(172, 70, 34)
(192, 70, 34)
(193, 72, 35)
(387/2, 74, 36)
(194, 75, 37)
(389/2, 77, 38)
(195, 79, 39)
(391/2, 81, 40)
(196, 82, 41)
(393/2, 81, 40)
(197, 82, 41)
(395/2, 81, 40)
(198, 79, 39)
(397/2, 77, 38)
(199, 79, 39)
(399/2, 77, 38)
(200, 75, 37)
(401/2, 72, 35)
(201, 74, 36)
(403/2, 75, 37)
(202, 77, 38)
(405/2, 79, 39)
(203, 77, 38)
(407/2, 79, 39)
(204, 81, 40)
(409/2, 79, 39)
(205, 81, 40)
(411/2, 79, 39)
(206, 77, 38)
(413/2, 75, 37)
(207, 77, 38)
(415/2, 75, 37)
(208, 74, 36)
(417/2, 72, 35)
(209, 74, 36)
(419/2, 72, 35)
(210, 70, 34)
(212, 79, 39)
(425/2, 77, 38)
(213, 79, 39)
(427/2, 77, 38)
(214, 75, 37)
(429/2, 74, 36)
(215, 75, 37)
(431/2, 74, 36)
(216, 72, 35)
(433/2, 74, 36)
(217, 72, 35)
(435/2, 74, 36)
(218, 72, 35)
(437/2, 74, 36)
(219, 72, 35)
(439/2, 74, 36)
(220, 71, 34)
(441/2, 72, 35)
(221, 71, 34)
(443/2, 72, 35)
(222, 74, 36)
(445/2, 75, 37)
(223, 74, 36)
(447/2, 75, 37)
(224, 77, 38)
(236, 75, 37)
(240, 78, 38)
(481/2, 79, 39)
(241, 78, 38)
(483/2, 79, 39)
(242, 81, 40)
(485/2, 82, 41)
(243, 81, 40)
(487/2, 82, 41)
(244, 84, 42)
(489/2, 82, 41)
(245, 81, 40)
(491/2, 79, 39)
(246, 78, 38)
(493/2, 75, 37)
(247, 74, 36)
(495/2, 72, 35)
(248, 70, 34)
(250, 74, 36)
(251, 79, 39)
(252, 82, 41)
(256, 87, 44)
(265, 86, 43)
(266, 84, 42)
(267, 82, 41)
(268, 81, 40)
(272, 67, 32)
(273, 69, 33)
(547/2, 70, 34)
(274, 72, 35)
(549/2, 74, 36)
(275, 76, 37)
(551/2, 78, 38)
(276, 79, 39)
(553/2, 77, 38)
(277, 79, 39)
(555/2, 77, 38)
(278, 75, 37)
(557/2, 74, 36)
(279, 75, 37)
(559/2, 74, 36)
(280, 72, 35)
(561/2, 70, 34)
(281, 72, 35)
(563/2, 70, 34)
(282, 69, 33)
(284, 69, 33)
(569/2, 67, 32)
(285, 69, 33)
(571/2, 67, 32)
(286, 66, 31)
(304, 75, 37)
(609/2, 77, 38)
(305, 75, 37)
(611/2, 77, 38)
(306, 75, 37)
(613/2, 74, 36)
(307, 75, 37)
(615/2, 74, 36)
(308, 72, 35)
(617/2, 74, 36)
(309, 72, 35)
(619/2, 74, 36)
(310, 72, 35)
(621/2, 70, 34)
(311, 72, 35)
(623/2, 70, 34)
(312, 68, 33)
(625/2, 70, 34)
(313, 68, 33)
(627/2, 70, 34)
(314, 68, 33)
(629/2, 67, 32)
(315, 68, 33)
(631/2, 67, 32)
(316, 66, 31)
(317, 67, 32)
(318, 66, 31)
(319, 67, 32)
(320, 69, 33)
(324, 69, 33)
(325, 70, 34)
(326, 69, 33)
(327, 70, 34)
(328, 72, 35)
(344, 75, 37)
(350, 77, 38)
(352, 80, 40)
(355, 79, 39)
(356, 77, 38)
(357, 75, 37)
(358, 85, 43)
(361, 84, 42)
(362, 82, 41)
(363, 80, 40)
(364, 79, 39)
(365, 81, 40)
(366, 82, 41)
(369, 82, 41)
(370, 84, 42)
(371, 86, 43)
(372, 87, 44)
(374, 86, 43)
(375, 84, 42)
(376, 83, 41)
(377, 84, 42)
(378, 86, 43)
(381, 84, 42)
(383, 82, 41)
(385, 80, 40)
(386, 79, 39)
(387, 77, 38)
(388, 76, 37)
(389, 77, 38)
(390, 79, 39)
(393, 77, 38)
(395, 75, 37)
(397, 73, 36)
(399, 72, 35)
(401, 77, 38)
(402, 72, 35)
(403, 74, 36)
(404, 75, 37)
(406, 77, 38)
(408, 79, 39)
(410, 80, 40)
(412, 82, 41)
(415, 73, 36)
(416, 72, 35)
(419, 75, 37)
(420, 74, 36)
(423, 77, 38)
(425, 75, 37)
(426, 74, 36)
(427, 72, 35)
(428, 70, 34)
(429, 69, 33)
(430, 75, 37)
(431, 67, 32)
(432, 65, 31)
(444, 70, 34)
(446, 72, 35)
(448, 75, 37)
(451, 74, 36)
(452, 72, 35)
(453, 70, 34)
(454, 80, 40)
(457, 80, 40)
(458, 79, 39)
(459, 77, 38)
(460, 76, 37)
(462, 77, 38)
(464, 80, 40)
(467, 79, 39)
(468, 77, 38)
(469, 75, 37)
(470, 85, 43)
(473, 85, 43)
(474, 84, 42)
(475, 82, 41)
(476, 80, 40)
(477, 82, 41)
(478, 84, 42)
(481, 84, 42)
(482, 82, 41)
(483, 80, 40)
(484, 79, 39)
(485, 80, 40)
(486, 82, 41)
(489, 82, 41)
(490, 80, 40)
(491, 79, 39)
(492, 77, 38)
(985/2, 79, 39)
(493, 77, 38)
(987/2, 79, 39)
(494, 80, 39)
(989/2, 81, 40)
(495, 80, 39)
(991/2, 81, 40)
(496, 82, 41)
(993/2, 84, 42)
(497, 82, 41)
(995/2, 84, 42)
(498, 85, 42)
(997/2, 86, 43)
(499, 85, 42)
(999/2, 86, 43)
(500, 87, 44)
(504, 89, 45)
(508, 91, 46)
(513, 87, 44)
(514, 84, 42)
(515, 80, 40)
(516, 79, 39)
(521, 79, 39)
(522, 82, 41)
(523, 80, 40)
(524, 79, 39)
(528, 80, 40)
(532, 84, 42)
(540, 82, 41)
(544, 84, 42)
(548, 87, 44)
(1097/2, 86, 43)
(549, 87, 44)
(1099/2, 86, 43)
(550, 84, 42)
(1101/2, 82, 41)
(551, 84, 42)
(1103/2, 82, 41)
(552, 80, 40)
(1105/2, 79, 39)
(553, 80, 40)
(1107/2, 79, 39)
(554, 77, 38)
(1109/2, 75, 37)
(555, 74, 36)
(1111/2, 72, 35)
(556, 70, 34)
(1113/2, 67, 32)
(557, 65, 31)
(1115/2, 62, 29)
(558, 65, 31)
(1117/2, 63, 30)
(559, 70, 34)
(1119/2, 68, 33)
(560, 67, 32)
(563, 65, 31)
(564, 63, 30)
(1129/2, 65, 31)
(565, 67, 32)
(1131/2, 68, 33)
(566, 70, 34)
(568, 68, 33)
(1137/2, 70, 34)
(569, 68, 33)
(1139/2, 70, 34)
(570, 72, 35)
(1141/2, 74, 36)
(571, 72, 35)
(1143/2, 74, 36)
(572, 75, 37)
(1145/2, 77, 38)
(573, 79, 39)
(1147/2, 80, 40)
(574, 82, 41)
(576, 80, 40)
(1153/2, 82, 41)
(577, 80, 40)
(1155/2, 82, 41)
(578, 84, 42)
(1157/2, 86, 43)
(579, 84, 42)
(1159/2, 86, 43)
(580, 87, 44)
(582, 82, 41)
(586, 79, 39)
(590, 75, 37)
(592, 70, 34)
(595, 67, 32)
(1191/2, 63, 30)
(596, 58, 27)
(600, 58, 27)
(604, 58, 27)
(10016, 58, 27)
(10018, 60, 28)
(10020, 63, 30)
(10023, 62, 29)
(10024, 60, 28)
(10025, 58, 27)
(10026, 68, 33)
(10029, 67, 32)
(10030, 65, 31)
(10031, 63, 30)
(10032, 62, 29)
(10033, 65, 31)
(10034, 63, 30)
(10035, 61, 29)
(10037, 60, 28)
(10038, 58, 27)
(10039, 56, 26)
(10041, 65, 31)
(10042, 59, 27)
(10045, 60, 28)
(10046, 58, 27)
(10047, 56, 26)
(10048, 55, 25)
(10050, 67, 32)
(10051, 65, 31)
(10052, 65, 31)
(10055, 72, 35)
(10056, 70, 34)
(10058, 69, 33)
(10061, 70, 34)
(10062, 77, 38)
(10065, 70, 34)
(10066, 75, 37)
(10068, 79, 39)
(10069, 75, 37)
(10070, 79, 39)
(10071, 80, 40)
(10073, 65, 31)
(10074, 64, 30)
(10075, 65, 31)
(10076, 67, 32)
(10078, 60, 28)
(10079, 72, 35)
(10080, 70, 34)
(10081, 69, 33)
(10082, 67, 32)
(10083, 66, 31)
(10084, 67, 32)
(10086, 70, 34)
(10089, 67, 32)
(10090, 72, 35)
(10092, 65, 31)
(10094, 67, 32)
(10096, 70, 34)
(10099, 70, 34)
(10101, 69, 33)
(10102, 70, 34)
(10103, 72, 35)
(10104, 74, 36)
(10105, 75, 37)
(10106, 77, 38)
(10108, 70, 34)
(10110, 69, 33)
(10111, 67, 32)
(10112, 72, 35)
(10114, 74, 36)
(10116, 77, 38)
(10119, 76, 37)
(10120, 74, 36)
(10121, 72, 35)
(10122, 82, 41)
(10125, 81, 40)
(10126, 79, 39)
(10127, 78, 38)
(10128, 77, 38)
(10129, 74, 36)
(10130, 72, 35)
(10131, 76, 37)
(10132, 75, 37)
(10133, 72, 35)
(10134, 70, 34)
(10135, 73, 36)
(10137, 70, 34)
(20275/2, 68, 33)
(10138, 67, 32)
(10140, 72, 35)
(10142, 69, 33)
(10143, 70, 34)
(10144, 72, 35)
(10145, 74, 36)
(10146, 75, 37)
(10147, 77, 38)
(10148, 70, 34)
(10151, 70, 34)
(10152, 69, 33)
(10153, 70, 34)
(10154, 72, 35)
(10157, 74, 36)
(20315/2, 72, 35)
(10158, 70, 34)
(10159, 77, 38)
(10160, 75, 37)
(10163, 55, 25)
(10164, 67, 32)
(10167, 63, 30)
(10168, 62, 29)
(10169, 67, 32)
(10170, 65, 31)
(10171, 63, 30)
(10172, 62, 29)
(10184, 65, 31)
(10185, 67, 32)
(20371/2, 68, 33)
(10186, 70, 34)
(20373/2, 72, 35)
(10187, 74, 36)
(20375/2, 75, 37)
(10188, 77, 38)
(20377/2, 75, 37)
(10189, 77, 38)
(20379/2, 75, 37)
(10190, 74, 36)
(20381/2, 72, 35)
(10191, 74, 36)
(20383/2, 72, 35)
(10192, 70, 34)
(20385/2, 68, 33)
(10193, 70, 34)
(20387/2, 68, 33)
(10194, 67, 32)
(10195, 72, 35)
(20391/2, 75, 37)
(10196, 74, 36)
(20393/2, 72, 35)
(10197, 74, 36)
(20395/2, 72, 35)
(10198, 71, 34)
(20397/2, 72, 35)
(10199, 71, 34)
(20399/2, 74, 36)
(10200, 72, 35)
(20409/2, 74, 36)
(10205, 72, 35)
(20411/2, 74, 36)
(10206, 75, 37)
(20413/2, 77, 38)
(10207, 79, 39)
(20415/2, 81, 40)
(10208, 82, 41)
(20417/2, 80, 40)
(10209, 82, 41)
(20419/2, 80, 40)
(10210, 79, 39)
(20421/2, 77, 38)
(10211, 79, 39)
(20423/2, 77, 38)
(10212, 75, 37)
(20425/2, 74, 36)
(10213, 75, 37)
(20427/2, 74, 36)
(10214, 72, 35)
(10216, 80, 40)
(20433/2, 79, 39)
(10217, 80, 40)
(20435/2, 79, 39)
(10218, 77, 38)
(20437/2, 75, 37)
(10219, 77, 38)
(20439/2, 75, 37)
(10220, 77, 38)
(20441/2, 75, 37)
(10221, 74, 36)
(20443/2, 72, 35)
(10222, 71, 34)
(20445/2, 72, 35)
(10223, 74, 36)
(20447/2, 72, 35)
(10224, 71, 34)
(20449/2, 72, 35)
(10225, 71, 34)
(20451/2, 72, 35)
(10226, 74, 36)
(10236, 72, 35)
(10240, 69, 33)
(20481/2, 70, 34)
(10241, 69, 33)
(20483/2, 70, 34)
(10242, 78, 38)
(20485/2, 79, 39)
(10243, 78, 38)
(20487/2, 79, 39)
(10244, 81, 40)
(20489/2, 79, 39)
(10245, 78, 38)
(20491/2, 75, 37)
(10246, 74, 36)
(20493/2, 72, 35)
(10247, 70, 34)
(20495/2, 69, 33)
(10248, 67, 32)
(10249, 74, 36)
(10250, 79, 39)
(10251, 82, 41)
(10252, 86, 43)
(10260, 84, 42)
(10264, 83, 41)
(10266, 79, 39)
(10272, 82, 41)
(10275, 81, 40)
(10276, 79, 39)
(10278, 72, 35)
(20557/2, 70, 34)
(10279, 72, 35)
(20559/2, 70, 34)
(10280, 63, 30)
(20561/2, 62, 29)
(10281, 63, 30)
(20563/2, 62, 29)
(10282, 60, 28)
(10284, 60, 28)
(20569/2, 58, 27)
(10285, 60, 28)
(20571/2, 58, 27)
(10286, 57, 26)
(10288, 58, 27)
(20577/2, 62, 29)
(10289, 58, 27)
(20579/2, 62, 29)
(10290, 63, 30)
(20581/2, 62, 29)
(10291, 63, 30)
(20583/2, 62, 29)
(10292, 60, 28)
(20585/2, 63, 30)
(10293, 60, 28)
(20587/2, 63, 30)
(10294, 66, 31)
(20589/2, 67, 32)
(10295, 66, 31)
(20591/2, 67, 32)
(10296, 69, 33)
(20593/2, 70, 34)
(10297, 69, 33)
(20595/2, 70, 34)
(10298, 72, 35)
(20597/2, 74, 36)
(10299, 72, 35)
(20599/2, 74, 36)
(10300, 75, 37)
(10302, 74, 36)
(10304, 70, 34)
(10306, 71, 34)
(10308, 65, 31)
(10310, 65, 31)
(10314, 63, 30)
(10316, 63, 30)
(10317, 62, 29)
(10318, 63, 30)
(10319, 62, 29)
(10320, 66, 31)
(10324, 66, 31)
(10325, 62, 29)
(10326, 66, 31)
(10327, 62, 29)
(10328, 63, 30)
(10330, 62, 29)
(10332, 70, 34)
(20665/2, 69, 33)
(10333, 70, 34)
(20667/2, 69, 33)
(10334, 67, 32)
(10336, 62, 29)
(20673/2, 60, 28)
(10337, 62, 29)
(20675/2, 60, 28)
(10338, 58, 27)
(10340, 58, 27)
(10348, 70, 34)
(10350, 68, 33)
(10352, 70, 34)
(10354, 75, 37)
(10360, 70, 34)
(10362, 72, 35)
(10364, 75, 37)
(10367, 74, 36)
(10368, 72, 35)
(10369, 70, 34)
(10370, 80, 40)
(10373, 79, 39)
(10374, 77, 38)
(10375, 75, 37)
(10376, 74, 36)
(10377, 75, 37)
(10378, 77, 38)
(10379, 79, 39)
(10380, 75, 37)
(10382, 73, 36)
(10384, 72, 35)
(10386, 70, 34)
(10387, 68, 33)
(10388, 67, 32)
(10389, 68, 33)
(10390, 70, 34)
(10391, 72, 35)
(10392, 68, 33)
(10394, 67, 32)
(10396, 65, 31)
(10397, 67, 32)
(10398, 68, 33)
(10400, 72, 35)
(10403, 70, 34)
(10404, 68, 33)
(10405, 67, 32)
(10407, 68, 33)
(10408, 63, 30)
(10412, 73, 36)
(10414, 70, 34)
(10417, 68, 33)
(10418, 67, 32)
(10419, 65, 31)
(10423, 74, 36)
(10425, 72, 35)
(10426, 68, 33)
(10427, 67, 32)
(10428, 65, 31)
(10429, 63, 30)
(10430, 70, 34)
(10431, 63, 30)
(10432, 58, 27)
(10434, 60, 28)
(10436, 63, 30)
(10439, 62, 29)
(10440, 60, 28)
(10441, 58, 27)
(10442, 68, 33)
(10445, 67, 32)
(10446, 65, 31)
(10447, 63, 30)
(10448, 67, 32)
(10449, 69, 33)
(10450, 70, 34)
(10453, 65, 31)
(10454, 75, 37)
(10456, 74, 36)
(10458, 73, 36)
(10461, 72, 35)
(10462, 70, 34)
(10463, 68, 33)
(10464, 67, 32)
(10465, 65, 31)
(10466, 63, 30)
(10467, 62, 29)
(10468, 63, 30)
(10470, 79, 39)
(10471, 77, 38)
(10472, 76, 37)
(10473, 77, 38)
(10474, 79, 39)
(10477, 79, 39)
(10478, 77, 38)
(10479, 75, 37)
(10480, 74, 36)
(10481, 75, 37)
(10482, 77, 38)
(10484, 79, 39)
(20969/2, 77, 38)
(10485, 79, 39)
(20971/2, 77, 38)
(10486, 75, 37)
(20973/2, 74, 36)
(10487, 75, 37)
(20975/2, 74, 36)
(10488, 72, 35)
(20977/2, 74, 36)
(10489, 72, 35)
(20979/2, 74, 36)
(10490, 75, 37)
(20981/2, 74, 36)
(10491, 75, 37)
(20983/2, 74, 36)
(10492, 72, 35)
(20985/2, 70, 34)
(10493, 72, 35)
(20987/2, 70, 34)
(10494, 68, 33)
(20989/2, 66, 32)
(10495, 68, 33)
(20991/2, 66, 32)
(10496, 65, 31)
(20993/2, 63, 30)
(10497, 65, 31)
(20995/2, 63, 30)
(10498, 62, 29)
(10499, 58, 27)
(10500, 63, 30)
(21001/2, 62, 29)
(10501, 63, 30)
(21003/2, 62, 29)
(10502, 60, 28)
(21005/2, 58, 27)
(10503, 60, 28)
(21007/2, 56, 26)
(10504, 65, 31)
(21009/2, 63, 30)
(10505, 65, 31)
(21011/2, 63, 30)
(10506, 62, 29)
(21013/2, 60, 28)
(10507, 62, 29)
(21015/2, 58, 27)
(10508, 58, 27)
(21017/2, 63, 30)
(10509, 58, 27)
(21019/2, 63, 30)
(10510, 63, 30)
(21021/2, 67, 32)
(10511, 63, 30)
(21023/2, 67, 32)
(10512, 70, 34)
(21025/2, 75, 37)
(10513, 70, 34)
(21027/2, 75, 37)
(10514, 75, 37)
(21029/2, 77, 38)
(10515, 75, 37)
(21031/2, 77, 38)
(10516, 74, 36)
(10517, 71, 34)
(10518, 67, 32)
(10519, 62, 29)
(10520, 59, 27)
(10521, 64, 30)
(10522, 65, 31)
(10523, 74, 36)
(10524, 79, 39)
(21049/2, 77, 38)
(10525, 75, 37)
(21051/2, 74, 36)
(10526, 72, 35)
(21053/2, 70, 34)
(10527, 68, 33)
(21055/2, 67, 32)
(10528, 65, 31)
(21057/2, 63, 30)
(10529, 62, 29)
(21059/2, 60, 28)
(10530, 58, 27)
(21061/2, 56, 26)
(10531, 67, 32)
(21063/2, 65, 31)
(10532, 63, 30)
(10533, 65, 31)
(21067/2, 55, 25)
(10534, 56, 26)
(21069/2, 58, 27)
(10535, 60, 28)
(21071/2, 62, 29)
(10536, 63, 30)
(21073/2, 65, 31)
(10537, 67, 32)
(21075/2, 68, 33)
(10538, 70, 34)
(21077/2, 72, 35)
(10539, 74, 36)
(21079/2, 75, 37)
(10540, 77, 38)
(21081/2, 79, 39)
(10541, 77, 38)
(21083/2, 79, 39)
(10542, 77, 38)
(21085/2, 75, 37)
(10543, 77, 38)
(21087/2, 75, 37)
(10544, 74, 36)
(21089/2, 72, 35)
(10545, 74, 36)
(21091/2, 72, 35)
(10546, 70, 34)
(21093/2, 68, 33)
(10547, 70, 34)
(21095/2, 68, 33)
(10548, 67, 32)
(10554, 63, 30)
(10559, 65, 31)
(10561, 63, 30)
(10562, 62, 29)
(10564, 63, 30)
(10565, 65, 31)
(10566, 68, 33)
(10567, 67, 32)
(10568, 68, 33)
(10572, 67, 32)
(10574, 73, 36)
(21149/2, 72, 35)
(10575, 75, 37)
(21151/2, 73, 36)
(10576, 72, 35)
(10578, 80, 40)
(10580, 79, 39)
(21161/2, 80, 40)
(10581, 79, 39)
(21163/2, 80, 40)
(10582, 79, 39)
(21165/2, 77, 38)
(10583, 79, 39)
(21167/2, 77, 38)
(10584, 75, 37)
(21169/2, 70, 34)
(10585, 75, 37)
(21171/2, 70, 34)
(10588, 70, 34)
(21177/2, 72, 35)
(10589, 70, 34)
(21179/2, 72, 35)
(10590, 70, 34)
(21181/2, 68, 33)
(10591, 70, 34)
(21183/2, 68, 33)
(10592, 67, 32)
(21185/2, 65, 31)
(10593, 67, 32)
(21187/2, 65, 31)
(10594, 63, 30)
(21189/2, 58, 27)
(10595, 63, 30)
(21191/2, 58, 27)
(10596, 55, 25)
(10597, 56, 26)
(10598, 55, 25)
(10599, 56, 26)
(10600, 55, 25)
(10601, 56, 26)
(10602, 55, 25)
(10603, 56, 26)
(10604, 55, 25)
(20000, 51, 23)
(20002, 53, 24)
(20004, 56, 26)
(20007, 55, 25)
(20008, 53, 24)
(20009, 51, 23)
(20010, 61, 29)
(20013, 60, 28)
(20014, 58, 27)
(20015, 56, 26)
(20017, 55, 25)
(20018, 53, 24)
(20019, 51, 23)
(20021, 60, 28)
(20022, 54, 24)
(20025, 55, 25)
(20026, 53, 24)
(20027, 51, 23)
(20028, 50, 22)
(20030, 62, 29)
(20031, 60, 28)
(20032, 59, 27)
(20033, 55, 25)
(20034, 60, 28)
(20035, 58, 27)
(20036, 56, 26)
(20038, 60, 28)
(20040, 53, 24)
(20042, 62, 29)
(20044, 67, 32)
(20047, 65, 31)
(20049, 64, 30)
(20050, 58, 27)
(20051, 60, 28)
(20052, 61, 29)
(20054, 56, 26)
(20055, 55, 25)
(20056, 53, 24)
(20057, 60, 28)
(20058, 65, 31)
(20060, 63, 30)
(20061, 62, 29)
(20063, 60, 28)
(20064, 58, 27)
(20066, 68, 33)
(20067, 67, 32)
(20068, 70, 34)
(20070, 75, 37)
(20072, 73, 36)
(20073, 72, 35)
(20074, 70, 34)
(20075, 68, 33)
(20076, 67, 32)
(20084, 50, 22)
(20086, 52, 23)
(20088, 55, 25)
(20091, 53, 24)
(20092, 51, 23)
(20093, 50, 22)
(20094, 62, 29)
(20097, 67, 32)
(20098, 62, 29)
(20099, 60, 28)
(20100, 60, 28)
(20102, 67, 32)
(20104, 65, 31)
(20105, 63, 30)
(20106, 62, 29)
(20108, 63, 30)
(20109, 65, 31)
(20110, 63, 30)
(20111, 62, 29)
(20112, 60, 28)
(20113, 53, 24)
(20114, 65, 31)
(20116, 58, 27)
(20118, 70, 34)
(20121, 72, 35)
(20122, 70, 34)
(20123, 69, 33)
(20124, 74, 36)
(20127, 72, 35)
(20129, 71, 34)
(20130, 72, 35)
(20131, 70, 34)
(20133, 69, 33)
(20134, 70, 34)
(20135, 68, 33)
(20137, 67, 32)
(40275/2, 65, 31)
(20138, 64, 30)
(20140, 65, 31)
(20142, 60, 28)
(20143, 62, 29)
(20144, 63, 30)
(20145, 65, 31)
(20146, 60, 28)
(20147, 58, 27)
(20148, 63, 30)
(20150, 62, 29)
(20151, 60, 28)
(20152, 63, 30)
(20153, 62, 29)
(20154, 60, 28)
(20155, 65, 31)
(20156, 65, 31)
(20159, 68, 33)
(20160, 67, 32)
(20163, 65, 31)
(20164, 63, 30)
(20167, 60, 28)
(20168, 58, 27)
(20169, 60, 28)
(20170, 57, 26)
(20172, 58, 27)
(20173, 60, 28)
(40347/2, 62, 29)
(20174, 63, 30)
(40349/2, 65, 31)
(20175, 67, 32)
(40351/2, 69, 33)
(20176, 70, 34)
(40353/2, 68, 33)
(20177, 70, 34)
(40355/2, 68, 33)
(20178, 67, 32)
(40357/2, 65, 31)
(20179, 67, 32)
(40359/2, 65, 31)
(20180, 64, 30)
(40361/2, 60, 28)
(20181, 62, 29)
(40363/2, 64, 30)
(20182, 65, 31)
(40365/2, 67, 32)
(20183, 65, 31)
(40367/2, 67, 32)
(20184, 68, 33)
(40369/2, 67, 32)
(20185, 68, 33)
(40371/2, 67, 32)
(20186, 65, 31)
(40373/2, 63, 30)
(20187, 65, 31)
(40375/2, 63, 30)
(20188, 62, 29)
(40377/2, 60, 28)
(20189, 62, 29)
(40379/2, 63, 30)
(20190, 65, 31)
(20191, 68, 33)
(20192, 67, 32)
(40385/2, 65, 31)
(20193, 67, 32)
(40387/2, 65, 31)
(20194, 63, 30)
(40389/2, 62, 29)
(20195, 63, 30)
(40391/2, 60, 28)
(20196, 62, 29)
(20198, 67, 32)
(20200, 72, 35)
(40401/2, 70, 34)
(20201, 72, 35)
(40403/2, 70, 34)
(20202, 69, 33)
(40405/2, 67, 32)
(20203, 69, 33)
(40407/2, 67, 32)
(20204, 65, 31)
(40409/2, 63, 30)
(20205, 65, 31)
(40411/2, 63, 30)
(20206, 62, 29)
(40413/2, 60, 28)
(20207, 62, 29)
(40415/2, 60, 28)
(20208, 58, 27)
(40417/2, 62, 29)
(20209, 58, 27)
(40419/2, 62, 29)
(20210, 67, 32)
(20212, 60, 28)
(40425/2, 63, 30)
(20213, 60, 28)
(40427/2, 63, 30)
(20214, 68, 33)
(20216, 60, 28)
(40433/2, 63, 30)
(20217, 60, 28)
(40435/2, 63, 30)
(20218, 67, 32)
(20220, 67, 32)
(20221, 65, 31)
(40443/2, 63, 30)
(20222, 62, 29)
(40445/2, 60, 28)
(20223, 59, 27)
(40447/2, 57, 26)
(20224, 55, 25)
(40449/2, 57, 26)
(20225, 55, 25)
(40451/2, 57, 26)
(20226, 59, 27)
(40453/2, 60, 28)
(20227, 59, 27)
(40455/2, 60, 28)
(20228, 62, 29)
(40457/2, 63, 30)
(20229, 62, 29)
(40459/2, 63, 30)
(20230, 65, 31)
(40461/2, 67, 32)
(20231, 69, 33)
(40463/2, 71, 34)
(20232, 72, 35)
(40473/2, 70, 34)
(20237, 68, 33)
(40475/2, 67, 32)
(20238, 65, 31)
(40477/2, 63, 30)
(20239, 62, 29)
(40479/2, 60, 28)
(20242, 63, 30)
(40485/2, 62, 29)
(20243, 63, 30)
(40487/2, 62, 29)
(20248, 50, 22)
(20256, 55, 25)
(40513/2, 53, 24)
(20257, 55, 25)
(40515/2, 53, 24)
(20258, 51, 23)
(40517/2, 50, 22)
(20259, 51, 23)
(40519/2, 48, 21)
(20260, 56, 26)
(40521/2, 58, 27)
(20261, 60, 28)
(40523/2, 58, 27)
(20262, 56, 26)
(40525/2, 55, 25)
(20263, 56, 26)
(40527/2, 55, 25)
(20264, 53, 24)
(40529/2, 56, 26)
(20265, 55, 25)
(40531/2, 53, 24)
(20266, 51, 23)
(40533/2, 50, 22)
(20267, 51, 23)
(40535/2, 50, 22)
(20268, 48, 21)
(40537/2, 50, 22)
(20269, 51, 23)
(40539/2, 53, 24)
(20270, 55, 25)
(40541/2, 57, 26)
(20271, 58, 27)
(40543/2, 60, 28)
(20272, 62, 29)
(20276, 63, 30)
(20278, 60, 28)
(40557/2, 63, 30)
(20279, 60, 28)
(40559/2, 63, 30)
(20280, 69, 33)
(20282, 54, 24)
(40565/2, 57, 26)
(20283, 54, 24)
(40567/2, 57, 26)
(20284, 62, 29)
(20286, 50, 22)
(40573/2, 54, 24)
(20287, 50, 22)
(40575/2, 54, 24)
(20288, 55, 25)
(40577/2, 57, 26)
(20289, 55, 25)
(40579/2, 57, 26)
(20290, 58, 27)
(40581/2, 59, 27)
(20291, 58, 27)
(40583/2, 59, 27)
(20292, 60, 28)
(40585/2, 62, 29)
(20293, 60, 28)
(40587/2, 62, 29)
(20294, 63, 30)
(40589/2, 62, 29)
(20295, 63, 30)
(40591/2, 62, 29)
(20296, 66, 31)
(40593/2, 67, 32)
(20297, 66, 31)
(40595/2, 67, 32)
(20298, 69, 33)
(40597/2, 70, 34)
(20299, 69, 33)
(40599/2, 70, 34)
(20300, 72, 35)
(20304, 70, 34)
(20306, 65, 31)
(20308, 63, 30)
(20310, 62, 29)
(20314, 60, 28)
(20316, 57, 26)
(20317, 58, 27)
(20318, 57, 26)
(20319, 58, 27)
(20320, 51, 23)
(20321, 50, 22)
(20322, 51, 23)
(20323, 50, 22)
(20324, 54, 24)
(20325, 55, 25)
(20326, 54, 24)
(20327, 55, 25)
(20328, 55, 25)
(20329, 54, 24)
(20330, 55, 25)
(20331, 54, 24)
(20332, 74, 36)
(40665/2, 72, 35)
(20333, 74, 36)
(40667/2, 72, 35)
(20334, 70, 34)
(20336, 58, 27)
(40673/2, 57, 26)
(20337, 58, 27)
(40675/2, 57, 26)
(20338, 55, 25)
(20340, 50, 22)
(20344, 49, 22)
(20348, 61, 29)
(20350, 60, 28)
(20352, 58, 27)
(20354, 51, 23)
(20357, 60, 28)
(20358, 55, 25)
(20359, 56, 26)
(20360, 51, 23)
(20364, 75, 37)
(40729/2, 74, 36)
(20365, 75, 37)
(40731/2, 74, 36)
(20366, 72, 35)
(40733/2, 70, 34)
(20367, 72, 35)
(40735/2, 70, 34)
(20368, 68, 33)
(40737/2, 67, 32)
(20369, 68, 33)
(40739/2, 67, 32)
(20370, 65, 31)
(40741/2, 68, 33)
(20371, 67, 32)
(40743/2, 65, 31)
(20372, 60, 28)
(20380, 48, 21)
(40761/2, 50, 22)
(20381, 48, 21)
(40763/2, 50, 22)
(20382, 51, 22)
(40765/2, 52, 23)
(20383, 51, 22)
(40767/2, 52, 23)
(20384, 53, 24)
(40769/2, 55, 25)
(20385, 53, 24)
(40771/2, 55, 25)
(20386, 56, 26)
(40773/2, 58, 27)
(20387, 56, 26)
(40775/2, 58, 27)
(20388, 60, 28)
(20408, 58, 27)
(20410, 60, 28)
(20412, 63, 30)
(20415, 63, 30)
(20416, 63, 30)
(20419, 72, 35)
(20421, 70, 34)
(20422, 68, 33)
(20423, 67, 32)
(20425, 67, 32)
(20426, 65, 31)
(20427, 63, 30)
(20428, 62, 29)
(20429, 60, 28)
(20430, 58, 27)
(20431, 60, 28)
(20432, 62, 29)
(20433, 65, 31)
(20435, 63, 30)
(20436, 62, 29)
(20437, 60, 28)
(20438, 58, 27)
(20440, 56, 26)
(20441, 55, 25)
(20442, 53, 24)
(20443, 51, 23)
(20444, 50, 22)
(20446, 55, 25)
(20448, 60, 28)
(20450, 65, 31)
(20453, 62, 29)
(20454, 72, 35)
(20456, 70, 34)
(20458, 68, 33)
(20460, 67, 32)
(20462, 72, 35)
(20464, 75, 37)
(20465, 74, 36)
(20466, 72, 35)
(20467, 70, 34)
(20468, 68, 33)
(20469, 67, 32)
(20470, 70, 34)
(20471, 68, 33)
(20472, 67, 32)
(20473, 65, 31)
(20474, 64, 30)
(20475, 60, 28)
(20476, 53, 24)
(20477, 55, 25)
(40955/2, 56, 26)
(20478, 58, 27)
(40957/2, 60, 28)
(20479, 62, 29)
(40959/2, 63, 30)
(20480, 65, 31)
(40961/2, 63, 30)
(20481, 65, 31)
(40963/2, 63, 30)
(20482, 62, 29)
(40965/2, 60, 28)
(20483, 62, 29)
(40967/2, 60, 28)
(20484, 58, 27)
(20485, 53, 24)
(40971/2, 55, 25)
(20486, 56, 26)
(40973/2, 58, 27)
(20487, 60, 28)
(40975/2, 62, 29)
(20488, 63, 30)
(40977/2, 62, 29)
(20489, 63, 30)
(40979/2, 62, 29)
(20490, 60, 28)
(40981/2, 58, 27)
(20491, 60, 28)
(40983/2, 58, 27)
(20492, 56, 26)
(40985/2, 60, 28)
(20493, 56, 26)
(40987/2, 60, 28)
(20494, 65, 31)
(40989/2, 63, 30)
(20495, 65, 31)
(40991/2, 63, 30)
(20496, 62, 29)
(40993/2, 60, 28)
(20497, 62, 29)
(40995/2, 60, 28)
(20498, 58, 27)
(40997/2, 56, 26)
(20499, 58, 27)
(40999/2, 56, 26)
(20500, 55, 25)
(41001/2, 53, 24)
(20501, 55, 25)
(41003/2, 53, 24)
(20502, 51, 23)
(41005/2, 50, 22)
(20503, 51, 23)
(41007/2, 48, 21)
(20504, 56, 26)
(41009/2, 55, 25)
(20505, 56, 26)
(41011/2, 55, 25)
(20506, 53, 24)
(41013/2, 51, 23)
(20507, 53, 24)
(41015/2, 50, 22)
(20508, 55, 25)
(41017/2, 58, 27)
(20509, 55, 25)
(41019/2, 58, 27)
(20510, 55, 25)
(41021/2, 58, 27)
(20511, 55, 25)
(41023/2, 58, 27)
(20512, 63, 30)
(41025/2, 67, 32)
(20513, 63, 30)
(41027/2, 67, 32)
(20514, 68, 33)
(41029/2, 72, 35)
(20515, 68, 33)
(41031/2, 72, 35)
(20516, 71, 34)
(20517, 67, 32)
(20518, 62, 29)
(20519, 59, 27)
(20520, 62, 29)
(20521, 60, 28)
(20523, 58, 27)
(20524, 75, 37)
(41049/2, 74, 36)
(20525, 72, 35)
(41051/2, 70, 34)
(20526, 68, 33)
(41053/2, 67, 32)
(20527, 65, 31)
(41055/2, 63, 30)
(20528, 62, 29)
(41057/2, 60, 28)
(20529, 58, 27)
(41059/2, 56, 26)
(20530, 55, 25)
(41061/2, 53, 24)
(20531, 51, 23)
(41063/2, 50, 22)
(20532, 48, 21)
(20533, 50, 22)
(41067/2, 51, 23)
(20534, 53, 24)
(41069/2, 55, 25)
(20535, 56, 26)
(41071/2, 58, 27)
(20536, 60, 28)
(41073/2, 62, 29)
(20537, 63, 30)
(41075/2, 65, 31)
(20538, 67, 32)
(41077/2, 68, 33)
(20539, 70, 34)
(41079/2, 72, 35)
(20540, 74, 36)
(41081/2, 75, 37)
(20541, 74, 36)
(41083/2, 75, 37)
(20542, 74, 36)
(41085/2, 72, 35)
(20543, 74, 36)
(41087/2, 72, 35)
(20544, 70, 34)
(41089/2, 68, 33)
(20545, 70, 34)
(41091/2, 68, 33)
(20546, 67, 32)
(41093/2, 65, 31)
(20547, 67, 32)
(41095/2, 65, 31)
(20548, 63, 30)
(20554, 53, 24)
(20556, 55, 25)
(20559, 60, 28)
(20560, 58, 27)
(20562, 56, 26)
(20564, 55, 25)
(41129/2, 56, 26)
(20565, 58, 27)
(41131/2, 60, 28)
(20566, 61, 29)
(41133/2, 65, 31)
(20567, 63, 30)
(41135/2, 61, 29)
(20568, 60, 28)
(20570, 60, 28)
(41141/2, 59, 27)
(20571, 60, 28)
(41143/2, 59, 27)
(20572, 58, 27)
(20573, 63, 30)
(20574, 68, 33)
(20575, 67, 32)
(20576, 68, 33)
(20578, 72, 35)
(41157/2, 71, 34)
(20579, 72, 35)
(41159/2, 71, 34)
(20580, 70, 34)
(20584, 67, 32)
(41169/2, 65, 31)
(20585, 67, 32)
(41171/2, 65, 31)
(20586, 63, 30)
(41173/2, 58, 27)
(20587, 63, 30)
(41175/2, 58, 27)
(20590, 67, 32)
(41181/2, 65, 31)
(20591, 67, 32)
(41183/2, 65, 31)
(20592, 63, 30)
(41185/2, 58, 27)
(20593, 63, 30)
(41187/2, 58, 27)
(20594, 55, 25)
(41189/2, 53, 24)
(20595, 55, 25)
(41191/2, 53, 24)
(20596, 51, 23)
(20597, 53, 24)
(20598, 51, 23)
(20599, 53, 24)
(20600, 51, 23)
(20601, 53, 24)
(20602, 51, 23)
(20603, 53, 24)
(20604, 51, 23)
(30052, 46, 20)
(30054, 48, 21)
(30056, 51, 23)
(30059, 50, 22)
(30060, 48, 21)
(30061, 46, 20)
(30062, 56, 26)
(30065, 55, 25)
(30066, 53, 24)
(30067, 51, 23)
(30068, 61, 29)
(30071, 60, 28)
(30072, 58, 27)
(30073, 56, 26)
(30074, 55, 25)
(30075, 53, 24)
(30076, 52, 23)
(30078, 53, 24)
(30080, 48, 21)
(30082, 50, 22)
(30084, 43, 18)
(30086, 48, 21)
(30089, 48, 21)
(30090, 46, 20)
(30091, 45, 19)
(30092, 46, 20)
(30095, 45, 19)
(30097, 43, 18)
(30098, 41, 17)
(30099, 40, 16)
(30100, 41, 17)
(30102, 39, 16)
(30104, 46, 20)
(30109, 50, 22)
(30110, 48, 21)
(30111, 46, 20)
(30112, 45, 19)
(30114, 46, 20)
(30116, 55, 25)
(30118, 43, 18)
(30120, 41, 17)
(30136, 46, 20)
(30138, 48, 21)
(30140, 51, 23)
(30143, 50, 22)
(30144, 48, 21)
(30145, 46, 20)
(30146, 56, 26)
(30149, 55, 25)
(30150, 53, 24)
(30151, 51, 23)
(30152, 60, 28)
(30153, 58, 27)
(30154, 57, 26)
(30156, 58, 27)
(30158, 50, 22)
(30160, 51, 23)
(30162, 47, 20)
(30164, 48, 21)
(30166, 42, 17)
(30168, 43, 18)
(30169, 39, 16)
(30170, 41, 17)
(30172, 46, 20)
(30232, 36, 14)
(30233, 38, 15)
(60467/2, 39, 16)
(30234, 41, 17)
(60469/2, 43, 18)
(30235, 45, 19)
(60471/2, 47, 20)
(30236, 48, 21)
(60473/2, 50, 22)
(30237, 51, 23)
(60475/2, 53, 24)
(30238, 55, 25)
(60477/2, 57, 26)
(30239, 59, 27)
(60479/2, 60, 28)
(30240, 63, 30)
(60481/2, 62, 29)
(30241, 63, 30)
(60483/2, 62, 29)
(30242, 60, 28)
(60485/2, 58, 27)
(30243, 60, 28)
(60487/2, 58, 27)
(30244, 57, 26)
(60489/2, 58, 27)
(30245, 57, 26)
(60491/2, 58, 27)
(30246, 60, 28)
(60493/2, 62, 29)
(30247, 64, 30)
(60495/2, 66, 31)
(30248, 67, 32)
(60497/2, 62, 29)
(30249, 60, 28)
(60499/2, 62, 29)
(30250, 58, 27)
(60501/2, 55, 25)
(30251, 54, 24)
(60503/2, 55, 25)
(30252, 50, 22)
(60505/2, 46, 20)
(30253, 45, 19)
(60507/2, 46, 20)
(30254, 43, 18)
(60509/2, 38, 15)
(30255, 36, 14)
(60511/2, 38, 15)
(30256, 36, 14)
(30284, 62, 29)
(30288, 70, 34)
(60577/2, 69, 33)
(30289, 70, 34)
(60579/2, 69, 33)
(30290, 67, 32)
(60581/2, 65, 31)
(30291, 67, 32)
(60583/2, 65, 31)
(30292, 63, 30)
(60585/2, 62, 29)
(30293, 63, 30)
(60587/2, 62, 29)
(30294, 60, 28)
(60589/2, 58, 27)
(30295, 60, 28)
(60591/2, 58, 27)
(30296, 57, 26)
(60593/2, 55, 25)
(30297, 57, 26)
(60595/2, 55, 25)
(30298, 54, 24)
(60597/2, 52, 23)
(30299, 54, 24)
(60599/2, 52, 23)
(30300, 50, 22)
(60601/2, 48, 21)
(30301, 50, 22)
(60603/2, 48, 21)
(30302, 46, 20)
(60605/2, 45, 19)
(30303, 46, 20)
(60607/2, 45, 19)
(30304, 43, 18)
(30306, 44, 19)
(30308, 45, 19)
(30310, 46, 20)
(30312, 47, 20)
(30314, 48, 21)
(30316, 48, 21)
(30317, 46, 20)
(30318, 48, 21)
(30319, 46, 20)
(30320, 38, 15)
(30321, 48, 21)
(30322, 38, 15)
(30323, 48, 21)
(30324, 48, 21)
(30325, 46, 20)
(30326, 48, 21)
(30327, 46, 20)
(30328, 38, 15)
(30329, 45, 19)
(30330, 38, 15)
(30331, 45, 19)
(30332, 43, 18)
(30333, 42, 17)
(30334, 43, 18)
(30335, 42, 17)
(30336, 43, 18)
(30337, 42, 17)
(30338, 43, 18)
(30339, 42, 17)
(30340, 43, 18)
(30341, 42, 17)
(30342, 43, 18)
(30343, 42, 17)
(30344, 43, 18)
(30345, 42, 17)
(30346, 43, 18)
(60693/2, 42, 17)
(30347, 43, 18)
(60695/2, 42, 17)
(30348, 39, 16)
(30349, 41, 17)
(60699/2, 43, 18)
(30350, 44, 19)
(60701/2, 46, 20)
(30351, 48, 21)
(60703/2, 50, 22)
(30352, 51, 23)
(60705/2, 50, 22)
(30353, 51, 23)
(60707/2, 50, 22)
(30354, 48, 21)
(60709/2, 46, 20)
(30355, 48, 21)
(60711/2, 46, 20)
(30356, 44, 19)
(60713/2, 41, 17)
(30357, 43, 18)
(60715/2, 44, 19)
(30358, 46, 20)
(60717/2, 44, 19)
(30359, 46, 20)
(60719/2, 44, 19)
(30360, 43, 18)
(60721/2, 39, 16)
(30361, 41, 17)
(60723/2, 43, 18)
(30362, 44, 19)
(60725/2, 46, 20)
(30363, 48, 21)
(60727/2, 44, 19)
(30364, 39, 16)
(30372, 60, 28)
(60745/2, 62, 29)
(30373, 60, 28)
(60747/2, 62, 29)
(30374, 63, 30)
(60749/2, 62, 29)
(30375, 63, 30)
(60751/2, 62, 29)
(30376, 65, 31)
(30396, 39, 16)
(30398, 41, 17)
(30400, 44, 19)
(30403, 43, 18)
(30404, 41, 17)
(30405, 39, 16)
(30406, 49, 22)
(30409, 48, 21)
(30410, 46, 20)
(30411, 44, 19)
(30412, 43, 18)
(30413, 39, 16)
(30414, 41, 17)
(30415, 43, 18)
(30416, 44, 19)
(30418, 45, 19)
(30420, 46, 20)
(30422, 47, 20)
(30424, 48, 21)
(30428, 41, 17)
(30430, 43, 18)
(30431, 45, 19)
(30432, 46, 20)
(30500, 36, 14)
(61001/2, 39, 16)
(30501, 36, 14)
(61003/2, 39, 16)
(30502, 44, 19)
(61005/2, 39, 16)
(30503, 36, 14)
(61007/2, 39, 16)
(30504, 38, 15)
(61009/2, 41, 17)
(30505, 38, 15)
(61011/2, 41, 17)
(30506, 46, 20)
(61013/2, 41, 17)
(30507, 38, 15)
(61015/2, 41, 17)
(30508, 39, 16)
(61017/2, 43, 18)
(30509, 39, 16)
(61019/2, 43, 18)
(30510, 46, 20)
(61021/2, 51, 23)
(30511, 46, 20)
(61023/2, 51, 23)
(30512, 55, 25)
(61025/2, 58, 27)
(30513, 55, 25)
(61027/2, 58, 27)
(30514, 60, 28)
(61029/2, 63, 30)
(30515, 60, 28)
(61031/2, 63, 30)
(30516, 67, 32)
(61033/2, 62, 29)
(30517, 67, 32)
(61035/2, 62, 29)
(30518, 59, 27)
(61037/2, 55, 25)
(30519, 50, 22)
(61039/2, 47, 20)
(30520, 43, 18)
(30521, 48, 21)
(30522, 41, 17)
(30523, 46, 20)
(30524, 39, 16)
(30528, 41, 17)
(30532, 44, 19)
(30540, 43, 18)
(30544, 44, 19)
(30548, 46, 20)
(30550, 48, 21)
(30554, 44, 19)
(30556, 46, 20)
(30558, 48, 21)
(30559, 44, 19)
(30560, 46, 20)
(30564, 39, 16)
(30596, 39, 16)
(30597, 38, 15)
(30598, 39, 16)
(30599, 38, 15)
(30600, 39, 16)
(30601, 38, 15)
(30602, 39, 16)
(30603, 38, 15)
(30604, 39, 16)
