(0, 69, 33)
(0, 68, 32)
(1/2, 66, 31)
(1, 68, 32)
(3/2, 69, 33)
(2, 71, 34)
(5/2, 76, 37)
(3, 75, 36)
(7/2, 76, 37)
(4, 80, 39)
(9/2, 76, 37)
(5, 71, 34)
(11/2, 73, 35)
(6, 71, 34)
(25/4, 69, 33)
(27/4, 68, 32)
(7, 68, 32)
(8, 69, 33)
(8, 68, 32)
(17/2, 66, 31)
(9, 68, 32)
(19/2, 73, 35)
(10, 72, 34)
(21/2, 73, 35)
(11, 75, 36)
(23/2, 73, 35)
(12, 76, 37)
(25/2, 75, 36)
(13, 70, 33)
(27/2, 71, 34)
(14, 75, 36)
(57/4, 73, 35)
(59/4, 71, 34)
(15, 71, 34)
(16, 71, 34)
(33/2, 66, 31)
(17, 66, 31)
(35/2, 68, 32)
(18, 71, 34)
(37/2, 66, 31)
(19, 66, 31)
(39/2, 68, 32)
(20, 73, 35)
(41/2, 71, 34)
(21, 69, 33)
(43/2, 71, 34)
(22, 68, 32)
(45/2, 66, 31)
(23, 63, 29)
(24, 61, 28)
(49/2, 63, 29)
(25, 64, 30)
(51/2, 66, 31)
(26, 68, 32)
(53/2, 71, 34)
(27, 71, 34)
(28, 61, 28)
(57/2, 63, 29)
(29, 64, 30)
(59/2, 66, 31)
(30, 68, 32)
(61/2, 71, 34)
(31, 71, 34)
(32, 69, 33)
(32, 68, 32)
(65/2, 66, 31)
(33, 68, 32)
(67/2, 69, 33)
(34, 71, 34)
(69/2, 76, 37)
(35, 75, 36)
(71/2, 76, 37)
(36, 80, 39)
(73/2, 76, 37)
(37, 71, 34)
(75/2, 69, 33)
(38, 68, 32)
(153/4, 66, 31)
(155/4, 64, 30)
(39, 64, 30)
(161/4, 76, 37)
(163/4, 75, 36)
(165/4, 76, 37)
(167/4, 73, 35)
(169/4, 71, 34)
(171/4, 70, 33)
(173/4, 71, 34)
(175/4, 68, 32)
(177/4, 68, 32)
(89/2, 71, 34)
(179/4, 76, 37)
(45, 80, 39)
(181/4, 75, 36)
(183/4, 76, 37)
(185/4, 73, 35)
(93/2, 64, 30)
(187/4, 66, 31)
(189/4, 68, 32)
(191/4, 63, 29)
(193/4, 64, 30)
(195/4, 69, 33)
(197/4, 68, 32)
(99/2, 68, 32)
(199/4, 67, 31)
(201/4, 68, 32)
(203/4, 76, 37)
(205/4, 72, 34)
(103/2, 72, 34)
(207/4, 73, 35)
(209/4, 74, 35)
(211/4, 75, 36)
(213/4, 67, 31)
(215/4, 68, 32)
(217/4, 71, 34)
(109/2, 70, 33)
(219/4, 68, 32)
(221/4, 68, 32)
(223/4, 63, 29)
(225/4, 63, 29)
(113/2, 66, 31)
(227/4, 69, 33)
(229/4, 69, 33)
(231/4, 68, 32)
(233/4, 66, 31)
(117/2, 69, 33)
(235/4, 73, 35)
(237/4, 73, 35)
(239/4, 71, 34)
(241/4, 76, 37)
(243/4, 75, 36)
(245/4, 73, 35)
(247/4, 66, 31)
(249/4, 71, 34)
(251/4, 69, 33)
(253/4, 68, 32)
(255/4, 66, 31)
(257/4, 64, 30)
(259/4, 60, 27)
(261/4, 61, 28)
(263/4, 69, 33)
(265/4, 68, 32)
(133/2, 67, 31)
(267/4, 68, 32)
(67, 67, 31)
(269/4, 68, 32)
(135/2, 69, 33)
(271/4, 68, 32)
(273/4, 76, 37)
(275/4, 69, 33)
(277/4, 69, 33)
(279/4, 69, 33)
(281/4, 68, 32)
(141/2, 67, 31)
(283/4, 68, 32)
(71, 67, 31)
(285/4, 68, 32)
(143/2, 71, 34)
(287/4, 68, 32)
(289/4, 76, 37)
(291/4, 75, 36)
(293/4, 76, 37)
(295/4, 73, 35)
(297/4, 71, 34)
(299/4, 70, 33)
(301/4, 69, 33)
(303/4, 68, 32)
(305/4, 76, 37)
(307/4, 71, 34)
(309/4, 68, 32)
(311/4, 64, 30)
(313/4, 69, 33)
(157/2, 63, 29)
(315/4, 64, 30)
(79, 64, 30)
(238/3, 68, 32)
(239/3, 68, 32)
(80, 69, 33)
(80, 68, 32)
(241/3, 66, 31)
(242/3, 68, 32)
(81, 69, 33)
(244/3, 66, 31)
(245/3, 73, 35)
(82, 71, 34)
(83, 76, 37)
(253/3, 80, 39)
(254/3, 78, 38)
(85, 78, 38)
(85, 76, 37)
(256/3, 75, 36)
(257/3, 73, 35)
(86, 71, 34)
(87, 73, 35)
(265/3, 73, 35)
(266/3, 71, 34)
(89, 71, 34)
(89, 69, 33)
(268/3, 68, 32)
(269/3, 66, 31)
(90, 68, 32)
(91, 76, 37)
(277/3, 66, 31)
(278/3, 68, 32)
(93, 70, 33)
(280/3, 76, 37)
(281/3, 75, 36)
(94, 73, 35)
(95, 71, 34)
(286/3, 71, 34)
(287/3, 71, 34)
(96, 71, 34)
(289/3, 66, 31)
(290/3, 66, 31)
(97, 66, 31)
(292/3, 69, 33)
(293/3, 68, 32)
(98, 71, 34)
(295/3, 66, 31)
(296/3, 66, 31)
(99, 66, 31)
(298/3, 69, 33)
(299/3, 68, 32)
(100, 75, 36)
(100, 73, 35)
(301/3, 72, 34)
(302/3, 73, 35)
(101, 76, 37)
(304/3, 75, 36)
(305/3, 73, 35)
(102, 73, 35)
(103, 72, 34)
(313/3, 61, 28)
(314/3, 63, 29)
(105, 64, 30)
(316/3, 64, 30)
(317/3, 66, 31)
(106, 68, 32)
(319/3, 68, 32)
(320/3, 69, 33)
(107, 71, 34)
(325/3, 61, 28)
(326/3, 63, 29)
(109, 64, 30)
(328/3, 64, 30)
(329/3, 66, 31)
(110, 68, 32)
(331/3, 68, 32)
(332/3, 69, 33)
(111, 71, 34)
(337/3, 70, 33)
(338/3, 71, 34)
(113, 74, 36)
(340/3, 73, 35)
(341/3, 71, 34)
(114, 76, 37)
(115, 88, 44)
(349/3, 83, 41)
(350/3, 80, 39)
(117, 76, 37)
(352/3, 71, 34)
(353/3, 68, 32)
(118, 69, 33)
(355/3, 66, 31)
(356/3, 71, 34)
(119, 68, 32)
(361/3, 64, 30)
(362/3, 66, 31)
(121, 68, 32)
(364/3, 68, 32)
(365/3, 70, 33)
(122, 71, 34)
(367/3, 71, 34)
(368/3, 73, 35)
(123, 75, 36)
(373/3, 64, 30)
(374/3, 66, 31)
(125, 68, 32)
(376/3, 68, 32)
(377/3, 70, 33)
(126, 71, 34)
(379/3, 71, 34)
(380/3, 73, 35)
(127, 75, 36)
(382/3, 71, 34)
(383/3, 71, 34)
(128, 71, 34)
(385/3, 70, 33)
(386/3, 71, 34)
(129, 74, 36)
(388/3, 73, 35)
(389/3, 71, 34)
(130, 76, 37)
(131, 88, 44)
(397/3, 83, 41)
(398/3, 80, 39)
(133, 76, 37)
(400/3, 71, 34)
(401/3, 68, 32)
(134, 71, 34)
(403/3, 66, 31)
(404/3, 68, 32)
(135, 64, 30)
(541/4, 63, 29)
(271/2, 64, 30)
(543/4, 66, 31)
(136, 68, 32)
(545/4, 71, 34)
(273/2, 76, 37)
(547/4, 80, 39)
(137, 81, 40)
(549/4, 78, 38)
(275/2, 76, 37)
(551/4, 75, 36)
(138, 78, 38)
(553/4, 76, 37)
(277/2, 75, 36)
(555/4, 76, 37)
(139, 79, 39)
(557/4, 76, 37)
(279/2, 75, 36)
(559/4, 73, 35)
(140, 73, 35)
(561/4, 71, 34)
(281/2, 70, 33)
(563/4, 71, 34)
(141, 76, 37)
(565/4, 73, 35)
(283/2, 70, 33)
(567/4, 73, 35)
(142, 71, 34)
(569/4, 69, 33)
(285/2, 66, 31)
(571/4, 69, 33)
(143, 68, 32)
(573/4, 63, 29)
(287/2, 64, 30)
(575/4, 66, 31)
(144, 68, 32)
(577/4, 67, 31)
(289/2, 68, 32)
(579/4, 70, 33)
(145, 71, 34)
(581/4, 70, 33)
(291/2, 71, 34)
(583/4, 72, 34)
(146, 73, 35)
(585/4, 72, 34)
(293/2, 73, 35)
(587/4, 75, 36)
(147, 76, 37)
(589/4, 75, 36)
(295/2, 76, 37)
(591/4, 77, 37)
(148, 78, 38)
(593/4, 77, 37)
(297/2, 78, 38)
(595/4, 82, 40)
(149, 83, 41)
(597/4, 82, 40)
(299/2, 83, 41)
(599/4, 87, 43)
(150, 90, 45)
(601/4, 89, 44)
(301/2, 90, 45)
(603/4, 94, 47)
(151, 95, 48)
(605/4, 90, 45)
(303/2, 90, 45)
(607/4, 88, 44)
(152, 87, 43)
(609/4, 83, 41)
(305/2, 81, 40)
(611/4, 78, 38)
(153, 76, 37)
(613/4, 80, 39)
(307/2, 83, 41)
(615/4, 88, 44)
(154, 87, 43)
(617/4, 83, 41)
(309/2, 81, 40)
(619/4, 78, 38)
(155, 76, 37)
(621/4, 80, 39)
(311/2, 88, 44)
(623/4, 87, 43)
(156, 87, 43)
(625/4, 85, 42)
(313/2, 84, 41)
(627/4, 85, 42)
(157, 84, 41)
(629/4, 85, 42)
(315/2, 81, 40)
(631/4, 78, 38)
(158, 81, 40)
(633/4, 78, 38)
(317/2, 75, 36)
(635/4, 73, 35)
(159, 72, 34)
(637/4, 68, 32)
(319/2, 66, 31)
(639/4, 63, 29)
(160, 61, 28)
(641/4, 64, 30)
(321/2, 60, 27)
(643/4, 63, 29)
(161, 61, 28)
(645/4, 64, 30)
(323/2, 63, 29)
(647/4, 66, 31)
(162, 64, 30)
(649/4, 68, 32)
(325/2, 66, 31)
(651/4, 69, 33)
(163, 68, 32)
(653/4, 71, 34)
(327/2, 68, 32)
(655/4, 72, 34)
(164, 69, 33)
(657/4, 73, 35)
(329/2, 72, 34)
(659/4, 75, 36)
(165, 73, 35)
(661/4, 76, 37)
(331/2, 75, 36)
(663/4, 78, 38)
(166, 76, 37)
(665/4, 80, 39)
(333/2, 78, 38)
(667/4, 81, 40)
(167, 80, 39)
(669/4, 83, 41)
(335/2, 81, 40)
(671/4, 85, 42)
(168, 83, 41)
(673/4, 90, 45)
(337/2, 88, 44)
(675/4, 86, 43)
(169, 85, 42)
(677/4, 83, 41)
(339/2, 85, 42)
(679/4, 86, 43)
(170, 88, 44)
(681/4, 87, 43)
(341/2, 88, 44)
(683/4, 90, 45)
(171, 91, 46)
(685/4, 88, 44)
(343/2, 87, 43)
(687/4, 88, 44)
(172, 99, 50)
(347/2, 75, 36)
(697/4, 76, 37)
(349/2, 80, 39)
(699/4, 76, 37)
(175, 71, 34)
(701/4, 68, 32)
(351/2, 64, 30)
(703/4, 66, 31)
(176, 68, 32)
(177, 73, 35)
(178, 66, 31)
(179, 71, 34)
(180, 70, 33)
(181, 75, 36)
(182, 68, 32)
(183, 73, 35)
(369/2, 71, 34)
(185, 70, 33)
(371/2, 71, 34)
(186, 71, 34)
(373/2, 69, 33)
(187, 68, 32)
(375/2, 69, 33)
(188, 69, 33)
(377/2, 67, 32)
(189, 66, 31)
(379/2, 67, 32)
(190, 66, 31)
(191, 66, 31)
(193, 71, 34)
(194, 69, 33)
(195, 68, 32)
(197, 73, 35)
(198, 71, 34)
(199, 69, 33)
(201, 69, 33)
(202, 68, 32)
(203, 71, 34)
(205, 69, 33)
(206, 68, 32)
(207, 76, 37)
(417/2, 71, 34)
(209, 73, 35)
(419/2, 74, 36)
(210, 75, 36)
(421/2, 76, 37)
(211, 81, 40)
(423/2, 78, 38)
(212, 76, 37)
(425/2, 75, 36)
(213, 73, 35)
(427/2, 75, 36)
(214, 78, 38)
(433/2, 76, 37)
(217, 75, 36)
(435/2, 76, 37)
(218, 79, 39)
(441/2, 78, 38)
(221, 77, 37)
(443/2, 78, 38)
(222, 81, 40)
(897/4, 84, 42)
(449/2, 81, 40)
(899/4, 83, 41)
(225, 78, 38)
(901/4, 81, 40)
(451/2, 78, 38)
(903/4, 81, 40)
(226, 75, 36)
(905/4, 78, 38)
(453/2, 75, 36)
(907/4, 78, 38)
(227, 69, 33)
(909/4, 72, 35)
(455/2, 69, 33)
(911/4, 72, 35)
(228, 66, 31)
(913/4, 69, 33)
(457/2, 66, 31)
(915/4, 69, 33)
(229, 63, 29)
(917/4, 66, 31)
(459/2, 63, 29)
(919/4, 66, 31)
(230, 60, 28)
(921/4, 59, 27)
(461/2, 58, 26)
(923/4, 59, 27)
(231, 61, 28)
(925/4, 63, 29)
(463/2, 64, 30)
(927/4, 66, 31)
(232, 67, 32)
(929/4, 64, 30)
(465/2, 59, 27)
(931/4, 67, 32)
(233, 67, 32)
(933/4, 67, 32)
(467/2, 67, 32)
(935/4, 64, 30)
(234, 59, 27)
(937/4, 69, 33)
(469/2, 69, 33)
(939/4, 69, 33)
(235, 71, 34)
(941/4, 67, 32)
(471/2, 64, 30)
(943/4, 76, 37)
(236, 76, 37)
(945/4, 76, 37)
(473/2, 75, 36)
(947/4, 72, 35)
(237, 69, 33)
(949/4, 76, 37)
(475/2, 76, 37)
(951/4, 76, 37)
(238, 71, 34)
(953/4, 67, 32)
(477/2, 64, 30)
(955/4, 76, 37)
(239, 76, 37)
(957/4, 76, 37)
(479/2, 75, 36)
(959/4, 72, 35)
(240, 69, 33)
(961/4, 76, 37)
(481/2, 76, 37)
(963/4, 76, 37)
(241, 71, 34)
(965/4, 67, 32)
(483/2, 64, 30)
(967/4, 71, 34)
(242, 71, 34)
(969/4, 71, 34)
(485/2, 71, 34)
(971/4, 77, 38)
(243, 76, 37)
(973/4, 74, 36)
(487/2, 72, 35)
(975/4, 71, 34)
(244, 74, 36)
(977/4, 72, 35)
(489/2, 71, 34)
(979/4, 69, 33)
(245, 68, 32)
(981/4, 69, 33)
(491/2, 69, 33)
(983/4, 68, 32)
(246, 65, 31)
(985/4, 64, 30)
(493/2, 63, 29)
(987/4, 64, 30)
(247, 69, 33)
(989/4, 71, 34)
(495/2, 69, 33)
(991/4, 68, 32)
(248, 69, 33)
(993/4, 72, 35)
(497/2, 76, 37)
(995/4, 78, 38)
(249, 76, 37)
(997/4, 75, 36)
(499/2, 76, 37)
(999/4, 78, 38)
(250, 79, 39)
(501/2, 78, 38)
(251, 76, 37)
(503/2, 79, 39)
(252, 78, 38)
(505/2, 76, 37)
(253, 75, 36)
(1013/4, 71, 34)
(507/2, 75, 36)
(1015/4, 78, 38)
(254, 83, 41)
(1017/4, 87, 43)
(509/2, 90, 45)
(1021/4, 63, 29)
(511/2, 64, 30)
(1023/4, 66, 31)
(256, 67, 32)
(1025/4, 64, 30)
(513/2, 59, 27)
(1027/4, 66, 31)
(257, 66, 31)
(1029/4, 66, 31)
(515/2, 67, 32)
(1031/4, 64, 30)
(258, 59, 27)
(1033/4, 69, 33)
(517/2, 69, 33)
(1035/4, 69, 33)
(259, 71, 34)
(1037/4, 67, 32)
(519/2, 64, 30)
(1039/4, 76, 37)
(260, 76, 37)
(1041/4, 76, 37)
(521/2, 75, 37)
(1043/4, 72, 35)
(261, 67, 32)
(1045/4, 79, 39)
(523/2, 79, 39)
(1047/4, 79, 39)
(262, 74, 36)
(1049/4, 71, 34)
(525/2, 67, 32)
(1051/4, 79, 39)
(263, 79, 39)
(1053/4, 79, 39)
(527/2, 75, 37)
(1055/4, 72, 35)
(264, 67, 32)
(1057/4, 79, 39)
(529/2, 79, 39)
(1059/4, 79, 39)
(265, 74, 36)
(1061/4, 71, 34)
(531/2, 67, 32)
(1063/4, 74, 36)
(266, 74, 36)
(1065/4, 74, 36)
(533/2, 74, 36)
(1067/4, 67, 32)
(267, 69, 33)
(1069/4, 71, 34)
(535/2, 72, 35)
(1071/4, 74, 36)
(268, 76, 37)
(1073/4, 77, 38)
(537/2, 76, 37)
(1075/4, 75, 36)
(269, 76, 37)
(1077/4, 72, 35)
(539/2, 76, 37)
(1079/4, 77, 38)
(270, 76, 37)
(1081/4, 75, 36)
(541/2, 76, 37)
(1083/4, 72, 35)
(271, 79, 39)
(1085/4, 81, 40)
(543/2, 79, 39)
(1087/4, 78, 38)
(272, 79, 39)
(1089/4, 76, 37)
(545/2, 79, 39)
(1091/4, 81, 40)
(273, 79, 39)
(1093/4, 78, 38)
(547/2, 79, 39)
(1095/4, 76, 37)
(274, 85, 42)
(549/2, 85, 42)
(275, 86, 43)
(551/2, 88, 44)
(276, 86, 43)
(553/2, 85, 42)
(277, 83, 41)
(1109/4, 86, 43)
(555/2, 85, 42)
(1111/4, 83, 41)
(278, 82, 40)
(1113/4, 83, 41)
(557/2, 83, 41)
(1115/4, 86, 43)
(279, 85, 42)
(1117/4, 83, 41)
(559/2, 82, 40)
(1119/4, 83, 41)
(280, 86, 43)
(281, 83, 41)
(563/2, 83, 41)
(1127/4, 86, 43)
(282, 85, 42)
(1129/4, 83, 41)
(565/2, 82, 40)
(1131/4, 83, 41)
(283, 86, 43)
(284, 83, 41)
(569/2, 83, 41)
(1139/4, 86, 43)
(285, 85, 42)
(1141/4, 83, 41)
(571/2, 82, 40)
(1143/4, 83, 41)
(286, 90, 45)
(575/2, 82, 40)
(1153/4, 64, 30)
(577/2, 66, 31)
(1155/4, 67, 32)
(289, 69, 33)
(1157/4, 66, 31)
(579/2, 60, 28)
(1159/4, 69, 33)
(290, 69, 33)
(1161/4, 69, 33)
(581/2, 69, 33)
(1163/4, 66, 31)
(291, 60, 28)
(1165/4, 69, 33)
(583/2, 69, 33)
(1167/4, 69, 33)
(292, 69, 33)
(1169/4, 71, 34)
(585/2, 72, 35)
(1171/4, 71, 34)
(293, 69, 33)
(1173/4, 67, 32)
(587/2, 66, 31)
(1177/4, 76, 37)
(589/2, 78, 38)
(1179/4, 79, 39)
(295, 81, 40)
(1181/4, 78, 38)
(591/2, 72, 35)
(1183/4, 81, 40)
(296, 81, 40)
(1185/4, 81, 40)
(593/2, 81, 40)
(1187/4, 78, 38)
(297, 72, 35)
(1189/4, 81, 40)
(595/2, 81, 40)
(1191/4, 81, 40)
(298, 81, 40)
(1193/4, 83, 41)
(597/2, 81, 40)
(1195/4, 79, 39)
(299, 78, 38)
(1197/4, 76, 37)
(599/2, 75, 36)
(1201/4, 59, 27)
(601/2, 60, 28)
(1203/4, 62, 29)
(301, 64, 30)
(603/2, 63, 29)
(302, 64, 30)
(605/2, 66, 31)
(303, 67, 32)
(607/2, 69, 33)
(304, 71, 34)
(609/2, 70, 33)
(305, 71, 34)
(611/2, 72, 35)
(306, 74, 36)
(613/2, 75, 36)
(307, 76, 37)
(615/2, 75, 36)
(308, 76, 37)
(617/2, 78, 38)
(309, 79, 39)
(619/2, 81, 40)
(310, 83, 41)
(621/2, 82, 40)
(311, 83, 41)
(623/2, 84, 42)
(312, 86, 43)
(625/2, 87, 43)
(313, 88, 44)
(627/2, 88, 44)
(314, 90, 45)
(629/2, 91, 46)
(315, 93, 47)
(631/2, 95, 48)
(316, 96, 49)
(319, 95, 48)
(641/2, 75, 36)
(322, 76, 37)
(1289/4, 79, 39)
(645/2, 78, 38)
(1291/4, 76, 37)
(323, 75, 36)
(1293/4, 76, 37)
(647/2, 76, 37)
(1295/4, 79, 39)
(324, 78, 38)
(1297/4, 76, 37)
(649/2, 75, 36)
(1299/4, 76, 37)
(325, 79, 39)
(326, 76, 37)
(653/2, 76, 37)
(1307/4, 79, 39)
(327, 78, 38)
(1309/4, 76, 37)
(655/2, 75, 36)
(1311/4, 76, 37)
(328, 79, 39)
(329, 76, 37)
(659/2, 76, 37)
(1319/4, 79, 39)
(330, 78, 38)
(1321/4, 76, 37)
(661/2, 75, 36)
(1323/4, 76, 37)
(331, 83, 41)
(665/2, 75, 36)
(667/2, 83, 41)
(334, 86, 43)
(671/2, 84, 42)
(337, 80, 39)
(677/2, 81, 40)
(679/2, 81, 40)
(340, 84, 42)
(683/2, 83, 41)
(343, 81, 40)
(689/2, 79, 39)
(691/2, 79, 39)
(346, 78, 38)
(695/2, 77, 38)
(699/2, 84, 42)
(350, 83, 41)
(701/2, 84, 42)
(351, 81, 40)
(703/2, 77, 38)
(352, 76, 37)
(707/2, 75, 36)
(711/2, 81, 40)
(356, 80, 39)
(713/2, 81, 40)
(357, 77, 38)
(715/2, 72, 35)
(358, 72, 35)
(723/2, 69, 33)
(362, 71, 34)
(725/2, 72, 35)
(363, 71, 34)
(727/2, 69, 33)
(364, 79, 39)
(729/2, 69, 33)
(365, 71, 34)
(731/2, 72, 35)
(366, 71, 34)
(733/2, 69, 33)
(367, 78, 38)
(735/2, 69, 33)
(368, 71, 34)
(737/2, 72, 35)
(369, 71, 34)
(739/2, 69, 33)
(370, 81, 40)
(741/2, 79, 39)
(371, 78, 38)
(743/2, 81, 40)
(372, 84, 42)
(745/2, 83, 41)
(373, 81, 40)
(747/2, 84, 42)
(374, 90, 45)
(749/2, 88, 44)
(375, 87, 43)
(751/2, 84, 42)
(376, 81, 40)
(753/2, 79, 39)
(377, 78, 38)
(755/2, 76, 37)
(378, 75, 36)
(757/2, 72, 35)
(379, 71, 34)
(759/2, 70, 33)
(380, 69, 33)
(761/2, 68, 32)
(381, 69, 33)
(763/2, 70, 33)
(382, 71, 34)
(765/2, 66, 31)
(383, 71, 34)
(767/2, 71, 34)
(384, 71, 34)
(385, 70, 33)
(387, 69, 33)
(388, 69, 33)
(777/2, 64, 30)
(389, 69, 33)
(779/2, 69, 33)
(390, 69, 33)
(390, 68, 32)
(781/2, 66, 31)
(391, 68, 32)
(783/2, 69, 33)
(392, 71, 34)
(785/2, 76, 37)
(393, 75, 36)
(787/2, 76, 37)
(394, 80, 39)
(789/2, 76, 37)
(395, 71, 34)
(791/2, 73, 35)
(396, 71, 34)
(1589/4, 76, 37)
(795/2, 75, 36)
(1591/4, 76, 37)
(398, 80, 39)
(797/2, 76, 37)
(399, 71, 34)
(799/2, 75, 36)
(799/2, 73, 35)
(400, 71, 34)
(1609/4, 71, 34)
(1611/4, 76, 37)
(1613/4, 75, 36)
(1615/4, 70, 33)
(1617/4, 71, 34)
(1619/4, 75, 36)
(1621/4, 76, 37)
(1623/4, 73, 35)
(1625/4, 71, 34)
(813/2, 70, 33)
(1627/4, 71, 34)
(1629/4, 69, 33)
(1631/4, 66, 31)
(1633/4, 66, 31)
(817/2, 64, 30)
(1635/4, 66, 31)
(409, 68, 32)
(1637/4, 76, 37)
(819/2, 75, 36)
(1639/4, 76, 37)
(410, 80, 39)
(821/2, 76, 37)
(411, 71, 34)
(823/2, 73, 35)
(412, 71, 34)
(825/2, 69, 33)
(413, 68, 32)
(827/2, 69, 33)
(414, 68, 32)
(415, 66, 31)
(831/2, 71, 34)
(416, 69, 33)
(417, 68, 32)
(835/2, 73, 35)
(418, 71, 34)
(837/2, 69, 33)
(419, 81, 40)
(839/2, 75, 36)
(420, 83, 41)
(841/2, 80, 39)
(421, 76, 37)
(843/2, 73, 35)
(422, 71, 34)
(845/2, 68, 32)
(423, 68, 32)
(847/2, 66, 31)
(424, 64, 30)
(1701/4, 59, 27)
(851/2, 59, 27)
(1703/4, 59, 27)
(1705/4, 64, 30)
(1707/4, 60, 27)
(1709/4, 61, 28)
(1711/4, 69, 33)
(1713/4, 68, 32)
(857/2, 67, 31)
(1715/4, 68, 32)
(429, 67, 31)
(1717/4, 68, 32)
(859/2, 69, 33)
(1719/4, 68, 32)
(1721/4, 64, 30)
(1723/4, 60, 27)
(1725/4, 61, 28)
(1727/4, 69, 33)
(1729/4, 68, 32)
(865/2, 67, 31)
(1731/4, 68, 32)
(433, 67, 31)
(1733/4, 68, 32)
(867/2, 69, 33)
(1735/4, 68, 32)
(434, 76, 37)
(873/2, 73, 35)
(875/2, 71, 34)
(877/2, 71, 34)
(879/2, 70, 33)
(881/2, 69, 33)
(883/2, 63, 29)
(442, 66, 31)
(442, 64, 30)
(885/2, 63, 29)
(443, 64, 30)
(887/2, 66, 31)
(444, 69, 33)
(444, 68, 32)
(889/2, 66, 31)
(445, 68, 32)
(891/2, 69, 33)
(446, 71, 34)
(893/2, 76, 37)
(447, 75, 36)
(895/2, 76, 37)
(448, 80, 39)
(897/2, 83, 41)
(449, 82, 40)
(899/2, 83, 41)
(450, 88, 44)
(10000, 64, 30)
(20001/2, 66, 31)
(10001, 64, 30)
(20003/2, 63, 29)
(10002, 64, 30)
(20005/2, 64, 30)
(10003, 66, 31)
(20007/2, 64, 30)
(20009/2, 64, 30)
(10005, 64, 30)
(20011/2, 64, 30)
(10006, 63, 29)
(20013/2, 63, 29)
(10007, 64, 30)
(10008, 64, 30)
(20017/2, 66, 31)
(10009, 64, 30)
(20019/2, 61, 28)
(10010, 63, 29)
(20021/2, 61, 28)
(10011, 66, 31)
(20023/2, 68, 32)
(10012, 61, 28)
(20025/2, 63, 29)
(10013, 64, 30)
(20027/2, 66, 31)
(10014, 68, 32)
(20029/2, 70, 33)
(10015, 71, 34)
(10016, 59, 27)
(20033/2, 66, 31)
(10017, 66, 31)
(20035/2, 64, 30)
(10018, 64, 30)
(20037/2, 66, 31)
(10019, 66, 31)
(20039/2, 64, 30)
(10020, 64, 30)
(20041/2, 64, 30)
(10021, 64, 30)
(20043/2, 63, 29)
(10022, 64, 30)
(20045/2, 63, 29)
(10023, 60, 27)
(10024, 61, 28)
(20049/2, 61, 28)
(10025, 61, 28)
(20051/2, 61, 28)
(10026, 59, 27)
(20053/2, 68, 32)
(10027, 59, 27)
(10027, 68, 32)
(10028, 61, 28)
(20057/2, 61, 28)
(10029, 61, 28)
(20059/2, 61, 28)
(10030, 59, 27)
(20061/2, 68, 32)
(10031, 59, 27)
(10031, 68, 32)
(10032, 64, 30)
(20065/2, 66, 31)
(10033, 64, 30)
(20067/2, 63, 29)
(10034, 64, 30)
(20069/2, 64, 30)
(10035, 66, 31)
(20071/2, 66, 31)
(20073/2, 68, 32)
(20075/2, 64, 30)
(10038, 64, 30)
(20077/2, 63, 29)
(10039, 64, 30)
(40161/4, 71, 34)
(40163/4, 69, 33)
(40165/4, 71, 34)
(40167/4, 64, 30)
(40169/4, 63, 29)
(40171/4, 67, 32)
(40173/4, 66, 31)
(40175/4, 64, 30)
(40177/4, 64, 30)
(20089/2, 68, 32)
(40179/4, 71, 34)
(10045, 71, 34)
(40181/4, 69, 33)
(40183/4, 68, 32)
(40185/4, 64, 30)
(20093/2, 61, 28)
(40187/4, 63, 29)
(40189/4, 60, 27)
(40191/4, 60, 27)
(40193/4, 61, 28)
(40195/4, 63, 29)
(40197/4, 64, 30)
(20099/2, 64, 30)
(40199/4, 64, 30)
(40201/4, 63, 29)
(40203/4, 68, 32)
(40205/4, 66, 31)
(20103/2, 64, 30)
(40207/4, 63, 29)
(40209/4, 68, 32)
(40209/4, 71, 34)
(40211/4, 68, 32)
(40211/4, 71, 34)
(40213/4, 63, 29)
(40215/4, 63, 29)
(40217/4, 68, 32)
(20109/2, 67, 31)
(40219/4, 68, 32)
(40221/4, 63, 29)
(40223/4, 63, 29)
(40225/4, 59, 27)
(20113/2, 63, 29)
(40227/4, 63, 29)
(40229/4, 63, 29)
(40231/4, 64, 30)
(40233/4, 63, 29)
(20117/2, 63, 29)
(40235/4, 63, 29)
(40235/4, 69, 33)
(40237/4, 63, 29)
(40237/4, 69, 33)
(40239/4, 64, 30)
(40241/4, 64, 30)
(40243/4, 64, 30)
(40245/4, 64, 30)
(40247/4, 63, 29)
(40249/4, 64, 30)
(40251/4, 63, 29)
(40253/4, 60, 27)
(40255/4, 60, 27)
(40257/4, 61, 28)
(40259/4, 57, 26)
(40261/4, 57, 26)
(40263/4, 60, 28)
(40263/4, 63, 29)
(40265/4, 64, 30)
(20133/2, 63, 29)
(40267/4, 64, 30)
(10067, 63, 29)
(40269/4, 64, 30)
(20135/2, 63, 29)
(40271/4, 64, 30)
(40273/4, 69, 33)
(40275/4, 60, 27)
(40277/4, 61, 28)
(40279/4, 60, 28)
(40279/4, 63, 29)
(40281/4, 64, 30)
(20141/2, 63, 29)
(40283/4, 64, 30)
(10071, 63, 29)
(40285/4, 64, 30)
(20143/2, 68, 32)
(40287/4, 64, 30)
(40289/4, 71, 34)
(40291/4, 69, 33)
(40293/4, 71, 34)
(40295/4, 64, 30)
(40297/4, 63, 29)
(40299/4, 64, 30)
(40301/4, 66, 31)
(40303/4, 64, 30)
(40305/4, 71, 34)
(40307/4, 68, 32)
(40309/4, 64, 30)
(40311/4, 59, 27)
(40313/4, 63, 29)
(20157/2, 57, 26)
(40315/4, 56, 25)
(10079, 56, 25)
(30238/3, 64, 30)
(30239/3, 64, 30)
(10080, 64, 30)
(30241/3, 63, 29)
(30242/3, 64, 30)
(10081, 63, 29)
(30244/3, 63, 29)
(30245/3, 63, 29)
(10082, 64, 30)
(30247/3, 64, 30)
(30248/3, 64, 30)
(10083, 64, 30)
(30250/3, 64, 30)
(30251/3, 64, 30)
(10084, 64, 30)
(10085, 64, 30)
(30259/3, 64, 30)
(30260/3, 62, 29)
(10087, 61, 28)
(30262/3, 61, 28)
(30263/3, 59, 27)
(10088, 57, 26)
(10089, 61, 28)
(30271/3, 63, 29)
(30272/3, 66, 31)
(10091, 64, 30)
(30274/3, 66, 31)
(30275/3, 68, 32)
(10092, 61, 28)
(30277/3, 64, 30)
(30278/3, 64, 30)
(10093, 64, 30)
(30280/3, 68, 32)
(30281/3, 66, 31)
(10094, 64, 30)
(10095, 63, 29)
(30286/3, 59, 27)
(30287/3, 59, 27)
(10096, 59, 27)
(30289/3, 66, 31)
(30290/3, 66, 31)
(10097, 66, 31)
(30292/3, 63, 29)
(30293/3, 64, 30)
(10098, 59, 27)
(30295/3, 59, 27)
(30296/3, 59, 27)
(10099, 59, 27)
(30298/3, 63, 29)
(30299/3, 68, 32)
(10100, 68, 32)
(10101, 67, 31)
(10102, 68, 32)
(30307/3, 69, 33)
(30308/3, 68, 32)
(10103, 66, 31)
(30310/3, 63, 29)
(30311/3, 68, 32)
(10104, 61, 28)
(30313/3, 61, 28)
(30314/3, 60, 27)
(10105, 61, 28)
(30316/3, 61, 28)
(30317/3, 63, 29)
(10106, 64, 30)
(30319/3, 64, 30)
(30320/3, 66, 31)
(10107, 68, 32)
(30325/3, 61, 28)
(30326/3, 59, 27)
(10109, 61, 28)
(30328/3, 61, 28)
(30329/3, 63, 29)
(10110, 64, 30)
(30331/3, 64, 30)
(30332/3, 66, 31)
(10111, 68, 32)
(30334/3, 64, 30)
(30335/3, 66, 31)
(10112, 68, 32)
(30340/3, 64, 30)
(30341/3, 64, 30)
(10114, 71, 34)
(10114, 69, 33)
(30343/3, 68, 32)
(30344/3, 69, 33)
(10115, 71, 34)
(10115, 69, 33)
(30346/3, 68, 32)
(30347/3, 69, 33)
(10116, 68, 32)
(30352/3, 64, 30)
(30353/3, 64, 30)
(10118, 63, 29)
(30355/3, 63, 29)
(30356/3, 63, 29)
(10119, 64, 30)
(30361/3, 61, 28)
(30362/3, 63, 29)
(10121, 64, 30)
(30364/3, 68, 32)
(30365/3, 67, 31)
(10122, 68, 32)
(30367/3, 68, 32)
(30368/3, 70, 33)
(10123, 71, 34)
(30373/3, 61, 28)
(30374/3, 63, 29)
(10125, 64, 30)
(30376/3, 66, 31)
(30377/3, 64, 30)
(10126, 63, 29)
(30379/3, 68, 32)
(30380/3, 70, 33)
(10127, 71, 34)
(30382/3, 68, 32)
(30383/3, 68, 32)
(10128, 68, 32)
(30388/3, 64, 30)
(30389/3, 64, 30)
(10130, 71, 34)
(10130, 69, 33)
(30391/3, 68, 32)
(30392/3, 69, 33)
(10131, 71, 34)
(10131, 69, 33)
(30394/3, 68, 32)
(30395/3, 69, 33)
(10132, 68, 32)
(30400/3, 64, 30)
(30401/3, 64, 30)
(10134, 63, 29)
(30403/3, 63, 29)
(30404/3, 59, 27)
(10135, 59, 27)
(10136, 59, 27)
(10138, 64, 30)
(10140, 68, 32)
(10141, 67, 32)
(10142, 66, 31)
(10143, 64, 30)
(40573/4, 59, 27)
(20287/2, 61, 28)
(40575/4, 63, 29)
(10144, 64, 30)
(10145, 59, 27)
(10148, 58, 26)
(10149, 66, 31)
(10150, 64, 30)
(10151, 63, 29)
(10152, 59, 27)
(10155, 64, 30)
(10156, 61, 28)
(10159, 60, 27)
(20323/2, 60, 28)
(10162, 59, 27)
(20329/2, 64, 30)
(10165, 69, 33)
(10166, 68, 32)
(20333/2, 66, 31)
(10167, 64, 30)
(20335/2, 61, 28)
(10168, 59, 27)
(10170, 58, 26)
(10172, 59, 27)
(40689/4, 68, 32)
(20345/2, 66, 31)
(40691/4, 64, 30)
(10173, 63, 29)
(40693/4, 61, 28)
(20347/2, 59, 27)
(40695/4, 57, 26)
(10174, 56, 25)
(10176, 64, 30)
(10178, 63, 29)
(10179, 65, 30)
(40717/4, 68, 32)
(20359/2, 65, 30)
(40719/4, 68, 32)
(10180, 61, 28)
(10181, 66, 31)
(10182, 64, 30)
(20369/2, 64, 30)
(10185, 64, 30)
(20371/2, 64, 30)
(10186, 64, 30)
(20373/2, 64, 30)
(10187, 64, 30)
(20375/2, 64, 30)
(10188, 64, 30)
(20377/2, 64, 30)
(10189, 64, 30)
(20379/2, 64, 30)
(10190, 63, 29)
(10191, 63, 29)
(10193, 64, 30)
(10194, 63, 29)
(10195, 64, 30)
(10196, 65, 30)
(10198, 66, 31)
(20397/2, 68, 32)
(10199, 69, 33)
(10201, 66, 31)
(10202, 64, 30)
(10203, 62, 29)
(10204, 61, 28)
(10205, 66, 31)
(10206, 59, 27)
(10207, 68, 32)
(20417/2, 68, 32)
(10209, 68, 32)
(20419/2, 68, 32)
(10210, 69, 33)
(20421/2, 69, 33)
(10211, 69, 33)
(20423/2, 69, 33)
(10212, 66, 31)
(20425/2, 69, 33)
(10213, 69, 33)
(20427/2, 69, 33)
(10214, 69, 33)
(20433/2, 64, 30)
(20433/2, 71, 34)
(10217, 64, 30)
(10217, 71, 34)
(20435/2, 64, 30)
(20435/2, 71, 34)
(10218, 64, 30)
(10218, 71, 34)
(20441/2, 66, 31)
(10221, 66, 31)
(20443/2, 66, 31)
(10222, 66, 31)
(40925/4, 59, 27)
(20463/2, 61, 28)
(40927/4, 63, 29)
(10232, 64, 30)
(40931/4, 63, 29)
(10233, 63, 29)
(40933/4, 63, 29)
(20467/2, 64, 30)
(40937/4, 64, 30)
(20469/2, 64, 30)
(40939/4, 64, 30)
(10235, 64, 30)
(10236, 64, 30)
(20473/2, 63, 29)
(20475/2, 64, 30)
(10238, 59, 27)
(10239, 64, 30)
(20479/2, 63, 29)
(20481/2, 64, 30)
(10241, 59, 27)
(20485/2, 64, 30)
(20491/2, 64, 30)
(20497/2, 67, 32)
(10250, 64, 30)
(20501/2, 66, 31)
(10251, 67, 32)
(20503/2, 64, 30)
(10252, 66, 31)
(20505/2, 67, 32)
(10253, 66, 31)
(41021/4, 59, 27)
(20511/2, 61, 28)
(41023/4, 63, 29)
(10256, 64, 30)
(41027/4, 63, 29)
(10257, 63, 29)
(41029/4, 63, 29)
(20515/2, 64, 30)
(41033/4, 64, 30)
(20517/2, 64, 30)
(41035/4, 64, 30)
(10259, 64, 30)
(10260, 64, 30)
(20521/2, 63, 30)
(20523/2, 67, 32)
(10262, 62, 29)
(10263, 62, 29)
(20527/2, 63, 30)
(20529/2, 67, 32)
(10265, 62, 29)
(20533/2, 55, 25)
(20533/2, 65, 31)
(10268, 55, 25)
(10268, 64, 30)
(20539/2, 55, 25)
(20539/2, 64, 30)
(10271, 59, 27)
(10271, 64, 30)
(20545/2, 59, 27)
(20545/2, 64, 30)
(10274, 66, 31)
(20549/2, 66, 31)
(10275, 66, 31)
(20551/2, 66, 31)
(10276, 66, 31)
(20553/2, 66, 31)
(10277, 66, 31)
(10277, 71, 34)
(20557/2, 62, 29)
(41121/4, 64, 30)
(20561/2, 66, 31)
(41123/4, 67, 32)
(10281, 66, 31)
(41125/4, 64, 30)
(20563/2, 62, 29)
(41133/4, 64, 30)
(20567/2, 66, 31)
(41135/4, 67, 32)
(10284, 66, 31)
(41137/4, 64, 30)
(20569/2, 62, 29)
(41145/4, 66, 31)
(20573/2, 71, 34)
(41147/4, 74, 36)
(10287, 73, 35)
(41149/4, 71, 34)
(20575/2, 70, 33)
(41151/4, 67, 32)
(10288, 66, 31)
(41153/4, 64, 30)
(20577/2, 63, 29)
(41155/4, 64, 30)
(10289, 66, 31)
(41159/4, 66, 31)
(10290, 66, 31)
(41161/4, 66, 31)
(20581/2, 66, 31)
(41165/4, 66, 31)
(20583/2, 66, 31)
(41167/4, 66, 31)
(10292, 66, 31)
(10295, 69, 33)
(10295, 78, 38)
(41183/4, 69, 33)
(41183/4, 78, 38)
(10296, 69, 33)
(10296, 78, 38)
(41185/4, 69, 33)
(41185/4, 78, 38)
(20593/2, 69, 33)
(20593/2, 78, 38)
(41189/4, 69, 33)
(41189/4, 78, 38)
(20595/2, 69, 33)
(20595/2, 78, 38)
(41191/4, 69, 33)
(41191/4, 78, 38)
(10298, 69, 33)
(10298, 78, 38)
(20607/2, 63, 30)
(10304, 62, 29)
(41217/4, 62, 29)
(20609/2, 66, 31)
(41219/4, 62, 29)
(10305, 67, 32)
(41221/4, 62, 29)
(20611/2, 69, 33)
(41223/4, 62, 29)
(10306, 71, 34)
(41225/4, 62, 29)
(20613/2, 71, 34)
(41227/4, 67, 32)
(10307, 72, 35)
(10308, 72, 35)
(20617/2, 75, 36)
(10309, 76, 37)
(20619/2, 78, 38)
(10310, 79, 39)
(41241/4, 74, 36)
(20621/2, 72, 35)
(41243/4, 74, 36)
(10311, 71, 34)
(41245/4, 74, 36)
(20623/2, 69, 33)
(41247/4, 74, 36)
(10312, 71, 34)
(41249/4, 74, 36)
(20625/2, 71, 34)
(41251/4, 67, 32)
(10313, 72, 35)
(41253/4, 67, 32)
(20627/2, 64, 30)
(41255/4, 67, 32)
(10314, 64, 30)
(41257/4, 67, 32)
(20629/2, 64, 30)
(41259/4, 67, 32)
(10315, 64, 30)
(41261/4, 67, 32)
(20631/2, 64, 30)
(41263/4, 67, 32)
(10316, 66, 31)
(20635/2, 64, 30)
(10319, 67, 32)
(41277/4, 64, 30)
(20639/2, 67, 32)
(41279/4, 64, 30)
(10320, 67, 32)
(41281/4, 64, 30)
(20641/2, 71, 34)
(41283/4, 66, 31)
(10321, 71, 34)
(41285/4, 66, 31)
(20643/2, 71, 34)
(41287/4, 66, 31)
(10322, 64, 30)
(20647/2, 61, 28)
(10325, 59, 27)
(41301/4, 57, 26)
(20651/2, 55, 25)
(41303/4, 57, 26)
(10326, 59, 27)
(41305/4, 55, 25)
(20653/2, 61, 28)
(10328, 59, 27)
(41313/4, 57, 26)
(20657/2, 55, 25)
(41315/4, 57, 26)
(10329, 59, 27)
(41317/4, 55, 25)
(20659/2, 61, 28)
(10331, 59, 27)
(41325/4, 59, 27)
(20663/2, 64, 30)
(41327/4, 67, 32)
(10332, 66, 31)
(41329/4, 64, 30)
(20665/2, 63, 29)
(41331/4, 63, 29)
(10333, 66, 31)
(41333/4, 69, 33)
(20667/2, 67, 32)
(41335/4, 66, 31)
(10334, 65, 31)
(20671/2, 64, 30)
(10337, 62, 29)
(20677/2, 60, 28)
(10340, 57, 26)
(20683/2, 55, 25)
(10343, 63, 29)
(20689/2, 64, 30)
(10346, 60, 28)
(10349, 60, 28)
(10352, 60, 28)
(10355, 60, 28)
(10358, 60, 28)
(10361, 60, 28)
(10364, 60, 28)
(20769/2, 61, 28)
(10385, 66, 31)
(20771/2, 66, 31)
(10386, 66, 31)
(10387, 64, 30)
(10389, 63, 29)
(10390, 64, 30)
(20781/2, 66, 31)
(10391, 64, 30)
(20783/2, 63, 29)
(10392, 64, 30)
(20785/2, 64, 30)
(10393, 66, 31)
(20787/2, 64, 30)
(10394, 59, 27)
(20791/2, 64, 30)
(10396, 59, 27)
(10396, 64, 30)
(10398, 59, 27)
(20799/2, 58, 26)
(10400, 59, 27)
(41609/4, 71, 34)
(41611/4, 68, 32)
(41613/4, 66, 31)
(41615/4, 64, 30)
(41617/4, 63, 29)
(41619/4, 66, 31)
(41621/4, 64, 30)
(41623/4, 64, 30)
(41625/4, 64, 30)
(20813/2, 64, 30)
(41627/4, 64, 30)
(41629/4, 64, 30)
(41631/4, 63, 29)
(41633/4, 63, 29)
(20817/2, 61, 28)
(41635/4, 63, 29)
(10409, 64, 30)
(41641/4, 68, 32)
(41641/4, 71, 34)
(41643/4, 67, 32)
(41643/4, 71, 34)
(41645/4, 67, 32)
(41645/4, 71, 34)
(41647/4, 70, 33)
(41649/4, 66, 31)
(41651/4, 63, 29)
(41651/4, 66, 31)
(41653/4, 64, 30)
(41655/4, 64, 30)
(41657/4, 64, 30)
(20829/2, 64, 30)
(41659/4, 64, 30)
(10415, 64, 30)
(41661/4, 64, 30)
(20831/2, 63, 29)
(41663/4, 63, 29)
(41665/4, 66, 31)
(20833/2, 66, 31)
(41667/4, 66, 31)
(10417, 65, 30)
(41669/4, 65, 30)
(20835/2, 65, 30)
(41671/4, 65, 30)
(10418, 65, 30)
(20837/2, 66, 31)
(10419, 66, 31)
(20839/2, 66, 31)
(20839/2, 71, 34)
(10420, 64, 30)
(10420, 71, 34)
(10421, 64, 30)
(10421, 71, 34)
(41685/4, 64, 30)
(41685/4, 71, 34)
(20843/2, 64, 30)
(41687/4, 64, 30)
(10422, 64, 30)
(10423, 63, 29)
(10424, 64, 30)
(41697/4, 59, 27)
(20849/2, 56, 25)
(41699/4, 56, 25)
(10425, 56, 25)
(41705/4, 57, 26)
(41707/4, 57, 26)
(41709/4, 57, 26)
(41711/4, 60, 28)
(41711/4, 63, 29)
(41713/4, 64, 30)
(20857/2, 63, 29)
(41715/4, 64, 30)
(10429, 63, 29)
(41717/4, 64, 30)
(20859/2, 63, 29)
(41719/4, 64, 30)
(41721/4, 57, 26)
(41723/4, 57, 26)
(41725/4, 57, 26)
(41727/4, 60, 28)
(41727/4, 63, 29)
(41729/4, 64, 30)
(20865/2, 63, 29)
(41731/4, 64, 30)
(10433, 63, 29)
(41733/4, 64, 30)
(20867/2, 66, 31)
(41735/4, 64, 30)
(10434, 64, 30)
(10435, 64, 30)
(10436, 64, 30)
(41745/4, 69, 33)
(20873/2, 69, 33)
(41747/4, 69, 33)
(10437, 68, 32)
(41749/4, 68, 32)
(20875/2, 68, 32)
(41751/4, 68, 32)
(10438, 64, 30)
(10439, 64, 30)
(10440, 64, 30)
(10441, 63, 29)
(41765/4, 63, 29)
(20883/2, 59, 27)
(41767/4, 59, 27)
(10442, 59, 27)
(10443, 59, 27)
(41773/4, 59, 27)
(20887/2, 63, 29)
(41775/4, 63, 29)
(10444, 64, 30)
(20889/2, 66, 31)
(10445, 64, 30)
(20891/2, 63, 29)
(10446, 64, 30)
(10447, 66, 31)
(20895/2, 64, 30)
(10448, 64, 30)
(10450, 59, 27)
(10452, 59, 27)
(10453, 59, 27)
(10454, 59, 27)
(20000, 59, 27)
(40001/2, 59, 27)
(20001, 59, 27)
(40003/2, 59, 27)
(20002, 59, 27)
(40005/2, 59, 27)
(20003, 59, 27)
(40007/2, 59, 27)
(40009/2, 59, 27)
(20005, 52, 23)
(40011/2, 57, 26)
(20006, 54, 24)
(40013/2, 59, 27)
(20007, 59, 27)
(20008, 59, 27)
(40017/2, 59, 27)
(20009, 59, 27)
(40019/2, 56, 25)
(20010, 56, 25)
(40021/2, 56, 25)
(20011, 60, 27)
(40023/2, 61, 28)
(20012, 58, 26)
(40025/2, 59, 27)
(20013, 61, 28)
(40027/2, 63, 29)
(20014, 64, 30)
(40029/2, 64, 30)
(20015, 63, 29)
(20016, 59, 27)
(40033/2, 59, 27)
(20017, 59, 27)
(40035/2, 59, 27)
(20018, 59, 27)
(40037/2, 59, 27)
(20019, 59, 27)
(40039/2, 59, 27)
(20020, 61, 28)
(40041/2, 64, 30)
(20021, 61, 28)
(40043/2, 59, 27)
(20022, 59, 27)
(40045/2, 57, 26)
(20023, 56, 25)
(20024, 52, 23)
(40049/2, 52, 23)
(40049/2, 57, 26)
(20025, 52, 23)
(20025, 57, 26)
(40051/2, 52, 23)
(40051/2, 57, 26)
(20026, 52, 23)
(20026, 56, 25)
(20027, 52, 23)
(20027, 56, 25)
(20028, 52, 23)
(40057/2, 52, 23)
(40057/2, 57, 26)
(20029, 52, 23)
(20029, 57, 26)
(40059/2, 52, 23)
(40059/2, 57, 26)
(20030, 52, 23)
(20030, 56, 25)
(20031, 52, 23)
(20031, 56, 25)
(20032, 59, 27)
(40065/2, 59, 27)
(20033, 59, 27)
(40067/2, 59, 27)
(20034, 59, 27)
(40069/2, 59, 27)
(40069/2, 64, 30)
(20035, 61, 28)
(20035, 64, 30)
(40071/2, 61, 28)
(40071/2, 64, 30)
(40073/2, 59, 27)
(40073/2, 64, 30)
(40075/2, 61, 28)
(20038, 59, 27)
(40077/2, 57, 26)
(20039, 56, 25)
(20040, 57, 26)
(20040, 56, 25)
(40081/2, 54, 24)
(20041, 56, 25)
(40083/2, 57, 26)
(20042, 59, 27)
(40085/2, 64, 30)
(20043, 63, 29)
(40087/2, 64, 30)
(20044, 68, 32)
(40089/2, 64, 30)
(20045, 59, 27)
(40091/2, 61, 28)
(20046, 59, 27)
(80185/4, 57, 26)
(80187/4, 56, 25)
(20047, 56, 25)
(20048, 57, 26)
(20048, 56, 25)
(40097/2, 54, 24)
(20049, 56, 25)
(40099/2, 61, 28)
(20050, 60, 27)
(40101/2, 61, 28)
(20051, 63, 29)
(40103/2, 61, 28)
(20052, 64, 30)
(40105/2, 63, 29)
(20053, 58, 26)
(40107/2, 59, 27)
(20054, 63, 29)
(80217/4, 61, 28)
(80219/4, 59, 27)
(20055, 59, 27)
(20056, 59, 27)
(40113/2, 54, 24)
(20057, 54, 24)
(40115/2, 56, 25)
(20058, 59, 27)
(40117/2, 54, 24)
(20059, 54, 24)
(40119/2, 56, 25)
(20060, 61, 28)
(40121/2, 59, 27)
(20061, 57, 26)
(40123/2, 59, 27)
(20062, 56, 25)
(40125/2, 54, 24)
(20063, 51, 22)
(20064, 49, 21)
(40129/2, 51, 22)
(20065, 52, 23)
(40131/2, 54, 24)
(20066, 56, 25)
(40133/2, 59, 27)
(20067, 59, 27)
(20068, 49, 21)
(40137/2, 51, 22)
(20069, 52, 23)
(40139/2, 54, 24)
(20070, 56, 25)
(40141/2, 59, 27)
(20071, 59, 27)
(20072, 57, 26)
(20072, 56, 25)
(40145/2, 54, 24)
(20073, 56, 25)
(40147/2, 57, 26)
(20074, 59, 27)
(40149/2, 64, 30)
(20075, 63, 29)
(40151/2, 64, 30)
(20076, 68, 32)
(40153/2, 64, 30)
(20077, 59, 27)
(40155/2, 56, 25)
(20078, 56, 25)
(80313/4, 54, 24)
(80315/4, 52, 23)
(20079, 52, 23)
(60238/3, 59, 27)
(60239/3, 59, 27)
(20080, 59, 27)
(60241/3, 59, 27)
(60242/3, 59, 27)
(20081, 59, 27)
(60244/3, 59, 27)
(60245/3, 59, 27)
(20082, 59, 27)
(60247/3, 57, 26)
(60248/3, 59, 27)
(20083, 61, 28)
(60250/3, 63, 29)
(60251/3, 61, 28)
(20084, 59, 27)
(20085, 58, 26)
(60259/3, 59, 27)
(60260/3, 57, 26)
(20087, 56, 25)
(60262/3, 54, 24)
(60263/3, 56, 25)
(20088, 57, 26)
(20089, 57, 26)
(60271/3, 56, 25)
(60272/3, 56, 25)
(20091, 56, 25)
(60274/3, 61, 28)
(60275/3, 59, 27)
(20092, 58, 26)
(60277/3, 58, 26)
(60278/3, 59, 27)
(20093, 61, 28)
(60280/3, 58, 26)
(60281/3, 58, 26)
(20094, 58, 26)
(60283/3, 59, 27)
(60284/3, 58, 26)
(20095, 59, 27)
(60286/3, 59, 27)
(60287/3, 59, 27)
(20096, 59, 27)
(60289/3, 59, 27)
(60290/3, 59, 27)
(20097, 59, 27)
(60292/3, 59, 27)
(60293/3, 59, 27)
(20098, 59, 27)
(60295/3, 59, 27)
(60296/3, 59, 27)
(20099, 59, 27)
(60298/3, 59, 27)
(60299/3, 59, 27)
(60299/3, 64, 30)
(20100, 61, 28)
(20100, 64, 30)
(20101, 61, 28)
(20102, 64, 30)
(60307/3, 66, 31)
(60308/3, 64, 30)
(20103, 63, 29)
(60310/3, 60, 27)
(60311/3, 56, 25)
(20104, 61, 28)
(60316/3, 61, 28)
(60317/3, 60, 28)
(20106, 59, 27)
(60319/3, 59, 27)
(60320/3, 57, 26)
(20107, 56, 25)
(60322/3, 56, 25)
(60323/3, 54, 24)
(20108, 52, 23)
(60328/3, 61, 28)
(60329/3, 60, 28)
(20110, 59, 27)
(60331/3, 59, 27)
(60332/3, 57, 26)
(20111, 56, 25)
(60334/3, 56, 25)
(60335/3, 54, 24)
(20112, 52, 23)
(20113, 56, 25)
(20114, 57, 26)
(60343/3, 64, 30)
(60344/3, 64, 30)
(20115, 64, 30)
(60346/3, 64, 30)
(60347/3, 64, 30)
(20116, 64, 30)
(60352/3, 56, 25)
(60353/3, 56, 25)
(20118, 54, 24)
(60355/3, 54, 24)
(60356/3, 54, 24)
(20119, 52, 23)
(60358/3, 59, 27)
(60359/3, 59, 27)
(20120, 64, 30)
(60364/3, 66, 31)
(60365/3, 64, 30)
(20122, 63, 29)
(60367/3, 63, 29)
(60368/3, 61, 28)
(20123, 59, 27)
(60370/3, 59, 27)
(60371/3, 58, 26)
(20124, 56, 25)
(60376/3, 63, 29)
(60377/3, 61, 28)
(20126, 59, 27)
(60379/3, 59, 27)
(60380/3, 58, 26)
(20127, 56, 25)
(60382/3, 56, 25)
(60383/3, 54, 24)
(20128, 52, 23)
(20129, 56, 25)
(20130, 57, 26)
(60391/3, 64, 30)
(60392/3, 64, 30)
(20131, 64, 30)
(60394/3, 64, 30)
(60395/3, 64, 30)
(20132, 64, 30)
(60400/3, 56, 25)
(60401/3, 56, 25)
(20134, 54, 24)
(60403/3, 57, 26)
(60404/3, 57, 26)
(20135, 56, 25)
(20136, 56, 25)
(20137, 57, 26)
(20138, 59, 27)
(20139, 61, 28)
(20140, 64, 30)
(20142, 63, 29)
(20143, 59, 27)
(20145, 56, 25)
(20147, 55, 25)
(20148, 54, 24)
(20152, 57, 26)
(20153, 56, 25)
(20154, 57, 26)
(20155, 56, 25)
(20156, 57, 26)
(20159, 51, 22)
(40325/2, 59, 27)
(20163, 64, 30)
(40327/2, 62, 29)
(20164, 61, 28)
(40331/2, 60, 28)
(20166, 59, 27)
(40333/2, 57, 26)
(20167, 56, 25)
(40335/2, 57, 26)
(20168, 56, 25)
(20170, 52, 23)
(20172, 56, 25)
(80689/4, 59, 27)
(40345/2, 57, 26)
(80691/4, 56, 25)
(20173, 54, 24)
(80693/4, 57, 26)
(40347/2, 56, 25)
(80695/4, 54, 24)
(20174, 52, 23)
(20179, 56, 25)
(20180, 61, 28)
(20183, 64, 30)
(20184, 62, 29)
(20186, 61, 28)
(40377/2, 61, 28)
(20189, 61, 28)
(40379/2, 61, 28)
(20190, 66, 31)
(20193, 59, 27)
(20195, 59, 27)
(20197, 61, 28)
(20200, 60, 28)
(20202, 59, 27)
(20203, 53, 24)
(20204, 52, 23)
(20205, 57, 26)
(20206, 64, 30)
(20211, 66, 31)
(40423/2, 69, 33)
(40425/2, 66, 31)
(20213, 66, 31)
(40427/2, 66, 31)
(20214, 63, 29)
(40433/2, 68, 32)
(20217, 68, 32)
(40435/2, 68, 32)
(20218, 67, 32)
(40441/2, 63, 29)
(20221, 63, 29)
(40443/2, 63, 29)
(20222, 63, 29)
(80925/4, 59, 27)
(40463/2, 59, 27)
(80927/4, 59, 27)
(20232, 59, 27)
(80931/4, 59, 27)
(20233, 59, 27)
(80933/4, 59, 27)
(40467/2, 59, 27)
(80937/4, 59, 27)
(40469/2, 59, 27)
(80939/4, 59, 27)
(20235, 59, 27)
(40473/2, 60, 28)
(20238, 59, 27)
(40479/2, 60, 28)
(20241, 59, 27)
(40485/2, 59, 27)
(40485/2, 62, 29)
(20244, 60, 28)
(40491/2, 62, 29)
(20247, 64, 30)
(40497/2, 64, 30)
(20250, 61, 28)
(40501/2, 61, 28)
(20251, 61, 28)
(40503/2, 61, 28)
(20252, 61, 28)
(40505/2, 61, 28)
(20253, 63, 29)
(81021/4, 59, 27)
(40511/2, 59, 27)
(81023/4, 59, 27)
(20256, 59, 27)
(81027/4, 59, 27)
(20257, 59, 27)
(81029/4, 59, 27)
(40515/2, 59, 27)
(81033/4, 59, 27)
(40517/2, 59, 27)
(81035/4, 59, 27)
(20259, 59, 27)
(40521/2, 55, 25)
(40527/2, 55, 25)
(40533/2, 59, 27)
(20268, 60, 28)
(40539/2, 60, 28)
(20271, 52, 23)
(20271, 55, 25)
(40545/2, 52, 23)
(40545/2, 55, 25)
(20274, 64, 30)
(40549/2, 64, 30)
(20275, 62, 29)
(40551/2, 61, 28)
(20276, 62, 29)
(40553/2, 64, 30)
(20277, 62, 29)
(40557/2, 59, 27)
(81121/4, 61, 28)
(40561/2, 62, 29)
(81123/4, 64, 30)
(20281, 62, 29)
(81125/4, 61, 28)
(40563/2, 59, 27)
(81133/4, 61, 28)
(40567/2, 62, 29)
(81135/4, 64, 30)
(20284, 62, 29)
(81137/4, 61, 28)
(40569/2, 59, 27)
(81145/4, 59, 27)
(40573/2, 62, 29)
(81147/4, 66, 31)
(20287, 64, 30)
(81149/4, 62, 29)
(40575/2, 61, 28)
(81151/4, 59, 27)
(20288, 58, 26)
(81153/4, 61, 28)
(40577/2, 54, 24)
(20289, 60, 28)
(81159/4, 60, 28)
(20290, 60, 28)
(81161/4, 60, 28)
(40581/2, 60, 28)
(81165/4, 60, 28)
(40583/2, 60, 28)
(81167/4, 60, 28)
(20292, 60, 28)
(20295, 54, 24)
(20295, 60, 28)
(81183/4, 54, 24)
(81183/4, 60, 28)
(20296, 54, 24)
(20296, 60, 28)
(81185/4, 54, 24)
(81185/4, 60, 28)
(40593/2, 54, 24)
(40593/2, 60, 28)
(81189/4, 54, 24)
(81189/4, 60, 28)
(40595/2, 54, 24)
(40595/2, 60, 28)
(81191/4, 54, 24)
(81191/4, 60, 28)
(20298, 54, 24)
(20298, 60, 28)
(20301, 60, 28)
(81205/4, 55, 25)
(40603/2, 59, 27)
(81207/4, 55, 25)
(20302, 60, 28)
(81209/4, 55, 25)
(40605/2, 63, 29)
(81211/4, 55, 25)
(20303, 64, 30)
(81213/4, 55, 25)
(40607/2, 66, 31)
(81215/4, 55, 25)
(20304, 67, 32)
(40613/2, 65, 31)
(20307, 64, 30)
(81229/4, 67, 32)
(40615/2, 71, 34)
(81231/4, 67, 32)
(20308, 72, 35)
(81233/4, 67, 32)
(40617/2, 72, 35)
(81235/4, 67, 32)
(20309, 72, 35)
(81237/4, 67, 32)
(40619/2, 75, 37)
(81239/4, 67, 32)
(20310, 74, 36)
(40621/2, 66, 31)
(20311, 67, 32)
(40623/2, 69, 33)
(20312, 67, 32)
(40625/2, 65, 31)
(20313, 64, 30)
(40627/2, 60, 28)
(81255/4, 55, 25)
(20314, 60, 28)
(81257/4, 55, 25)
(40629/2, 60, 28)
(81259/4, 55, 25)
(20315, 60, 28)
(81261/4, 55, 25)
(40631/2, 60, 28)
(81263/4, 55, 25)
(20316, 60, 28)
(40635/2, 57, 26)
(20319, 59, 27)
(81277/4, 55, 25)
(40639/2, 59, 27)
(81279/4, 55, 25)
(20320, 59, 27)
(81281/4, 55, 25)
(40641/2, 59, 27)
(81283/4, 57, 26)
(20321, 59, 27)
(81285/4, 57, 26)
(40643/2, 59, 27)
(81287/4, 57, 26)
(20322, 59, 27)
(40647/2, 55, 25)
(81301/4, 54, 24)
(40651/2, 52, 23)
(81303/4, 54, 24)
(20326, 55, 25)
(81305/4, 52, 23)
(40653/2, 55, 25)
(81313/4, 54, 24)
(40657/2, 52, 23)
(81315/4, 54, 24)
(20329, 55, 25)
(81317/4, 52, 23)
(40659/2, 55, 25)
(81325/4, 52, 23)
(40663/2, 55, 25)
(81327/4, 59, 27)
(20332, 57, 26)
(81329/4, 55, 25)
(40665/2, 54, 24)
(81331/4, 54, 24)
(20333, 57, 26)
(81333/4, 60, 28)
(40667/2, 59, 27)
(81335/4, 57, 26)
(20334, 59, 27)
(40671/2, 60, 28)
(20337, 53, 24)
(40677/2, 52, 23)
(20340, 54, 24)
(40683/2, 55, 25)
(20343, 54, 24)
(40689/2, 52, 23)
(20346, 57, 26)
(20349, 57, 26)
(20352, 57, 26)
(20355, 57, 26)
(20358, 57, 26)
(20361, 57, 26)
(20364, 57, 26)
(40773/2, 54, 24)
(20387, 61, 28)
(40775/2, 61, 28)
(20388, 61, 28)
(20389, 59, 27)
(20390, 59, 27)
(40781/2, 59, 27)
(20391, 59, 27)
(40783/2, 59, 27)
(20392, 59, 27)
(40785/2, 59, 27)
(20393, 59, 27)
(40787/2, 59, 27)
(20394, 56, 25)
(40791/2, 57, 26)
(20396, 56, 25)
(20398, 56, 25)
(40799/2, 55, 24)
(20400, 56, 25)
(81605/4, 64, 30)
(40803/2, 63, 29)
(81607/4, 64, 30)
(20402, 68, 32)
(40805/2, 64, 30)
(20403, 59, 27)
(40807/2, 61, 28)
(20404, 59, 27)
(40809/2, 57, 26)
(20405, 56, 25)
(40811/2, 57, 26)
(20406, 56, 25)
(20407, 54, 24)
(40815/2, 59, 27)
(20408, 57, 26)
(20409, 56, 25)
(81637/4, 64, 30)
(40819/2, 63, 29)
(81639/4, 64, 30)
(20410, 68, 32)
(40821/2, 64, 30)
(20411, 59, 27)
(40823/2, 61, 28)
(20412, 59, 27)
(40825/2, 57, 26)
(20413, 56, 25)
(40827/2, 61, 28)
(20414, 59, 27)
(81661/4, 59, 27)
(40831/2, 59, 27)
(81663/4, 59, 27)
(81665/4, 62, 29)
(40833/2, 62, 29)
(81667/4, 62, 29)
(20417, 62, 29)
(81669/4, 62, 29)
(40835/2, 61, 28)
(81671/4, 61, 28)
(20418, 61, 28)
(20419, 61, 28)
(40839/2, 59, 27)
(40839/2, 63, 29)
(20420, 59, 27)
(20420, 64, 30)
(20421, 59, 27)
(20421, 64, 30)
(81685/4, 59, 27)
(81685/4, 64, 30)
(40843/2, 57, 26)
(81687/4, 57, 26)
(20422, 56, 25)
(40845/2, 59, 27)
(20423, 58, 26)
(40847/2, 57, 26)
(20424, 56, 25)
(40849/2, 52, 23)
(20425, 51, 22)
(40851/2, 50, 22)
(20426, 49, 21)
(40853/2, 51, 22)
(20427, 52, 23)
(40855/2, 54, 24)
(20428, 56, 25)
(40857/2, 59, 27)
(20429, 59, 27)
(20430, 49, 21)
(40861/2, 51, 22)
(20431, 52, 23)
(40863/2, 54, 24)
(20432, 56, 25)
(40865/2, 59, 27)
(20433, 59, 27)
(20434, 57, 26)
(81737/4, 57, 26)
(40869/2, 59, 27)
(81739/4, 59, 27)
(20435, 61, 28)
(81741/4, 61, 28)
(40871/2, 56, 25)
(81743/4, 56, 25)
(20436, 57, 26)
(81745/4, 64, 30)
(40873/2, 64, 30)
(81747/4, 64, 30)
(20437, 63, 29)
(81749/4, 63, 29)
(40875/2, 62, 29)
(81751/4, 62, 29)
(20438, 61, 28)
(20439, 60, 28)
(20440, 60, 28)
(20441, 59, 27)
(81765/4, 59, 27)
(40883/2, 57, 26)
(81767/4, 57, 26)
(20442, 56, 25)
(40885/2, 54, 24)
(20443, 56, 25)
(81773/4, 56, 25)
(40887/2, 59, 27)
(81775/4, 59, 27)
(20444, 59, 27)
(20446, 59, 27)
(20448, 59, 27)
(40897/2, 56, 25)
(20449, 55, 24)
(40899/2, 56, 25)
(20450, 56, 25)
(20452, 56, 25)
(20453, 56, 25)
(20454, 56, 25)
(30000, 52, 23)
(60001/2, 51, 22)
(30001, 52, 23)
(60003/2, 54, 24)
(30002, 56, 25)
(60005/2, 56, 25)
(30003, 57, 26)
(60007/2, 56, 25)
(60009/2, 44, 18)
(30005, 44, 18)
(60011/2, 45, 19)
(30006, 47, 20)
(60013/2, 47, 20)
(30007, 40, 16)
(30008, 52, 23)
(60017/2, 51, 22)
(30009, 52, 23)
(60019/2, 52, 23)
(30010, 54, 24)
(60021/2, 52, 23)
(30011, 51, 22)
(60023/2, 52, 23)
(30012, 42, 17)
(60029/2, 42, 17)
(30015, 47, 20)
(30016, 59, 27)
(60033/2, 51, 22)
(30017, 51, 22)
(60035/2, 52, 23)
(30018, 56, 25)
(60037/2, 51, 22)
(30019, 51, 22)
(60039/2, 52, 23)
(30020, 57, 26)
(60041/2, 56, 25)
(30021, 54, 24)
(60043/2, 47, 20)
(30022, 40, 16)
(60045/2, 42, 17)
(30023, 44, 18)
(30024, 45, 19)
(60049/2, 45, 19)
(30025, 45, 19)
(60051/2, 45, 19)
(30026, 40, 16)
(30027, 40, 16)
(30028, 45, 19)
(60057/2, 45, 19)
(30029, 45, 19)
(60059/2, 45, 19)
(30030, 40, 16)
(30031, 40, 16)
(30032, 52, 23)
(60065/2, 51, 22)
(30033, 52, 23)
(60067/2, 54, 24)
(30034, 56, 25)
(60069/2, 56, 25)
(30035, 58, 26)
(60071/2, 58, 26)
(60073/2, 47, 20)
(30038, 47, 20)
(60077/2, 47, 20)
(30039, 40, 16)
(60095/2, 44, 18)
(30048, 37, 14)
(60109/2, 51, 22)
(30055, 44, 18)
(30063, 44, 18)
(60127/2, 44, 18)
(30064, 45, 19)
(30066, 40, 16)
(30068, 45, 19)
(30070, 40, 16)
(30076, 47, 20)
(60157/2, 47, 20)
(30079, 40, 16)
(90238/3, 52, 23)
(90239/3, 52, 23)
(30080, 52, 23)
(90241/3, 47, 20)
(90242/3, 52, 23)
(30081, 54, 24)
(90244/3, 47, 20)
(90245/3, 57, 26)
(30082, 56, 25)
(90247/3, 54, 24)
(90248/3, 56, 25)
(30083, 57, 26)
(90250/3, 59, 27)
(90251/3, 57, 26)
(30084, 56, 25)
(30085, 55, 24)
(90259/3, 56, 25)
(90260/3, 54, 24)
(30087, 53, 23)
(90262/3, 51, 22)
(90263/3, 53, 23)
(30088, 54, 24)
(30089, 42, 17)
(90271/3, 48, 20)
(90272/3, 51, 22)
(30091, 49, 21)
(90274/3, 51, 22)
(90275/3, 52, 23)
(30092, 42, 17)
(90277/3, 54, 24)
(90278/3, 54, 24)
(30093, 54, 24)
(90280/3, 54, 24)
(90281/3, 54, 24)
(30094, 54, 24)
(90283/3, 56, 25)
(90284/3, 54, 24)
(30095, 59, 27)
(90286/3, 59, 27)
(90287/3, 59, 27)
(30096, 59, 27)
(90289/3, 51, 22)
(90290/3, 51, 22)
(30097, 51, 22)
(90292/3, 54, 24)
(90293/3, 52, 23)
(30098, 56, 25)
(90295/3, 51, 22)
(90296/3, 51, 22)
(30099, 51, 22)
(90298/3, 54, 24)
(90299/3, 52, 23)
(30100, 57, 26)
(30101, 57, 26)
(30102, 56, 25)
(90307/3, 56, 25)
(90308/3, 56, 25)
(30103, 56, 25)
(90310/3, 44, 18)
(90311/3, 44, 18)
(30104, 45, 19)
(30106, 40, 16)
(30108, 45, 19)
(30110, 40, 16)
(30111, 40, 16)
(90334/3, 62, 29)
(90335/3, 62, 29)
(30112, 64, 30)
(30112, 62, 29)
(90337/3, 61, 28)
(90338/3, 62, 29)
(30113, 66, 31)
(90340/3, 64, 30)
(90341/3, 62, 29)
(30114, 61, 28)
(30115, 60, 28)
(30116, 59, 27)
(90352/3, 47, 20)
(90353/3, 47, 20)
(30118, 47, 20)
(90355/3, 47, 20)
(90356/3, 47, 20)
(30119, 40, 16)
(90358/3, 52, 23)
(90359/3, 51, 22)
(30120, 49, 21)
(30122, 44, 18)
(30124, 49, 21)
(30126, 44, 18)
(90382/3, 63, 29)
(90383/3, 63, 29)
(30128, 64, 30)
(30128, 62, 29)
(90385/3, 61, 28)
(90386/3, 62, 29)
(30129, 66, 31)
(90388/3, 64, 30)
(90389/3, 62, 29)
(30130, 61, 28)
(30131, 60, 28)
(30132, 59, 27)
(90400/3, 47, 20)
(90401/3, 47, 20)
(30134, 47, 20)
(90403/3, 47, 20)
(90404/3, 47, 20)
(30135, 52, 23)
(30136, 40, 16)
(30137, 42, 17)
(30138, 44, 18)
(30139, 46, 19)
(30140, 47, 20)
(30143, 52, 23)
(120573/4, 57, 26)
(60287/2, 56, 25)
(120575/4, 54, 24)
(30144, 52, 23)
(30148, 52, 23)
(30149, 51, 22)
(30150, 49, 21)
(30151, 47, 20)
(30152, 47, 20)
(30155, 49, 21)
(30156, 42, 17)
(30159, 44, 18)
(30160, 45, 19)
(30162, 40, 16)
(30164, 45, 19)
(30166, 40, 16)
(60333/2, 47, 20)
(30167, 52, 23)
(60335/2, 45, 19)
(30168, 50, 22)
(30170, 49, 21)
(30171, 48, 21)
(30172, 47, 20)
(30174, 52, 23)
(120697/4, 56, 25)
(60349/2, 59, 27)
(120699/4, 56, 25)
(30175, 52, 23)
(120701/4, 47, 20)
(60351/2, 44, 18)
(120703/4, 42, 17)
(30176, 40, 16)
(120705/4, 42, 17)
(60353/2, 40, 16)
(120707/4, 42, 17)
(30177, 43, 18)
(120709/4, 46, 19)
(60355/2, 43, 18)
(120711/4, 46, 19)
(30178, 47, 20)
(120713/4, 49, 21)
(60357/2, 47, 20)
(120715/4, 49, 21)
(30179, 50, 22)
(120717/4, 53, 23)
(60359/2, 50, 22)
(120719/4, 53, 23)
(30180, 40, 16)
(120721/4, 42, 17)
(60361/2, 40, 16)
(120723/4, 42, 17)
(30181, 43, 18)
(120725/4, 46, 19)
(60363/2, 43, 18)
(120727/4, 46, 19)
(30182, 49, 21)
(120729/4, 51, 22)
(60365/2, 49, 21)
(120731/4, 51, 22)
(30183, 52, 23)
(120733/4, 54, 24)
(60367/2, 52, 23)
(120735/4, 54, 24)
(30184, 56, 25)
(120737/4, 52, 23)
(60369/2, 56, 25)
(120739/4, 52, 23)
(30185, 56, 25)
(120741/4, 52, 23)
(60371/2, 56, 25)
(120743/4, 52, 23)
(30186, 57, 26)
(120745/4, 52, 23)
(60373/2, 57, 26)
(120747/4, 52, 23)
(30187, 57, 26)
(120749/4, 52, 23)
(60375/2, 57, 26)
(120751/4, 52, 23)
(30188, 58, 26)
(120753/4, 52, 23)
(60377/2, 58, 26)
(120755/4, 52, 23)
(30189, 58, 26)
(120757/4, 52, 23)
(60379/2, 58, 26)
(120759/4, 52, 23)
(30190, 59, 27)
(120761/4, 61, 28)
(60381/2, 59, 27)
(120763/4, 61, 28)
(30191, 59, 27)
(120765/4, 58, 26)
(60383/2, 59, 27)
(120767/4, 58, 26)
(30192, 57, 26)
(120769/4, 59, 27)
(60385/2, 57, 26)
(120771/4, 59, 27)
(30193, 57, 26)
(120773/4, 56, 25)
(60387/2, 57, 26)
(120775/4, 56, 25)
(30194, 54, 24)
(120777/4, 56, 25)
(60389/2, 54, 24)
(120779/4, 56, 25)
(30195, 52, 23)
(120781/4, 54, 24)
(60391/2, 50, 22)
(120783/4, 52, 23)
(30196, 49, 21)
(120785/4, 50, 22)
(60393/2, 47, 20)
(120787/4, 49, 21)
(30197, 45, 19)
(120789/4, 47, 20)
(60395/2, 44, 18)
(120791/4, 45, 19)
(30198, 42, 17)
(120793/4, 44, 18)
(60397/2, 41, 16)
(120795/4, 44, 18)
(30199, 42, 17)
(120797/4, 44, 18)
(60399/2, 42, 17)
(120799/4, 44, 18)
(30200, 45, 19)
(120801/4, 47, 20)
(60401/2, 45, 19)
(120803/4, 47, 20)
(30201, 48, 21)
(120805/4, 51, 22)
(60403/2, 48, 21)
(120807/4, 51, 22)
(30202, 40, 16)
(120809/4, 42, 17)
(60405/2, 40, 16)
(120811/4, 42, 17)
(30203, 43, 18)
(120813/4, 44, 18)
(60407/2, 43, 18)
(120815/4, 44, 18)
(30204, 45, 19)
(120817/4, 47, 20)
(60409/2, 45, 19)
(120819/4, 47, 20)
(30205, 48, 21)
(120821/4, 51, 22)
(60411/2, 48, 21)
(120823/4, 51, 22)
(30206, 52, 23)
(120825/4, 54, 24)
(60413/2, 52, 23)
(120827/4, 54, 24)
(30207, 56, 25)
(120829/4, 57, 26)
(60415/2, 59, 27)
(120831/4, 61, 28)
(30208, 62, 29)
(30209, 64, 30)
(30210, 61, 28)
(120841/4, 64, 30)
(60421/2, 61, 28)
(120843/4, 64, 30)
(30211, 60, 28)
(120845/4, 64, 30)
(60423/2, 60, 28)
(120847/4, 64, 30)
(30212, 59, 27)
(60425/2, 47, 20)
(30213, 47, 20)
(60427/2, 47, 20)
(30214, 47, 20)
(30215, 48, 21)
(30216, 47, 20)
(60433/2, 47, 20)
(30217, 47, 20)
(60435/2, 47, 20)
(30218, 47, 20)
(30219, 48, 21)
(30220, 47, 20)
(60441/2, 47, 20)
(30221, 47, 20)
(60443/2, 47, 20)
(30222, 47, 20)
(30223, 48, 21)
(30224, 47, 20)
(120925/4, 45, 19)
(60463/2, 43, 18)
(120927/4, 42, 17)
(30232, 40, 16)
(120931/4, 47, 20)
(30233, 47, 20)
(120933/4, 47, 20)
(60467/2, 52, 23)
(120937/4, 54, 24)
(60469/2, 54, 24)
(120939/4, 54, 24)
(30235, 55, 25)
(60473/2, 57, 26)
(30238, 55, 25)
(60479/2, 57, 26)
(30241, 55, 25)
(60485/2, 56, 25)
(30244, 57, 26)
(60491/2, 59, 27)
(30247, 60, 28)
(60497/2, 59, 27)
(30250, 58, 26)
(60501/2, 58, 26)
(30251, 58, 26)
(60503/2, 58, 26)
(30252, 58, 26)
(60505/2, 58, 26)
(30253, 59, 27)
(60509/2, 57, 26)
(121019/4, 54, 24)
(30255, 51, 22)
(121021/4, 47, 20)
(60511/2, 45, 19)
(121023/4, 42, 17)
(30256, 40, 16)
(121027/4, 47, 20)
(30257, 47, 20)
(121029/4, 47, 20)
(60515/2, 52, 23)
(121033/4, 54, 24)
(60517/2, 54, 24)
(121035/4, 54, 24)
(30259, 55, 25)
(60521/2, 48, 21)
(30262, 47, 20)
(60527/2, 48, 21)
(30265, 47, 20)
(60533/2, 43, 18)
(30268, 48, 21)
(60539/2, 48, 21)
(30271, 47, 20)
(60545/2, 47, 20)
(30274, 46, 19)
(60549/2, 46, 19)
(30275, 46, 19)
(60551/2, 46, 19)
(30276, 46, 19)
(60553/2, 46, 19)
(30277, 47, 20)
(60557/2, 43, 18)
(30280, 42, 17)
(60563/2, 43, 18)
(30283, 42, 17)
(60569/2, 43, 18)
(30286, 42, 17)
(121153/4, 55, 25)
(60577/2, 54, 24)
(121155/4, 52, 23)
(30289, 51, 22)
(121159/4, 52, 23)
(30290, 52, 23)
(121161/4, 52, 23)
(60581/2, 51, 22)
(121165/4, 52, 23)
(60583/2, 52, 23)
(121167/4, 52, 23)
(30292, 51, 22)
(60587/2, 42, 17)
(121175/4, 43, 18)
(30294, 45, 19)
(121177/4, 43, 18)
(60589/2, 42, 17)
(121179/4, 40, 16)
(30295, 39, 15)
(121183/4, 40, 16)
(30296, 40, 16)
(121185/4, 40, 16)
(60593/2, 39, 15)
(121189/4, 40, 16)
(60595/2, 40, 16)
(121191/4, 40, 16)
(30298, 39, 15)
(60599/2, 47, 20)
(121199/4, 45, 19)
(30300, 43, 18)
(121201/4, 42, 17)
(60601/2, 40, 16)
(121203/4, 38, 15)
(30301, 36, 14)
(30304, 43, 18)
(60609/2, 43, 18)
(30305, 43, 18)
(60611/2, 43, 18)
(30306, 43, 18)
(60613/2, 43, 18)
(30307, 36, 14)
(30310, 43, 18)
(60621/2, 43, 18)
(30311, 43, 18)
(60623/2, 43, 18)
(30312, 43, 18)
(60625/2, 43, 18)
(30313, 36, 14)
(30316, 45, 19)
(30319, 47, 20)
(30320, 47, 20)
(60641/2, 45, 19)
(60643/2, 45, 19)
(30322, 43, 18)
(60647/2, 46, 19)
(30325, 47, 20)
(60653/2, 46, 19)
(30328, 47, 20)
(60659/2, 46, 19)
(30331, 47, 20)
(60667/2, 45, 19)
(30334, 44, 18)
(60671/2, 45, 19)
(30337, 47, 20)
(60677/2, 48, 21)
(30340, 39, 15)
(60683/2, 40, 16)
(30343, 47, 20)
(60689/2, 48, 21)
(30346, 45, 19)
(30349, 45, 19)
(30352, 41, 17)
(30355, 41, 17)
(30358, 39, 15)
(30361, 39, 15)
(30364, 39, 15)
(60779/2, 47, 20)
(30390, 52, 23)
(60781/2, 51, 22)
(30391, 52, 23)
(60783/2, 54, 24)
(30392, 56, 25)
(60785/2, 56, 25)
(30393, 57, 26)
(60787/2, 56, 25)
(30394, 52, 23)
(30398, 40, 16)
(60809/2, 48, 20)
(30405, 49, 21)
(60811/2, 45, 19)
(30406, 47, 20)
(30407, 47, 20)
(30408, 47, 20)
(30409, 40, 16)
(121645/4, 52, 23)
(60823/2, 55, 25)
(121647/4, 52, 23)
(30412, 51, 22)
(60825/2, 48, 20)
(30413, 49, 21)
(60827/2, 45, 19)
(30414, 47, 20)
(121661/4, 47, 20)
(60831/2, 47, 20)
(121663/4, 47, 20)
(30416, 47, 20)
(121665/4, 47, 20)
(60833/2, 47, 20)
(121667/4, 47, 20)
(30417, 47, 20)
(60835/2, 45, 19)
(30418, 44, 18)
(60837/2, 42, 17)
(30419, 42, 17)
(60839/2, 45, 19)
(30420, 44, 18)
(60843/2, 45, 19)
(30422, 47, 20)
(30423, 47, 20)
(30424, 40, 16)
(30427, 40, 16)
(30428, 40, 16)
(30430, 40, 16)
(30431, 40, 16)
(30432, 40, 16)
(30434, 42, 17)
(60869/2, 44, 18)
(30435, 45, 19)
(60871/2, 47, 20)
(30436, 49, 21)
(60873/2, 52, 23)
(30437, 52, 23)
(30442, 40, 16)
(30444, 52, 23)
(60889/2, 51, 22)
(30445, 52, 23)
(60891/2, 54, 24)
(30446, 56, 25)
(60893/2, 56, 25)
(30447, 57, 26)
(60895/2, 56, 25)
(60897/2, 47, 20)
(30449, 49, 21)
(60899/2, 47, 20)
(30450, 40, 16)
(30453, 40, 16)
(30454, 40, 16)
