(0, 74, 36)
(1/2, 71, 34)
(3/4, 69, 33)
(1, 71, 34)
(5/4, 72, 35)
(3/2, 74, 36)
(7/4, 71, 34)
(2, 68, 32)
(5/2, 69, 33)
(3, 71, 34)
(7/2, 72, 35)
(4, 74, 36)
(9/2, 76, 37)
(11/2, 81, 40)
(23/4, 77, 38)
(6, 76, 37)
(7, 81, 40)
(29/4, 77, 38)
(15/2, 76, 37)
(17/2, 81, 40)
(35/4, 77, 38)
(9, 76, 37)
(37/4, 72, 35)
(19/2, 77, 38)
(39/4, 76, 37)
(10, 74, 36)
(41/4, 72, 35)
(21/2, 72, 35)
(21/2, 71, 34)
(43/4, 69, 33)
(11, 68, 32)
(45/4, 69, 33)
(23/2, 71, 34)
(47/4, 72, 35)
(12, 74, 36)
(25/2, 71, 34)
(51/4, 69, 33)
(13, 71, 34)
(53/4, 72, 35)
(27/2, 74, 36)
(55/4, 71, 34)
(14, 68, 32)
(29/2, 69, 33)
(15, 71, 34)
(31/2, 72, 35)
(16, 74, 36)
(33/2, 76, 37)
(35/2, 81, 40)
(71/4, 77, 38)
(18, 76, 37)
(19, 81, 40)
(77/4, 77, 38)
(39/2, 76, 37)
(41/2, 81, 40)
(83/4, 77, 38)
(21, 76, 37)
(85/4, 72, 35)
(43/2, 69, 33)
(87/4, 65, 31)
(22, 62, 29)
(89/4, 68, 32)
(45/2, 69, 33)
(91/4, 64, 30)
(23, 60, 28)
(93/4, 64, 30)
(47/2, 69, 33)
(95/4, 72, 35)
(24, 74, 36)
(49/2, 71, 34)
(99/4, 69, 33)
(25, 71, 34)
(101/4, 72, 35)
(51/2, 74, 36)
(103/4, 67, 32)
(26, 71, 34)
(53/2, 72, 35)
(27, 77, 38)
(55/2, 71, 34)
(111/4, 69, 33)
(28, 71, 34)
(113/4, 72, 35)
(57/2, 74, 36)
(115/4, 67, 32)
(29, 71, 34)
(59/2, 72, 35)
(30, 81, 40)
(61/2, 79, 39)
(31, 78, 38)
(63/2, 79, 39)
(63/2, 77, 38)
(32, 76, 37)
(65/2, 74, 36)
(33, 79, 39)
(67/2, 72, 35)
(34, 77, 38)
(69/2, 76, 37)
(35, 74, 36)
(141/4, 72, 35)
(71/2, 71, 34)
(143/4, 72, 35)
(36, 74, 36)
(73/2, 71, 34)
(147/4, 69, 33)
(37, 71, 34)
(149/4, 72, 35)
(75/2, 74, 36)
(151/4, 71, 34)
(38, 68, 32)
(77/2, 69, 33)
(39, 71, 34)
(79/2, 72, 35)
(40, 74, 36)
(81/2, 76, 37)
(83/2, 81, 40)
(167/4, 77, 38)
(42, 76, 37)
(43, 81, 40)
(173/4, 77, 38)
(87/2, 76, 37)
(89/2, 81, 40)
(179/4, 77, 38)
(45, 76, 37)
(181/4, 72, 35)
(91/2, 69, 33)
(183/4, 65, 31)
(46, 62, 29)
(185/4, 68, 32)
(93/2, 69, 33)
(187/4, 64, 30)
(47, 60, 28)
(189/4, 64, 30)
(95/2, 69, 33)
(191/4, 72, 35)
(48, 74, 36)
(97/2, 71, 34)
(195/4, 69, 33)
(49, 71, 34)
(197/4, 72, 35)
(99/2, 74, 36)
(199/4, 67, 32)
(50, 71, 34)
(101/2, 72, 35)
(51, 77, 38)
(103/2, 71, 34)
(207/4, 69, 33)
(52, 71, 34)
(209/4, 72, 35)
(105/2, 74, 36)
(211/4, 67, 32)
(53, 71, 34)
(107/2, 72, 35)
(54, 84, 42)
(109/2, 83, 41)
(55, 81, 40)
(111/2, 83, 41)
(111/2, 81, 40)
(56, 79, 39)
(113/2, 78, 38)
(57, 83, 41)
(115/2, 76, 37)
(58, 81, 40)
(117/2, 79, 39)
(59, 78, 38)
(237/4, 75, 36)
(119/2, 71, 34)
(239/4, 72, 35)
(60, 74, 36)
(121/2, 71, 34)
(243/4, 69, 33)
(61, 71, 34)
(245/4, 72, 35)
(123/2, 74, 36)
(247/4, 71, 34)
(62, 68, 32)
(125/2, 69, 33)
(63, 71, 34)
(127/2, 72, 35)
(64, 74, 36)
(129/2, 76, 37)
(131/2, 81, 40)
(263/4, 77, 38)
(66, 76, 37)
(67, 81, 40)
(269/4, 77, 38)
(135/2, 76, 37)
(137/2, 81, 40)
(275/4, 77, 38)
(69, 76, 37)
(277/4, 72, 35)
(139/2, 69, 33)
(279/4, 65, 31)
(70, 62, 29)
(281/4, 68, 32)
(141/2, 69, 33)
(283/4, 64, 30)
(71, 60, 28)
(285/4, 64, 30)
(143/2, 69, 33)
(287/4, 72, 35)
(72, 71, 34)
(289/4, 68, 32)
(145/2, 64, 30)
(291/4, 68, 32)
(73, 71, 34)
(293/4, 74, 36)
(147/2, 74, 36)
(147/2, 72, 35)
(295/4, 71, 34)
(74, 69, 33)
(297/4, 71, 34)
(149/2, 72, 35)
(299/4, 74, 36)
(75, 76, 37)
(301/4, 72, 35)
(151/2, 69, 33)
(303/4, 65, 31)
(76, 64, 30)
(305/4, 68, 32)
(153/2, 69, 33)
(307/4, 64, 30)
(77, 60, 28)
(309/4, 64, 30)
(155/2, 69, 33)
(311/4, 72, 35)
(78, 71, 34)
(313/4, 68, 32)
(157/2, 64, 30)
(315/4, 68, 32)
(79, 71, 34)
(317/4, 74, 36)
(159/2, 74, 36)
(159/2, 72, 35)
(319/4, 71, 34)
(80, 69, 33)
(321/4, 71, 34)
(161/2, 72, 35)
(323/4, 74, 36)
(81, 72, 35)
(325/4, 71, 34)
(163/2, 72, 35)
(327/4, 74, 36)
(82, 76, 37)
(329/4, 78, 38)
(165/2, 79, 39)
(83, 79, 39)
(167/2, 79, 39)
(84, 79, 39)
(86, 76, 37)
(173/2, 74, 36)
(87, 74, 36)
(87, 72, 35)
(175/2, 71, 34)
(88, 72, 35)
(177/2, 74, 36)
(89, 79, 39)
(179/2, 79, 39)
(90, 79, 39)
(92, 76, 37)
(185/2, 74, 36)
(93, 74, 36)
(93, 72, 35)
(187/2, 71, 34)
(94, 72, 35)
(189/2, 74, 36)
(95, 67, 32)
(191/2, 67, 32)
(96, 74, 36)
(96, 72, 35)
(193/2, 71, 34)
(97, 72, 35)
(195/2, 74, 36)
(98, 67, 32)
(197/2, 67, 32)
(99, 74, 36)
(99, 72, 35)
(199/2, 71, 34)
(100, 72, 35)
(201/2, 74, 36)
(102, 55, 25)
(409/4, 59, 27)
(205/2, 62, 29)
(411/4, 67, 32)
(103, 71, 34)
(413/4, 74, 36)
(207/2, 79, 39)
(211/2, 77, 38)
(106, 76, 37)
(213/2, 74, 36)
(107, 77, 38)
(215/2, 69, 33)
(108, 72, 35)
(217/2, 71, 34)
(109, 67, 32)
(219/2, 70, 34)
(223/2, 69, 33)
(112, 73, 35)
(225/2, 74, 36)
(113, 76, 37)
(227/2, 77, 38)
(114, 71, 34)
(115, 74, 36)
(231/2, 79, 39)
(235/2, 77, 38)
(118, 76, 37)
(237/2, 74, 36)
(119, 77, 38)
(239/2, 69, 33)
(120, 72, 35)
(241/2, 71, 34)
(121, 67, 32)
(243/2, 70, 34)
(123, 69, 33)
(247/2, 73, 35)
(124, 74, 36)
(249/2, 70, 34)
(126, 69, 33)
(253/2, 73, 35)
(127, 74, 36)
(255/2, 68, 33)
(129, 67, 32)
(259/2, 71, 34)
(130, 72, 35)
(261/2, 68, 33)
(132, 67, 32)
(265/2, 71, 34)
(133, 72, 35)
(267/2, 66, 31)
(271/2, 71, 34)
(136, 72, 35)
(273/2, 66, 31)
(277/2, 71, 34)
(139, 72, 35)
(279/2, 65, 31)
(283/2, 65, 31)
(142, 64, 30)
(285/2, 62, 29)
(143, 64, 30)
(287/2, 65, 31)
(144, 64, 30)
(289/2, 65, 31)
(145, 67, 32)
(291/2, 66, 31)
(295/2, 71, 34)
(148, 72, 35)
(297/2, 66, 31)
(301/2, 71, 34)
(151, 72, 35)
(303/2, 65, 31)
(307/2, 64, 30)
(154, 62, 29)
(309/2, 67, 32)
(155, 65, 31)
(311/2, 64, 30)
(156, 67, 32)
(313/2, 65, 31)
(157, 64, 30)
(315/2, 69, 33)
(158, 67, 32)
(317/2, 65, 31)
(159, 69, 33)
(319/2, 67, 32)
(160, 66, 31)
(321/2, 72, 35)
(161, 71, 34)
(323/2, 69, 33)
(162, 74, 36)
(325/2, 72, 35)
(163, 71, 34)
(327/2, 77, 38)
(164, 76, 37)
(329/2, 74, 36)
(165, 77, 38)
(331/2, 74, 36)
(166, 77, 38)
(333/2, 79, 39)
(167, 83, 41)
(335/2, 86, 43)
(168, 88, 44)
(337/2, 60, 28)
(341/2, 74, 36)
(683/4, 78, 38)
(171, 81, 40)
(685/4, 79, 39)
(343/2, 74, 36)
(687/4, 71, 34)
(347/2, 74, 36)
(695/4, 78, 38)
(174, 81, 40)
(697/4, 79, 39)
(349/2, 74, 36)
(699/4, 71, 34)
(353/2, 74, 36)
(707/4, 78, 38)
(177, 79, 39)
(709/4, 74, 36)
(355/2, 77, 38)
(178, 76, 37)
(357/2, 74, 36)
(179, 72, 35)
(359/2, 74, 36)
(180, 75, 36)
(361/2, 76, 37)
(365/2, 74, 36)
(731/4, 78, 38)
(183, 81, 40)
(733/4, 79, 39)
(367/2, 74, 36)
(735/4, 71, 34)
(371/2, 72, 35)
(743/4, 76, 37)
(186, 79, 39)
(745/4, 77, 38)
(373/2, 72, 35)
(747/4, 69, 33)
(377/2, 72, 35)
(755/4, 76, 37)
(189, 79, 39)
(757/4, 77, 38)
(379/2, 74, 36)
(759/4, 71, 34)
(383/2, 71, 34)
(767/4, 74, 36)
(192, 79, 39)
(769/4, 77, 38)
(385/2, 74, 36)
(771/4, 71, 34)
(389/2, 65, 31)
(779/4, 71, 34)
(195, 72, 35)
(781/4, 71, 34)
(391/2, 65, 31)
(783/4, 62, 29)
(204, 74, 36)
(409/2, 71, 34)
(819/4, 69, 33)
(205, 71, 34)
(821/4, 72, 35)
(411/2, 74, 36)
(823/4, 71, 34)
(206, 68, 32)
(413/2, 69, 33)
(207, 71, 34)
(415/2, 72, 35)
(208, 74, 36)
(417/2, 76, 37)
(419/2, 81, 40)
(839/4, 77, 38)
(210, 76, 37)
(211, 81, 40)
(845/4, 77, 38)
(423/2, 76, 37)
(425/2, 81, 40)
(851/4, 77, 38)
(213, 76, 37)
(853/4, 72, 35)
(427/2, 77, 38)
(855/4, 76, 37)
(214, 74, 36)
(857/4, 72, 35)
(429/2, 71, 34)
(859/4, 69, 33)
(215, 68, 32)
(861/4, 69, 33)
(431/2, 71, 34)
(863/4, 72, 35)
(216, 74, 36)
(433/2, 71, 34)
(867/4, 69, 33)
(217, 71, 34)
(869/4, 72, 35)
(435/2, 74, 36)
(871/4, 71, 34)
(218, 68, 32)
(437/2, 69, 33)
(219, 71, 34)
(439/2, 72, 35)
(220, 74, 36)
(441/2, 76, 37)
(445/2, 79, 39)
(223, 77, 38)
(447/2, 76, 37)
(224, 74, 36)
(449/2, 73, 35)
(225, 81, 40)
(227, 81, 40)
(909/4, 79, 39)
(455/2, 77, 38)
(911/4, 76, 37)
(228, 74, 36)
(913/4, 72, 35)
(457/2, 71, 34)
(915/4, 72, 35)
(229, 74, 36)
(917/4, 71, 34)
(459/2, 79, 39)
(231, 78, 38)
(465/2, 77, 38)
(233, 74, 36)
(933/4, 73, 35)
(467/2, 74, 36)
(935/4, 76, 37)
(234, 77, 38)
(937/4, 74, 36)
(469/2, 71, 34)
(235, 77, 38)
(471/2, 76, 37)
(473/2, 74, 36)
(237, 73, 35)
(475/2, 74, 36)
(238, 76, 37)
(477/2, 69, 33)
(477/2, 81, 40)
(481/2, 69, 33)
(481/2, 81, 40)
(241, 69, 33)
(241, 81, 40)
(483/2, 69, 33)
(483/2, 81, 40)
(242, 69, 33)
(242, 81, 40)
(243, 80, 39)
(973/4, 83, 41)
(487/2, 76, 37)
(244, 76, 37)
(489/2, 69, 33)
(489/2, 81, 40)
(493/2, 69, 33)
(493/2, 81, 40)
(247, 69, 33)
(247, 81, 40)
(495/2, 69, 33)
(495/2, 81, 40)
(248, 69, 33)
(248, 81, 40)
(497/2, 69, 33)
(497/2, 81, 40)
(249, 80, 39)
(997/4, 81, 40)
(499/2, 83, 41)
(999/4, 80, 39)
(250, 76, 37)
(1001/4, 77, 38)
(501/2, 76, 37)
(1003/4, 77, 38)
(251, 74, 36)
(1005/4, 71, 34)
(503/2, 74, 36)
(1007/4, 74, 36)
(252, 76, 37)
(1009/4, 77, 38)
(505/2, 76, 37)
(1011/4, 73, 35)
(253, 69, 33)
(1013/4, 73, 35)
(507/2, 76, 37)
(1015/4, 77, 38)
(254, 76, 37)
(1017/4, 72, 35)
(509/2, 69, 33)
(1019/4, 72, 35)
(255, 76, 37)
(1021/4, 77, 38)
(511/2, 76, 37)
(1023/4, 71, 34)
(256, 68, 32)
(1025/4, 71, 34)
(513/2, 76, 37)
(1027/4, 77, 38)
(257, 76, 37)
(1029/4, 74, 36)
(515/2, 71, 34)
(1031/4, 74, 36)
(258, 76, 37)
(1033/4, 77, 38)
(517/2, 76, 37)
(1035/4, 73, 35)
(259, 69, 33)
(1037/4, 73, 35)
(519/2, 76, 37)
(1039/4, 77, 38)
(260, 76, 37)
(1041/4, 72, 35)
(521/2, 69, 33)
(1043/4, 72, 35)
(261, 76, 37)
(1045/4, 77, 38)
(523/2, 76, 37)
(1047/4, 71, 34)
(262, 68, 32)
(1049/4, 71, 34)
(525/2, 76, 37)
(1051/4, 77, 38)
(263, 76, 37)
(1053/4, 71, 34)
(527/2, 68, 32)
(1055/4, 71, 34)
(264, 75, 36)
(1057/4, 76, 37)
(529/2, 75, 36)
(1059/4, 71, 34)
(265, 69, 33)
(1061/4, 71, 34)
(531/2, 75, 36)
(1063/4, 76, 37)
(266, 75, 36)
(1065/4, 71, 34)
(533/2, 69, 33)
(1067/4, 71, 34)
(267, 74, 36)
(1069/4, 76, 37)
(535/2, 74, 36)
(1071/4, 71, 34)
(268, 64, 30)
(1073/4, 71, 34)
(537/2, 74, 36)
(1075/4, 76, 37)
(269, 74, 36)
(1077/4, 71, 34)
(539/2, 64, 30)
(1079/4, 71, 34)
(270, 74, 36)
(1081/4, 73, 35)
(541/2, 71, 34)
(1083/4, 69, 33)
(271, 68, 32)
(1085/4, 66, 31)
(543/2, 64, 30)
(1087/4, 66, 31)
(272, 68, 32)
(1089/4, 69, 33)
(545/2, 71, 34)
(1091/4, 73, 35)
(273, 74, 36)
(1093/4, 73, 35)
(547/2, 71, 34)
(1095/4, 69, 33)
(274, 68, 32)
(1097/4, 66, 31)
(549/2, 64, 30)
(1099/4, 66, 31)
(275, 68, 32)
(1101/4, 69, 33)
(551/2, 71, 34)
(1103/4, 73, 35)
(276, 74, 36)
(555/2, 76, 37)
(559/2, 74, 36)
(280, 73, 35)
(561/2, 71, 34)
(281, 74, 36)
(563/2, 66, 31)
(282, 69, 33)
(565/2, 68, 32)
(283, 64, 30)
(567/2, 67, 32)
(571/2, 66, 31)
(286, 70, 33)
(573/2, 71, 34)
(287, 73, 35)
(575/2, 74, 36)
(288, 68, 32)
(579/2, 76, 37)
(583/2, 74, 36)
(292, 73, 35)
(585/2, 78, 38)
(293, 74, 36)
(587/2, 71, 34)
(294, 69, 33)
(589/2, 68, 32)
(295, 64, 30)
(591/2, 67, 32)
(297, 66, 31)
(595/2, 70, 33)
(298, 71, 34)
(597/2, 67, 32)
(300, 66, 31)
(601/2, 70, 33)
(301, 71, 34)
(603/2, 71, 34)
(603/2, 69, 33)
(302, 68, 32)
(605/2, 66, 31)
(303, 64, 30)
(607/2, 69, 33)
(304, 73, 35)
(609/2, 73, 35)
(305, 74, 36)
(611/2, 71, 34)
(306, 76, 37)
(613/2, 73, 35)
(307, 69, 33)
(615/2, 67, 32)
(309, 66, 31)
(619/2, 70, 33)
(310, 71, 34)
(621/2, 67, 32)
(312, 66, 31)
(627/2, 74, 36)
(631/2, 74, 36)
(316, 73, 35)
(633/2, 71, 34)
(317, 69, 33)
(635/2, 68, 32)
(318, 69, 33)
(641/2, 69, 33)
(1283/4, 75, 36)
(321, 78, 38)
(1285/4, 76, 37)
(643/2, 73, 35)
(1287/4, 69, 33)
(647/2, 69, 33)
(1295/4, 75, 36)
(324, 78, 38)
(1297/4, 76, 37)
(649/2, 73, 35)
(1299/4, 69, 33)
(653/2, 69, 33)
(1307/4, 75, 36)
(327, 76, 37)
(1309/4, 73, 35)
(655/2, 69, 33)
(1311/4, 64, 30)
(328, 76, 37)
(1313/4, 76, 37)
(657/2, 76, 37)
(1315/4, 74, 36)
(329, 71, 34)
(1317/4, 64, 30)
(659/2, 76, 37)
(1319/4, 76, 37)
(330, 76, 37)
(1321/4, 73, 35)
(661/2, 69, 33)
(665/2, 72, 35)
(1331/4, 69, 33)
(333, 76, 37)
(1333/4, 72, 35)
(667/2, 69, 33)
(1335/4, 64, 30)
(671/2, 72, 35)
(1343/4, 69, 33)
(336, 76, 37)
(1345/4, 72, 35)
(673/2, 69, 33)
(1347/4, 64, 30)
(677/2, 72, 35)
(1355/4, 69, 33)
(339, 76, 37)
(1357/4, 72, 35)
(679/2, 69, 33)
(1359/4, 64, 30)
(340, 76, 37)
(1361/4, 76, 37)
(681/2, 76, 37)
(1363/4, 72, 35)
(341, 69, 33)
(1365/4, 64, 30)
(683/2, 76, 37)
(1367/4, 76, 37)
(342, 74, 36)
(1369/4, 72, 35)
(685/2, 69, 33)
(1371/4, 62, 29)
(343, 74, 36)
(1373/4, 74, 36)
(687/2, 74, 36)
(1375/4, 72, 35)
(344, 69, 33)
(1377/4, 62, 29)
(689/2, 74, 36)
(1379/4, 74, 36)
(345, 74, 36)
(1381/4, 71, 34)
(691/2, 67, 32)
(1383/4, 62, 29)
(346, 74, 36)
(1385/4, 74, 36)
(693/2, 74, 36)
(1387/4, 71, 34)
(347, 67, 32)
(1389/4, 62, 29)
(695/2, 77, 38)
(1391/4, 76, 37)
(348, 79, 39)
(1393/4, 77, 38)
(697/2, 74, 36)
(1395/4, 71, 34)
(701/2, 71, 34)
(1403/4, 69, 33)
(351, 72, 35)
(1405/4, 71, 34)
(703/2, 65, 31)
(1407/4, 62, 29)
(360, 74, 36)
(721/2, 71, 34)
(1443/4, 69, 33)
(361, 71, 34)
(1445/4, 72, 35)
(723/2, 74, 36)
(1447/4, 71, 34)
(362, 68, 32)
(725/2, 69, 33)
(363, 71, 34)
(727/2, 72, 35)
(364, 74, 36)
(366, 74, 36)
(733/2, 71, 34)
(1467/4, 69, 33)
(367, 71, 34)
(1469/4, 72, 35)
(735/2, 74, 36)
(1471/4, 71, 34)
(368, 68, 32)
(737/2, 69, 33)
(369, 71, 34)
(739/2, 72, 35)
(370, 74, 36)
(372, 72, 35)
(745/2, 74, 36)
(373, 76, 37)
(375, 74, 36)
(751/2, 76, 37)
(376, 77, 38)
(378, 68, 32)
(757/2, 69, 33)
(379, 71, 34)
(759/2, 71, 34)
(380, 72, 35)
(761/2, 74, 36)
(381, 76, 37)
(767/2, 69, 33)
(384, 74, 36)
(773/2, 68, 32)
(387, 72, 35)
(389, 71, 34)
(779/2, 69, 33)
(390, 68, 32)
(781/2, 69, 33)
(391, 71, 34)
(783/2, 69, 33)
(392, 72, 35)
(785/2, 74, 36)
(393, 76, 37)
(791/2, 69, 33)
(396, 74, 36)
(797/2, 68, 32)
(399, 72, 35)
(803/2, 72, 35)
(402, 81, 40)
(809/2, 72, 35)
(405, 71, 34)
(406, 68, 32)
(813/2, 69, 33)
(815/2, 77, 38)
(408, 76, 37)
(409, 71, 34)
(819/2, 72, 35)
(821/2, 69, 33)
(411, 69, 33)
(411, 71, 34)
(411, 72, 35)
(412, 69, 33)
(825/2, 71, 34)
(827/2, 72, 35)
(414, 69, 33)
(415, 72, 35)
(831/2, 76, 37)
(833/2, 72, 35)
(417, 71, 34)
(418, 68, 32)
(837/2, 69, 33)
(839/2, 77, 38)
(420, 76, 37)
(421, 71, 34)
(843/2, 72, 35)
(845/2, 69, 33)
(423, 69, 33)
(423, 71, 34)
(423, 72, 35)
(424, 69, 33)
(849/2, 71, 34)
(851/2, 72, 35)
(426, 69, 33)
(427, 76, 37)
(855/2, 81, 40)
(857/2, 69, 33)
(429, 69, 33)
(429, 71, 34)
(429, 72, 35)
(430, 69, 33)
(861/2, 71, 34)
(863/2, 72, 35)
(432, 69, 33)
(433, 71, 34)
(867/2, 72, 35)
(869/2, 76, 37)
(435, 72, 35)
(436, 76, 37)
(873/2, 81, 40)
(875/2, 83, 41)
(438, 81, 40)
(439, 83, 41)
(879/2, 84, 42)
(881/2, 88, 44)
(441, 88, 44)
(885/2, 68, 32)
(444, 69, 33)
(10000, 71, 34)
(20001/2, 68, 32)
(40003/4, 66, 31)
(10001, 68, 32)
(40005/4, 69, 33)
(20003/2, 71, 34)
(40007/4, 68, 32)
(10002, 64, 30)
(20005/2, 66, 31)
(10003, 68, 32)
(20007/2, 69, 33)
(10004, 71, 34)
(20009/2, 72, 35)
(20011/2, 77, 38)
(40023/4, 74, 36)
(10006, 72, 35)
(10007, 77, 38)
(40029/4, 74, 36)
(20015/2, 72, 35)
(20017/2, 77, 38)
(40035/4, 74, 36)
(10009, 72, 35)
(40037/4, 69, 33)
(20019/2, 74, 36)
(40039/4, 72, 35)
(10010, 71, 34)
(40041/4, 69, 33)
(20021/2, 69, 33)
(20021/2, 68, 32)
(40043/4, 66, 31)
(10011, 64, 30)
(40045/4, 66, 31)
(20023/2, 68, 32)
(40047/4, 69, 33)
(10012, 71, 34)
(20025/2, 68, 32)
(40051/4, 66, 31)
(10013, 68, 32)
(40053/4, 69, 33)
(20027/2, 71, 34)
(40055/4, 68, 32)
(10014, 64, 30)
(20029/2, 66, 31)
(10015, 68, 32)
(20031/2, 69, 33)
(10016, 71, 34)
(20033/2, 72, 35)
(20035/2, 77, 38)
(40071/4, 74, 36)
(10018, 72, 35)
(10019, 77, 38)
(40077/4, 74, 36)
(20039/2, 72, 35)
(20041/2, 77, 38)
(40083/4, 74, 36)
(10021, 72, 35)
(40085/4, 69, 33)
(20043/2, 65, 31)
(40087/4, 62, 29)
(10022, 59, 27)
(40089/4, 64, 30)
(20045/2, 60, 28)
(20047/2, 66, 31)
(10024, 65, 31)
(20049/2, 65, 31)
(40099/4, 65, 31)
(10025, 65, 31)
(40101/4, 65, 31)
(20051/2, 65, 31)
(10026, 65, 31)
(20053/2, 64, 30)
(10027, 62, 29)
(20055/2, 65, 31)
(40111/4, 65, 31)
(10028, 65, 31)
(40113/4, 65, 31)
(20057/2, 65, 31)
(10029, 65, 31)
(20059/2, 64, 30)
(10030, 69, 33)
(40121/4, 71, 34)
(20061/2, 72, 35)
(40123/4, 67, 32)
(10031, 69, 33)
(40125/4, 72, 35)
(20063/2, 69, 33)
(40127/4, 71, 34)
(10032, 72, 35)
(40129/4, 67, 32)
(20065/2, 69, 33)
(40131/4, 71, 34)
(10033, 72, 35)
(40133/4, 74, 36)
(20067/2, 76, 37)
(40135/4, 72, 35)
(10034, 69, 33)
(40137/4, 74, 36)
(20069/2, 67, 32)
(40139/4, 72, 35)
(10035, 71, 34)
(40141/4, 69, 33)
(20071/2, 67, 32)
(40143/4, 69, 33)
(10036, 71, 34)
(20073/2, 68, 32)
(40147/4, 66, 31)
(10037, 68, 32)
(40149/4, 69, 33)
(20075/2, 71, 34)
(40151/4, 68, 32)
(10038, 64, 30)
(20077/2, 66, 31)
(10039, 68, 32)
(20079/2, 69, 33)
(10040, 71, 34)
(20081/2, 72, 35)
(20083/2, 77, 38)
(40167/4, 74, 36)
(10042, 72, 35)
(10043, 77, 38)
(40173/4, 74, 36)
(20087/2, 72, 35)
(20089/2, 77, 38)
(40179/4, 74, 36)
(10045, 72, 35)
(40181/4, 69, 33)
(20091/2, 65, 31)
(40183/4, 62, 29)
(10046, 59, 27)
(40185/4, 64, 30)
(20093/2, 60, 28)
(20095/2, 66, 31)
(10048, 65, 31)
(20097/2, 65, 31)
(40195/4, 65, 31)
(10049, 65, 31)
(40197/4, 65, 31)
(20099/2, 65, 31)
(10050, 65, 31)
(20101/2, 64, 30)
(10051, 62, 29)
(20103/2, 65, 31)
(40207/4, 65, 31)
(10052, 65, 31)
(40209/4, 65, 31)
(20105/2, 65, 31)
(10053, 65, 31)
(20107/2, 64, 30)
(10054, 72, 35)
(40217/4, 74, 36)
(20109/2, 76, 37)
(40219/4, 76, 37)
(10055, 72, 35)
(40221/4, 76, 37)
(20111/2, 72, 35)
(40223/4, 76, 37)
(10056, 71, 34)
(40225/4, 76, 37)
(20113/2, 75, 36)
(40227/4, 71, 34)
(10057, 71, 34)
(40229/4, 76, 37)
(20115/2, 79, 39)
(40231/4, 76, 37)
(10058, 72, 35)
(40233/4, 76, 37)
(20117/2, 71, 34)
(40235/4, 76, 37)
(10059, 75, 36)
(10060, 71, 34)
(20121/2, 68, 32)
(40243/4, 66, 31)
(10061, 68, 32)
(40245/4, 69, 33)
(20123/2, 71, 34)
(40247/4, 68, 32)
(10062, 64, 30)
(20125/2, 66, 31)
(10063, 68, 32)
(20127/2, 69, 33)
(10064, 71, 34)
(20129/2, 72, 35)
(20131/2, 77, 38)
(40263/4, 74, 36)
(10066, 72, 35)
(10067, 77, 38)
(40269/4, 74, 36)
(20135/2, 72, 35)
(20137/2, 77, 38)
(40275/4, 74, 36)
(10069, 72, 35)
(40277/4, 69, 33)
(20139/2, 65, 31)
(40279/4, 62, 29)
(10070, 59, 27)
(40281/4, 64, 30)
(20141/2, 60, 28)
(10072, 64, 30)
(20147/2, 64, 30)
(10075, 57, 26)
(10075, 64, 30)
(20151/2, 57, 26)
(20151/2, 64, 30)
(10076, 64, 30)
(20153/2, 64, 30)
(10078, 64, 30)
(20159/2, 64, 30)
(20165/2, 67, 32)
(40331/4, 62, 29)
(10083, 59, 27)
(40333/4, 62, 29)
(20167/2, 67, 32)
(40335/4, 71, 34)
(10084, 67, 32)
(40337/4, 62, 29)
(20169/2, 59, 27)
(40339/4, 62, 29)
(10085, 67, 32)
(40341/4, 65, 31)
(20171/2, 64, 30)
(40343/4, 60, 28)
(10086, 55, 25)
(40345/4, 60, 28)
(20173/2, 64, 30)
(40347/4, 67, 32)
(10087, 63, 30)
(40349/4, 67, 32)
(20175/2, 62, 29)
(40351/4, 67, 32)
(10088, 63, 30)
(40353/4, 60, 28)
(20177/2, 59, 27)
(10089, 67, 32)
(20179/2, 67, 32)
(10090, 65, 31)
(20183/2, 64, 30)
(10092, 67, 32)
(20185/2, 67, 32)
(10093, 67, 32)
(20187/2, 67, 32)
(10094, 67, 32)
(20189/2, 67, 32)
(10096, 67, 32)
(20193/2, 67, 32)
(10097, 67, 32)
(20195/2, 67, 32)
(10099, 67, 32)
(20199/2, 67, 32)
(10100, 67, 32)
(20201/2, 67, 32)
(20207/2, 79, 39)
(40415/4, 76, 37)
(10104, 72, 35)
(40417/4, 67, 32)
(20209/2, 64, 30)
(40419/4, 60, 28)
(10105, 57, 26)
(20213/2, 69, 33)
(10108, 67, 32)
(20219/2, 61, 28)
(40439/4, 64, 30)
(10110, 67, 32)
(40441/4, 64, 30)
(20221/2, 62, 29)
(40443/4, 61, 28)
(10111, 62, 29)
(20223/2, 65, 31)
(10112, 67, 32)
(20225/2, 69, 33)
(10113, 73, 35)
(20227/2, 74, 36)
(10114, 67, 32)
(20231/2, 79, 39)
(40463/4, 76, 37)
(10116, 72, 35)
(40465/4, 67, 32)
(20233/2, 64, 30)
(40467/4, 60, 28)
(10117, 57, 26)
(20237/2, 69, 33)
(10120, 67, 32)
(20243/2, 61, 28)
(40487/4, 64, 30)
(10122, 67, 32)
(40489/4, 64, 30)
(20245/2, 62, 29)
(40491/4, 61, 28)
(10123, 62, 29)
(20247/2, 64, 30)
(10124, 65, 31)
(20249/2, 61, 28)
(40499/4, 64, 30)
(10125, 67, 32)
(40501/4, 64, 30)
(20251/2, 62, 29)
(40503/4, 61, 28)
(10126, 62, 29)
(20253/2, 64, 30)
(10127, 65, 31)
(20255/2, 65, 31)
(10129, 64, 30)
(20259/2, 65, 31)
(10130, 67, 32)
(20261/2, 65, 31)
(10132, 64, 30)
(20265/2, 65, 31)
(10133, 67, 32)
(20267/2, 63, 30)
(20273/2, 63, 30)
(20279/2, 62, 29)
(20283/2, 62, 29)
(10142, 60, 28)
(20285/2, 60, 28)
(10143, 60, 28)
(20287/2, 59, 27)
(10144, 60, 28)
(20289/2, 59, 27)
(10145, 60, 28)
(20291/2, 60, 28)
(20291/2, 63, 30)
(20297/2, 60, 28)
(20297/2, 63, 30)
(20303/2, 59, 27)
(20303/2, 62, 29)
(20307/2, 60, 28)
(10154, 59, 27)
(20309/2, 64, 30)
(10155, 62, 29)
(20311/2, 60, 28)
(10156, 64, 30)
(20313/2, 62, 29)
(10157, 61, 28)
(20315/2, 65, 31)
(10158, 64, 30)
(20317/2, 62, 29)
(10159, 63, 30)
(20319/2, 62, 29)
(10160, 60, 28)
(20321/2, 69, 33)
(10161, 67, 32)
(20323/2, 66, 31)
(10162, 55, 25)
(10162, 67, 32)
(20325/2, 55, 25)
(20325/2, 67, 32)
(10163, 55, 25)
(10163, 67, 32)
(20327/2, 55, 25)
(20327/2, 67, 32)
(10164, 55, 25)
(10164, 67, 32)
(20329/2, 55, 25)
(20329/2, 67, 32)
(10165, 74, 36)
(20333/2, 67, 32)
(10168, 72, 35)
(10168, 76, 37)
(10169, 72, 35)
(40677/4, 71, 34)
(20339/2, 74, 36)
(40679/4, 72, 35)
(10170, 71, 34)
(40681/4, 69, 33)
(10172, 72, 35)
(40689/4, 71, 34)
(20345/2, 74, 36)
(40691/4, 72, 35)
(10173, 71, 34)
(40693/4, 69, 33)
(10175, 72, 35)
(40701/4, 71, 34)
(20351/2, 74, 36)
(40703/4, 72, 35)
(10176, 71, 34)
(40705/4, 69, 33)
(20355/2, 71, 34)
(40711/4, 74, 36)
(10178, 72, 35)
(40713/4, 69, 33)
(20357/2, 65, 31)
(40715/4, 69, 33)
(10179, 67, 32)
(40717/4, 64, 30)
(20359/2, 62, 29)
(40719/4, 65, 31)
(10180, 64, 30)
(10181, 72, 35)
(40725/4, 71, 34)
(20363/2, 74, 36)
(40727/4, 72, 35)
(10182, 71, 34)
(40729/4, 69, 33)
(10184, 70, 34)
(40737/4, 69, 33)
(20369/2, 72, 35)
(40739/4, 70, 34)
(10185, 69, 33)
(40741/4, 67, 32)
(10187, 72, 35)
(40749/4, 76, 37)
(20375/2, 79, 39)
(40751/4, 77, 38)
(10188, 72, 35)
(40753/4, 69, 33)
(10190, 71, 34)
(40761/4, 74, 36)
(20381/2, 79, 39)
(40763/4, 77, 38)
(10191, 74, 36)
(40765/4, 71, 34)
(10193, 71, 34)
(40773/4, 72, 35)
(20387/2, 76, 37)
(40775/4, 74, 36)
(10194, 71, 34)
(40777/4, 67, 32)
(10196, 62, 29)
(40785/4, 65, 31)
(20393/2, 67, 32)
(40787/4, 65, 31)
(10197, 62, 29)
(40789/4, 59, 27)
(10204, 71, 34)
(20409/2, 68, 32)
(40819/4, 66, 31)
(10205, 68, 32)
(40821/4, 69, 33)
(20411/2, 71, 34)
(40823/4, 68, 32)
(10206, 64, 30)
(20413/2, 66, 31)
(10207, 68, 32)
(20415/2, 69, 33)
(10208, 71, 34)
(20417/2, 72, 35)
(20419/2, 77, 38)
(40839/4, 74, 36)
(10210, 72, 35)
(10211, 77, 38)
(40845/4, 74, 36)
(20423/2, 72, 35)
(20425/2, 77, 38)
(40851/4, 74, 36)
(10213, 72, 35)
(40853/4, 69, 33)
(20427/2, 74, 36)
(40855/4, 72, 35)
(10214, 71, 34)
(40857/4, 69, 33)
(20429/2, 68, 32)
(40859/4, 66, 31)
(10215, 64, 30)
(40861/4, 66, 31)
(20431/2, 68, 32)
(40863/4, 69, 33)
(10216, 71, 34)
(20433/2, 68, 32)
(40867/4, 66, 31)
(10217, 68, 32)
(40869/4, 69, 33)
(20435/2, 71, 34)
(40871/4, 68, 32)
(10218, 64, 30)
(20437/2, 66, 31)
(10219, 68, 32)
(20439/2, 69, 33)
(10220, 71, 34)
(20441/2, 73, 35)
(20445/2, 76, 37)
(10223, 74, 36)
(20447/2, 73, 35)
(10224, 71, 34)
(20449/2, 69, 33)
(10225, 74, 36)
(10227, 77, 38)
(40909/4, 76, 37)
(20455/2, 74, 36)
(40911/4, 72, 35)
(10228, 71, 34)
(40913/4, 69, 33)
(20457/2, 67, 32)
(40915/4, 69, 33)
(10229, 71, 34)
(40917/4, 67, 32)
(20459/2, 79, 39)
(10230, 72, 35)
(40921/4, 71, 34)
(20461/2, 72, 35)
(40923/4, 74, 36)
(10231, 76, 37)
(40925/4, 72, 35)
(20463/2, 69, 33)
(10232, 71, 34)
(20465/2, 72, 35)
(10233, 74, 36)
(20467/2, 72, 35)
(10234, 71, 34)
(20471/2, 70, 34)
(20473/2, 70, 34)
(10237, 70, 34)
(20475/2, 69, 33)
(10238, 73, 35)
(20477/2, 74, 36)
(20481/2, 77, 38)
(10241, 76, 37)
(20483/2, 74, 36)
(10242, 72, 35)
(20485/2, 71, 34)
(10243, 74, 36)
(20487/2, 76, 37)
(40975/4, 77, 38)
(10244, 76, 37)
(40977/4, 74, 36)
(20489/2, 72, 35)
(10245, 74, 36)
(10245, 77, 38)
(20493/2, 77, 38)
(10247, 76, 37)
(20495/2, 74, 36)
(10248, 72, 35)
(20497/2, 71, 34)
(10249, 71, 34)
(20501/2, 71, 34)
(10252, 64, 30)
(20507/2, 64, 30)
(20507/2, 69, 33)
(10255, 68, 32)
(20513/2, 62, 29)
(10258, 61, 28)
(20517/2, 61, 28)
(41035/4, 59, 27)
(10259, 61, 28)
(41037/4, 62, 29)
(20519/2, 64, 30)
(41039/4, 60, 28)
(10260, 57, 26)
(20521/2, 60, 28)
(10261, 59, 27)
(10267, 62, 29)
(20555/2, 76, 37)
(41111/4, 73, 35)
(10278, 69, 33)
(41113/4, 64, 30)
(20557/2, 61, 28)
(41115/4, 57, 26)
(10279, 66, 31)
(20561/2, 66, 31)
(10282, 64, 30)
(20567/2, 58, 26)
(41135/4, 61, 28)
(10284, 64, 30)
(41137/4, 61, 28)
(20569/2, 59, 27)
(41139/4, 58, 26)
(10285, 59, 27)
(20571/2, 62, 29)
(10286, 64, 30)
(20573/2, 66, 31)
(10287, 70, 33)
(20575/2, 71, 34)
(10288, 64, 30)
(20579/2, 76, 37)
(41159/4, 73, 35)
(10290, 69, 33)
(41161/4, 64, 30)
(20581/2, 61, 28)
(41163/4, 57, 26)
(10291, 66, 31)
(20585/2, 66, 31)
(10294, 64, 30)
(20591/2, 64, 30)
(10297, 62, 29)
(20595/2, 64, 30)
(10298, 66, 31)
(20597/2, 64, 30)
(10300, 62, 29)
(20601/2, 64, 30)
(10301, 66, 31)
(20603/2, 60, 28)
(41207/4, 57, 26)
(10302, 60, 28)
(41209/4, 57, 26)
(20605/2, 60, 28)
(41211/4, 57, 26)
(10303, 61, 28)
(41213/4, 57, 26)
(20607/2, 61, 28)
(41215/4, 57, 26)
(10304, 61, 28)
(41217/4, 57, 26)
(20609/2, 64, 30)
(10305, 64, 30)
(20611/2, 64, 30)
(10306, 64, 30)
(20615/2, 64, 30)
(10309, 62, 29)
(20619/2, 64, 30)
(10310, 66, 31)
(20621/2, 64, 30)
(10312, 62, 29)
(20627/2, 71, 34)
(10315, 71, 34)
(41261/4, 64, 30)
(20631/2, 71, 34)
(41263/4, 64, 30)
(10316, 69, 33)
(41265/4, 64, 30)
(20633/2, 66, 31)
(41267/4, 62, 29)
(10317, 64, 30)
(41269/4, 61, 28)
(20635/2, 62, 29)
(41271/4, 59, 27)
(10318, 57, 26)
(10319, 69, 33)
(41277/4, 68, 32)
(20639/2, 71, 34)
(41279/4, 69, 33)
(10320, 68, 32)
(41281/4, 66, 31)
(10322, 69, 33)
(41289/4, 68, 32)
(20645/2, 71, 34)
(41291/4, 69, 33)
(10323, 68, 32)
(41293/4, 66, 31)
(10325, 69, 33)
(41301/4, 68, 32)
(20651/2, 71, 34)
(41303/4, 69, 33)
(10326, 68, 32)
(41305/4, 66, 31)
(10327, 61, 28)
(10328, 61, 28)
(20657/2, 62, 29)
(20659/2, 59, 27)
(10330, 61, 28)
(10331, 72, 35)
(41325/4, 71, 34)
(20663/2, 74, 36)
(41327/4, 72, 35)
(10332, 71, 34)
(41329/4, 69, 33)
(10334, 72, 35)
(41337/4, 71, 34)
(20669/2, 76, 37)
(41339/4, 74, 36)
(10335, 71, 34)
(41341/4, 65, 31)
(10337, 72, 35)
(41349/4, 71, 34)
(20675/2, 74, 36)
(41351/4, 72, 35)
(10338, 71, 34)
(41353/4, 69, 33)
(10342, 60, 28)
(10345, 59, 27)
(20693/2, 65, 31)
(10349, 74, 36)
(41397/4, 73, 35)
(20699/2, 76, 37)
(41399/4, 74, 36)
(10350, 71, 34)
(41401/4, 65, 31)
(10352, 65, 31)
(41409/4, 64, 30)
(20705/2, 67, 32)
(41411/4, 65, 31)
(10353, 62, 29)
(41413/4, 59, 27)
(10360, 71, 34)
(20721/2, 68, 32)
(41443/4, 66, 31)
(10361, 68, 32)
(41445/4, 69, 33)
(20723/2, 71, 34)
(41447/4, 68, 32)
(10362, 64, 30)
(20725/2, 66, 31)
(10363, 68, 32)
(20727/2, 69, 33)
(10364, 71, 34)
(10366, 71, 34)
(20733/2, 68, 32)
(41467/4, 66, 31)
(10367, 68, 32)
(41469/4, 69, 33)
(20735/2, 71, 34)
(41471/4, 68, 32)
(10368, 64, 30)
(20737/2, 66, 31)
(10369, 68, 32)
(20739/2, 69, 33)
(10370, 71, 34)
(10372, 69, 33)
(20745/2, 71, 34)
(10373, 72, 35)
(10375, 71, 34)
(20751/2, 72, 35)
(10376, 74, 36)
(20759/2, 68, 32)
(10380, 69, 33)
(20761/2, 71, 34)
(10381, 72, 35)
(20767/2, 65, 31)
(10384, 71, 34)
(20773/2, 65, 31)
(10387, 69, 33)
(10389, 59, 27)
(20779/2, 60, 28)
(10390, 59, 27)
(20781/2, 60, 28)
(10391, 62, 29)
(20783/2, 60, 28)
(10392, 69, 33)
(20785/2, 71, 34)
(10393, 72, 35)
(20791/2, 65, 31)
(10396, 70, 34)
(20797/2, 65, 31)
(10399, 69, 33)
(20803/2, 69, 33)
(10402, 72, 35)
(20809/2, 66, 31)
(10405, 65, 31)
(10406, 65, 31)
(20813/2, 64, 30)
(20815/2, 69, 33)
(10408, 71, 34)
(10409, 64, 30)
(20819/2, 64, 30)
(20821/2, 64, 30)
(10411, 69, 33)
(10412, 64, 30)
(20825/2, 68, 32)
(20827/2, 68, 32)
(10414, 69, 33)
(10415, 69, 33)
(20831/2, 72, 35)
(20833/2, 69, 33)
(10417, 66, 31)
(10418, 65, 31)
(20837/2, 64, 30)
(20839/2, 69, 33)
(10420, 71, 34)
(10421, 68, 32)
(20843/2, 64, 30)
(20845/2, 66, 31)
(10423, 64, 30)
(10424, 64, 30)
(20849/2, 68, 32)
(20851/2, 68, 32)
(10426, 69, 33)
(10427, 71, 34)
(20855/2, 72, 35)
(20857/2, 66, 31)
(10429, 64, 30)
(10430, 64, 30)
(20861/2, 68, 32)
(20863/2, 68, 32)
(10432, 69, 33)
(10433, 64, 30)
(20867/2, 69, 33)
(20869/2, 71, 34)
(10435, 69, 33)
(10436, 71, 34)
(20873/2, 72, 35)
(20875/2, 76, 37)
(10438, 72, 35)
(10439, 76, 37)
(20879/2, 81, 40)
(20881/2, 83, 41)
(10441, 84, 42)
(20885/2, 64, 30)
(10444, 64, 30)
(20000, 62, 29)
(20000, 64, 30)
(40001/2, 62, 29)
(40001/2, 64, 30)
(80003/4, 62, 29)
(80003/4, 64, 30)
(20001, 62, 29)
(20001, 64, 30)
(80005/4, 62, 29)
(80005/4, 64, 30)
(40003/2, 62, 29)
(40003/2, 64, 30)
(80007/4, 62, 29)
(80007/4, 64, 30)
(20002, 62, 29)
(20002, 64, 30)
(40005/2, 62, 29)
(40005/2, 64, 30)
(20003, 62, 29)
(20003, 64, 30)
(40007/2, 62, 29)
(40007/2, 64, 30)
(20004, 62, 29)
(20004, 64, 30)
(40009/2, 60, 28)
(40009/2, 64, 30)
(40011/2, 62, 29)
(20006, 60, 28)
(20006, 64, 30)
(20007, 62, 29)
(40015/2, 60, 28)
(40015/2, 64, 30)
(40019/2, 62, 29)
(20010, 63, 29)
(40021/2, 64, 30)
(20012, 62, 29)
(20012, 64, 30)
(40025/2, 62, 29)
(40025/2, 64, 30)
(40027/2, 62, 29)
(40027/2, 64, 30)
(80055/4, 62, 29)
(80055/4, 64, 30)
(20014, 62, 29)
(20014, 64, 30)
(40029/2, 62, 29)
(40029/2, 64, 30)
(20015, 62, 29)
(20015, 64, 30)
(40033/2, 60, 28)
(40035/2, 62, 29)
(20018, 60, 28)
(20018, 64, 30)
(20019, 62, 29)
(40039/2, 60, 28)
(40039/2, 64, 30)
(40043/2, 59, 27)
(20022, 64, 30)
(40045/2, 64, 30)
(20024, 59, 27)
(40049/2, 55, 25)
(80099/4, 50, 22)
(20025, 55, 25)
(80101/4, 57, 26)
(40051/2, 59, 27)
(20026, 62, 29)
(40053/2, 60, 28)
(20027, 59, 27)
(40055/2, 55, 25)
(80111/4, 50, 22)
(20028, 55, 25)
(80113/4, 57, 26)
(40057/2, 59, 27)
(20029, 62, 29)
(40059/2, 60, 28)
(20030, 65, 31)
(40061/2, 64, 30)
(20031, 63, 30)
(40063/2, 62, 29)
(20032, 67, 32)
(40065/2, 65, 31)
(20033, 64, 30)
(40067/2, 69, 33)
(20034, 65, 31)
(40069/2, 67, 32)
(20036, 62, 29)
(20036, 64, 30)
(40073/2, 62, 29)
(40073/2, 64, 30)
(40075/2, 62, 29)
(40075/2, 64, 30)
(20039, 62, 29)
(20039, 64, 30)
(40081/2, 60, 28)
(40081/2, 64, 30)
(40083/2, 62, 29)
(20042, 60, 28)
(20042, 64, 30)
(20043, 62, 29)
(40087/2, 60, 28)
(40087/2, 64, 30)
(40091/2, 59, 27)
(20046, 64, 30)
(40093/2, 64, 30)
(20048, 59, 27)
(40097/2, 55, 25)
(80195/4, 50, 22)
(20049, 55, 25)
(80197/4, 57, 26)
(40099/2, 59, 27)
(80199/4, 55, 25)
(20050, 62, 29)
(40101/2, 60, 28)
(20051, 59, 27)
(40103/2, 55, 25)
(80207/4, 50, 22)
(20052, 55, 25)
(80209/4, 57, 26)
(40105/2, 59, 27)
(80211/4, 55, 25)
(20053, 62, 29)
(40107/2, 60, 28)
(20054, 69, 33)
(40109/2, 67, 32)
(20055, 66, 31)
(40111/2, 66, 31)
(20056, 71, 34)
(40113/2, 69, 33)
(20057, 67, 32)
(40115/2, 72, 35)
(20058, 69, 33)
(40117/2, 71, 34)
(20060, 62, 29)
(20060, 64, 30)
(40121/2, 62, 29)
(40121/2, 64, 30)
(40123/2, 62, 29)
(40123/2, 64, 30)
(20063, 62, 29)
(20063, 64, 30)
(40129/2, 60, 28)
(40129/2, 64, 30)
(40131/2, 62, 29)
(20066, 60, 28)
(20066, 64, 30)
(20067, 62, 29)
(40135/2, 60, 28)
(40135/2, 64, 30)
(40139/2, 59, 27)
(20070, 64, 30)
(40141/2, 64, 30)
(20072, 59, 27)
(20072, 62, 29)
(40147/2, 60, 28)
(20075, 60, 28)
(40151/2, 60, 28)
(20076, 59, 27)
(20076, 62, 29)
(40153/2, 60, 28)
(20078, 59, 27)
(20078, 62, 29)
(40159/2, 60, 28)
(20081, 60, 28)
(20081, 66, 31)
(40163/2, 60, 28)
(40163/2, 66, 31)
(20082, 60, 28)
(40165/2, 55, 25)
(40165/2, 62, 29)
(20084, 59, 27)
(20084, 62, 29)
(40171/2, 60, 28)
(20087, 60, 28)
(40175/2, 60, 28)
(20088, 60, 28)
(40177/2, 55, 25)
(20090, 62, 29)
(40183/2, 60, 28)
(20093, 48, 21)
(40187/2, 48, 21)
(20094, 48, 21)
(40189/2, 55, 25)
(20096, 60, 28)
(40193/2, 62, 29)
(20097, 63, 30)
(40195/2, 62, 29)
(20099, 60, 28)
(40199/2, 62, 29)
(20100, 63, 30)
(40201/2, 59, 27)
(40201/2, 62, 29)
(40207/2, 60, 28)
(80421/4, 57, 26)
(40211/2, 62, 29)
(80423/4, 57, 26)
(20106, 64, 30)
(80425/4, 57, 26)
(40213/2, 65, 31)
(80427/4, 57, 26)
(20107, 62, 29)
(80429/4, 57, 26)
(40215/2, 65, 31)
(80431/4, 57, 26)
(20108, 64, 30)
(40217/2, 62, 29)
(20109, 59, 27)
(40219/2, 55, 25)
(80445/4, 55, 25)
(40223/2, 62, 29)
(80447/4, 55, 25)
(20112, 64, 30)
(80449/4, 55, 25)
(40225/2, 65, 31)
(80451/4, 55, 25)
(20113, 64, 30)
(80453/4, 55, 25)
(40227/2, 62, 29)
(80455/4, 55, 25)
(20114, 62, 29)
(40231/2, 60, 28)
(80469/4, 57, 26)
(40235/2, 62, 29)
(80471/4, 57, 26)
(20118, 64, 30)
(80473/4, 57, 26)
(40237/2, 65, 31)
(80475/4, 57, 26)
(20119, 62, 29)
(80477/4, 57, 26)
(40239/2, 65, 31)
(80479/4, 57, 26)
(20120, 64, 30)
(40241/2, 62, 29)
(20121, 59, 27)
(40243/2, 64, 30)
(20123, 65, 31)
(40249/2, 64, 30)
(20126, 65, 31)
(40255/2, 59, 27)
(80511/4, 62, 29)
(20128, 65, 31)
(80513/4, 62, 29)
(40257/2, 60, 28)
(80515/4, 59, 27)
(20129, 60, 28)
(40259/2, 62, 29)
(20130, 64, 30)
(40261/2, 59, 27)
(80523/4, 62, 29)
(20131, 65, 31)
(80525/4, 62, 29)
(40263/2, 60, 28)
(80527/4, 59, 27)
(20132, 60, 28)
(40265/2, 62, 29)
(20133, 64, 30)
(40267/2, 60, 28)
(40273/2, 60, 28)
(40279/2, 59, 27)
(40283/2, 59, 27)
(20142, 60, 28)
(40285/2, 57, 26)
(20143, 55, 25)
(40287/2, 55, 25)
(20144, 55, 25)
(40289/2, 55, 25)
(20145, 55, 25)
(20147, 57, 26)
(80589/4, 60, 28)
(40295/2, 63, 30)
(80591/4, 62, 29)
(20148, 60, 28)
(80593/4, 59, 27)
(40297/2, 57, 26)
(20150, 57, 26)
(80601/4, 60, 28)
(40301/2, 63, 30)
(80603/4, 60, 28)
(20151, 59, 27)
(80605/4, 60, 28)
(40303/2, 62, 29)
(20153, 55, 25)
(40307/2, 55, 25)
(20154, 55, 25)
(40309/2, 55, 25)
(20155, 62, 29)
(40311/2, 55, 25)
(20156, 58, 27)
(40313/2, 57, 26)
(20157, 55, 25)
(40315/2, 62, 29)
(20158, 64, 30)
(40317/2, 57, 26)
(20159, 60, 28)
(40319/2, 59, 27)
(20160, 57, 26)
(40321/2, 63, 30)
(20161, 62, 29)
(40323/2, 60, 28)
(20162, 65, 31)
(40325/2, 64, 30)
(20163, 62, 29)
(40327/2, 62, 29)
(20164, 64, 30)
(40329/2, 65, 31)
(20165, 65, 31)
(40333/2, 55, 25)
(20168, 55, 25)
(20168, 64, 30)
(40337/2, 48, 21)
(40339/2, 62, 29)
(40339/2, 66, 31)
(20170, 62, 29)
(20170, 66, 31)
(40341/2, 62, 29)
(40341/2, 66, 31)
(20171, 62, 29)
(40345/2, 62, 29)
(40345/2, 66, 31)
(20173, 62, 29)
(20173, 66, 31)
(40347/2, 62, 29)
(40347/2, 66, 31)
(20174, 62, 29)
(40351/2, 62, 29)
(40351/2, 66, 31)
(20176, 62, 29)
(20176, 66, 31)
(40353/2, 62, 29)
(40353/2, 66, 31)
(20177, 62, 29)
(40357/2, 65, 31)
(20179, 64, 30)
(40359/2, 71, 34)
(20180, 72, 35)
(40363/2, 62, 29)
(40363/2, 66, 31)
(20182, 62, 29)
(20182, 66, 31)
(40365/2, 62, 29)
(40365/2, 66, 31)
(20183, 62, 29)
(40369/2, 60, 28)
(40369/2, 64, 30)
(20185, 60, 28)
(20185, 64, 30)
(40371/2, 60, 28)
(40371/2, 64, 30)
(20186, 60, 28)
(40375/2, 60, 28)
(20189, 59, 27)
(20189, 62, 29)
(40381/2, 59, 27)
(40381/2, 62, 29)
(20192, 59, 27)
(20192, 62, 29)
(20195, 59, 27)
(20195, 62, 29)
(20198, 64, 30)
(80793/4, 62, 29)
(40397/2, 59, 27)
(80795/4, 53, 24)
(20199, 59, 27)
(80797/4, 62, 29)
(40399/2, 64, 30)
(80799/4, 62, 29)
(20200, 59, 27)
(80801/4, 53, 24)
(40401/2, 59, 27)
(80803/4, 62, 29)
(20201, 65, 31)
(80805/4, 64, 30)
(40403/2, 62, 29)
(80807/4, 60, 28)
(20202, 59, 27)
(80809/4, 60, 28)
(40405/2, 62, 29)
(80811/4, 60, 28)
(20203, 59, 27)
(80813/4, 57, 26)
(40407/2, 55, 25)
(80815/4, 53, 24)
(20204, 62, 29)
(20204, 64, 30)
(40409/2, 62, 29)
(40409/2, 64, 30)
(40411/2, 62, 29)
(40411/2, 64, 30)
(80823/4, 62, 29)
(80823/4, 64, 30)
(20206, 62, 29)
(20206, 64, 30)
(40413/2, 62, 29)
(40413/2, 64, 30)
(20207, 62, 29)
(20207, 64, 30)
(40417/2, 60, 28)
(40417/2, 64, 30)
(40419/2, 62, 29)
(40419/2, 65, 31)
(20210, 60, 28)
(20210, 64, 30)
(20211, 62, 29)
(20211, 65, 31)
(40423/2, 60, 28)
(40423/2, 64, 30)
(40425/2, 62, 29)
(40425/2, 65, 31)
(20213, 60, 28)
(20213, 64, 30)
(40427/2, 65, 31)
(20214, 65, 31)
(40429/2, 59, 27)
(20216, 62, 29)
(20216, 64, 30)
(40433/2, 62, 29)
(40433/2, 64, 30)
(40435/2, 62, 29)
(40435/2, 64, 30)
(80871/4, 62, 29)
(80871/4, 64, 30)
(20218, 62, 29)
(20218, 64, 30)
(40437/2, 62, 29)
(40437/2, 64, 30)
(20219, 62, 29)
(20219, 64, 30)
(40439/2, 60, 28)
(40439/2, 64, 30)
(20220, 59, 27)
(20220, 64, 30)
(40441/2, 57, 26)
(40441/2, 67, 32)
(20221, 64, 30)
(80885/4, 62, 29)
(40443/2, 64, 30)
(80887/4, 65, 31)
(20222, 67, 32)
(80889/4, 64, 30)
(40445/2, 61, 28)
(20223, 62, 29)
(40447/2, 64, 30)
(20224, 65, 31)
(40449/2, 67, 32)
(20225, 69, 33)
(40451/2, 65, 31)
(80903/4, 64, 30)
(20226, 65, 31)
(80905/4, 67, 32)
(40453/2, 69, 33)
(80907/4, 65, 31)
(20227, 62, 29)
(40455/2, 64, 30)
(20228, 65, 31)
(40457/2, 67, 32)
(20229, 67, 32)
(40459/2, 55, 25)
(40459/2, 67, 32)
(20231, 60, 28)
(20232, 59, 27)
(40465/2, 57, 26)
(20233, 62, 29)
(40467/2, 62, 29)
(20234, 74, 36)
(40469/2, 67, 32)
(80939/4, 66, 31)
(20235, 67, 32)
(80941/4, 69, 33)
(40471/2, 70, 34)
(80943/4, 67, 32)
(20236, 64, 30)
(40473/2, 65, 31)
(20237, 67, 32)
(40475/2, 69, 33)
(20238, 70, 34)
(40477/2, 69, 33)
(40481/2, 74, 36)
(20241, 72, 35)
(40483/2, 65, 31)
(20242, 64, 30)
(40485/2, 62, 29)
(20243, 71, 34)
(40487/2, 72, 35)
(80975/4, 74, 36)
(20244, 72, 35)
(80977/4, 71, 34)
(40489/2, 69, 33)
(40493/2, 74, 36)
(20247, 72, 35)
(40495/2, 65, 31)
(20248, 64, 30)
(40497/2, 62, 29)
(20249, 64, 30)
(40501/2, 62, 29)
(40501/2, 64, 30)
(20252, 61, 28)
(40505/2, 57, 26)
(81011/4, 56, 25)
(20253, 57, 26)
(81013/4, 59, 27)
(40507/2, 60, 28)
(81015/4, 57, 26)
(20254, 52, 23)
(40509/2, 60, 28)
(20255, 59, 27)
(40513/2, 59, 27)
(20258, 52, 23)
(40517/2, 57, 26)
(81035/4, 56, 25)
(20259, 57, 26)
(81037/4, 59, 27)
(40519/2, 60, 28)
(81039/4, 57, 26)
(20260, 52, 23)
(40521/2, 57, 26)
(20261, 56, 25)
(20264, 57, 26)
(20267, 52, 23)
(40543/2, 62, 29)
(81087/4, 61, 28)
(20272, 59, 27)
(81089/4, 57, 26)
(40545/2, 56, 25)
(81091/4, 54, 24)
(20273, 52, 23)
(81093/4, 54, 24)
(40547/2, 56, 25)
(81095/4, 57, 26)
(20274, 59, 27)
(81097/4, 61, 28)
(40549/2, 62, 29)
(81099/4, 61, 28)
(20275, 59, 27)
(81101/4, 57, 26)
(40551/2, 56, 25)
(81103/4, 54, 24)
(20276, 52, 23)
(40555/2, 57, 26)
(81117/4, 57, 26)
(40559/2, 66, 31)
(81119/4, 57, 26)
(20280, 64, 30)
(81121/4, 57, 26)
(40561/2, 62, 29)
(81123/4, 66, 31)
(20281, 62, 29)
(81125/4, 66, 31)
(40563/2, 62, 29)
(81127/4, 66, 31)
(20282, 61, 28)
(40565/2, 59, 27)
(20283, 56, 25)
(40567/2, 52, 23)
(81141/4, 52, 23)
(40571/2, 59, 27)
(81143/4, 52, 23)
(20286, 61, 28)
(81145/4, 52, 23)
(40573/2, 62, 29)
(81147/4, 52, 23)
(20287, 61, 28)
(81149/4, 52, 23)
(40575/2, 59, 27)
(81151/4, 52, 23)
(20288, 59, 27)
(40579/2, 57, 26)
(81165/4, 57, 26)
(40583/2, 66, 31)
(81167/4, 57, 26)
(20292, 64, 30)
(81169/4, 57, 26)
(40585/2, 62, 29)
(81171/4, 66, 31)
(20293, 62, 29)
(81173/4, 66, 31)
(40587/2, 62, 29)
(81175/4, 66, 31)
(20294, 61, 28)
(40589/2, 59, 27)
(20295, 56, 25)
(40591/2, 58, 26)
(20297, 59, 27)
(40595/2, 61, 28)
(20298, 62, 29)
(40597/2, 58, 26)
(20300, 59, 27)
(40601/2, 61, 28)
(20301, 62, 29)
(40603/2, 57, 26)
(81207/4, 54, 24)
(20302, 57, 26)
(81209/4, 54, 24)
(40605/2, 57, 26)
(81211/4, 54, 24)
(20303, 57, 26)
(81213/4, 52, 23)
(40607/2, 57, 26)
(81215/4, 52, 23)
(20304, 57, 26)
(81217/4, 52, 23)
(40609/2, 57, 26)
(20305, 59, 27)
(40611/2, 56, 25)
(20306, 57, 26)
(81225/4, 61, 28)
(40613/2, 64, 30)
(81227/4, 62, 29)
(20307, 61, 28)
(81229/4, 59, 27)
(40615/2, 58, 26)
(20309, 59, 27)
(40619/2, 61, 28)
(20310, 62, 29)
(40621/2, 58, 26)
(20312, 59, 27)
(40627/2, 66, 31)
(40629/2, 65, 31)
(20315, 64, 30)
(40631/2, 59, 27)
(20316, 61, 28)
(40633/2, 62, 29)
(20317, 61, 28)
(40635/2, 59, 27)
(20318, 57, 26)
(81273/4, 61, 28)
(40637/2, 54, 24)
(40639/2, 60, 28)
(40639/2, 63, 29)
(20321, 61, 28)
(20321, 64, 30)
(40645/2, 60, 28)
(40645/2, 63, 29)
(20324, 61, 28)
(20324, 64, 30)
(40651/2, 60, 28)
(40651/2, 63, 29)
(20327, 61, 28)
(20327, 64, 30)
(20328, 58, 26)
(40657/2, 59, 27)
(40659/2, 56, 25)
(20330, 57, 26)
(40663/2, 60, 28)
(40663/2, 63, 29)
(20333, 60, 28)
(20333, 64, 30)
(40669/2, 60, 28)
(40669/2, 63, 29)
(20336, 60, 28)
(20336, 64, 30)
(40675/2, 60, 28)
(40675/2, 63, 29)
(20339, 60, 28)
(20339, 64, 30)
(20342, 57, 26)
(20345, 55, 25)
(40693/2, 59, 27)
(40693/2, 62, 29)
(20351, 59, 27)
(20351, 62, 29)
(40707/2, 59, 27)
(81415/4, 62, 29)
(20354, 64, 30)
(81417/4, 62, 29)
(40709/2, 59, 27)
(81419/4, 53, 24)
(20355, 59, 27)
(81421/4, 62, 29)
(40711/2, 64, 30)
(81423/4, 62, 29)
(20356, 59, 27)
(81425/4, 53, 24)
(40713/2, 59, 27)
(81427/4, 62, 29)
(20357, 65, 31)
(81429/4, 64, 30)
(40715/2, 62, 29)
(81431/4, 60, 28)
(20358, 59, 27)
(81433/4, 60, 28)
(40717/2, 62, 29)
(81435/4, 60, 28)
(20359, 59, 27)
(81437/4, 57, 26)
(40719/2, 55, 25)
(81439/4, 53, 24)
(20360, 52, 23)
(40721/2, 62, 29)
(40721/2, 64, 30)
(40723/2, 62, 29)
(40723/2, 64, 30)
(20363, 62, 29)
(20363, 64, 30)
(20366, 52, 23)
(40733/2, 62, 29)
(40733/2, 64, 30)
(40735/2, 62, 29)
(40735/2, 64, 30)
(20369, 62, 29)
(20369, 64, 30)
(20372, 60, 28)
(20372, 64, 30)
(20375, 62, 29)
(20375, 65, 31)
(20385, 65, 31)
(40771/2, 59, 27)
(20388, 57, 26)
(40777/2, 51, 22)
(20390, 64, 30)
(40781/2, 64, 30)
(20391, 64, 30)
(40783/2, 64, 30)
(20397, 65, 31)
(40795/2, 58, 27)
(20400, 57, 26)
(40801/2, 51, 22)
(40809/2, 57, 26)
(20405, 56, 25)
(20406, 59, 27)
(40813/2, 57, 26)
(40815/2, 60, 28)
(20408, 59, 27)
(20409, 62, 29)
(40819/2, 60, 28)
(40821/2, 60, 28)
(20411, 64, 30)
(20412, 60, 28)
(40825/2, 62, 29)
(40827/2, 64, 30)
(20414, 60, 28)
(40833/2, 64, 30)
(20417, 59, 27)
(20418, 59, 27)
(40837/2, 64, 30)
(40839/2, 69, 33)
(20420, 64, 30)
(20421, 62, 29)
(40843/2, 60, 28)
(40845/2, 60, 28)
(20423, 60, 28)
(20424, 60, 28)
(40849/2, 62, 29)
(40851/2, 64, 30)
(20426, 60, 28)
(40857/2, 60, 28)
(20429, 64, 30)
(20430, 60, 28)
(40861/2, 62, 29)
(40863/2, 64, 30)
(20432, 60, 28)
(40869/2, 64, 30)
(20435, 64, 30)
(40875/2, 64, 30)
(20438, 64, 30)
(40885/2, 59, 27)
(20444, 60, 28)
(30000, 40, 16)
(60009/2, 45, 19)
(30005, 45, 19)
(30006, 45, 19)
(60013/2, 45, 19)
(60015/2, 45, 19)
(30008, 45, 19)
(30012, 40, 16)
(60033/2, 45, 19)
(30017, 45, 19)
(30018, 45, 19)
(60037/2, 45, 19)
(60039/2, 45, 19)
(30020, 45, 19)
(60043/2, 50, 22)
(30022, 52, 23)
(60045/2, 45, 19)
(30024, 43, 18)
(30026, 43, 18)
(60053/2, 48, 21)
(30027, 43, 18)
(30029, 43, 18)
(60059/2, 48, 21)
(30036, 40, 16)
(60081/2, 45, 19)
(30041, 45, 19)
(30042, 45, 19)
(60085/2, 45, 19)
(60087/2, 45, 19)
(30044, 45, 19)
(60091/2, 50, 22)
(30046, 52, 23)
(60093/2, 45, 19)
(30048, 43, 18)
(30050, 43, 18)
(60101/2, 48, 21)
(30051, 43, 18)
(30053, 43, 18)
(60107/2, 48, 21)
(30060, 40, 16)
(60129/2, 45, 19)
(30065, 45, 19)
(30066, 45, 19)
(60133/2, 45, 19)
(60135/2, 45, 19)
(30068, 45, 19)
(60139/2, 50, 22)
(30070, 52, 23)
(60141/2, 45, 19)
(30072, 44, 18)
(60147/2, 45, 19)
(30075, 52, 23)
(60151/2, 52, 23)
(30076, 52, 23)
(60153/2, 45, 19)
(30078, 44, 18)
(60159/2, 45, 19)
(30081, 45, 19)
(60163/2, 45, 19)
(30082, 45, 19)
(60165/2, 47, 20)
(30084, 43, 18)
(60171/2, 48, 21)
(60177/2, 55, 25)
(120355/4, 50, 22)
(30089, 47, 20)
(120357/4, 50, 22)
(60179/2, 55, 25)
(120359/4, 57, 26)
(30090, 59, 27)
(120361/4, 55, 25)
(60181/2, 50, 22)
(120363/4, 55, 25)
(30091, 59, 27)
(120365/4, 55, 25)
(60183/2, 60, 28)
(120367/4, 55, 25)
(30092, 57, 26)
(120369/4, 59, 27)
(60185/2, 60, 28)
(120371/4, 62, 29)
(30093, 63, 30)
(120373/4, 67, 32)
(60187/2, 65, 31)
(120375/4, 63, 30)
(30094, 62, 29)
(120377/4, 60, 28)
(60189/2, 59, 27)
(120379/4, 60, 28)
(30095, 59, 27)
(120381/4, 56, 26)
(60191/2, 55, 25)
(120383/4, 53, 24)
(30096, 51, 23)
(120385/4, 55, 25)
(60193/2, 53, 24)
(120387/4, 51, 23)
(30097, 50, 22)
(120389/4, 48, 21)
(60195/2, 47, 20)
(120391/4, 48, 21)
(30098, 47, 20)
(120393/4, 44, 19)
(60197/2, 43, 18)
(120395/4, 41, 17)
(30099, 39, 16)
(120397/4, 43, 18)
(60199/2, 41, 17)
(120399/4, 39, 16)
(30100, 38, 15)
(120401/4, 36, 14)
(60201/2, 43, 18)
(120403/4, 47, 20)
(30101, 50, 22)
(120405/4, 55, 25)
(60203/2, 59, 27)
(120407/4, 62, 29)
(30102, 67, 32)
(60207/2, 52, 23)
(30105, 53, 24)
(30108, 43, 18)
(30114, 55, 25)
(120457/4, 59, 27)
(60229/2, 62, 29)
(120459/4, 59, 27)
(30115, 55, 25)
(120461/4, 53, 24)
(60231/2, 52, 23)
(30117, 53, 24)
(30120, 43, 18)
(60267/2, 45, 19)
(120535/4, 48, 21)
(30134, 51, 23)
(120537/4, 50, 22)
(60269/2, 48, 21)
(120539/4, 47, 20)
(30135, 45, 19)
(60273/2, 45, 19)
(120547/4, 48, 21)
(30137, 51, 23)
(120549/4, 50, 22)
(60275/2, 48, 21)
(120551/4, 47, 20)
(30138, 45, 19)
(60279/2, 44, 18)
(120559/4, 47, 20)
(30140, 50, 22)
(120561/4, 48, 21)
(60281/2, 47, 20)
(120563/4, 45, 19)
(30141, 44, 18)
(60283/2, 44, 18)
(30142, 45, 19)
(60285/2, 41, 17)
(30143, 43, 18)
(60287/2, 43, 18)
(30144, 48, 21)
(60289/2, 50, 22)
(30145, 52, 23)
(60291/2, 45, 19)
(120583/4, 48, 21)
(30146, 51, 23)
(120585/4, 50, 22)
(60293/2, 48, 21)
(120587/4, 47, 20)
(30147, 45, 19)
(60297/2, 45, 19)
(120595/4, 48, 21)
(30149, 51, 23)
(120597/4, 50, 22)
(60299/2, 48, 21)
(120599/4, 47, 20)
(30150, 45, 19)
(60303/2, 44, 18)
(120607/4, 47, 20)
(30152, 50, 22)
(120609/4, 48, 21)
(60305/2, 47, 20)
(120611/4, 45, 19)
(30153, 43, 18)
(120613/4, 43, 18)
(60307/2, 48, 21)
(120615/4, 43, 18)
(30154, 50, 22)
(120617/4, 43, 18)
(60309/2, 52, 23)
(120619/4, 43, 18)
(30155, 53, 24)
(120621/4, 43, 18)
(60311/2, 55, 25)
(120623/4, 43, 18)
(30156, 49, 21)
(120625/4, 43, 18)
(60313/2, 50, 22)
(120627/4, 43, 18)
(30157, 52, 23)
(120629/4, 43, 18)
(60315/2, 53, 24)
(120631/4, 43, 18)
(30158, 55, 25)
(120633/4, 43, 18)
(60317/2, 57, 26)
(120635/4, 43, 18)
(30159, 54, 24)
(120637/4, 43, 18)
(60319/2, 55, 25)
(120639/4, 43, 18)
(30160, 57, 26)
(120641/4, 43, 18)
(60321/2, 54, 24)
(120643/4, 43, 18)
(30161, 55, 25)
(120645/4, 43, 18)
(60323/2, 57, 26)
(120647/4, 43, 18)
(30162, 59, 27)
(120649/4, 43, 18)
(60325/2, 60, 28)
(120651/4, 43, 18)
(30163, 62, 29)
(120653/4, 43, 18)
(60327/2, 59, 27)
(120655/4, 43, 18)
(30164, 60, 28)
(120657/4, 43, 18)
(60329/2, 62, 29)
(120659/4, 43, 18)
(30165, 59, 27)
(60333/2, 43, 18)
(30168, 36, 14)
(60337/2, 48, 21)
(60339/2, 60, 28)
(30170, 60, 28)
(60341/2, 60, 28)
(30171, 59, 27)
(60345/2, 60, 28)
(30173, 60, 28)
(60347/2, 60, 28)
(30174, 59, 27)
(60351/2, 60, 28)
(30176, 60, 28)
(60353/2, 60, 28)
(30177, 59, 27)
(60355/2, 56, 25)
(30178, 57, 26)
(60357/2, 53, 24)
(30179, 55, 25)
(60359/2, 43, 18)
(30180, 48, 21)
(60363/2, 60, 28)
(30182, 60, 28)
(60365/2, 60, 28)
(30183, 59, 27)
(60369/2, 58, 27)
(30185, 58, 27)
(60371/2, 58, 27)
(30186, 57, 26)
(60375/2, 57, 26)
(30189, 56, 26)
(60381/2, 56, 26)
(30192, 44, 19)
(30195, 44, 19)
(60395/2, 47, 20)
(120791/4, 50, 22)
(30198, 52, 23)
(120793/4, 50, 22)
(60397/2, 47, 20)
(120795/4, 41, 17)
(30199, 47, 20)
(120797/4, 50, 22)
(60399/2, 52, 23)
(120799/4, 50, 22)
(30200, 47, 20)
(120801/4, 41, 17)
(60401/2, 47, 20)
(120803/4, 50, 22)
(30201, 53, 24)
(120805/4, 52, 23)
(60403/2, 50, 22)
(120807/4, 48, 21)
(30202, 47, 20)
(120809/4, 48, 21)
(60405/2, 50, 22)
(120811/4, 48, 21)
(30203, 47, 20)
(120813/4, 45, 19)
(60407/2, 43, 18)
(120815/4, 41, 17)
(30204, 40, 16)
(60417/2, 45, 19)
(30210, 45, 19)
(60423/2, 45, 19)
(30213, 45, 19)
(60427/2, 50, 22)
(30214, 50, 22)
(60429/2, 52, 23)
(30216, 40, 16)
(60441/2, 45, 19)
(30225, 53, 24)
(60451/2, 50, 22)
(120903/4, 49, 21)
(30226, 50, 22)
(120905/4, 52, 23)
(60453/2, 53, 24)
(120907/4, 50, 22)
(30227, 47, 20)
(60455/2, 48, 21)
(30228, 50, 22)
(60457/2, 52, 23)
(30229, 53, 24)
(60459/2, 52, 23)
(30231, 45, 19)
(60465/2, 50, 22)
(30233, 47, 20)
(60467/2, 45, 19)
(30234, 43, 18)
(60471/2, 49, 21)
(60473/2, 50, 22)
(30237, 52, 23)
(60475/2, 53, 24)
(30238, 55, 25)
(60477/2, 53, 24)
(30239, 50, 22)
(120957/4, 49, 21)
(60479/2, 50, 22)
(120959/4, 52, 23)
(30240, 53, 24)
(120961/4, 50, 22)
(60481/2, 47, 20)
(30241, 48, 21)
(60483/2, 50, 22)
(30242, 52, 23)
(60485/2, 53, 24)
(30243, 52, 23)
(60489/2, 53, 24)
(30245, 50, 22)
(120981/4, 49, 21)
(60491/2, 50, 22)
(120983/4, 52, 23)
(30246, 53, 24)
(120985/4, 50, 22)
(60493/2, 47, 20)
(30247, 48, 21)
(60495/2, 50, 22)
(30248, 52, 23)
(60497/2, 53, 24)
(30249, 52, 23)
(60501/2, 56, 25)
(30252, 57, 26)
(60507/2, 45, 19)
(30255, 52, 23)
(60513/2, 44, 18)
(30258, 45, 19)
(60519/2, 45, 19)
(30261, 40, 16)
(30264, 42, 17)
(30267, 44, 18)
(30276, 59, 27)
(121105/4, 57, 26)
(60553/2, 56, 25)
(121107/4, 54, 24)
(30277, 52, 23)
(121109/4, 50, 22)
(60555/2, 49, 21)
(30279, 50, 22)
(30282, 40, 16)
(30288, 52, 23)
(121153/4, 56, 25)
(60577/2, 59, 27)
(121155/4, 56, 25)
(30289, 52, 23)
(121157/4, 50, 22)
(60579/2, 49, 21)
(30291, 50, 22)
(30294, 52, 23)
(60591/2, 49, 21)
(121183/4, 52, 23)
(30296, 55, 25)
(121185/4, 52, 23)
(60593/2, 50, 22)
(121187/4, 49, 21)
(30297, 50, 22)
(60597/2, 49, 21)
(121195/4, 52, 23)
(30299, 55, 25)
(121197/4, 52, 23)
(60599/2, 50, 22)
(121199/4, 49, 21)
(30300, 50, 22)
(60603/2, 39, 15)
(30302, 39, 15)
(60605/2, 39, 15)
(30303, 40, 16)
(60607/2, 40, 16)
(30304, 40, 16)
(60609/2, 52, 23)
(30305, 52, 23)
(60611/2, 50, 22)
(30306, 49, 21)
(60615/2, 49, 21)
(121231/4, 52, 23)
(30308, 55, 25)
(121233/4, 52, 23)
(60617/2, 50, 22)
(121235/4, 49, 21)
(30309, 50, 22)
(60621/2, 49, 21)
(121243/4, 52, 23)
(30311, 55, 25)
(121245/4, 52, 23)
(60623/2, 50, 22)
(121247/4, 49, 21)
(30312, 50, 22)
(121249/4, 52, 23)
(60625/2, 54, 24)
(121251/4, 52, 23)
(30313, 50, 22)
(121253/4, 49, 21)
(60627/2, 47, 20)
(121255/4, 49, 21)
(30314, 50, 22)
(121257/4, 49, 21)
(60629/2, 47, 20)
(121259/4, 45, 19)
(30315, 44, 18)
(60631/2, 44, 18)
(30316, 45, 19)
(60633/2, 38, 15)
(30317, 40, 16)
(60635/2, 41, 16)
(30318, 42, 17)
(60639/2, 54, 24)
(60639/2, 57, 26)
(30321, 52, 23)
(30321, 57, 26)
(60645/2, 54, 24)
(60645/2, 57, 26)
(30324, 52, 23)
(30324, 57, 26)
(60651/2, 54, 24)
(60651/2, 57, 26)
(30327, 52, 23)
(30328, 52, 23)
(60657/2, 52, 23)
(60659/2, 52, 23)
(30330, 45, 19)
(60663/2, 53, 24)
(60663/2, 57, 26)
(30333, 57, 26)
(60669/2, 53, 24)
(60669/2, 57, 26)
(30336, 52, 23)
(30336, 57, 26)
(60675/2, 53, 24)
(60675/2, 57, 26)
(30339, 52, 23)
(30339, 57, 26)
(30342, 41, 17)
(60687/2, 42, 17)
(30345, 43, 18)
(30348, 44, 18)
(30351, 44, 18)
(60707/2, 47, 20)
(121415/4, 50, 22)
(30354, 52, 23)
(121417/4, 50, 22)
(60709/2, 47, 20)
(121419/4, 41, 17)
(30355, 47, 20)
(121421/4, 50, 22)
(60711/2, 52, 23)
(121423/4, 50, 22)
(30356, 47, 20)
(121425/4, 41, 17)
(60713/2, 47, 20)
(121427/4, 50, 22)
(30357, 53, 24)
(121429/4, 52, 23)
(60715/2, 50, 22)
(121431/4, 48, 21)
(30358, 47, 20)
(121433/4, 48, 21)
(60717/2, 50, 22)
(121435/4, 48, 21)
(30359, 47, 20)
(121437/4, 45, 19)
(60719/2, 43, 18)
(121439/4, 41, 17)
(30360, 40, 16)
(60729/2, 47, 20)
(30365, 48, 21)
(60731/2, 50, 22)
(30366, 40, 16)
(60741/2, 47, 20)
(30371, 48, 21)
(60743/2, 50, 22)
(30372, 40, 16)
(60747/2, 48, 21)
(30374, 50, 22)
(60749/2, 52, 23)
(30375, 40, 16)
(60753/2, 50, 22)
(30377, 52, 23)
(60755/2, 53, 24)
(30382, 60, 28)
(60765/2, 65, 31)
(30388, 45, 19)
(60777/2, 39, 15)
(30390, 40, 16)
(60783/2, 45, 19)
(30394, 60, 28)
(60789/2, 65, 31)
(30400, 45, 19)
(60801/2, 39, 15)
(60809/2, 51, 22)
(30405, 50, 22)
(30406, 50, 22)
(60813/2, 48, 21)
(60815/2, 48, 21)
(30408, 56, 25)
(30409, 56, 25)
(60819/2, 57, 26)
(60821/2, 57, 26)
(30411, 52, 23)
(30412, 52, 23)
(60825/2, 52, 23)
(60827/2, 52, 23)
(30414, 45, 19)
(60833/2, 52, 23)
(30417, 51, 22)
(30418, 50, 22)
(60837/2, 49, 21)
(60839/2, 48, 21)
(30420, 44, 18)
(30421, 40, 16)
(60843/2, 45, 19)
(60845/2, 39, 15)
(30423, 40, 16)
(30424, 40, 16)
(60849/2, 40, 16)
(60851/2, 40, 16)
(30426, 45, 19)
(60857/2, 39, 15)
(30429, 40, 16)
(30430, 40, 16)
(60861/2, 40, 16)
(60863/2, 40, 16)
(30432, 45, 19)
(60869/2, 40, 16)
(30435, 45, 19)
(60875/2, 40, 16)
(30438, 45, 19)
(60885/2, 52, 23)
(30444, 45, 19)
