(3, 71, 34)
(6, 72, 35)
(9, 75, 36)
(11, 76, 37)
(23/2, 78, 38)
(12, 78, 38)
(27/2, 71, 34)
(15, 79, 39)
(33/2, 78, 38)
(35/2, 75, 36)
(18, 78, 38)
(19, 76, 37)
(39/2, 74, 36)
(41/2, 71, 34)
(21, 74, 36)
(22, 72, 35)
(45/2, 69, 33)
(47/2, 66, 31)
(24, 66, 31)
(26, 67, 32)
(53/2, 69, 33)
(27, 71, 34)
(30, 72, 35)
(33, 75, 36)
(67/2, 75, 36)
(34, 75, 36)
(69/2, 75, 36)
(35, 76, 37)
(71/2, 78, 38)
(36, 78, 38)
(75/2, 71, 34)
(39, 79, 39)
(81/2, 78, 38)
(83/2, 76, 37)
(42, 74, 36)
(43, 71, 34)
(87/2, 69, 33)
(89/2, 66, 31)
(45, 71, 34)
(46, 67, 32)
(93/2, 66, 31)
(95/2, 63, 29)
(48, 64, 30)
(50, 63, 29)
(101/2, 64, 30)
(51, 66, 31)
(103/2, 64, 30)
(52, 63, 29)
(53, 63, 29)
(107/2, 64, 30)
(54, 66, 31)
(109/2, 64, 30)
(55, 63, 29)
(56, 66, 31)
(113/2, 67, 32)
(57, 71, 34)
(115/2, 69, 33)
(58, 67, 32)
(117/2, 66, 31)
(59, 67, 32)
(119/2, 69, 33)
(60, 62, 29)
(62, 66, 31)
(125/2, 67, 32)
(63, 69, 33)
(127/2, 67, 32)
(64, 66, 31)
(65, 66, 31)
(131/2, 67, 32)
(66, 69, 33)
(133/2, 67, 32)
(67, 66, 31)
(68, 70, 33)
(137/2, 71, 34)
(69, 74, 36)
(139/2, 72, 35)
(70, 71, 34)
(141/2, 70, 33)
(71, 71, 34)
(143/2, 73, 35)
(72, 66, 31)
(74, 71, 34)
(149/2, 74, 36)
(75, 78, 38)
(151/2, 83, 41)
(76, 86, 43)
(153/2, 84, 42)
(77, 82, 40)
(155/2, 83, 41)
(78, 79, 39)
(157/2, 77, 37)
(79, 78, 38)
(159/2, 76, 37)
(80, 73, 35)
(161/2, 74, 36)
(81, 71, 34)
(165/2, 78, 38)
(84, 77, 37)
(171/2, 76, 37)
(87, 75, 36)
(177/2, 76, 37)
(90, 75, 36)
(183/2, 74, 36)
(93, 73, 35)
(189/2, 74, 36)
(96, 73, 35)
(195/2, 72, 35)
(99, 71, 34)
(102, 72, 35)
(105, 75, 36)
(211/2, 75, 36)
(106, 75, 36)
(213/2, 75, 36)
(107, 76, 37)
(215/2, 78, 38)
(108, 78, 38)
(219/2, 71, 34)
(111, 79, 39)
(225/2, 78, 38)
(227/2, 75, 36)
(114, 78, 38)
(115, 76, 37)
(231/2, 74, 36)
(233/2, 71, 34)
(117, 74, 36)
(118, 72, 35)
(237/2, 69, 33)
(239/2, 66, 31)
(120, 66, 31)
(122, 69, 33)
(122, 67, 32)
(245/2, 66, 31)
(123, 66, 31)
(125, 69, 33)
(125, 67, 32)
(251/2, 66, 31)
(126, 66, 31)
(128, 69, 33)
(128, 67, 32)
(257/2, 66, 31)
(129, 66, 31)
(261/2, 66, 31)
(132, 67, 32)
(267/2, 68, 32)
(135, 69, 33)
(273/2, 70, 33)
(138, 71, 34)
(279/2, 73, 35)
(141, 75, 36)
(285/2, 76, 37)
(289/2, 75, 36)
(145, 78, 38)
(291/2, 76, 37)
(146, 72, 35)
(293/2, 69, 33)
(147, 67, 32)
(295/2, 72, 35)
(148, 71, 34)
(297/2, 69, 33)
(149, 66, 31)
(299/2, 67, 32)
(150, 64, 30)
(152, 63, 29)
(305/2, 64, 30)
(153, 66, 31)
(307/2, 64, 30)
(154, 63, 29)
(155, 63, 29)
(311/2, 64, 30)
(156, 66, 31)
(313/2, 64, 30)
(157, 63, 29)
(158, 66, 31)
(317/2, 67, 32)
(159, 71, 34)
(319/2, 69, 33)
(160, 67, 32)
(321/2, 66, 31)
(161, 69, 33)
(323/2, 72, 35)
(162, 71, 34)
(162, 69, 33)
(162, 72, 35)
(162, 78, 38)
(162, 76, 37)
(162, 75, 36)
(162, 78, 38)
(162, 81, 40)
(162, 79, 39)
(162, 78, 38)
(162, 81, 40)
(162, 84, 42)
(162, 81, 40)
(162, 78, 38)
(162, 75, 36)
(162, 72, 35)
(162, 69, 33)
(162, 66, 31)
(165, 63, 29)
(166, 64, 30)
(333/2, 66, 31)
(335/2, 67, 32)
(168, 69, 33)
(217, 76, 37)
(435/2, 79, 39)
(871/4, 81, 40)
(218, 83, 41)
(873/4, 81, 40)
(437/2, 79, 39)
(875/4, 78, 38)
(219, 76, 37)
(877/4, 74, 36)
(439/2, 73, 35)
(221, 74, 36)
(443/2, 76, 37)
(887/4, 78, 38)
(222, 79, 39)
(889/4, 78, 38)
(445/2, 76, 37)
(891/4, 74, 36)
(223, 73, 35)
(893/4, 71, 34)
(447/2, 70, 33)
(225, 70, 33)
(451/2, 71, 34)
(453/2, 70, 33)
(227, 71, 34)
(455/2, 73, 35)
(457/2, 71, 34)
(229, 73, 35)
(459/2, 74, 36)
(461/2, 73, 35)
(231, 74, 36)
(463/2, 76, 37)
(465/2, 78, 38)
(233, 79, 39)
(467/2, 78, 38)
(469/2, 70, 33)
(235, 71, 34)
(471/2, 73, 35)
(473/2, 71, 34)
(237, 73, 35)
(475/2, 74, 36)
(477/2, 73, 35)
(239, 74, 36)
(479/2, 76, 37)
(481/2, 76, 37)
(241, 78, 38)
(483/2, 79, 39)
(243, 67, 32)
(487/2, 76, 37)
(975/4, 78, 38)
(244, 79, 39)
(977/4, 78, 38)
(489/2, 76, 37)
(979/4, 74, 36)
(245, 73, 35)
(981/4, 71, 34)
(491/2, 70, 33)
(247, 70, 33)
(495/2, 73, 35)
(991/4, 74, 36)
(248, 76, 37)
(993/4, 74, 36)
(497/2, 73, 35)
(995/4, 71, 34)
(249, 70, 33)
(997/4, 73, 35)
(499/2, 74, 36)
(501/2, 65, 30)
(251, 66, 31)
(503/2, 68, 32)
(505/2, 68, 32)
(253, 69, 33)
(507/2, 71, 34)
(509/2, 71, 34)
(255, 73, 35)
(511/2, 74, 36)
(513/2, 73, 35)
(257, 71, 34)
(515/2, 70, 33)
(1031/4, 73, 35)
(258, 78, 38)
(1033/4, 73, 35)
(517/2, 70, 33)
(519/2, 71, 34)
(1039/4, 66, 31)
(260, 62, 29)
(1041/4, 66, 31)
(521/2, 71, 34)
(523/2, 71, 34)
(1047/4, 74, 36)
(262, 78, 38)
(1049/4, 74, 36)
(525/2, 71, 34)
(527/2, 73, 35)
(1055/4, 66, 31)
(264, 61, 28)
(1057/4, 66, 31)
(529/2, 61, 28)
(531/2, 73, 35)
(1063/4, 76, 37)
(266, 78, 38)
(1065/4, 76, 37)
(533/2, 73, 35)
(267, 66, 31)
(535/2, 71, 34)
(537/2, 70, 33)
(269, 71, 34)
(539/2, 72, 35)
(541/2, 71, 34)
(271, 72, 35)
(543/2, 76, 37)
(545/2, 72, 35)
(545/2, 76, 37)
(547/2, 69, 33)
(549/2, 68, 32)
(275, 69, 33)
(551/2, 72, 35)
(553/2, 71, 34)
(277, 72, 35)
(555/2, 71, 34)
(565/2, 76, 37)
(569/2, 73, 35)
(285, 79, 39)
(571/2, 78, 38)
(287, 83, 41)
(575/2, 78, 38)
(288, 76, 37)
(577/2, 66, 31)
(289, 78, 38)
(579/2, 78, 38)
(290, 74, 36)
(581/2, 66, 31)
(291, 78, 38)
(583/2, 76, 37)
(292, 73, 35)
(585/2, 71, 34)
(293, 70, 33)
(587/2, 78, 38)
(589/2, 73, 35)
(295, 74, 36)
(591/2, 76, 37)
(593/2, 78, 38)
(297, 79, 39)
(595/2, 78, 38)
(597/2, 71, 34)
(299, 73, 35)
(599/2, 74, 36)
(601/2, 76, 37)
(301, 73, 35)
(603/2, 71, 34)
(1207/4, 64, 30)
(302, 66, 31)
(1209/4, 64, 30)
(605/2, 62, 29)
(1211/4, 61, 28)
(303, 59, 27)
(1213/4, 57, 26)
(607/2, 55, 25)
(1215/4, 57, 26)
(304, 59, 27)
(1217/4, 57, 26)
(609/2, 55, 25)
(1219/4, 57, 26)
(305, 59, 27)
(1221/4, 61, 28)
(611/2, 62, 29)
(1223/4, 64, 30)
(306, 66, 31)
(1225/4, 64, 30)
(613/2, 62, 29)
(1227/4, 61, 28)
(307, 59, 27)
(1229/4, 57, 26)
(615/2, 55, 25)
(1231/4, 57, 26)
(308, 59, 27)
(1233/4, 57, 26)
(617/2, 55, 25)
(1235/4, 57, 26)
(309, 59, 27)
(1237/4, 61, 28)
(619/2, 62, 29)
(621/2, 71, 34)
(311, 73, 35)
(623/2, 74, 36)
(625/2, 74, 36)
(313, 74, 36)
(627/2, 74, 36)
(629/2, 74, 36)
(315, 74, 36)
(631/2, 83, 41)
(633/2, 74, 36)
(317, 76, 37)
(635/2, 72, 35)
(1271/4, 74, 36)
(318, 76, 37)
(1273/4, 74, 36)
(637/2, 72, 35)
(1275/4, 71, 34)
(319, 69, 33)
(1277/4, 67, 32)
(639/2, 65, 31)
(1279/4, 67, 32)
(320, 69, 33)
(1281/4, 67, 32)
(641/2, 65, 31)
(1283/4, 67, 32)
(321, 69, 33)
(1285/4, 71, 34)
(643/2, 72, 35)
(1287/4, 74, 36)
(322, 76, 37)
(1289/4, 74, 36)
(645/2, 72, 35)
(1291/4, 71, 34)
(323, 69, 33)
(1293/4, 67, 32)
(647/2, 65, 31)
(1295/4, 67, 32)
(324, 69, 33)
(1297/4, 67, 32)
(649/2, 65, 31)
(1299/4, 67, 32)
(325, 69, 33)
(1301/4, 71, 34)
(651/2, 72, 35)
(653/2, 76, 37)
(328, 75, 37)
(657/2, 74, 36)
(661/2, 74, 36)
(1327/4, 78, 38)
(332, 81, 40)
(1329/4, 79, 39)
(665/2, 78, 38)
(1331/4, 76, 37)
(333, 74, 36)
(1333/4, 72, 35)
(667/2, 71, 34)
(1335/4, 76, 37)
(334, 79, 39)
(1337/4, 76, 37)
(669/2, 71, 34)
(335, 73, 35)
(671/2, 74, 36)
(1343/4, 69, 33)
(336, 66, 31)
(1345/4, 69, 33)
(673/2, 74, 36)
(337, 62, 29)
(675/2, 74, 36)
(1351/4, 71, 34)
(338, 67, 32)
(1353/4, 71, 34)
(677/2, 74, 36)
(339, 64, 30)
(679/2, 74, 36)
(340, 72, 35)
(681/2, 71, 34)
(341, 69, 33)
(683/2, 71, 34)
(685/2, 69, 33)
(343, 71, 34)
(687/2, 72, 35)
(689/2, 71, 34)
(345, 72, 35)
(691/2, 74, 36)
(693/2, 72, 35)
(347, 74, 36)
(695/2, 76, 37)
(697/2, 76, 37)
(349, 76, 37)
(699/2, 79, 39)
(703/2, 78, 38)
(705/2, 69, 33)
(707/2, 77, 38)
(711/2, 76, 37)
(713/2, 68, 32)
(715/2, 69, 33)
(717/2, 71, 34)
(719/2, 72, 35)
(721/2, 73, 35)
(723/2, 74, 36)
(725/2, 76, 37)
(727/2, 77, 38)
(729/2, 78, 38)
(731/2, 79, 39)
(733/2, 81, 40)
(735/2, 83, 41)
(737/2, 79, 39)
(741/2, 72, 35)
(743/2, 77, 38)
(749/2, 74, 36)
(375, 67, 32)
(751/2, 76, 37)
(377, 64, 30)
(755/2, 69, 33)
(1511/4, 71, 34)
(378, 72, 35)
(1513/4, 71, 34)
(757/2, 69, 33)
(1515/4, 67, 32)
(379, 66, 31)
(1517/4, 64, 30)
(759/2, 63, 29)
(381, 67, 32)
(763/2, 69, 33)
(1527/4, 71, 34)
(382, 72, 35)
(1529/4, 71, 34)
(765/2, 69, 33)
(1531/4, 67, 32)
(383, 66, 31)
(1533/4, 64, 30)
(767/2, 63, 29)
(385, 69, 33)
(771/2, 71, 34)
(1543/4, 72, 35)
(386, 74, 36)
(1545/4, 72, 35)
(773/2, 71, 34)
(1547/4, 69, 33)
(387, 68, 32)
(1549/4, 65, 31)
(775/2, 64, 30)
(389, 69, 33)
(779/2, 71, 34)
(1559/4, 72, 35)
(390, 74, 36)
(1561/4, 72, 35)
(781/2, 71, 34)
(1563/4, 69, 33)
(391, 68, 32)
(1565/4, 65, 31)
(783/2, 64, 30)
(393, 62, 29)
(787/2, 64, 30)
(1575/4, 65, 31)
(394, 67, 32)
(1577/4, 65, 31)
(789/2, 64, 30)
(1579/4, 62, 29)
(395, 61, 28)
(1581/4, 58, 27)
(791/2, 57, 26)
(397, 62, 29)
(795/2, 64, 30)
(1591/4, 65, 31)
(398, 67, 32)
(1593/4, 65, 31)
(797/2, 64, 30)
(1595/4, 62, 29)
(399, 61, 28)
(1597/4, 58, 27)
(799/2, 57, 26)
(805/2, 69, 33)
(807/2, 62, 29)
(809/2, 82, 41)
(811/2, 81, 40)
(1623/4, 77, 38)
(406, 74, 36)
(1625/4, 77, 38)
(813/2, 81, 40)
(407, 69, 33)
(815/2, 79, 39)
(1631/4, 76, 37)
(408, 69, 33)
(1633/4, 76, 37)
(817/2, 79, 39)
(819/2, 77, 38)
(1639/4, 74, 36)
(410, 69, 33)
(1641/4, 74, 36)
(821/2, 77, 38)
(411, 65, 31)
(823/2, 76, 37)
(1647/4, 72, 35)
(412, 64, 30)
(1649/4, 72, 35)
(825/2, 76, 37)
(827/2, 75, 36)
(1655/4, 71, 34)
(414, 66, 31)
(1657/4, 71, 34)
(829/2, 75, 36)
(415, 71, 34)
(831/2, 64, 30)
(833/2, 74, 36)
(835/2, 72, 35)
(418, 74, 36)
(837/2, 76, 37)
(841/2, 74, 36)
(843/2, 72, 35)
(431, 69, 33)
(863/2, 71, 34)
(1727/4, 69, 33)
(432, 68, 32)
(1729/4, 69, 33)
(865/2, 71, 34)
(1731/4, 72, 35)
(433, 74, 36)
(1733/4, 76, 37)
(867/2, 77, 38)
(435, 76, 37)
(871/2, 74, 36)
(1743/4, 72, 35)
(436, 71, 34)
(1745/4, 72, 35)
(873/2, 74, 36)
(1747/4, 76, 37)
(437, 78, 38)
(1749/4, 80, 39)
(875/2, 81, 40)
(439, 79, 39)
(879/2, 78, 38)
(1759/4, 76, 37)
(440, 75, 36)
(1761/4, 76, 37)
(881/2, 78, 38)
(1763/4, 79, 39)
(441, 81, 40)
(1765/4, 83, 41)
(883/2, 84, 42)
(443, 83, 41)
(887/2, 81, 40)
(1775/4, 80, 39)
(444, 78, 38)
(1777/4, 80, 39)
(889/2, 81, 40)
(1779/4, 83, 41)
(445, 85, 42)
(1781/4, 87, 43)
(891/2, 88, 44)
(447, 88, 44)
(895/2, 86, 43)
(897/2, 88, 44)
(449, 86, 43)
(899/2, 84, 42)
(901/2, 86, 43)
(451, 84, 42)
(903/2, 82, 41)
(905/2, 84, 42)
(453, 82, 41)
(907/2, 81, 40)
(909/2, 82, 41)
(455, 81, 40)
(911/2, 84, 42)
(913/2, 86, 43)
(457, 84, 42)
(915/2, 83, 41)
(917/2, 84, 42)
(459, 83, 41)
(919/2, 86, 43)
(921/2, 88, 44)
(461, 86, 43)
(923/2, 84, 42)
(925/2, 81, 40)
(463, 83, 41)
(927/2, 84, 42)
(929/2, 81, 40)
(465, 83, 41)
(931/2, 84, 42)
(933/2, 81, 40)
(467, 83, 41)
(935/2, 84, 42)
(468, 84, 42)
(937/2, 81, 40)
(469, 83, 41)
(939/2, 84, 42)
(1879/4, 86, 43)
(470, 88, 44)
(1881/4, 86, 43)
(941/2, 84, 42)
(1883/4, 83, 41)
(471, 81, 40)
(1885/4, 79, 39)
(943/2, 78, 38)
(473, 79, 39)
(947/2, 81, 40)
(1895/4, 83, 41)
(474, 84, 42)
(1897/4, 83, 41)
(949/2, 81, 40)
(1899/4, 79, 39)
(475, 78, 38)
(1901/4, 76, 37)
(951/2, 75, 36)
(477, 75, 36)
(955/2, 64, 30)
(955/2, 71, 34)
(955/2, 76, 37)
(957/2, 75, 36)
(479, 76, 37)
(959/2, 78, 38)
(961/2, 76, 37)
(481, 78, 38)
(963/2, 79, 39)
(965/2, 78, 38)
(483, 79, 39)
(967/2, 81, 40)
(969/2, 79, 39)
(485, 81, 40)
(971/2, 83, 41)
(1943/4, 76, 37)
(486, 74, 36)
(1945/4, 72, 35)
(973/2, 71, 34)
(1947/4, 69, 33)
(487, 67, 32)
(1949/4, 66, 31)
(975/2, 64, 30)
(488, 64, 30)
(977/2, 72, 35)
(1955/4, 74, 36)
(489, 76, 37)
(1957/4, 74, 36)
(979/2, 72, 35)
(1959/4, 71, 34)
(490, 69, 33)
(1961/4, 67, 32)
(981/2, 66, 31)
(491, 66, 31)
(983/2, 71, 34)
(1967/4, 73, 35)
(492, 75, 36)
(1969/4, 73, 35)
(985/2, 71, 34)
(1971/4, 69, 33)
(493, 67, 32)
(1973/4, 66, 31)
(987/2, 64, 30)
(989/2, 83, 41)
(495, 83, 41)
(991/2, 83, 41)
(993/2, 81, 40)
(497, 76, 37)
(995/2, 79, 39)
(997/2, 78, 38)
(499, 72, 35)
(999/2, 76, 37)
(1001/2, 74, 36)
(501, 69, 33)
(1003/2, 72, 35)
(1005/2, 71, 34)
(503, 63, 29)
(1007/2, 64, 30)
(2015/4, 66, 31)
(504, 67, 32)
(2017/4, 66, 31)
(1009/2, 64, 30)
(2019/4, 62, 29)
(505, 60, 28)
(2021/4, 59, 27)
(1011/2, 57, 26)
(506, 60, 28)
(1013/2, 66, 31)
(507, 69, 33)
(1015/2, 67, 32)
(2031/4, 69, 33)
(508, 71, 34)
(2033/4, 69, 33)
(1017/2, 67, 32)
(2035/4, 66, 31)
(509, 64, 30)
(2037/4, 62, 29)
(1019/2, 60, 28)
(510, 69, 33)
(1021/2, 66, 31)
(511, 72, 35)
(1023/2, 71, 34)
(2047/4, 76, 37)
(512, 79, 39)
(2049/4, 78, 38)
(1025/2, 76, 37)
(2051/4, 74, 36)
(513, 72, 35)
(2053/4, 71, 34)
(1027/2, 69, 33)
(514, 72, 35)
(1029/2, 69, 33)
(515, 78, 38)
(1031/2, 76, 37)
(2063/4, 79, 39)
(516, 83, 41)
(2065/4, 81, 40)
(1033/2, 79, 39)
(2067/4, 78, 38)
(517, 76, 37)
(2069/4, 75, 36)
(1035/2, 76, 37)
(2071/4, 78, 38)
(518, 79, 39)
(2073/4, 78, 38)
(1037/2, 76, 37)
(2075/4, 74, 36)
(519, 73, 35)
(2077/4, 71, 34)
(1039/2, 70, 33)
(1041/2, 78, 38)
(2083/4, 76, 37)
(521, 75, 36)
(2085/4, 76, 37)
(1043/2, 78, 38)
(2087/4, 79, 39)
(522, 81, 40)
(2089/4, 83, 41)
(1045/2, 84, 42)
(1047/2, 63, 29)
(2095/4, 64, 30)
(524, 66, 31)
(2097/4, 64, 30)
(1049/2, 63, 29)
(2099/4, 60, 28)
(525, 59, 27)
(2101/4, 57, 26)
(1051/2, 56, 25)
(1053/2, 71, 34)
(2107/4, 72, 35)
(527, 74, 36)
(2109/4, 72, 35)
(1055/2, 71, 34)
(2111/4, 69, 33)
(528, 68, 32)
(2113/4, 65, 31)
(1057/2, 64, 30)
(1059/2, 72, 35)
(2119/4, 74, 36)
(530, 76, 37)
(2121/4, 74, 36)
(1061/2, 72, 35)
(2123/4, 71, 34)
(531, 69, 33)
(2125/4, 68, 32)
(1063/2, 69, 33)
(1065/2, 81, 40)
(2131/4, 83, 41)
(533, 84, 42)
(2133/4, 83, 41)
(1067/2, 81, 40)
(2135/4, 83, 41)
(534, 84, 42)
(2137/4, 83, 41)
(1069/2, 81, 40)
(2139/4, 79, 39)
(535, 78, 38)
(2141/4, 76, 37)
(1071/2, 75, 36)
(2143/4, 76, 37)
(536, 78, 38)
(2145/4, 76, 37)
(1073/2, 75, 36)
(2147/4, 76, 37)
(537, 78, 38)
(2149/4, 79, 39)
(1075/2, 81, 40)
(2151/4, 83, 41)
(538, 84, 42)
(2153/4, 83, 41)
(1077/2, 81, 40)
(2155/4, 79, 39)
(539, 78, 38)
(2157/4, 76, 37)
(1079/2, 75, 36)
(2159/4, 76, 37)
(540, 78, 38)
(2161/4, 76, 37)
(1081/2, 75, 36)
(2163/4, 76, 37)
(541, 78, 38)
(2165/4, 79, 39)
(1083/2, 81, 40)
(2167/4, 83, 41)
(542, 84, 42)
(2169/4, 83, 41)
(1085/2, 81, 40)
(2171/4, 79, 39)
(543, 78, 38)
(2173/4, 79, 39)
(1087/2, 81, 40)
(2175/4, 79, 39)
(544, 78, 38)
(2177/4, 76, 37)
(1089/2, 75, 36)
(2179/4, 76, 37)
(545, 78, 38)
(2181/4, 76, 37)
(1091/2, 75, 36)
(2183/4, 72, 35)
(546, 71, 34)
(2185/4, 69, 33)
(1093/2, 72, 35)
(2187/4, 71, 34)
(547, 69, 33)
(2189/4, 71, 34)
(1095/2, 72, 35)
(2191/4, 71, 34)
(548, 69, 33)
(2193/4, 67, 32)
(1097/2, 66, 31)
(2195/4, 67, 32)
(549, 69, 33)
(2197/4, 67, 32)
(1099/2, 66, 31)
(2199/4, 64, 30)
(550, 63, 29)
(2201/4, 64, 30)
(1101/2, 66, 31)
(2203/4, 67, 32)
(551, 69, 33)
(2205/4, 67, 32)
(1103/2, 66, 31)
(2207/4, 64, 30)
(552, 63, 29)
(2209/4, 60, 28)
(1105/2, 57, 26)
(2211/4, 60, 28)
(553, 59, 27)
(2213/4, 57, 26)
(1107/2, 55, 25)
(2215/4, 59, 27)
(554, 64, 30)
(2217/4, 59, 27)
(1109/2, 55, 25)
(555, 55, 25)
(1111/2, 57, 26)
(2223/4, 60, 28)
(556, 64, 30)
(2225/4, 60, 28)
(1113/2, 57, 26)
(557, 57, 26)
(1115/2, 59, 27)
(2231/4, 64, 30)
(558, 67, 32)
(2233/4, 64, 30)
(1117/2, 59, 27)
(559, 59, 27)
(1119/2, 60, 28)
(2239/4, 64, 30)
(560, 69, 33)
(2241/4, 64, 30)
(1121/2, 57, 26)
(561, 63, 29)
(1123/2, 64, 30)
(1125/2, 63, 29)
(563, 64, 30)
(1127/2, 66, 31)
(1129/2, 64, 30)
(565, 66, 31)
(1131/2, 67, 32)
(1133/2, 66, 31)
(567, 67, 32)
(1135/2, 69, 33)
(1137/2, 71, 34)
(569, 72, 35)
(1139/2, 71, 34)
(571, 76, 37)
(1143/2, 72, 35)
(572, 69, 33)
(1145/2, 64, 30)
(573, 72, 35)
(1147/2, 71, 34)
(574, 64, 30)
(1149/2, 71, 34)
(575, 76, 37)
(1151/2, 72, 35)
(576, 69, 33)
(1153/2, 64, 30)
(577, 72, 35)
(1155/2, 71, 34)
(578, 67, 32)
(1157/2, 79, 39)
(579, 79, 39)
(1159/2, 79, 39)
(1161/2, 78, 38)
(581, 76, 37)
(1163/2, 75, 36)
(1165/2, 77, 38)
(583, 77, 38)
(1167/2, 77, 38)
(1169/2, 76, 37)
(585, 74, 36)
(1171/2, 73, 35)
(1173/2, 75, 37)
(587, 75, 37)
(1175/2, 75, 37)
(1177/2, 74, 36)
(589, 72, 35)
(1179/2, 71, 34)
(1181/2, 72, 35)
(591, 69, 33)
(1183/2, 67, 32)
(1185/2, 69, 33)
(593, 66, 31)
(1187/2, 64, 30)
(2375/4, 59, 27)
(594, 55, 25)
(2377/4, 59, 27)
(1189/2, 55, 25)
(1191/2, 57, 26)
(2383/4, 60, 28)
(596, 64, 30)
(2385/4, 60, 28)
(1193/2, 57, 26)
(1195/2, 59, 27)
(2391/4, 62, 29)
(598, 64, 30)
(2393/4, 62, 29)
(1197/2, 59, 27)
(1199/2, 60, 28)
(2399/4, 64, 30)
(600, 69, 33)
(2401/4, 64, 30)
(1201/2, 63, 29)
(1203/2, 64, 30)
(1205/2, 63, 29)
(603, 64, 30)
(1207/2, 66, 31)
(1209/2, 64, 30)
(605, 66, 31)
(1211/2, 68, 32)
(1213/2, 66, 31)
(607, 68, 32)
(1215/2, 69, 33)
(1217/2, 71, 34)
(609, 72, 35)
(1219/2, 71, 34)
(611, 88, 44)
(1223/2, 84, 42)
(612, 81, 40)
(1225/2, 76, 37)
(613, 84, 42)
(1227/2, 83, 41)
(614, 80, 39)
(1229/2, 76, 37)
(615, 83, 41)
(1231/2, 84, 42)
(616, 81, 40)
(1233/2, 76, 37)
(617, 84, 42)
(1235/2, 88, 44)
(618, 76, 37)
(1237/2, 91, 46)
(619, 91, 46)
(1239/2, 91, 46)
(1241/2, 90, 45)
(621, 88, 44)
(1243/2, 87, 43)
(1245/2, 89, 45)
(623, 89, 45)
(1247/2, 89, 45)
(1249/2, 88, 44)
(625, 86, 43)
(1251/2, 85, 42)
(1253/2, 87, 44)
(627, 87, 44)
(1255/2, 87, 44)
(1257/2, 86, 43)
(629, 84, 42)
(1259/2, 83, 41)
(1261/2, 84, 42)
(631, 81, 40)
(1263/2, 79, 39)
(1265/2, 81, 40)
(633, 78, 38)
(1267/2, 83, 41)
(1269/2, 87, 44)
(635, 87, 44)
(1271/2, 87, 44)
(1273/2, 86, 43)
(637, 84, 42)
(1275/2, 83, 41)
(1277/2, 84, 42)
(639, 81, 40)
(1279/2, 79, 39)
(1281/2, 81, 40)
(641, 78, 38)
(1283/2, 83, 41)
(1285/2, 75, 37)
(643, 75, 37)
(1287/2, 75, 37)
(1289/2, 74, 36)
(645, 72, 35)
(1291/2, 71, 34)
(647, 67, 32)
(1295/2, 66, 31)
(2591/4, 69, 33)
(648, 72, 35)
(2593/4, 71, 34)
(1297/2, 69, 33)
(2595/4, 67, 32)
(649, 66, 31)
(2597/4, 64, 30)
(1299/2, 62, 29)
(651, 71, 34)
(1303/2, 69, 33)
(2607/4, 72, 35)
(652, 76, 37)
(2609/4, 74, 36)
(1305/2, 72, 35)
(2611/4, 71, 34)
(653, 69, 33)
(2613/4, 67, 32)
(1307/2, 66, 31)
(655, 71, 34)
(1311/2, 72, 35)
(2623/4, 76, 37)
(656, 79, 39)
(2625/4, 78, 38)
(1313/2, 76, 37)
(2627/4, 74, 36)
(657, 72, 35)
(2629/4, 71, 34)
(1315/2, 69, 33)
(659, 78, 38)
(1319/2, 76, 37)
(2639/4, 79, 39)
(660, 83, 41)
(2641/4, 81, 40)
(1321/2, 79, 39)
(2643/4, 78, 38)
(661, 76, 37)
(2645/4, 83, 41)
(1323/2, 84, 42)
(2647/4, 86, 43)
(662, 88, 44)
(2649/4, 86, 43)
(1325/2, 84, 42)
(2651/4, 83, 41)
(663, 81, 40)
(2653/4, 79, 39)
(1327/2, 78, 38)
(665, 79, 39)
(1331/2, 81, 40)
(2663/4, 83, 41)
(666, 84, 42)
(2665/4, 83, 41)
(1333/2, 81, 40)
(2667/4, 79, 39)
(667, 78, 38)
(2669/4, 76, 37)
(1335/2, 75, 36)
(669, 75, 36)
(1339/2, 76, 37)
(1341/2, 75, 36)
(671, 76, 37)
(1343/2, 78, 38)
(1345/2, 76, 37)
(673, 78, 38)
(1347/2, 79, 39)
(1349/2, 78, 38)
(675, 79, 39)
(1351/2, 81, 40)
(1353/2, 79, 39)
(677, 81, 40)
(1355/2, 83, 41)
(1357/2, 81, 40)
(679, 83, 41)
(1359/2, 85, 42)
(1361/2, 83, 41)
(681, 85, 42)
(1363/2, 87, 43)
(1367/2, 88, 44)
(1371/2, 57, 26)
(1371/2, 64, 30)
(1371/2, 71, 34)
(1371/2, 83, 41)
(1375/2, 59, 27)
(1375/2, 66, 31)
(1375/2, 75, 36)
(1379/2, 64, 30)
(1379/2, 71, 34)
(1379/2, 76, 37)
(20001/2, 59, 27)
(10001, 64, 30)
(20003/2, 67, 32)
(10002, 66, 31)
(20005/2, 64, 30)
(20007/2, 59, 27)
(10004, 64, 30)
(20009/2, 67, 32)
(10005, 66, 31)
(20011/2, 64, 30)
(20013/2, 60, 28)
(10007, 64, 30)
(20015/2, 69, 33)
(10008, 67, 32)
(20017/2, 66, 31)
(20019/2, 60, 28)
(10010, 66, 31)
(20021/2, 69, 33)
(10011, 67, 32)
(20023/2, 66, 31)
(20025/2, 59, 27)
(10013, 64, 30)
(20027/2, 67, 32)
(10014, 66, 31)
(20029/2, 64, 30)
(20031/2, 64, 30)
(10016, 67, 32)
(10017, 69, 33)
(20035/2, 66, 31)
(20037/2, 67, 32)
(10019, 71, 34)
(10020, 71, 34)
(20041/2, 65, 31)
(20043/2, 64, 30)
(10022, 69, 33)
(10023, 66, 31)
(20047/2, 64, 30)
(20049/2, 63, 29)
(10026, 64, 30)
(20053/2, 66, 31)
(20055/2, 59, 27)
(10028, 64, 30)
(20057/2, 67, 32)
(10029, 66, 31)
(20059/2, 64, 30)
(20061/2, 60, 28)
(10031, 64, 30)
(20063/2, 69, 33)
(10032, 67, 32)
(20065/2, 66, 31)
(20067/2, 60, 28)
(10034, 66, 31)
(20069/2, 69, 33)
(10035, 67, 32)
(20071/2, 66, 31)
(20073/2, 59, 27)
(10037, 64, 30)
(20075/2, 67, 32)
(10038, 66, 31)
(20077/2, 64, 30)
(20079/2, 60, 28)
(10040, 67, 32)
(10041, 60, 28)
(20083/2, 69, 33)
(20085/2, 59, 27)
(10043, 62, 29)
(10044, 64, 30)
(20089/2, 57, 26)
(20091/2, 67, 32)
(10046, 64, 30)
(10047, 63, 29)
(20095/2, 57, 26)
(20097/2, 55, 25)
(10049, 57, 26)
(20099/2, 59, 27)
(10050, 57, 26)
(20101/2, 59, 27)
(10051, 60, 28)
(20105/2, 59, 27)
(10053, 57, 26)
(20107/2, 59, 27)
(10054, 60, 28)
(20111/2, 59, 27)
(10056, 63, 29)
(20113/2, 64, 30)
(10057, 67, 32)
(20115/2, 66, 31)
(10058, 67, 32)
(20117/2, 62, 29)
(10061, 60, 28)
(20123/2, 59, 27)
(10062, 60, 28)
(20125/2, 62, 29)
(10063, 63, 30)
(20129/2, 62, 29)
(10065, 60, 28)
(20131/2, 62, 29)
(10066, 63, 30)
(20135/2, 62, 29)
(10068, 64, 30)
(20137/2, 67, 32)
(10069, 67, 32)
(20141/2, 66, 31)
(20143/2, 61, 28)
(20145/2, 62, 29)
(10073, 64, 30)
(20147/2, 62, 29)
(20149/2, 66, 31)
(10075, 66, 31)
(20163/2, 66, 31)
(10082, 71, 34)
(20165/2, 74, 36)
(10083, 73, 35)
(20167/2, 71, 34)
(10084, 74, 36)
(20169/2, 73, 35)
(10085, 71, 34)
(20171/2, 73, 35)
(10086, 71, 34)
(20173/2, 70, 33)
(20175/2, 66, 31)
(10088, 71, 34)
(20177/2, 73, 35)
(10089, 71, 34)
(20179/2, 70, 33)
(10090, 72, 35)
(20181/2, 71, 34)
(10091, 69, 33)
(20183/2, 68, 32)
(10092, 69, 33)
(20185/2, 71, 34)
(20187/2, 64, 30)
(10094, 69, 33)
(20189/2, 71, 34)
(10095, 69, 33)
(20191/2, 68, 32)
(10096, 67, 32)
(20193/2, 69, 33)
(10097, 67, 32)
(20195/2, 66, 31)
(10098, 67, 32)
(20197/2, 69, 33)
(20199/2, 59, 27)
(10100, 64, 30)
(20201/2, 67, 32)
(10101, 66, 31)
(20203/2, 64, 30)
(20205/2, 60, 28)
(10103, 64, 30)
(20207/2, 69, 33)
(10104, 67, 32)
(20209/2, 66, 31)
(20211/2, 60, 28)
(10106, 66, 31)
(20213/2, 69, 33)
(10107, 67, 32)
(20215/2, 66, 31)
(20217/2, 59, 27)
(10109, 64, 30)
(20219/2, 67, 32)
(10110, 66, 31)
(20221/2, 64, 30)
(20223/2, 64, 30)
(10112, 67, 32)
(10113, 69, 33)
(20227/2, 66, 31)
(20229/2, 67, 32)
(10115, 71, 34)
(10116, 71, 34)
(20233/2, 65, 31)
(20235/2, 64, 30)
(10118, 69, 33)
(10119, 66, 31)
(20239/2, 64, 30)
(20241/2, 60, 28)
(10121, 64, 30)
(20243/2, 64, 30)
(20247/2, 60, 28)
(10124, 64, 30)
(20249/2, 64, 30)
(20253/2, 61, 28)
(10127, 64, 30)
(20255/2, 58, 26)
(10128, 59, 27)
(20257/2, 61, 28)
(10129, 58, 26)
(20259/2, 59, 27)
(10130, 61, 28)
(20261/2, 64, 30)
(20265/2, 59, 27)
(10133, 64, 30)
(20267/2, 68, 32)
(10134, 66, 31)
(20269/2, 64, 30)
(20271/2, 59, 27)
(10136, 66, 31)
(20273/2, 67, 32)
(10137, 66, 31)
(20275/2, 64, 30)
(10138, 63, 29)
(20277/2, 64, 30)
(10139, 66, 31)
(20279/2, 70, 33)
(10141, 69, 33)
(20283/2, 67, 32)
(10142, 66, 31)
(20285/2, 64, 30)
(10143, 67, 32)
(20287/2, 72, 35)
(20291/2, 64, 30)
(10147, 64, 30)
(20297/2, 63, 29)
(10150, 64, 30)
(20301/2, 55, 25)
(10151, 57, 26)
(20303/2, 59, 27)
(10152, 57, 26)
(20305/2, 59, 27)
(10153, 60, 28)
(20309/2, 59, 27)
(10155, 57, 26)
(20311/2, 59, 27)
(10156, 60, 28)
(20315/2, 59, 27)
(10158, 63, 29)
(20317/2, 64, 30)
(10159, 63, 29)
(10169, 71, 34)
(20339/2, 72, 35)
(40679/4, 74, 36)
(10170, 76, 37)
(40681/4, 74, 36)
(20341/2, 72, 35)
(40683/4, 71, 34)
(10171, 69, 33)
(40685/4, 67, 32)
(20343/2, 66, 31)
(10173, 67, 32)
(20347/2, 69, 33)
(40695/4, 71, 34)
(10174, 72, 35)
(40697/4, 71, 34)
(20349/2, 69, 33)
(40699/4, 67, 32)
(10175, 66, 31)
(40701/4, 64, 30)
(20351/2, 63, 29)
(10177, 63, 29)
(20355/2, 64, 30)
(20357/2, 63, 29)
(10179, 64, 30)
(20359/2, 66, 31)
(20361/2, 64, 30)
(10181, 66, 31)
(20363/2, 67, 32)
(20365/2, 66, 31)
(10183, 67, 32)
(20367/2, 69, 33)
(20369/2, 71, 34)
(10185, 72, 35)
(20371/2, 71, 34)
(10187, 71, 34)
(20375/2, 76, 37)
(40751/4, 78, 38)
(10188, 79, 39)
(40753/4, 78, 38)
(20377/2, 76, 37)
(40755/4, 74, 36)
(10189, 73, 35)
(40757/4, 71, 34)
(20379/2, 70, 33)
(10191, 71, 34)
(20383/2, 73, 35)
(40767/4, 74, 36)
(10192, 73, 35)
(40769/4, 71, 34)
(20385/2, 70, 33)
(40771/4, 67, 32)
(10193, 66, 31)
(40773/4, 64, 30)
(20387/2, 62, 29)
(40775/4, 66, 31)
(10194, 71, 34)
(40777/4, 66, 31)
(20389/2, 62, 29)
(20391/2, 64, 30)
(40783/4, 67, 32)
(10196, 71, 34)
(40785/4, 67, 32)
(20393/2, 64, 30)
(20395/2, 66, 31)
(40791/4, 71, 34)
(10198, 69, 33)
(40793/4, 67, 32)
(20397/2, 66, 31)
(20399/2, 67, 32)
(40799/4, 71, 34)
(10200, 76, 37)
(40801/4, 71, 34)
(20401/2, 64, 30)
(20403/2, 76, 37)
(20405/2, 69, 33)
(10203, 71, 34)
(20407/2, 72, 35)
(20409/2, 75, 36)
(10205, 76, 37)
(20411/2, 78, 38)
(20413/2, 66, 31)
(10207, 67, 32)
(20415/2, 69, 33)
(10208, 72, 35)
(20417/2, 71, 34)
(10209, 78, 38)
(20419/2, 79, 39)
(10211, 76, 37)
(20423/2, 72, 35)
(10212, 69, 33)
(20425/2, 64, 30)
(10213, 72, 35)
(20427/2, 71, 34)
(10214, 67, 32)
(20429/2, 71, 34)
(10215, 76, 37)
(20431/2, 64, 30)
(10216, 72, 35)
(20433/2, 64, 30)
(10217, 72, 35)
(20435/2, 67, 32)
(10219, 71, 34)
(20439/2, 70, 33)
(10221, 66, 31)
(20443/2, 67, 32)
(10223, 67, 32)
(20447/2, 67, 32)
(10225, 61, 28)
(20451/2, 62, 29)
(10227, 71, 34)
(20455/2, 71, 34)
(20463/2, 73, 35)
(20465/2, 74, 36)
(10233, 76, 37)
(20467/2, 78, 38)
(10235, 83, 41)
(20471/2, 79, 39)
(10236, 76, 37)
(20473/2, 71, 34)
(10237, 79, 39)
(20475/2, 78, 38)
(10238, 74, 36)
(20477/2, 71, 34)
(10239, 78, 38)
(20479/2, 76, 37)
(10241, 74, 36)
(20483/2, 76, 37)
(40967/4, 78, 38)
(10242, 79, 39)
(40969/4, 78, 38)
(20485/2, 76, 37)
(40971/4, 74, 36)
(10243, 73, 35)
(40973/4, 71, 34)
(20487/2, 70, 33)
(10245, 71, 34)
(20491/2, 73, 35)
(40983/4, 74, 36)
(10246, 76, 37)
(40985/4, 74, 36)
(20493/2, 73, 35)
(40987/4, 71, 34)
(10247, 70, 33)
(40989/4, 68, 32)
(20495/2, 66, 31)
(10249, 66, 31)
(20499/2, 66, 31)
(20501/2, 62, 29)
(10251, 59, 27)
(20503/2, 62, 29)
(20505/2, 62, 29)
(10253, 62, 29)
(20507/2, 62, 29)
(20509/2, 68, 32)
(10255, 69, 33)
(20511/2, 71, 34)
(10277, 78, 38)
(20555/2, 79, 39)
(41111/4, 81, 40)
(10278, 83, 41)
(41113/4, 81, 40)
(20557/2, 79, 39)
(41115/4, 78, 38)
(10279, 76, 37)
(41117/4, 74, 36)
(20559/2, 73, 35)
(10281, 74, 36)
(20563/2, 76, 37)
(41127/4, 78, 38)
(10282, 79, 39)
(41129/4, 78, 38)
(20565/2, 76, 37)
(41131/4, 74, 36)
(10283, 73, 35)
(41133/4, 71, 34)
(20567/2, 70, 33)
(10285, 70, 33)
(20571/2, 71, 34)
(20573/2, 70, 33)
(10287, 71, 34)
(20575/2, 73, 35)
(20577/2, 71, 34)
(10289, 73, 35)
(20579/2, 74, 36)
(20581/2, 73, 35)
(10291, 74, 36)
(20583/2, 76, 37)
(20585/2, 78, 38)
(10293, 79, 39)
(20587/2, 78, 38)
(41175/4, 74, 36)
(10294, 71, 34)
(41177/4, 74, 36)
(20589/2, 78, 38)
(20591/2, 71, 34)
(41183/4, 67, 32)
(10296, 64, 30)
(41185/4, 67, 32)
(20593/2, 71, 34)
(20595/2, 66, 31)
(41191/4, 61, 28)
(10298, 58, 26)
(41193/4, 61, 28)
(20597/2, 66, 31)
(10299, 66, 31)
(20599/2, 71, 34)
(20601/2, 70, 33)
(10301, 64, 30)
(20603/2, 62, 29)
(10303, 71, 34)
(20607/2, 83, 41)
(20609/2, 83, 41)
(10305, 79, 39)
(20611/2, 78, 38)
(10307, 71, 34)
(20615/2, 83, 41)
(20617/2, 83, 41)
(10309, 79, 39)
(20619/2, 78, 38)
(20621/2, 66, 31)
(10311, 66, 31)
(20623/2, 66, 31)
(20625/2, 71, 34)
(10313, 71, 34)
(20627/2, 71, 34)
(20629/2, 71, 34)
(10315, 71, 34)
(20631/2, 74, 36)
(20633/2, 71, 34)
(10317, 64, 30)
(20635/2, 64, 30)
(10319, 69, 33)
(20639/2, 81, 40)
(20641/2, 81, 40)
(10321, 77, 38)
(20643/2, 76, 37)
(10323, 69, 33)
(20647/2, 81, 40)
(20649/2, 81, 40)
(10325, 77, 38)
(20651/2, 76, 37)
(20653/2, 69, 33)
(10327, 71, 34)
(20655/2, 72, 35)
(20657/2, 72, 35)
(10329, 72, 35)
(20659/2, 72, 35)
(20661/2, 66, 31)
(10331, 67, 32)
(20663/2, 69, 33)
(10332, 72, 35)
(10333, 69, 33)
(20667/2, 67, 32)
(10340, 69, 33)
(20681/2, 67, 32)
(10341, 66, 31)
(20683/2, 67, 32)
(41367/4, 62, 29)
(10342, 59, 27)
(41369/4, 62, 29)
(20685/2, 67, 32)
(20687/2, 67, 32)
(41375/4, 64, 30)
(10344, 60, 28)
(41377/4, 64, 30)
(20689/2, 67, 32)
(20691/2, 67, 32)
(41383/4, 62, 29)
(10346, 59, 27)
(41385/4, 62, 29)
(20693/2, 67, 32)
(20695/2, 67, 32)
(41391/4, 64, 30)
(10348, 60, 28)
(41393/4, 64, 30)
(20697/2, 67, 32)
(10349, 67, 32)
(20699/2, 76, 37)
(10351, 69, 33)
(20703/2, 74, 36)
(41407/4, 76, 37)
(10352, 78, 38)
(41409/4, 76, 37)
(20705/2, 74, 36)
(41411/4, 72, 35)
(10353, 71, 34)
(41413/4, 69, 33)
(20707/2, 74, 36)
(10355, 69, 33)
(20711/2, 68, 32)
(41423/4, 69, 33)
(10356, 71, 34)
(41425/4, 69, 33)
(20713/2, 68, 32)
(41427/4, 65, 31)
(10357, 64, 30)
(41429/4, 62, 29)
(20715/2, 60, 28)
(10359, 71, 34)
(20719/2, 69, 33)
(41439/4, 71, 34)
(10360, 72, 35)
(41441/4, 71, 34)
(20721/2, 69, 33)
(41443/4, 67, 32)
(10361, 66, 31)
(41445/4, 64, 30)
(20723/2, 62, 29)
(10363, 73, 35)
(20727/2, 74, 36)
(41455/4, 76, 37)
(10364, 77, 38)
(41457/4, 76, 37)
(20729/2, 74, 36)
(41459/4, 72, 35)
(10365, 71, 34)
(41461/4, 69, 33)
(20731/2, 67, 32)
(20733/2, 78, 38)
(20735/2, 79, 39)
(10369, 77, 38)
(20739/2, 76, 37)
(41479/4, 77, 38)
(10370, 79, 39)
(41481/4, 77, 38)
(20741/2, 76, 37)
(41483/4, 74, 36)
(10371, 72, 35)
(41485/4, 71, 34)
(20743/2, 69, 33)
(20745/2, 74, 36)
(20749/2, 71, 34)
(10375, 67, 32)
(20751/2, 67, 32)
(20753/2, 72, 35)
(10377, 76, 37)
(20755/2, 75, 36)
(10380, 76, 37)
(20761/2, 75, 36)
(10381, 76, 37)
(20763/2, 75, 36)
(10384, 77, 38)
(20769/2, 76, 37)
(10385, 77, 38)
(20771/2, 76, 37)
(10388, 77, 38)
(20777/2, 76, 37)
(10389, 77, 38)
(20779/2, 76, 37)
(10392, 82, 41)
(20785/2, 81, 40)
(10393, 82, 41)
(20787/2, 81, 40)
(10396, 82, 41)
(20793/2, 81, 40)
(10397, 82, 41)
(20795/2, 81, 40)
(10400, 82, 41)
(20801/2, 81, 40)
(10401, 79, 39)
(20803/2, 78, 38)
(20805/2, 77, 38)
(10404, 76, 37)
(20809/2, 74, 36)
(10405, 73, 35)
(20811/2, 74, 36)
(10415, 59, 27)
(20831/2, 62, 29)
(41663/4, 60, 28)
(10416, 59, 27)
(41665/4, 60, 28)
(20833/2, 62, 29)
(41667/4, 64, 30)
(10417, 66, 31)
(41669/4, 68, 32)
(20835/2, 69, 33)
(10419, 67, 32)
(20839/2, 65, 31)
(41679/4, 64, 30)
(10420, 62, 29)
(41681/4, 64, 30)
(20841/2, 65, 31)
(41683/4, 67, 32)
(10421, 69, 33)
(41685/4, 71, 34)
(20843/2, 72, 35)
(10423, 72, 35)
(20847/2, 71, 34)
(20849/2, 72, 35)
(10425, 71, 34)
(20851/2, 70, 33)
(20853/2, 71, 34)
(10427, 70, 33)
(20855/2, 69, 33)
(20857/2, 71, 34)
(10429, 69, 33)
(20859/2, 68, 32)
(20861/2, 65, 31)
(10431, 64, 30)
(20863/2, 62, 29)
(10433, 60, 28)
(20867/2, 59, 27)
(41735/4, 57, 26)
(10434, 56, 25)
(41737/4, 57, 26)
(20869/2, 59, 27)
(41739/4, 60, 28)
(10435, 62, 29)
(41741/4, 64, 30)
(20871/2, 65, 31)
(10437, 71, 34)
(20875/2, 69, 33)
(41751/4, 72, 35)
(10438, 76, 37)
(41753/4, 72, 35)
(20877/2, 69, 33)
(10441, 69, 33)
(20883/2, 66, 31)
(41767/4, 64, 30)
(10442, 63, 29)
(41769/4, 64, 30)
(20885/2, 66, 31)
(41771/4, 68, 32)
(10443, 69, 33)
(41773/4, 71, 34)
(20887/2, 72, 35)
(10445, 71, 34)
(10446, 71, 34)
(20893/2, 76, 37)
(10447, 80, 39)
(20895/2, 83, 41)
(20897/2, 84, 42)
(10449, 83, 41)
(20899/2, 81, 40)
(20901/2, 83, 41)
(10451, 81, 40)
(20903/2, 79, 39)
(20905/2, 81, 40)
(10453, 79, 39)
(20907/2, 77, 38)
(20909/2, 79, 39)
(10455, 77, 38)
(20911/2, 81, 40)
(20913/2, 83, 41)
(10457, 81, 40)
(20915/2, 79, 39)
(20917/2, 81, 40)
(10459, 79, 39)
(20919/2, 83, 41)
(20921/2, 84, 42)
(10461, 83, 41)
(20923/2, 81, 40)
(20925/2, 81, 40)
(10463, 79, 39)
(20927/2, 78, 38)
(20929/2, 81, 40)
(10465, 79, 39)
(20931/2, 78, 38)
(20933/2, 81, 40)
(10467, 79, 39)
(20935/2, 78, 38)
(10468, 78, 38)
(20937/2, 81, 40)
(10469, 79, 39)
(20939/2, 78, 38)
(10470, 69, 33)
(20941/2, 72, 35)
(41883/4, 74, 36)
(10471, 76, 37)
(41885/4, 74, 36)
(20943/2, 72, 35)
(41887/4, 71, 34)
(10472, 69, 33)
(41889/4, 67, 32)
(20945/2, 66, 31)
(10474, 66, 31)
(20949/2, 69, 33)
(41899/4, 71, 34)
(10475, 72, 35)
(41901/4, 71, 34)
(20951/2, 69, 33)
(41903/4, 67, 32)
(10476, 66, 31)
(41905/4, 64, 30)
(20953/2, 63, 29)
(20955/2, 71, 34)
(20957/2, 71, 34)
(10479, 71, 34)
(20959/2, 71, 34)
(20961/2, 71, 34)
(10481, 71, 34)
(20963/2, 71, 34)
(20965/2, 71, 34)
(10483, 71, 34)
(20967/2, 76, 37)
(20969/2, 76, 37)
(10485, 76, 37)
(20971/2, 76, 37)
(10487, 75, 36)
(20975/2, 76, 37)
(41951/4, 78, 38)
(10488, 79, 39)
(41953/4, 78, 38)
(20977/2, 76, 37)
(41955/4, 74, 36)
(10489, 72, 35)
(41957/4, 71, 34)
(20979/2, 69, 33)
(10490, 69, 33)
(20981/2, 75, 36)
(41963/4, 76, 37)
(10491, 78, 38)
(41965/4, 76, 37)
(20983/2, 75, 36)
(41967/4, 73, 35)
(10492, 71, 34)
(41969/4, 69, 33)
(20985/2, 67, 32)
(10493, 63, 29)
(20987/2, 64, 30)
(20989/2, 71, 34)
(20991/2, 76, 37)
(10501, 64, 30)
(21003/2, 63, 29)
(42007/4, 64, 30)
(10502, 66, 31)
(42009/4, 64, 30)
(21005/2, 63, 29)
(42011/4, 60, 28)
(10503, 59, 27)
(42013/4, 57, 26)
(21007/2, 55, 25)
(10504, 59, 27)
(21009/2, 64, 30)
(10505, 67, 32)
(21011/2, 66, 31)
(42023/4, 67, 32)
(10506, 69, 33)
(42025/4, 67, 32)
(21013/2, 66, 31)
(42027/4, 64, 30)
(10507, 63, 29)
(42029/4, 60, 28)
(21015/2, 59, 27)
(10508, 64, 30)
(21017/2, 67, 32)
(10509, 71, 34)
(21019/2, 69, 33)
(42039/4, 72, 35)
(10510, 78, 38)
(42041/4, 76, 37)
(21021/2, 75, 36)
(42043/4, 72, 35)
(10511, 71, 34)
(42045/4, 69, 33)
(21023/2, 67, 32)
(10512, 67, 32)
(21025/2, 71, 34)
(10513, 76, 37)
(21027/2, 72, 35)
(42055/4, 76, 37)
(10514, 81, 40)
(42057/4, 79, 39)
(21029/2, 78, 38)
(42059/4, 76, 37)
(10515, 74, 36)
(42061/4, 72, 35)
(21031/2, 71, 34)
(10516, 71, 34)
(21033/2, 76, 37)
(10517, 83, 41)
(21035/2, 82, 40)
(21037/2, 73, 35)
(42075/4, 74, 36)
(10519, 76, 37)
(42077/4, 74, 36)
(21039/2, 73, 35)
(42079/4, 71, 34)
(10520, 70, 33)
(42081/4, 67, 32)
(21041/2, 66, 31)
(21043/2, 81, 40)
(42087/4, 83, 41)
(10522, 84, 42)
(42089/4, 83, 41)
(21045/2, 81, 40)
(42091/4, 79, 39)
(10523, 78, 38)
(42093/4, 76, 37)
(21047/2, 75, 36)
(21049/2, 71, 34)
(42099/4, 69, 33)
(10525, 68, 32)
(42101/4, 69, 33)
(21051/2, 71, 34)
(42103/4, 72, 35)
(10526, 74, 36)
(42105/4, 76, 37)
(21053/2, 77, 38)
(21055/2, 68, 32)
(42111/4, 69, 33)
(10528, 71, 34)
(42113/4, 69, 33)
(21057/2, 68, 32)
(42115/4, 65, 31)
(10529, 64, 30)
(42117/4, 62, 29)
(21059/2, 60, 28)
(21061/2, 69, 33)
(42123/4, 71, 34)
(10531, 72, 35)
(42125/4, 71, 34)
(21063/2, 69, 33)
(42127/4, 71, 34)
(10532, 72, 35)
(42129/4, 74, 36)
(21065/2, 76, 37)
(21067/2, 63, 29)
(21069/2, 63, 29)
(42139/4, 64, 30)
(10535, 66, 31)
(42141/4, 67, 32)
(21071/2, 69, 33)
(42143/4, 67, 32)
(10536, 66, 31)
(42145/4, 67, 32)
(21073/2, 69, 33)
(42147/4, 67, 32)
(10537, 66, 31)
(42149/4, 64, 30)
(21075/2, 63, 29)
(21077/2, 63, 29)
(42155/4, 64, 30)
(10539, 66, 31)
(42157/4, 67, 32)
(21079/2, 69, 33)
(42159/4, 67, 32)
(10540, 66, 31)
(42161/4, 67, 32)
(21081/2, 69, 33)
(42163/4, 67, 32)
(10541, 66, 31)
(42165/4, 64, 30)
(21083/2, 63, 29)
(10553, 63, 29)
(21107/2, 64, 30)
(21109/2, 63, 29)
(10555, 64, 30)
(21111/2, 66, 31)
(21113/2, 64, 30)
(10557, 66, 31)
(21115/2, 67, 32)
(21117/2, 66, 31)
(10559, 67, 32)
(21119/2, 69, 33)
(21121/2, 71, 34)
(10561, 72, 35)
(21123/2, 71, 34)
(10563, 76, 37)
(21127/2, 72, 35)
(10564, 69, 33)
(21129/2, 64, 30)
(10565, 72, 35)
(21131/2, 71, 34)
(10566, 67, 32)
(21133/2, 64, 30)
(10567, 71, 34)
(21135/2, 69, 33)
(10568, 66, 31)
(21137/2, 66, 31)
(10569, 69, 33)
(21139/2, 67, 32)
(42279/4, 64, 30)
(10570, 59, 27)
(42281/4, 64, 30)
(21141/2, 67, 32)
(10571, 67, 32)
(21143/2, 69, 33)
(42287/4, 64, 30)
(10572, 60, 28)
(42289/4, 64, 30)
(21145/2, 69, 33)
(10573, 69, 33)
(21147/2, 64, 30)
(42295/4, 59, 27)
(10574, 55, 25)
(42297/4, 59, 27)
(21149/2, 64, 30)
(10575, 64, 30)
(21151/2, 66, 31)
(42303/4, 64, 30)
(10576, 60, 28)
(42305/4, 64, 30)
(21153/2, 66, 31)
(10577, 66, 31)
(21155/2, 67, 32)
(42311/4, 64, 30)
(10578, 59, 27)
(42313/4, 64, 30)
(21157/2, 67, 32)
(10579, 71, 34)
(21159/2, 70, 33)
(21161/2, 70, 33)
(10581, 70, 33)
(21163/2, 71, 34)
(42327/4, 66, 31)
(10582, 63, 29)
(42329/4, 66, 31)
(21165/2, 71, 34)
(10583, 69, 33)
(21167/2, 68, 32)
(21169/2, 68, 32)
(10585, 68, 32)
(21171/2, 69, 33)
(42343/4, 64, 30)
(10586, 61, 28)
(42345/4, 64, 30)
(21173/2, 69, 33)
(10587, 67, 32)
(21175/2, 66, 31)
(21177/2, 66, 31)
(10589, 66, 31)
(21179/2, 62, 29)
(42359/4, 67, 32)
(10590, 71, 34)
(42361/4, 67, 32)
(21181/2, 66, 31)
(10591, 66, 31)
(21183/2, 59, 27)
(42367/4, 64, 30)
(10592, 67, 32)
(42369/4, 64, 30)
(21185/2, 63, 29)
(10593, 63, 29)
(21187/2, 64, 30)
(21189/2, 63, 29)
(10595, 64, 30)
(21191/2, 66, 31)
(21193/2, 64, 30)
(10597, 66, 31)
(21195/2, 68, 32)
(21197/2, 66, 31)
(10599, 68, 32)
(21199/2, 69, 33)
(21201/2, 71, 34)
(10601, 72, 35)
(21203/2, 71, 34)
(10603, 76, 37)
(21207/2, 72, 35)
(10604, 69, 33)
(21209/2, 64, 30)
(10605, 72, 35)
(21211/2, 71, 34)
(10606, 68, 32)
(21213/2, 62, 29)
(10607, 71, 34)
(21215/2, 69, 33)
(10608, 64, 30)
(21217/2, 69, 33)
(10609, 69, 33)
(21219/2, 68, 32)
(42439/4, 64, 30)
(10610, 59, 27)
(42441/4, 64, 30)
(21221/2, 68, 32)
(21223/2, 69, 33)
(42447/4, 64, 30)
(10612, 57, 26)
(42449/4, 64, 30)
(21225/2, 69, 33)
(21227/2, 71, 34)
(42455/4, 64, 30)
(10614, 62, 29)
(42457/4, 64, 30)
(21229/2, 71, 34)
(21231/2, 69, 33)
(42463/4, 64, 30)
(10616, 60, 28)
(42465/4, 64, 30)
(21233/2, 69, 33)
(21235/2, 67, 32)
(21237/2, 76, 37)
(21237/2, 79, 39)
(10619, 76, 37)
(10619, 79, 39)
(21239/2, 76, 37)
(21239/2, 79, 39)
(21241/2, 78, 38)
(10621, 76, 37)
(21243/2, 75, 36)
(21245/2, 74, 36)
(21245/2, 77, 38)
(10623, 74, 36)
(10623, 77, 38)
(21247/2, 74, 36)
(21247/2, 77, 38)
(21249/2, 76, 37)
(10625, 74, 36)
(21251/2, 73, 35)
(21253/2, 75, 37)
(10627, 75, 37)
(21255/2, 75, 37)
(21257/2, 74, 36)
(10629, 72, 35)
(21259/2, 71, 34)
(21261/2, 78, 38)
(10631, 78, 38)
(21263/2, 76, 37)
(21265/2, 75, 36)
(10633, 75, 36)
(21267/2, 83, 41)
(21269/2, 72, 35)
(10635, 72, 35)
(21271/2, 72, 35)
(21273/2, 74, 36)
(10637, 75, 36)
(21275/2, 76, 37)
(21277/2, 76, 37)
(10639, 76, 37)
(21279/2, 76, 37)
(21281/2, 75, 36)
(10641, 75, 36)
(21283/2, 71, 34)
(21285/2, 72, 35)
(10643, 72, 35)
(21287/2, 72, 35)
(21289/2, 63, 30)
(10645, 63, 30)
(21291/2, 62, 29)
(42583/4, 67, 32)
(10646, 71, 34)
(42585/4, 69, 33)
(21293/2, 67, 32)
(42587/4, 66, 31)
(10647, 64, 30)
(42589/4, 62, 29)
(21295/2, 60, 28)
(10649, 66, 31)
(21299/2, 68, 32)
(42599/4, 71, 34)
(10650, 74, 36)
(42601/4, 72, 35)
(21301/2, 71, 34)
(42603/4, 69, 33)
(10651, 68, 32)
(42605/4, 65, 31)
(21303/2, 64, 30)
(10653, 64, 30)
(21307/2, 71, 34)
(42615/4, 75, 36)
(10654, 78, 38)
(42617/4, 76, 37)
(21309/2, 75, 36)
(42619/4, 72, 35)
(10655, 71, 34)
(42621/4, 69, 33)
(21311/2, 67, 32)
(10657, 76, 37)
(21315/2, 75, 36)
(42631/4, 78, 38)
(10658, 81, 40)
(42633/4, 79, 39)
(21317/2, 78, 38)
(42635/4, 76, 37)
(10659, 75, 36)
(42637/4, 72, 35)
(21319/2, 71, 34)
(10661, 71, 34)
(21323/2, 72, 35)
(42647/4, 74, 36)
(10662, 76, 37)
(42649/4, 74, 36)
(21325/2, 72, 35)
(42651/4, 71, 34)
(10663, 69, 33)
(42653/4, 67, 32)
(21327/2, 66, 31)
(10665, 67, 32)
(21331/2, 69, 33)
(42663/4, 71, 34)
(10666, 72, 35)
(42665/4, 71, 34)
(21333/2, 69, 33)
(42667/4, 67, 32)
(10667, 66, 31)
(42669/4, 64, 30)
(21335/2, 63, 29)
(10669, 71, 34)
(21339/2, 71, 34)
(21341/2, 69, 33)
(10671, 71, 34)
(21343/2, 75, 36)
(21345/2, 73, 35)
(10673, 75, 36)
(21347/2, 76, 37)
(21349/2, 75, 36)
(10675, 76, 37)
(21351/2, 78, 38)
(21353/2, 76, 37)
(10677, 78, 38)
(21355/2, 80, 39)
(21357/2, 81, 40)
(10679, 80, 39)
(21359/2, 81, 40)
(21361/2, 80, 39)
(10681, 81, 40)
(21363/2, 81, 40)
(21367/2, 82, 40)
(21371/2, 64, 30)
(21371/2, 71, 34)
(21371/2, 83, 41)
(21375/2, 59, 27)
(21375/2, 69, 33)
(21375/2, 71, 34)
(21379/2, 59, 27)
(21379/2, 67, 32)
(21379/2, 71, 34)
(40001/2, 52, 23)
(20001, 55, 25)
(40003/2, 59, 27)
(20002, 57, 26)
(40005/2, 55, 25)
(40007/2, 52, 23)
(20004, 55, 25)
(40009/2, 59, 27)
(20005, 57, 26)
(40011/2, 55, 25)
(40013/2, 52, 23)
(20007, 57, 26)
(40015/2, 60, 28)
(20008, 59, 27)
(40017/2, 57, 26)
(40019/2, 52, 23)
(20010, 57, 26)
(40021/2, 60, 28)
(20011, 59, 27)
(40023/2, 57, 26)
(40025/2, 52, 23)
(20013, 55, 25)
(40027/2, 59, 27)
(20014, 57, 26)
(40029/2, 55, 25)
(40031/2, 55, 25)
(20016, 59, 27)
(20017, 60, 28)
(40035/2, 57, 26)
(40037/2, 59, 27)
(20019, 64, 30)
(20020, 65, 31)
(40041/2, 62, 29)
(40043/2, 57, 26)
(20022, 64, 30)
(20023, 64, 30)
(40047/2, 57, 26)
(40049/2, 57, 26)
(20025, 59, 27)
(40051/2, 60, 28)
(20026, 59, 27)
(40053/2, 57, 26)
(40055/2, 52, 23)
(20028, 55, 25)
(40057/2, 59, 27)
(20029, 57, 26)
(40059/2, 55, 25)
(40061/2, 52, 23)
(20031, 55, 25)
(40063/2, 60, 28)
(20032, 59, 27)
(40065/2, 57, 26)
(40067/2, 52, 23)
(20034, 57, 26)
(40069/2, 60, 28)
(20035, 59, 27)
(40071/2, 57, 26)
(40073/2, 52, 23)
(20037, 55, 25)
(40075/2, 59, 27)
(20038, 57, 26)
(40077/2, 55, 25)
(40079/2, 55, 25)
(20040, 59, 27)
(20041, 57, 26)
(40083/2, 60, 28)
(40085/2, 62, 29)
(20043, 67, 32)
(20044, 66, 31)
(40089/2, 64, 30)
(40091/2, 64, 30)
(20046, 59, 27)
(20047, 57, 26)
(40095/2, 59, 27)
(40097/2, 52, 23)
(20049, 54, 24)
(40099/2, 55, 25)
(20050, 54, 24)
(40101/2, 55, 25)
(20051, 57, 26)
(40103/2, 55, 25)
(20052, 54, 24)
(40105/2, 55, 25)
(20053, 54, 24)
(40107/2, 55, 25)
(20054, 57, 26)
(40109/2, 55, 25)
(20055, 54, 24)
(40111/2, 55, 25)
(20056, 57, 26)
(40113/2, 59, 27)
(20057, 60, 28)
(40121/2, 59, 27)
(20061, 57, 26)
(40123/2, 55, 25)
(20062, 57, 26)
(40125/2, 59, 27)
(20063, 60, 28)
(40127/2, 59, 27)
(20064, 57, 26)
(40129/2, 59, 27)
(20065, 57, 26)
(40131/2, 59, 27)
(20066, 60, 28)
(40133/2, 59, 27)
(20067, 57, 26)
(40135/2, 59, 27)
(20068, 61, 28)
(40137/2, 62, 29)
(20069, 64, 30)
(20070, 62, 29)
(40141/2, 61, 28)
(20071, 59, 27)
(40143/2, 58, 26)
(40145/2, 59, 27)
(20073, 61, 28)
(40147/2, 59, 27)
(20083, 62, 29)
(40167/2, 66, 31)
(20084, 71, 34)
(40169/2, 70, 33)
(20085, 68, 32)
(40171/2, 70, 33)
(20086, 68, 32)
(40173/2, 66, 31)
(20089, 61, 28)
(40179/2, 66, 31)
(20090, 69, 33)
(40181/2, 68, 32)
(20091, 66, 31)
(40183/2, 64, 30)
(20092, 66, 31)
(40185/2, 68, 32)
(20095, 52, 23)
(40191/2, 59, 27)
(20096, 64, 30)
(40193/2, 66, 31)
(20097, 64, 30)
(40195/2, 62, 29)
(20098, 64, 30)
(40197/2, 66, 31)
(40199/2, 55, 25)
(20100, 59, 27)
(20101, 57, 26)
(40203/2, 55, 25)
(40205/2, 54, 24)
(20103, 57, 26)
(40207/2, 60, 28)
(20104, 59, 27)
(40209/2, 57, 26)
(40211/2, 54, 24)
(20106, 57, 26)
(40213/2, 60, 28)
(20107, 59, 27)
(40215/2, 57, 26)
(40217/2, 52, 23)
(20109, 55, 25)
(40219/2, 59, 27)
(20110, 57, 26)
(40221/2, 55, 25)
(40223/2, 55, 25)
(20112, 59, 27)
(20113, 60, 28)
(40227/2, 57, 26)
(40229/2, 59, 27)
(20115, 64, 30)
(20116, 65, 31)
(40233/2, 62, 29)
(40235/2, 57, 26)
(20118, 64, 30)
(20119, 64, 30)
(40239/2, 57, 26)
(40241/2, 52, 23)
(20121, 57, 26)
(40243/2, 60, 28)
(20122, 59, 27)
(40245/2, 57, 26)
(40247/2, 52, 23)
(20124, 57, 26)
(40249/2, 60, 28)
(20125, 59, 27)
(40251/2, 57, 26)
(40253/2, 52, 23)
(20127, 58, 26)
(40255/2, 61, 28)
(20128, 59, 27)
(40257/2, 58, 26)
(20129, 61, 28)
(40259/2, 59, 27)
(20130, 58, 26)
(40261/2, 58, 26)
(20131, 59, 27)
(40263/2, 61, 28)
(20132, 59, 27)
(20134, 59, 27)
(40269/2, 64, 30)
(20135, 66, 31)
(40271/2, 64, 30)
(20136, 63, 29)
(20137, 61, 28)
(40275/2, 66, 31)
(20138, 69, 33)
(40277/2, 67, 32)
(20139, 66, 31)
(40279/2, 67, 32)
(20140, 66, 31)
(40281/2, 64, 30)
(20141, 72, 35)
(40283/2, 71, 34)
(20142, 69, 33)
(40285/2, 67, 32)
(20143, 72, 35)
(40287/2, 64, 30)
(20144, 66, 31)
(20147, 67, 32)
(40297/2, 57, 26)
(20150, 55, 25)
(40301/2, 52, 23)
(20151, 54, 24)
(40303/2, 55, 25)
(20152, 54, 24)
(40305/2, 55, 25)
(20153, 57, 26)
(40307/2, 55, 25)
(20154, 54, 24)
(40309/2, 55, 25)
(20155, 54, 24)
(40311/2, 55, 25)
(20156, 57, 26)
(40313/2, 55, 25)
(20157, 54, 24)
(40315/2, 55, 25)
(20158, 57, 26)
(40317/2, 59, 27)
(20159, 63, 29)
(20185, 64, 30)
(40371/2, 67, 32)
(80743/4, 69, 33)
(20186, 71, 34)
(80745/4, 69, 33)
(40373/2, 67, 32)
(80747/4, 66, 31)
(20187, 64, 30)
(80749/4, 62, 29)
(40375/2, 61, 28)
(20189, 62, 29)
(40379/2, 64, 30)
(80759/4, 66, 31)
(20190, 67, 32)
(80761/4, 66, 31)
(40381/2, 64, 30)
(80763/4, 62, 29)
(20191, 61, 28)
(80765/4, 59, 27)
(40383/2, 58, 26)
(20193, 58, 26)
(40387/2, 59, 27)
(40389/2, 58, 26)
(20195, 59, 27)
(40391/2, 61, 28)
(40393/2, 59, 27)
(20197, 61, 28)
(40395/2, 63, 29)
(40397/2, 61, 28)
(20199, 63, 29)
(40399/2, 64, 30)
(40401/2, 66, 31)
(20201, 67, 32)
(40403/2, 69, 33)
(20203, 64, 30)
(40407/2, 69, 33)
(80815/4, 71, 34)
(20204, 72, 35)
(80817/4, 71, 34)
(40409/2, 69, 33)
(80819/4, 67, 32)
(20205, 66, 31)
(80821/4, 64, 30)
(40411/2, 63, 29)
(20207, 64, 30)
(40415/2, 66, 31)
(80831/4, 67, 32)
(20208, 66, 31)
(80833/4, 64, 30)
(40417/2, 63, 29)
(80835/4, 60, 28)
(20209, 59, 27)
(80837/4, 57, 26)
(40419/2, 55, 25)
(80839/4, 59, 27)
(20210, 64, 30)
(80841/4, 59, 27)
(40421/2, 55, 25)
(40423/2, 57, 26)
(80847/4, 60, 28)
(20212, 64, 30)
(80849/4, 60, 28)
(40425/2, 57, 26)
(40427/2, 59, 27)
(80855/4, 64, 30)
(20214, 67, 32)
(80857/4, 64, 30)
(40429/2, 59, 27)
(40431/2, 57, 26)
(80863/4, 60, 28)
(20216, 64, 30)
(80865/4, 60, 28)
(40433/2, 57, 26)
(40435/2, 64, 30)
(40437/2, 64, 30)
(20219, 66, 31)
(40439/2, 67, 32)
(40441/2, 70, 33)
(20221, 71, 34)
(40443/2, 73, 35)
(40445/2, 61, 28)
(20223, 62, 29)
(40447/2, 64, 30)
(20224, 67, 32)
(40449/2, 66, 31)
(20225, 67, 32)
(40451/2, 66, 31)
(20227, 71, 34)
(40455/2, 67, 32)
(20228, 64, 30)
(40457/2, 59, 27)
(20229, 67, 32)
(40459/2, 66, 31)
(20230, 62, 29)
(40461/2, 64, 30)
(20231, 71, 34)
(40463/2, 71, 34)
(20234, 66, 31)
(40469/2, 66, 31)
(20235, 71, 34)
(40471/2, 71, 34)
(20240, 74, 36)
(40481/2, 73, 35)
(20241, 62, 29)
(40483/2, 61, 28)
(20243, 62, 29)
(40487/2, 64, 30)
(20245, 66, 31)
(40491/2, 67, 32)
(20247, 64, 30)
(40495/2, 64, 30)
(20249, 64, 30)
(40499/2, 62, 29)
(20251, 62, 29)
(40503/2, 59, 27)
(81007/4, 61, 28)
(20252, 62, 29)
(81009/4, 61, 28)
(40505/2, 59, 27)
(81011/4, 57, 26)
(20253, 56, 25)
(81013/4, 54, 24)
(40507/2, 53, 23)
(20255, 53, 23)
(40511/2, 53, 23)
(81023/4, 54, 24)
(20256, 56, 25)
(81025/4, 54, 24)
(40513/2, 53, 23)
(81027/4, 56, 25)
(20257, 53, 23)
(81029/4, 56, 25)
(40515/2, 54, 24)
(20259, 66, 31)
(40519/2, 66, 31)
(20262, 71, 34)
(40525/2, 74, 36)
(20263, 71, 34)
(40527/2, 66, 31)
(20266, 73, 35)
(40533/2, 76, 37)
(20267, 64, 30)
(40535/2, 62, 29)
(40537/2, 61, 28)
(20269, 62, 29)
(40539/2, 64, 30)
(40541/2, 63, 29)
(20271, 64, 30)
(40543/2, 60, 28)
(40545/2, 59, 27)
(20273, 60, 28)
(40547/2, 60, 28)
(40549/2, 59, 27)
(20275, 60, 28)
(40551/2, 66, 31)
(40553/2, 67, 32)
(20277, 69, 33)
(40555/2, 71, 34)
(81111/4, 72, 35)
(20278, 74, 36)
(81113/4, 72, 35)
(40557/2, 71, 34)
(81115/4, 69, 33)
(20279, 67, 32)
(81117/4, 66, 31)
(40559/2, 64, 30)
(20281, 66, 31)
(40563/2, 67, 32)
(81127/4, 69, 33)
(20282, 71, 34)
(81129/4, 69, 33)
(40565/2, 67, 32)
(81131/4, 66, 31)
(20283, 64, 30)
(81133/4, 62, 29)
(40567/2, 61, 28)
(20285, 61, 28)
(40571/2, 66, 31)
(81143/4, 62, 29)
(20286, 59, 27)
(81145/4, 62, 29)
(40573/2, 66, 31)
(40575/2, 66, 31)
(81151/4, 64, 30)
(20288, 61, 28)
(81153/4, 64, 30)
(40577/2, 66, 31)
(40579/2, 66, 31)
(81159/4, 62, 29)
(20290, 59, 27)
(81161/4, 62, 29)
(40581/2, 66, 31)
(40583/2, 66, 31)
(81167/4, 61, 28)
(20292, 58, 26)
(81169/4, 61, 28)
(40585/2, 66, 31)
(20294, 71, 34)
(40589/2, 71, 34)
(40593/2, 69, 33)
(20297, 67, 32)
(40595/2, 66, 31)
(20298, 64, 30)
(40597/2, 62, 29)
(20299, 64, 30)
(40599/2, 66, 31)
(20301, 58, 26)
(40603/2, 59, 27)
(81207/4, 61, 28)
(20302, 62, 29)
(81209/4, 61, 28)
(40605/2, 59, 27)
(81211/4, 57, 26)
(20303, 55, 25)
(81213/4, 54, 24)
(40607/2, 52, 23)
(81215/4, 54, 24)
(20304, 55, 25)
(81217/4, 54, 24)
(40609/2, 52, 23)
(81219/4, 54, 24)
(20305, 55, 25)
(81221/4, 57, 26)
(40611/2, 59, 27)
(81223/4, 61, 28)
(20306, 62, 29)
(81225/4, 61, 28)
(40613/2, 59, 27)
(81227/4, 57, 26)
(20307, 55, 25)
(81229/4, 54, 24)
(40615/2, 52, 23)
(81231/4, 54, 24)
(20308, 55, 25)
(81233/4, 54, 24)
(40617/2, 52, 23)
(81235/4, 54, 24)
(20309, 55, 25)
(81237/4, 57, 26)
(40619/2, 59, 27)
(20317, 68, 32)
(40635/2, 69, 33)
(81271/4, 71, 34)
(20318, 72, 35)
(81273/4, 71, 34)
(40637/2, 69, 33)
(81275/4, 67, 32)
(20319, 65, 31)
(81277/4, 64, 30)
(40639/2, 62, 29)
(81279/4, 64, 30)
(20320, 65, 31)
(81281/4, 64, 30)
(40641/2, 62, 29)
(81283/4, 64, 30)
(20321, 65, 31)
(81285/4, 67, 32)
(40643/2, 69, 33)
(81287/4, 71, 34)
(20322, 72, 35)
(81289/4, 71, 34)
(40645/2, 69, 33)
(81291/4, 67, 32)
(20323, 65, 31)
(81293/4, 64, 30)
(40647/2, 62, 29)
(81295/4, 64, 30)
(20324, 65, 31)
(81297/4, 64, 30)
(40649/2, 62, 29)
(81299/4, 64, 30)
(20325, 65, 31)
(81301/4, 67, 32)
(40651/2, 69, 33)
(40653/2, 64, 30)
(20327, 64, 30)
(40655/2, 69, 33)
(40657/2, 69, 33)
(20329, 67, 32)
(40659/2, 66, 31)
(40661/2, 62, 29)
(20331, 64, 30)
(40663/2, 66, 31)
(40665/2, 69, 33)
(20333, 54, 24)
(40667/2, 55, 25)
(40669/2, 54, 24)
(20335, 55, 25)
(40671/2, 57, 26)
(40673/2, 55, 25)
(20337, 57, 26)
(40675/2, 59, 27)
(40677/2, 57, 26)
(20339, 59, 27)
(40679/2, 60, 28)
(40681/2, 62, 29)
(20341, 64, 30)
(40683/2, 62, 29)
(40685/2, 64, 30)
(20343, 62, 29)
(40687/2, 60, 28)
(40689/2, 62, 29)
(20345, 60, 28)
(40691/2, 59, 27)
(40693/2, 60, 28)
(20347, 59, 27)
(40695/2, 55, 25)
(40697/2, 72, 35)
(20349, 71, 34)
(40699/2, 69, 33)
(81399/4, 71, 34)
(20350, 73, 35)
(81401/4, 71, 34)
(40701/2, 69, 33)
(81403/4, 67, 32)
(20351, 66, 31)
(81405/4, 64, 30)
(40703/2, 62, 29)
(20353, 64, 30)
(40707/2, 65, 31)
(81415/4, 67, 32)
(20354, 69, 33)
(81417/4, 67, 32)
(40709/2, 65, 31)
(81419/4, 64, 30)
(20355, 62, 29)
(81421/4, 60, 28)
(40711/2, 59, 27)
(20357, 59, 27)
(40715/2, 60, 28)
(81431/4, 62, 29)
(20358, 64, 30)
(81433/4, 62, 29)
(40717/2, 60, 28)
(81435/4, 59, 27)
(20359, 57, 26)
(81437/4, 56, 25)
(40719/2, 57, 26)
(20361, 69, 33)
(40723/2, 69, 33)
(81447/4, 71, 34)
(20362, 72, 35)
(81449/4, 71, 34)
(40725/2, 69, 33)
(81451/4, 67, 32)
(20363, 66, 31)
(81453/4, 64, 30)
(40727/2, 62, 29)
(20365, 74, 36)
(40731/2, 74, 36)
(81463/4, 76, 37)
(20366, 77, 38)
(81465/4, 76, 37)
(40733/2, 74, 36)
(81467/4, 72, 35)
(20367, 71, 34)
(81469/4, 69, 33)
(40735/2, 67, 32)
(40737/2, 71, 34)
(40739/2, 72, 35)
(20371, 64, 30)
(40743/2, 69, 33)
(81487/4, 71, 34)
(20372, 72, 35)
(81489/4, 71, 34)
(40745/2, 69, 33)
(81491/4, 67, 32)
(20373, 65, 31)
(81493/4, 64, 30)
(40747/2, 62, 29)
(81495/4, 60, 28)
(20374, 59, 27)
(81497/4, 57, 26)
(40749/2, 55, 25)
(81499/4, 53, 24)
(20375, 52, 23)
(81501/4, 50, 22)
(40751/2, 48, 21)
(40753/2, 64, 30)
(40755/2, 69, 33)
(20380, 71, 34)
(40761/2, 69, 33)
(20381, 71, 34)
(40763/2, 69, 33)
(20384, 72, 35)
(40769/2, 71, 34)
(20385, 72, 35)
(40771/2, 71, 34)
(20388, 72, 35)
(40777/2, 71, 34)
(20389, 72, 35)
(40779/2, 71, 34)
(20392, 77, 38)
(40785/2, 76, 37)
(20393, 77, 38)
(40787/2, 76, 37)
(20396, 77, 38)
(40793/2, 76, 37)
(20397, 77, 38)
(40795/2, 76, 37)
(20400, 79, 39)
(40801/2, 73, 35)
(20401, 76, 37)
(20402, 69, 33)
(40805/2, 74, 36)
(20404, 67, 32)
(40809/2, 67, 32)
(20405, 67, 32)
(40811/2, 74, 36)
(20406, 69, 33)
(40813/2, 74, 36)
(40817/2, 73, 35)
(40819/2, 74, 36)
(20410, 65, 31)
(40821/2, 70, 34)
(40825/2, 69, 33)
(40829/2, 66, 31)
(20415, 63, 29)
(40831/2, 59, 27)
(40835/2, 57, 26)
(20419, 57, 26)
(40839/2, 57, 26)
(40841/2, 65, 31)
(40843/2, 64, 30)
(81687/4, 60, 28)
(20422, 57, 26)
(81689/4, 60, 28)
(40845/2, 64, 30)
(20423, 64, 30)
(40847/2, 64, 30)
(81695/4, 59, 27)
(20424, 55, 25)
(81697/4, 59, 27)
(40849/2, 64, 30)
(40851/2, 64, 30)
(81703/4, 61, 28)
(20426, 54, 24)
(81705/4, 61, 28)
(40853/2, 64, 30)
(20427, 64, 30)
(40855/2, 62, 29)
(81711/4, 57, 26)
(20428, 53, 24)
(81713/4, 57, 26)
(40857/2, 62, 29)
(40859/2, 62, 29)
(81719/4, 59, 27)
(20430, 52, 23)
(81721/4, 59, 27)
(40861/2, 62, 29)
(20431, 60, 28)
(40863/2, 59, 27)
(20433, 57, 26)
(40867/2, 56, 25)
(81735/4, 57, 26)
(20434, 59, 27)
(81737/4, 57, 26)
(40869/2, 56, 25)
(81739/4, 57, 26)
(20435, 59, 27)
(81741/4, 60, 28)
(40871/2, 62, 29)
(20438, 64, 30)
(40877/2, 63, 29)
(81755/4, 64, 30)
(20439, 66, 31)
(81757/4, 67, 32)
(40879/2, 69, 33)
(81759/4, 67, 32)
(20440, 66, 31)
(81761/4, 64, 30)
(40881/2, 63, 29)
(20442, 66, 31)
(40885/2, 63, 29)
(81771/4, 64, 30)
(20443, 66, 31)
(81773/4, 68, 32)
(40887/2, 66, 31)
(81775/4, 68, 32)
(20444, 69, 33)
(81777/4, 68, 32)
(40889/2, 66, 31)
(81779/4, 69, 33)
(20445, 68, 32)
(81781/4, 66, 31)
(40891/2, 64, 30)
(40893/2, 64, 30)
(81787/4, 59, 27)
(20447, 56, 25)
(81789/4, 59, 27)
(40895/2, 64, 30)
(40897/2, 64, 30)
(81795/4, 59, 27)
(20449, 56, 25)
(81797/4, 59, 27)
(40899/2, 64, 30)
(40901/2, 64, 30)
(81803/4, 57, 26)
(20451, 64, 30)
(81805/4, 69, 33)
(40903/2, 72, 35)
(40905/2, 72, 35)
(81811/4, 67, 32)
(20453, 64, 30)
(81813/4, 67, 32)
(40907/2, 72, 35)
(40909/2, 60, 28)
(81819/4, 64, 30)
(20455, 65, 31)
(81821/4, 69, 33)
(40911/2, 74, 36)
(40913/2, 74, 36)
(81827/4, 69, 33)
(20457, 66, 31)
(81829/4, 69, 33)
(40915/2, 74, 36)
(40917/2, 62, 29)
(81835/4, 66, 31)
(20459, 67, 32)
(81837/4, 71, 34)
(40919/2, 76, 37)
(40921/2, 76, 37)
(81843/4, 71, 34)
(20461, 68, 32)
(81845/4, 71, 34)
(40923/2, 76, 37)
(40925/2, 69, 33)
(81851/4, 72, 35)
(20463, 76, 37)
(81853/4, 72, 35)
(40927/2, 69, 33)
(40929/2, 69, 33)
(81859/4, 72, 35)
(20465, 76, 37)
(81861/4, 72, 35)
(40931/2, 69, 33)
(40933/2, 69, 33)
(81867/4, 72, 35)
(20467, 76, 37)
(81869/4, 72, 35)
(40935/2, 69, 33)
(40937/2, 69, 33)
(81875/4, 72, 35)
(20469, 76, 37)
(81877/4, 72, 35)
(40939/2, 69, 33)
(20470, 64, 30)
(40941/2, 69, 33)
(81883/4, 71, 34)
(20471, 72, 35)
(81885/4, 71, 34)
(40943/2, 69, 33)
(81887/4, 67, 32)
(20472, 66, 31)
(81889/4, 64, 30)
(40945/2, 63, 29)
(20474, 63, 29)
(40949/2, 66, 31)
(81899/4, 67, 32)
(20475, 69, 33)
(81901/4, 67, 32)
(40951/2, 66, 31)
(81903/4, 64, 30)
(20476, 63, 29)
(81905/4, 60, 28)
(40953/2, 59, 27)
(40955/2, 67, 32)
(40957/2, 69, 33)
(20479, 67, 32)
(40959/2, 69, 33)
(40961/2, 69, 33)
(20481, 69, 33)
(40963/2, 67, 32)
(40965/2, 69, 33)
(20483, 67, 32)
(40967/2, 64, 30)
(40969/2, 64, 30)
(20485, 64, 30)
(40971/2, 64, 30)
(20486, 64, 30)
(40973/2, 67, 32)
(81947/4, 69, 33)
(20487, 71, 34)
(81949/4, 69, 33)
(40975/2, 67, 32)
(81951/4, 66, 31)
(20488, 64, 30)
(81953/4, 62, 29)
(40977/2, 60, 28)
(20489, 67, 32)
(40979/2, 69, 33)
(81959/4, 71, 34)
(20490, 72, 35)
(81961/4, 71, 34)
(40981/2, 69, 33)
(81963/4, 67, 32)
(20491, 66, 31)
(81965/4, 64, 30)
(40983/2, 63, 29)
(20492, 66, 31)
(40985/2, 67, 32)
(81971/4, 69, 33)
(20493, 71, 34)
(81973/4, 69, 33)
(40987/2, 67, 32)
(81975/4, 69, 33)
(20494, 71, 34)
(81977/4, 69, 33)
(40989/2, 67, 32)
(81979/4, 66, 31)
(20495, 64, 30)
(81981/4, 63, 29)
(40991/2, 64, 30)
(81983/4, 66, 31)
(20496, 67, 32)
(81985/4, 66, 31)
(40993/2, 64, 30)
(81987/4, 62, 29)
(20497, 60, 28)
(81989/4, 59, 27)
(40995/2, 60, 28)
(81991/4, 62, 29)
(20498, 64, 30)
(81993/4, 62, 29)
(40997/2, 60, 28)
(81995/4, 59, 27)
(20499, 57, 26)
(81997/4, 55, 25)
(40999/2, 57, 26)
(81999/4, 59, 27)
(20500, 60, 28)
(82001/4, 59, 27)
(41001/2, 57, 26)
(82003/4, 55, 25)
(20501, 54, 24)
(82005/4, 52, 23)
(41003/2, 54, 24)
(41007/2, 52, 23)
(20505, 52, 23)
(41011/2, 52, 23)
(41013/2, 51, 22)
(20507, 51, 22)
(41015/2, 55, 25)
(20509, 55, 25)
(41019/2, 57, 26)
(82039/4, 55, 25)
(20510, 54, 24)
(82041/4, 55, 25)
(41021/2, 57, 26)
(82043/4, 59, 27)
(20511, 60, 28)
(82045/4, 63, 29)
(41023/2, 64, 30)
(20512, 64, 30)
(41025/2, 67, 32)
(20513, 55, 25)
(41027/2, 60, 28)
(82055/4, 59, 27)
(20514, 57, 26)
(82057/4, 59, 27)
(41029/2, 60, 28)
(82059/4, 62, 29)
(20515, 64, 30)
(82061/4, 66, 31)
(41031/2, 67, 32)
(20516, 67, 32)
(41033/2, 64, 30)
(20517, 67, 32)
(41035/2, 73, 35)
(41039/2, 70, 33)
(82079/4, 71, 34)
(20520, 73, 35)
(82081/4, 71, 34)
(41041/2, 70, 33)
(82083/4, 67, 32)
(20521, 66, 31)
(82085/4, 64, 30)
(41043/2, 63, 29)
(41045/2, 66, 31)
(82091/4, 67, 32)
(20523, 69, 33)
(82093/4, 67, 32)
(41047/2, 66, 31)
(82095/4, 64, 30)
(20524, 63, 29)
(82097/4, 60, 28)
(41049/2, 59, 27)
(41051/2, 74, 36)
(82103/4, 76, 37)
(20526, 77, 38)
(82105/4, 76, 37)
(41053/2, 74, 36)
(82107/4, 72, 35)
(20527, 71, 34)
(82109/4, 69, 33)
(41055/2, 68, 32)
(41057/2, 64, 30)
(82115/4, 62, 29)
(20529, 60, 28)
(82117/4, 62, 29)
(41059/2, 64, 30)
(82119/4, 66, 31)
(20530, 67, 32)
(82121/4, 68, 32)
(41061/2, 69, 33)
(41063/2, 72, 35)
(82127/4, 74, 36)
(20532, 76, 37)
(82129/4, 74, 36)
(41065/2, 72, 35)
(82131/4, 71, 34)
(20533, 69, 33)
(82133/4, 67, 32)
(41067/2, 66, 31)
(82135/4, 64, 30)
(20534, 63, 29)
(82137/4, 64, 30)
(41069/2, 66, 31)
(82139/4, 67, 32)
(20535, 69, 33)
(82141/4, 71, 34)
(41071/2, 72, 35)
(82143/4, 71, 34)
(20536, 69, 33)
(82145/4, 71, 34)
(41073/2, 72, 35)
(82147/4, 71, 34)
(20537, 69, 33)
(82149/4, 67, 32)
(41075/2, 66, 31)
(82151/4, 64, 30)
(20538, 63, 29)
(82153/4, 64, 30)
(41077/2, 66, 31)
(82155/4, 67, 32)
(20539, 69, 33)
(82157/4, 71, 34)
(41079/2, 72, 35)
(82159/4, 71, 34)
(20540, 69, 33)
(82161/4, 71, 34)
(41081/2, 72, 35)
(82163/4, 71, 34)
(20541, 69, 33)
(82165/4, 67, 32)
(41083/2, 66, 31)
(20555, 64, 30)
(41111/2, 60, 28)
(20556, 57, 26)
(41113/2, 52, 23)
(20557, 60, 28)
(41115/2, 59, 27)
(20558, 55, 25)
(41117/2, 52, 23)
(20559, 59, 27)
(41119/2, 57, 26)
(20560, 54, 24)
(41121/2, 54, 24)
(20561, 57, 26)
(41123/2, 55, 25)
(82247/4, 59, 27)
(20562, 64, 30)
(82249/4, 59, 27)
(41125/2, 55, 25)
(20563, 55, 25)
(41127/2, 57, 26)
(82255/4, 60, 28)
(20564, 64, 30)
(82257/4, 60, 28)
(41129/2, 57, 26)
(20565, 57, 26)
(41131/2, 59, 27)
(82263/4, 64, 30)
(20566, 67, 32)
(82265/4, 64, 30)
(41133/2, 59, 27)
(20567, 59, 27)
(41135/2, 60, 28)
(82271/4, 64, 30)
(20568, 69, 33)
(82273/4, 64, 30)
(41137/2, 60, 28)
(20569, 57, 26)
(41139/2, 64, 30)
(41141/2, 64, 30)
(82283/4, 59, 27)
(20571, 55, 25)
(82285/4, 59, 27)
(41143/2, 64, 30)
(20572, 64, 30)
(41145/2, 64, 30)
(82291/4, 60, 28)
(20573, 57, 26)
(82293/4, 60, 28)
(41147/2, 64, 30)
(20574, 64, 30)
(41149/2, 64, 30)
(82299/4, 59, 27)
(20575, 55, 25)
(82301/4, 59, 27)
(41151/2, 64, 30)
(20576, 64, 30)
(41153/2, 64, 30)
(82307/4, 60, 28)
(20577, 57, 26)
(82309/4, 60, 28)
(41155/2, 64, 30)
(20578, 64, 30)
(41157/2, 64, 30)
(82315/4, 59, 27)
(20579, 59, 27)
(82317/4, 64, 30)
(41159/2, 64, 30)
(41161/2, 63, 29)
(20581, 64, 30)
(41163/2, 66, 31)
(41165/2, 62, 29)
(20583, 62, 29)
(41167/2, 62, 29)
(41169/2, 64, 30)
(20585, 65, 31)
(41171/2, 64, 30)
(41173/2, 60, 28)
(20587, 60, 28)
(41175/2, 60, 28)
(41177/2, 62, 29)
(20589, 63, 30)
(41179/2, 62, 29)
(41181/2, 60, 28)
(20591, 60, 28)
(41183/2, 59, 27)
(41185/2, 57, 26)
(20593, 57, 26)
(41187/2, 55, 25)
(20595, 64, 30)
(41191/2, 59, 27)
(20596, 57, 26)
(41193/2, 52, 23)
(20597, 60, 28)
(41195/2, 62, 29)
(20598, 59, 27)
(41197/2, 52, 23)
(20599, 62, 29)
(41199/2, 64, 30)
(20600, 60, 28)
(41201/2, 57, 26)
(20601, 57, 26)
(41203/2, 56, 25)
(82407/4, 59, 27)
(20602, 64, 30)
(82409/4, 59, 27)
(41205/2, 56, 25)
(41207/2, 57, 26)
(82415/4, 60, 28)
(20604, 64, 30)
(82417/4, 60, 28)
(41209/2, 57, 26)
(41211/2, 59, 27)
(82423/4, 62, 29)
(20606, 64, 30)
(82425/4, 62, 29)
(41213/2, 59, 27)
(41215/2, 60, 28)
(82431/4, 64, 30)
(20608, 69, 33)
(82433/4, 64, 30)
(41217/2, 63, 29)
(41219/2, 64, 30)
(41221/2, 64, 30)
(41223/2, 64, 30)
(82447/4, 60, 28)
(20612, 52, 23)
(82449/4, 60, 28)
(41225/2, 64, 30)
(41227/2, 64, 30)
(82455/4, 59, 27)
(20614, 52, 23)
(82457/4, 59, 27)
(41229/2, 64, 30)
(41231/2, 64, 30)
(82463/4, 60, 28)
(20616, 52, 23)
(82465/4, 60, 28)
(41233/2, 64, 30)
(41235/2, 64, 30)
(82471/4, 59, 27)
(20618, 55, 25)
(82473/4, 59, 27)
(41237/2, 64, 30)
(41239/2, 70, 33)
(41241/2, 70, 33)
(20621, 70, 33)
(41243/2, 69, 33)
(41243/2, 71, 34)
(41245/2, 69, 33)
(41245/2, 71, 34)
(20623, 69, 33)
(20623, 71, 34)
(41247/2, 68, 32)
(41247/2, 71, 34)
(41249/2, 68, 32)
(41249/2, 71, 34)
(20625, 68, 32)
(20625, 71, 34)
(41251/2, 67, 32)
(41251/2, 69, 33)
(41253/2, 67, 32)
(41253/2, 69, 33)
(20627, 67, 32)
(20627, 69, 33)
(41255/2, 66, 31)
(41255/2, 72, 35)
(41257/2, 66, 31)
(41257/2, 71, 34)
(20629, 66, 31)
(20629, 69, 33)
(41259/2, 67, 32)
(41261/2, 72, 35)
(20631, 72, 35)
(41263/2, 71, 34)
(41265/2, 72, 35)
(20633, 72, 35)
(41267/2, 71, 34)
(41269/2, 69, 33)
(20635, 69, 33)
(41271/2, 69, 33)
(41273/2, 69, 33)
(20637, 69, 33)
(41275/2, 71, 34)
(41277/2, 66, 31)
(20639, 72, 35)
(41279/2, 71, 34)
(41281/2, 72, 35)
(20641, 72, 35)
(41283/2, 71, 34)
(41285/2, 69, 33)
(20643, 69, 33)
(41287/2, 69, 33)
(41289/2, 69, 33)
(20645, 69, 33)
(41291/2, 71, 34)
(20647, 55, 25)
(41295/2, 47, 20)
(82591/4, 54, 24)
(20648, 57, 26)
(82593/4, 55, 25)
(41297/2, 54, 24)
(82595/4, 52, 23)
(20649, 50, 22)
(82597/4, 48, 21)
(41299/2, 59, 27)
(20651, 59, 27)
(41303/2, 52, 23)
(82607/4, 57, 26)
(20652, 60, 28)
(82609/4, 59, 27)
(41305/2, 57, 26)
(82611/4, 55, 25)
(20653, 54, 24)
(82613/4, 52, 23)
(41307/2, 51, 22)
(41311/2, 55, 25)
(82623/4, 60, 28)
(20656, 64, 30)
(82625/4, 62, 29)
(41313/2, 60, 28)
(82627/4, 59, 27)
(20657, 57, 26)
(82629/4, 55, 25)
(41315/2, 54, 24)
(20659, 66, 31)
(41319/2, 59, 27)
(82639/4, 64, 30)
(20660, 67, 32)
(82641/4, 66, 31)
(41321/2, 64, 30)
(82643/4, 62, 29)
(20661, 60, 28)
(82645/4, 59, 27)
(41323/2, 60, 28)
(82647/4, 62, 29)
(20662, 64, 30)
(82649/4, 62, 29)
(41325/2, 60, 28)
(82651/4, 59, 27)
(20663, 57, 26)
(82653/4, 55, 25)
(41327/2, 54, 24)
(20665, 55, 25)
(41331/2, 57, 26)
(82663/4, 59, 27)
(20666, 60, 28)
(82665/4, 59, 27)
(41333/2, 57, 26)
(82667/4, 55, 25)
(20667, 54, 24)
(82669/4, 52, 23)
(41335/2, 51, 22)
(20669, 66, 31)
(41339/2, 67, 32)
(41341/2, 66, 31)
(20671, 67, 32)
(41343/2, 69, 33)
(41345/2, 67, 32)
(20673, 69, 33)
(41347/2, 71, 34)
(41349/2, 69, 33)
(20675, 71, 34)
(41351/2, 72, 35)
(41353/2, 71, 34)
(20677, 72, 35)
(41355/2, 77, 38)
(41357/2, 77, 38)
(20679, 77, 38)
(41359/2, 76, 37)
(41361/2, 77, 38)
(20681, 76, 37)
(41363/2, 78, 38)
(41367/2, 79, 39)
(41371/2, 59, 27)
(41371/2, 67, 32)
(41375/2, 59, 27)
(41375/2, 66, 31)
(41379/2, 55, 25)
(41379/2, 64, 30)
(30000, 40, 16)
(30003, 40, 16)
(30006, 40, 16)
(30009, 40, 16)
(30015, 40, 16)
(60033/2, 42, 17)
(30018, 43, 18)
(60039/2, 44, 18)
(30021, 45, 19)
(60045/2, 48, 21)
(30024, 47, 20)
(60051/2, 45, 19)
(30026, 43, 18)
(60053/2, 42, 17)
(30027, 40, 16)
(30030, 40, 16)
(30033, 40, 16)
(30039, 40, 16)
(60081/2, 42, 17)
(30042, 43, 18)
(60087/2, 48, 21)
(30045, 47, 20)
(60093/2, 47, 20)
(30048, 40, 16)
(30051, 45, 19)
(60105/2, 40, 16)
(30054, 45, 19)
(60111/2, 40, 16)
(30057, 39, 16)
(60117/2, 38, 15)
(30059, 40, 16)
(60119/2, 42, 17)
(30060, 43, 18)
(30063, 48, 21)
(60129/2, 43, 18)
(30066, 48, 21)
(60135/2, 43, 18)
(30069, 52, 23)
(60141/2, 40, 16)
(30072, 38, 15)
(60171/2, 42, 17)
(30087, 47, 20)
(60183/2, 40, 16)
(30093, 45, 19)
(30099, 43, 18)
(30102, 45, 19)
(30105, 47, 20)
(30108, 40, 16)
(30111, 40, 16)
(60225/2, 42, 17)
(30114, 43, 18)
(60231/2, 44, 18)
(30117, 45, 19)
(60237/2, 48, 21)
(60241/2, 45, 19)
(30121, 48, 21)
(60243/2, 52, 23)
(30122, 50, 22)
(60245/2, 48, 21)
(60247/2, 45, 19)
(30124, 48, 21)
(60249/2, 52, 23)
(30125, 50, 22)
(60251/2, 48, 21)
(60253/2, 46, 19)
(30127, 49, 21)
(60255/2, 52, 23)
(30128, 50, 22)
(60257/2, 49, 21)
(30129, 52, 23)
(60259/2, 50, 22)
(30130, 49, 21)
(60261/2, 49, 21)
(30131, 47, 20)
(60263/2, 46, 19)
(30132, 47, 20)
(60279/2, 47, 20)
(60285/2, 48, 21)
(30144, 45, 19)
(30147, 47, 20)
(60297/2, 47, 20)
(30150, 40, 16)
(30153, 45, 19)
(60309/2, 40, 16)
(30156, 45, 19)
(60315/2, 40, 16)
(30159, 45, 19)
(30201, 59, 27)
(60403/2, 60, 28)
(120807/4, 62, 29)
(30202, 64, 30)
(120809/4, 62, 29)
(60405/2, 60, 28)
(120811/4, 59, 27)
(30203, 57, 26)
(120813/4, 55, 25)
(60407/2, 54, 24)
(30205, 55, 25)
(60411/2, 57, 26)
(120823/4, 59, 27)
(30206, 60, 28)
(120825/4, 59, 27)
(60413/2, 57, 26)
(120827/4, 55, 25)
(30207, 54, 24)
(120829/4, 52, 23)
(60415/2, 51, 22)
(30209, 51, 22)
(60419/2, 52, 23)
(60421/2, 51, 22)
(30211, 52, 23)
(60423/2, 54, 24)
(60425/2, 52, 23)
(30213, 54, 24)
(60427/2, 55, 25)
(60429/2, 54, 24)
(30215, 55, 25)
(60431/2, 57, 26)
(60433/2, 59, 27)
(30217, 60, 28)
(60435/2, 59, 27)
(30219, 59, 27)
(60439/2, 64, 30)
(120879/4, 66, 31)
(30220, 67, 32)
(120881/4, 66, 31)
(60441/2, 64, 30)
(120883/4, 62, 29)
(30221, 61, 28)
(120885/4, 59, 27)
(60443/2, 58, 26)
(30223, 59, 27)
(60447/2, 61, 28)
(120895/4, 62, 29)
(30224, 61, 28)
(120897/4, 59, 27)
(60449/2, 58, 26)
(120899/4, 55, 25)
(30225, 54, 24)
(120901/4, 52, 23)
(60451/2, 50, 22)
(120903/4, 54, 24)
(30226, 59, 27)
(120905/4, 54, 24)
(60453/2, 50, 22)
(60455/2, 52, 23)
(120911/4, 55, 25)
(30228, 59, 27)
(120913/4, 55, 25)
(60457/2, 52, 23)
(60459/2, 54, 24)
(120919/4, 59, 27)
(30230, 62, 29)
(120921/4, 59, 27)
(60461/2, 54, 24)
(60463/2, 55, 25)
(120927/4, 59, 27)
(30232, 64, 30)
(120929/4, 59, 27)
(60465/2, 55, 25)
(30233, 52, 23)
(60467/2, 50, 22)
(120935/4, 54, 24)
(30234, 59, 27)
(120937/4, 54, 24)
(60469/2, 50, 22)
(60471/2, 52, 23)
(120943/4, 55, 25)
(30236, 59, 27)
(120945/4, 55, 25)
(60473/2, 52, 23)
(60475/2, 54, 24)
(120951/4, 59, 27)
(30238, 62, 29)
(120953/4, 59, 27)
(60477/2, 54, 24)
(60479/2, 55, 25)
(120959/4, 59, 27)
(30240, 64, 30)
(120961/4, 59, 27)
(60481/2, 55, 25)
(30241, 47, 20)
(60483/2, 46, 19)
(30243, 47, 20)
(60487/2, 49, 21)
(30245, 50, 22)
(60491/2, 52, 23)
(30247, 61, 28)
(60495/2, 58, 26)
(30249, 54, 24)
(60499/2, 59, 27)
(120999/4, 61, 28)
(30250, 62, 29)
(121001/4, 61, 28)
(60501/2, 59, 27)
(121003/4, 57, 26)
(30251, 56, 25)
(121005/4, 54, 24)
(60503/2, 53, 23)
(30253, 53, 23)
(60507/2, 56, 25)
(121015/4, 57, 26)
(30254, 59, 27)
(121017/4, 57, 26)
(60509/2, 56, 25)
(121019/4, 54, 24)
(30255, 53, 23)
(121021/4, 50, 22)
(60511/2, 49, 21)
(30257, 49, 21)
(60515/2, 42, 17)
(60517/2, 41, 16)
(30259, 42, 17)
(60519/2, 43, 18)
(60521/2, 42, 17)
(30261, 43, 18)
(60523/2, 44, 18)
(60525/2, 42, 17)
(30263, 44, 18)
(60527/2, 45, 19)
(60529/2, 44, 18)
(30265, 45, 19)
(60531/2, 46, 19)
(60533/2, 44, 18)
(30267, 46, 19)
(60535/2, 47, 20)
(121071/4, 50, 22)
(30268, 54, 24)
(121073/4, 50, 22)
(60537/2, 47, 20)
(60539/2, 47, 20)
(121079/4, 52, 23)
(30270, 55, 25)
(121081/4, 52, 23)
(60541/2, 47, 20)
(60543/2, 45, 19)
(121087/4, 52, 23)
(30272, 55, 25)
(121089/4, 52, 23)
(60545/2, 45, 19)
(60547/2, 45, 19)
(121095/4, 50, 22)
(30274, 54, 24)
(121097/4, 50, 22)
(60549/2, 45, 19)
(60551/2, 50, 22)
(121103/4, 54, 24)
(30276, 57, 26)
(121105/4, 54, 24)
(60553/2, 50, 22)
(60555/2, 43, 18)
(30279, 43, 18)
(60559/2, 55, 25)
(121119/4, 57, 26)
(30280, 59, 27)
(121121/4, 57, 26)
(60561/2, 55, 25)
(121123/4, 54, 24)
(30281, 52, 23)
(121125/4, 50, 22)
(60563/2, 49, 21)
(30283, 50, 22)
(60567/2, 52, 23)
(121135/4, 54, 24)
(30284, 55, 25)
(121137/4, 54, 24)
(60569/2, 52, 23)
(121139/4, 55, 25)
(30285, 54, 24)
(121141/4, 52, 23)
(60571/2, 50, 22)
(60573/2, 49, 21)
(30287, 47, 20)
(60575/2, 46, 19)
(60577/2, 42, 17)
(30289, 42, 17)
(60579/2, 47, 20)
(60581/2, 46, 19)
(30291, 47, 20)
(60583/2, 49, 21)
(60585/2, 50, 22)
(30293, 52, 23)
(60587/2, 50, 22)
(60589/2, 52, 23)
(30295, 54, 24)
(60591/2, 55, 25)
(60593/2, 54, 24)
(30297, 52, 23)
(60595/2, 58, 26)
(60597/2, 59, 27)
(60599/2, 54, 24)
(60601/2, 54, 24)
(60603/2, 47, 20)
(60611/2, 47, 20)
(30309, 64, 30)
(60619/2, 62, 29)
(121239/4, 64, 30)
(30310, 66, 31)
(121241/4, 64, 30)
(60621/2, 62, 29)
(121243/4, 61, 28)
(30311, 59, 27)
(121245/4, 58, 26)
(60623/2, 59, 27)
(121247/4, 61, 28)
(30312, 62, 29)
(121249/4, 61, 28)
(60625/2, 59, 27)
(121251/4, 57, 26)
(30313, 56, 25)
(121253/4, 54, 24)
(60627/2, 56, 25)
(121255/4, 57, 26)
(30314, 59, 27)
(121257/4, 57, 26)
(60629/2, 56, 25)
(121259/4, 54, 24)
(30315, 52, 23)
(121261/4, 51, 22)
(60631/2, 52, 23)
(121263/4, 54, 24)
(30316, 56, 25)
(121265/4, 54, 24)
(60633/2, 52, 23)
(121267/4, 50, 22)
(30317, 48, 21)
(121269/4, 47, 20)
(60635/2, 45, 19)
(60643/2, 45, 19)
(30325, 62, 29)
(60651/2, 60, 28)
(121303/4, 62, 29)
(30326, 64, 30)
(121305/4, 62, 29)
(60653/2, 60, 28)
(121307/4, 59, 27)
(30327, 57, 26)
(121309/4, 55, 25)
(60655/2, 54, 24)
(30329, 55, 25)
(60659/2, 57, 26)
(121319/4, 59, 27)
(30330, 60, 28)
(121321/4, 59, 27)
(60661/2, 57, 26)
(121323/4, 55, 25)
(30331, 54, 24)
(121325/4, 52, 23)
(60663/2, 50, 22)
(30333, 50, 22)
(60667/2, 52, 23)
(60669/2, 50, 22)
(30335, 52, 23)
(60671/2, 54, 24)
(60673/2, 52, 23)
(30337, 54, 24)
(60675/2, 55, 25)
(60677/2, 54, 24)
(30339, 55, 25)
(60679/2, 57, 26)
(60681/2, 59, 27)
(30341, 60, 28)
(60683/2, 59, 27)
(60685/2, 60, 28)
(30343, 59, 27)
(60687/2, 57, 26)
(60689/2, 59, 27)
(30345, 57, 26)
(60691/2, 55, 25)
(60693/2, 57, 26)
(30347, 55, 25)
(60695/2, 52, 23)
(60697/2, 52, 23)
(30349, 50, 22)
(60699/2, 49, 21)
(60703/2, 48, 21)
(60707/2, 47, 20)
(60711/2, 52, 23)
(60713/2, 40, 16)
(60715/2, 45, 19)
(60717/2, 40, 16)
(60719/2, 45, 19)
(60721/2, 55, 25)
(60723/2, 54, 24)
(60725/2, 45, 19)
(60727/2, 50, 22)
(60729/2, 60, 28)
(60731/2, 59, 27)
(60733/2, 62, 29)
(60735/2, 67, 32)
(121471/4, 69, 33)
(30368, 71, 34)
(121473/4, 69, 33)
(60737/2, 67, 32)
(121475/4, 65, 31)
(30369, 64, 30)
(121477/4, 62, 29)
(60739/2, 60, 28)
(30375, 47, 20)
(60751/2, 48, 21)
(121503/4, 50, 22)
(30376, 52, 23)
(121505/4, 50, 22)
(60753/2, 48, 21)
(121507/4, 47, 20)
(30377, 45, 19)
(121509/4, 43, 18)
(60755/2, 42, 17)
(30380, 43, 18)
(60761/2, 42, 17)
(30381, 43, 18)
(60763/2, 42, 17)
(30384, 45, 19)
(60769/2, 44, 18)
(30385, 45, 19)
(60771/2, 44, 18)
(30388, 45, 19)
(60777/2, 44, 18)
(30389, 45, 19)
(60779/2, 44, 18)
(30392, 50, 22)
(60785/2, 49, 21)
(30393, 50, 22)
(60787/2, 49, 21)
(30396, 50, 22)
(60793/2, 49, 21)
(30397, 50, 22)
(60795/2, 49, 21)
(30399, 40, 16)
(60799/2, 43, 18)
(121599/4, 41, 17)
(30400, 40, 16)
(121601/4, 41, 17)
(60801/2, 43, 18)
(121603/4, 45, 19)
(30401, 47, 20)
(121605/4, 49, 21)
(60803/2, 50, 22)
(30403, 48, 21)
(60807/2, 46, 20)
(121615/4, 45, 19)
(30404, 43, 18)
(121617/4, 45, 19)
(60809/2, 46, 20)
(121619/4, 49, 21)
(30405, 50, 22)
(121621/4, 52, 23)
(60811/2, 53, 24)
(30407, 53, 24)
(60815/2, 52, 23)
(60817/2, 53, 24)
(30409, 52, 23)
(60819/2, 50, 22)
(60821/2, 52, 23)
(30411, 50, 22)
(60823/2, 48, 21)
(60825/2, 50, 22)
(30413, 48, 21)
(60827/2, 47, 20)
(60829/2, 45, 19)
(30415, 47, 20)
(60831/2, 44, 18)
(60833/2, 40, 16)
(60835/2, 45, 19)
(30419, 47, 20)
(121677/4, 48, 21)
(60839/2, 50, 22)
(60841/2, 38, 15)
(60843/2, 45, 19)
(60847/2, 43, 18)
(60851/2, 42, 17)
(60855/2, 41, 17)
(60859/2, 40, 16)
(60873/2, 40, 16)
(60875/2, 36, 14)
(60881/2, 47, 20)
(60883/2, 45, 19)
(60889/2, 45, 19)
(60891/2, 44, 18)
(121783/4, 47, 20)
(30446, 52, 23)
(121785/4, 47, 20)
(60893/2, 44, 18)
(60895/2, 44, 18)
(121791/4, 47, 20)
(30448, 52, 23)
(121793/4, 47, 20)
(60897/2, 44, 18)
(60899/2, 45, 19)
(121799/4, 48, 21)
(30450, 52, 23)
(121801/4, 48, 21)
(60901/2, 45, 19)
(60903/2, 52, 23)
(121807/4, 55, 25)
(30452, 60, 28)
(121809/4, 55, 25)
(60905/2, 52, 23)
(60907/2, 53, 24)
(121815/4, 57, 26)
(30454, 60, 28)
(121817/4, 57, 26)
(60909/2, 53, 24)
(60911/2, 54, 24)
(121823/4, 57, 26)
(30456, 62, 29)
(121825/4, 57, 26)
(60913/2, 54, 24)
(60915/2, 55, 25)
(121831/4, 59, 27)
(30458, 62, 29)
(121833/4, 59, 27)
(60917/2, 55, 25)
(60919/2, 56, 25)
(121839/4, 59, 27)
(30460, 64, 30)
(121841/4, 59, 27)
(60921/2, 56, 25)
(60923/2, 57, 26)
(121847/4, 60, 28)
(30462, 64, 30)
(121849/4, 60, 28)
(60925/2, 57, 26)
(60927/2, 57, 26)
(121855/4, 60, 28)
(30464, 64, 30)
(121857/4, 60, 28)
(60929/2, 57, 26)
(60931/2, 57, 26)
(121863/4, 60, 28)
(30466, 64, 30)
(121865/4, 60, 28)
(60933/2, 57, 26)
(60935/2, 57, 26)
(121871/4, 60, 28)
(30468, 64, 30)
(121873/4, 60, 28)
(60937/2, 57, 26)
(60939/2, 45, 19)
(30471, 52, 23)
(60943/2, 57, 26)
(121887/4, 59, 27)
(30472, 60, 28)
(121889/4, 59, 27)
(60945/2, 57, 26)
(121891/4, 55, 25)
(30473, 54, 24)
(121893/4, 52, 23)
(60947/2, 51, 22)
(30475, 51, 22)
(60951/2, 54, 24)
(121903/4, 55, 25)
(30476, 57, 26)
(121905/4, 55, 25)
(60953/2, 54, 24)
(121907/4, 57, 26)
(30477, 55, 25)
(121909/4, 54, 24)
(60955/2, 52, 23)
(60957/2, 54, 24)
(30479, 52, 23)
(60959/2, 51, 22)
(60961/2, 49, 21)
(30481, 51, 22)
(60963/2, 52, 23)
(60965/2, 51, 22)
(30483, 52, 23)
(60967/2, 48, 21)
(60969/2, 48, 21)
(30485, 48, 21)
(60971/2, 43, 18)
(30487, 43, 18)
(60975/2, 48, 21)
(30489, 48, 21)
(60979/2, 54, 24)
(30491, 54, 24)
(60983/2, 59, 27)
(30493, 59, 27)
(60987/2, 64, 30)
(121975/4, 66, 31)
(30494, 67, 32)
(121977/4, 66, 31)
(60989/2, 64, 30)
(121979/4, 62, 29)
(30495, 60, 28)
(121981/4, 59, 27)
(60991/2, 60, 28)
(121983/4, 62, 29)
(30496, 64, 30)
(121985/4, 62, 29)
(60993/2, 60, 28)
(121987/4, 59, 27)
(30497, 57, 26)
(121989/4, 55, 25)
(60995/2, 57, 26)
(121991/4, 59, 27)
(30498, 60, 28)
(121993/4, 59, 27)
(60997/2, 57, 26)
(121995/4, 55, 25)
(30499, 54, 24)
(121997/4, 52, 23)
(60999/2, 54, 24)
(121999/4, 55, 25)
(30500, 57, 26)
(122001/4, 55, 25)
(61001/2, 54, 24)
(122003/4, 52, 23)
(30501, 51, 22)
(122005/4, 49, 21)
(61003/2, 47, 20)
(61013/2, 47, 20)
(30507, 47, 20)
(61015/2, 47, 20)
(61021/2, 47, 20)
(30511, 47, 20)
(61023/2, 47, 20)
(61029/2, 47, 20)
(30515, 47, 20)
(61031/2, 47, 20)
(61037/2, 47, 20)
(30519, 47, 20)
(61039/2, 47, 20)
(61045/2, 47, 20)
(30523, 47, 20)
(61047/2, 47, 20)
(61053/2, 47, 20)
(30527, 47, 20)
(61055/2, 47, 20)
(61061/2, 47, 20)
(30531, 47, 20)
(61063/2, 47, 20)
(61069/2, 47, 20)
(30535, 47, 20)
(61071/2, 47, 20)
(61073/2, 47, 20)
(30537, 47, 20)
(61075/2, 47, 20)
(61077/2, 47, 20)
(30539, 47, 20)
(61079/2, 47, 20)
(61081/2, 47, 20)
(30541, 47, 20)
(61083/2, 47, 20)
(61107/2, 40, 16)
(61111/2, 40, 16)
(61115/2, 40, 16)
(61119/2, 40, 16)
(61123/2, 40, 16)
(61127/2, 40, 16)
(61131/2, 40, 16)
(61135/2, 40, 16)
(30569, 39, 15)
(61139/2, 40, 16)
(61141/2, 39, 15)
(30571, 40, 16)
(61143/2, 42, 17)
(61145/2, 40, 16)
(30573, 42, 17)
(61147/2, 43, 18)
(61149/2, 42, 17)
(30575, 43, 18)
(61151/2, 45, 19)
(61153/2, 43, 18)
(30577, 45, 19)
(61155/2, 47, 20)
(61157/2, 47, 20)
(30579, 47, 20)
(61159/2, 48, 21)
(122319/4, 52, 23)
(30580, 55, 25)
(122321/4, 52, 23)
(61161/2, 48, 21)
(30581, 48, 21)
(61163/2, 47, 20)
(61165/2, 47, 20)
(30583, 47, 20)
(61167/2, 40, 16)
(122335/4, 44, 18)
(30584, 47, 20)
(122337/4, 44, 18)
(61169/2, 40, 16)
(30585, 40, 16)
(61171/2, 45, 19)
(61173/2, 45, 19)
(30587, 45, 19)
(61175/2, 50, 22)
(122351/4, 54, 24)
(30588, 57, 26)
(122353/4, 54, 24)
(61177/2, 50, 22)
(30589, 50, 22)
(61179/2, 43, 18)
(61181/2, 45, 19)
(61183/2, 47, 20)
(61185/2, 47, 20)
(61187/2, 40, 16)
(61191/2, 40, 16)
(61195/2, 40, 16)
(61199/2, 40, 16)
(61205/2, 40, 16)
(61213/2, 40, 16)
(61219/2, 40, 16)
(61221/2, 38, 15)
(30611, 40, 16)
(61223/2, 42, 17)
(61225/2, 40, 16)
(30613, 42, 17)
(61227/2, 44, 18)
(61229/2, 42, 17)
(30615, 44, 18)
(61231/2, 45, 19)
(61233/2, 44, 18)
(30617, 45, 19)
(61235/2, 47, 20)
(61237/2, 47, 20)
(30619, 47, 20)
(61239/2, 48, 21)
(122479/4, 52, 23)
(30620, 55, 25)
(122481/4, 52, 23)
(61241/2, 48, 21)
(30621, 48, 21)
(61243/2, 47, 20)
(122487/4, 42, 17)
(30622, 39, 15)
(122489/4, 42, 17)
(61245/2, 47, 20)
(30623, 47, 20)
(61247/2, 52, 23)
(122495/4, 56, 25)
(30624, 59, 27)
(122497/4, 56, 25)
(61249/2, 52, 23)
(30625, 52, 23)
(61251/2, 45, 19)
(122503/4, 40, 16)
(30626, 37, 14)
(122505/4, 40, 16)
(61253/2, 45, 19)
(30627, 45, 19)
(61255/2, 50, 22)
(122511/4, 54, 24)
(30628, 57, 26)
(122513/4, 54, 24)
(61257/2, 50, 22)
(30629, 50, 22)
(61259/2, 43, 18)
(61261/2, 45, 19)
(61263/2, 47, 20)
(61265/2, 45, 19)
(61267/2, 43, 18)
(122535/4, 47, 20)
(30634, 45, 19)
(122537/4, 43, 18)
(61269/2, 42, 17)
(30635, 42, 17)
(61271/2, 42, 17)
(122543/4, 45, 19)
(30636, 48, 21)
(122545/4, 45, 19)
(61273/2, 42, 17)
(30637, 42, 17)
(61275/2, 43, 18)
(61277/2, 45, 19)
(61279/2, 47, 20)
(61281/2, 45, 19)
(61283/2, 43, 18)
(122567/4, 47, 20)
(30642, 45, 19)
(122569/4, 43, 18)
(61285/2, 42, 17)
(30643, 42, 17)
(61287/2, 42, 17)
(122575/4, 45, 19)
(30644, 48, 21)
(122577/4, 45, 19)
(61289/2, 42, 17)
(30645, 42, 17)
(61291/2, 43, 18)
(122583/4, 47, 20)
(30646, 55, 25)
(122585/4, 54, 24)
(61293/2, 52, 23)
(122587/4, 50, 22)
(30647, 48, 21)
(122589/4, 47, 20)
(61295/2, 45, 19)
(30649, 45, 19)
(61299/2, 47, 20)
(122599/4, 50, 22)
(30650, 59, 27)
(122601/4, 57, 26)
(61301/2, 56, 25)
(122603/4, 53, 24)
(30651, 52, 23)
(122605/4, 50, 22)
(61303/2, 48, 21)
(30653, 48, 21)
(61307/2, 51, 22)
(122615/4, 54, 24)
(30654, 63, 29)
(122617/4, 61, 28)
(61309/2, 59, 27)
(122619/4, 57, 26)
(30655, 54, 24)
(122621/4, 52, 23)
(30656, 52, 23)
(61315/2, 57, 26)
(122631/4, 63, 29)
(30658, 66, 31)
(122633/4, 64, 30)
(61317/2, 63, 29)
(122635/4, 60, 28)
(30659, 59, 27)
(122637/4, 57, 26)
(61319/2, 55, 25)
(30661, 47, 20)
(61323/2, 48, 21)
(122647/4, 50, 22)
(30662, 52, 23)
(122649/4, 50, 22)
(61325/2, 48, 21)
(122651/4, 47, 20)
(30663, 45, 19)
(122653/4, 43, 18)
(61327/2, 42, 17)
(30665, 43, 18)
(61331/2, 45, 19)
(122663/4, 47, 20)
(30666, 48, 21)
(122665/4, 47, 20)
(61333/2, 45, 19)
(122667/4, 43, 18)
(30667, 42, 17)
(122669/4, 40, 16)
(61335/2, 39, 15)
(30669, 45, 19)
(61339/2, 43, 18)
(61341/2, 45, 19)
(30671, 43, 18)
(61343/2, 42, 17)
(61345/2, 43, 18)
(30673, 42, 17)
(61347/2, 40, 16)
(61349/2, 42, 17)
(30675, 40, 16)
(61351/2, 39, 15)
(61353/2, 40, 16)
(30677, 39, 15)
(61355/2, 38, 15)
(61357/2, 40, 16)
(30679, 38, 15)
(61359/2, 37, 14)
(61361/2, 38, 15)
(30681, 37, 14)
(61363/2, 36, 14)
(61367/2, 36, 14)
(61367/2, 43, 18)
(61367/2, 52, 23)
(61371/2, 47, 20)
(61375/2, 47, 20)
(61379/2, 40, 16)
