(6, 71, 34)
(9, 72, 35)
(12, 75, 36)
(14, 76, 37)
(29/2, 78, 38)
(15, 78, 38)
(33/2, 71, 34)
(18, 79, 39)
(39/2, 78, 38)
(41/2, 74, 36)
(41/2, 76, 37)
(21, 78, 38)
(22, 76, 37)
(45/2, 74, 36)
(47/2, 71, 34)
(24, 74, 36)
(25, 72, 35)
(51/2, 69, 33)
(53/2, 66, 31)
(27, 66, 31)
(29, 67, 32)
(59/2, 69, 33)
(30, 71, 34)
(33, 72, 35)
(36, 75, 36)
(73/2, 75, 36)
(37, 75, 36)
(75/2, 75, 36)
(38, 76, 37)
(77/2, 78, 38)
(39, 78, 38)
(81/2, 71, 34)
(42, 79, 39)
(87/2, 78, 38)
(89/2, 76, 37)
(45, 74, 36)
(46, 71, 34)
(93/2, 69, 33)
(95/2, 66, 31)
(48, 71, 34)
(49, 67, 32)
(99/2, 66, 31)
(101/2, 64, 30)
(101/2, 62, 29)
(51, 64, 30)
(53, 62, 29)
(107/2, 64, 30)
(54, 66, 31)
(109/2, 64, 30)
(55, 63, 29)
(56, 63, 29)
(113/2, 64, 30)
(57, 66, 31)
(115/2, 64, 30)
(58, 63, 29)
(59, 66, 31)
(119/2, 67, 32)
(60, 71, 34)
(121/2, 69, 33)
(61, 67, 32)
(123/2, 66, 31)
(62, 67, 32)
(125/2, 69, 33)
(63, 62, 29)
(65, 66, 31)
(131/2, 67, 32)
(66, 69, 33)
(133/2, 67, 32)
(67, 66, 31)
(68, 66, 31)
(137/2, 67, 32)
(69, 69, 33)
(139/2, 67, 32)
(70, 66, 31)
(71, 69, 33)
(143/2, 71, 34)
(72, 74, 36)
(145/2, 72, 35)
(73, 71, 34)
(147/2, 70, 33)
(74, 71, 34)
(149/2, 73, 35)
(75, 66, 31)
(77, 71, 34)
(155/2, 74, 36)
(78, 78, 38)
(157/2, 83, 41)
(79, 86, 43)
(159/2, 84, 42)
(80, 82, 40)
(161/2, 83, 41)
(81, 79, 39)
(163/2, 77, 37)
(82, 78, 38)
(165/2, 76, 37)
(83, 73, 35)
(167/2, 74, 36)
(84, 71, 34)
(171/2, 78, 38)
(87, 77, 37)
(177/2, 76, 37)
(90, 75, 36)
(183/2, 76, 37)
(93, 75, 36)
(189/2, 74, 36)
(96, 73, 35)
(195/2, 74, 36)
(99, 73, 35)
(201/2, 72, 35)
(102, 71, 34)
(105, 72, 35)
(108, 75, 36)
(217/2, 75, 36)
(109, 75, 36)
(219/2, 75, 36)
(110, 76, 37)
(221/2, 78, 38)
(111, 78, 38)
(225/2, 71, 34)
(114, 79, 39)
(231/2, 78, 38)
(233/2, 75, 36)
(117, 78, 38)
(118, 76, 37)
(237/2, 74, 36)
(239/2, 71, 34)
(120, 74, 36)
(121, 72, 35)
(243/2, 69, 33)
(245/2, 66, 31)
(123, 66, 31)
(499/4, 69, 33)
(125, 67, 32)
(251/2, 66, 31)
(126, 66, 31)
(128, 69, 33)
(128, 67, 32)
(257/2, 66, 31)
(129, 66, 31)
(131, 67, 32)
(263/2, 66, 31)
(132, 66, 31)
(267/2, 66, 31)
(135, 67, 32)
(273/2, 68, 32)
(138, 69, 33)
(279/2, 70, 33)
(141, 71, 34)
(285/2, 73, 35)
(144, 75, 36)
(291/2, 76, 37)
(295/2, 75, 36)
(148, 78, 38)
(297/2, 76, 37)
(149, 72, 35)
(299/2, 69, 33)
(150, 67, 32)
(451/3, 72, 35)
(452/3, 71, 34)
(151, 69, 33)
(303/2, 66, 31)
(152, 67, 32)
(305/2, 64, 30)
(309/2, 63, 29)
(311/2, 64, 30)
(156, 66, 31)
(313/2, 64, 30)
(157, 63, 29)
(158, 63, 29)
(317/2, 64, 30)
(159, 66, 31)
(319/2, 64, 30)
(160, 63, 29)
(161, 66, 31)
(323/2, 67, 32)
(162, 71, 34)
(325/2, 69, 33)
(163, 67, 32)
(327/2, 66, 31)
(164, 69, 33)
(329/2, 72, 35)
(165, 71, 34)
(165, 69, 33)
(165, 72, 35)
(165, 78, 38)
(165, 76, 37)
(165, 75, 36)
(165, 78, 38)
(165, 81, 40)
(165, 79, 39)
(166, 84, 42)
(166, 81, 40)
(166, 78, 38)
(166, 75, 36)
(166, 72, 35)
(166, 69, 33)
(166, 66, 31)
(168, 63, 29)
(169, 64, 30)
(339/2, 66, 31)
(341/2, 67, 32)
(171, 69, 33)
(447/2, 76, 37)
(224, 79, 39)
(897/4, 81, 40)
(449/2, 83, 41)
(899/4, 81, 40)
(225, 79, 39)
(901/4, 78, 38)
(451/2, 76, 37)
(903/4, 74, 36)
(226, 73, 35)
(455/2, 74, 36)
(228, 76, 37)
(913/4, 78, 38)
(457/2, 79, 39)
(915/4, 78, 38)
(229, 76, 37)
(917/4, 74, 36)
(459/2, 73, 35)
(919/4, 71, 34)
(230, 70, 33)
(463/2, 70, 33)
(232, 71, 34)
(233, 70, 33)
(467/2, 71, 34)
(234, 73, 35)
(235, 71, 34)
(471/2, 73, 35)
(236, 74, 36)
(475/2, 73, 35)
(238, 74, 36)
(477/2, 76, 37)
(479/2, 78, 38)
(240, 78, 38)
(241, 70, 33)
(483/2, 71, 34)
(242, 73, 35)
(728/3, 71, 34)
(730/3, 73, 35)
(244, 74, 36)
(245, 73, 35)
(491/2, 74, 36)
(246, 76, 37)
(247, 76, 37)
(495/2, 78, 38)
(248, 79, 39)
(499/2, 67, 32)
(250, 76, 37)
(1001/4, 78, 38)
(501/2, 79, 39)
(1003/4, 78, 38)
(251, 76, 37)
(1005/4, 74, 36)
(503/2, 73, 35)
(1007/4, 71, 34)
(252, 70, 33)
(507/2, 70, 33)
(254, 73, 35)
(1017/4, 74, 36)
(509/2, 76, 37)
(1019/4, 74, 36)
(255, 73, 35)
(1021/4, 71, 34)
(511/2, 70, 33)
(1023/4, 73, 35)
(256, 74, 36)
(257, 65, 30)
(515/2, 66, 31)
(258, 68, 32)
(259, 68, 32)
(519/2, 69, 33)
(260, 71, 34)
(261, 71, 34)
(523/2, 73, 35)
(262, 74, 36)
(263, 73, 35)
(527/2, 71, 34)
(264, 70, 33)
(1057/4, 72, 35)
(529/2, 78, 38)
(1059/4, 72, 35)
(265, 70, 33)
(266, 71, 34)
(1065/4, 66, 31)
(533/2, 62, 29)
(1067/4, 66, 31)
(267, 71, 34)
(268, 71, 34)
(1073/4, 74, 36)
(2147/8, 78, 38)
(537/2, 74, 36)
(1075/4, 71, 34)
(1077/4, 73, 35)
(2155/8, 66, 31)
(2157/8, 61, 28)
(2159/8, 66, 31)
(2161/8, 73, 35)
(272, 73, 35)
(1089/4, 76, 37)
(545/2, 78, 38)
(1091/4, 76, 37)
(273, 73, 35)
(547/2, 66, 31)
(274, 71, 34)
(275, 70, 33)
(551/2, 71, 34)
(276, 72, 35)
(277, 71, 34)
(555/2, 72, 35)
(278, 76, 37)
(279, 72, 35)
(279, 76, 37)
(280, 69, 33)
(281, 68, 32)
(563/2, 69, 33)
(282, 72, 35)
(283, 71, 34)
(567/2, 72, 35)
(284, 71, 34)
(288, 71, 34)
(289, 76, 37)
(291, 73, 35)
(583/2, 79, 39)
(292, 78, 38)
(587/2, 83, 41)
(294, 78, 38)
(589/2, 76, 37)
(295, 66, 31)
(591/2, 78, 38)
(296, 78, 38)
(593/2, 74, 36)
(297, 66, 31)
(595/2, 78, 38)
(298, 76, 37)
(597/2, 73, 35)
(299, 71, 34)
(599/2, 70, 33)
(300, 78, 38)
(301, 73, 35)
(603/2, 74, 36)
(302, 76, 37)
(303, 78, 38)
(607/2, 79, 39)
(304, 78, 38)
(305, 71, 34)
(611/2, 73, 35)
(306, 74, 36)
(307, 76, 37)
(615/2, 73, 35)
(308, 71, 34)
(1233/4, 64, 30)
(617/2, 66, 31)
(1235/4, 64, 30)
(309, 62, 29)
(1237/4, 59, 27)
(619/2, 57, 26)
(1239/4, 55, 25)
(310, 57, 26)
(1241/4, 59, 27)
(621/2, 57, 26)
(1243/4, 55, 25)
(311, 57, 26)
(1245/4, 59, 27)
(623/2, 60, 28)
(312, 62, 29)
(1249/4, 64, 30)
(625/2, 66, 31)
(1251/4, 64, 30)
(313, 62, 29)
(1253/4, 61, 28)
(627/2, 59, 27)
(1255/4, 57, 26)
(314, 55, 25)
(1257/4, 57, 26)
(629/2, 59, 27)
(1259/4, 57, 26)
(315, 55, 25)
(1261/4, 57, 26)
(631/2, 59, 27)
(1263/4, 61, 28)
(316, 62, 29)
(317, 71, 34)
(635/2, 73, 35)
(318, 74, 36)
(319, 74, 36)
(639/2, 74, 36)
(320, 74, 36)
(321, 74, 36)
(643/2, 74, 36)
(322, 83, 41)
(323, 74, 36)
(647/2, 76, 37)
(324, 72, 35)
(1297/4, 74, 36)
(649/2, 76, 37)
(1299/4, 74, 36)
(325, 72, 35)
(1301/4, 71, 34)
(651/2, 69, 33)
(1303/4, 67, 32)
(326, 65, 31)
(1305/4, 67, 32)
(653/2, 69, 33)
(1307/4, 67, 32)
(327, 65, 31)
(1309/4, 67, 32)
(655/2, 69, 33)
(1311/4, 71, 34)
(328, 72, 35)
(1313/4, 74, 36)
(657/2, 76, 37)
(1315/4, 74, 36)
(329, 72, 35)
(1317/4, 71, 34)
(659/2, 69, 33)
(1319/4, 67, 32)
(330, 65, 31)
(1321/4, 67, 32)
(661/2, 69, 33)
(1323/4, 67, 32)
(331, 65, 31)
(1325/4, 67, 32)
(663/2, 69, 33)
(1327/4, 71, 34)
(332, 72, 35)
(333, 76, 37)
(335, 74, 36)
(337, 74, 36)
(1353/4, 78, 38)
(677/2, 81, 40)
(1355/4, 79, 39)
(339, 78, 38)
(1357/4, 76, 37)
(679/2, 74, 36)
(1359/4, 72, 35)
(340, 71, 34)
(1361/4, 76, 37)
(681/2, 79, 39)
(1363/4, 76, 37)
(341, 71, 34)
(683/2, 73, 35)
(342, 74, 36)
(1369/4, 69, 33)
(685/2, 66, 31)
(1371/4, 69, 33)
(343, 74, 36)
(687/2, 62, 29)
(344, 74, 36)
(1377/4, 71, 34)
(689/2, 67, 32)
(1379/4, 71, 34)
(345, 74, 36)
(691/2, 64, 30)
(346, 74, 36)
(693/2, 72, 35)
(347, 71, 34)
(695/2, 69, 33)
(348, 71, 34)
(349, 69, 33)
(699/2, 71, 34)
(350, 72, 35)
(351, 71, 34)
(703/2, 72, 35)
(352, 74, 36)
(353, 72, 35)
(707/2, 74, 36)
(354, 76, 37)
(355, 76, 37)
(711/2, 76, 37)
(356, 79, 39)
(359, 78, 38)
(360, 77, 38)
(362, 76, 37)
(363, 68, 32)
(364, 69, 33)
(365, 71, 34)
(366, 72, 35)
(367, 73, 35)
(368, 74, 36)
(369, 76, 37)
(370, 77, 38)
(371, 78, 38)
(372, 79, 39)
(373, 81, 40)
(374, 83, 41)
(376, 72, 35)
(377, 77, 38)
(381, 74, 36)
(763/2, 67, 32)
(382, 76, 37)
(767/2, 64, 30)
(384, 69, 33)
(1537/4, 71, 34)
(769/2, 72, 35)
(1539/4, 71, 34)
(385, 69, 33)
(1541/4, 67, 32)
(771/2, 66, 31)
(1543/4, 64, 30)
(386, 63, 29)
(775/2, 67, 32)
(388, 69, 33)
(1553/4, 71, 34)
(777/2, 72, 35)
(1555/4, 71, 34)
(389, 66, 31)
(1557/4, 64, 30)
(779/2, 63, 29)
(391, 69, 33)
(392, 71, 34)
(1569/4, 72, 35)
(785/2, 74, 36)
(1571/4, 72, 35)
(393, 71, 34)
(1573/4, 69, 33)
(787/2, 67, 32)
(1575/4, 65, 31)
(394, 64, 30)
(791/2, 69, 33)
(396, 71, 34)
(2377/6, 72, 35)
(1189/3, 74, 36)
(793/2, 72, 35)
(795/2, 69, 33)
(795/2, 71, 34)
(1193/3, 68, 32)
(2387/6, 65, 31)
(398, 64, 30)
(799/2, 62, 29)
(400, 64, 30)
(2401/6, 69, 32)
(1201/3, 66, 31)
(801/2, 64, 30)
(1603/4, 62, 29)
(401, 60, 28)
(1605/4, 58, 27)
(803/2, 57, 26)
(807/2, 62, 29)
(404, 64, 30)
(1617/4, 65, 31)
(809/2, 67, 32)
(1619/4, 65, 31)
(405, 64, 30)
(1621/4, 62, 29)
(811/2, 61, 28)
(1623/4, 58, 27)
(406, 57, 26)
(409, 69, 33)
(410, 62, 29)
(411, 82, 41)
(412, 81, 40)
(1649/4, 77, 38)
(825/2, 74, 36)
(1651/4, 77, 38)
(413, 81, 40)
(827/2, 69, 33)
(414, 79, 39)
(1657/4, 76, 37)
(829/2, 69, 33)
(1659/4, 76, 37)
(415, 79, 39)
(416, 77, 38)
(1665/4, 74, 36)
(833/2, 69, 33)
(1667/4, 74, 36)
(417, 60, 28)
(417, 77, 38)
(419, 76, 37)
(1677/4, 72, 35)
(839/2, 64, 30)
(1679/4, 72, 35)
(420, 75, 36)
(1681/4, 71, 34)
(841/2, 66, 31)
(1683/4, 71, 34)
(421, 75, 36)
(843/2, 71, 34)
(422, 64, 30)
(423, 74, 36)
(424, 72, 35)
(849/2, 74, 36)
(425, 76, 37)
(427, 74, 36)
(428, 72, 35)
(875/2, 69, 33)
(438, 71, 34)
(1753/4, 69, 33)
(877/2, 68, 32)
(1755/4, 69, 33)
(439, 71, 34)
(1757/4, 72, 35)
(879/2, 74, 36)
(1759/4, 76, 37)
(440, 77, 38)
(883/2, 76, 37)
(442, 74, 36)
(1769/4, 72, 35)
(885/2, 71, 34)
(1771/4, 72, 35)
(443, 74, 36)
(1773/4, 76, 37)
(887/2, 78, 38)
(1775/4, 80, 39)
(444, 81, 40)
(446, 79, 39)
(893/2, 78, 38)
(1787/4, 76, 37)
(447, 78, 38)
(1789/4, 79, 39)
(895/2, 81, 40)
(1791/4, 83, 41)
(448, 84, 42)
(899/2, 83, 41)
(450, 81, 40)
(1801/4, 80, 39)
(901/2, 78, 38)
(1803/4, 80, 39)
(451, 81, 40)
(1805/4, 83, 41)
(903/2, 84, 42)
(1807/4, 87, 43)
(452, 88, 44)
(907/2, 88, 44)
(454, 86, 43)
(911/2, 86, 43)
(456, 84, 42)
(457, 86, 43)
(915/2, 84, 42)
(458, 83, 41)
(459, 84, 42)
(919/2, 83, 41)
(460, 81, 40)
(461, 83, 41)
(923/2, 81, 40)
(462, 84, 42)
(463, 86, 43)
(927/2, 84, 42)
(464, 83, 41)
(465, 84, 42)
(931/2, 83, 41)
(466, 86, 43)
(467, 88, 44)
(935/2, 86, 43)
(468, 84, 42)
(469, 81, 40)
(939/2, 83, 41)
(470, 84, 42)
(471, 81, 40)
(943/2, 83, 41)
(472, 84, 42)
(473, 81, 40)
(947/2, 83, 41)
(474, 84, 42)
(949/2, 84, 42)
(475, 81, 40)
(951/2, 83, 41)
(476, 84, 42)
(1905/4, 88, 44)
(953/2, 86, 43)
(1907/4, 84, 42)
(477, 83, 41)
(1909/4, 81, 40)
(3819/8, 79, 39)
(3821/8, 78, 38)
(3833/8, 79, 39)
(480, 81, 40)
(1921/4, 83, 41)
(961/2, 84, 42)
(1923/4, 83, 41)
(481, 81, 40)
(1925/4, 79, 39)
(963/2, 78, 38)
(1927/4, 76, 37)
(482, 75, 36)
(967/2, 75, 36)
(484, 64, 30)
(484, 71, 34)
(484, 76, 37)
(485, 75, 36)
(971/2, 76, 37)
(486, 78, 38)
(487, 76, 37)
(975/2, 78, 38)
(488, 79, 39)
(489, 78, 38)
(979/2, 79, 39)
(490, 81, 40)
(491, 79, 39)
(983/2, 81, 40)
(492, 83, 41)
(1969/4, 76, 37)
(985/2, 74, 36)
(1971/4, 72, 35)
(493, 71, 34)
(1973/4, 69, 33)
(987/2, 67, 32)
(1975/4, 66, 31)
(494, 64, 30)
(989/2, 64, 30)
(495, 72, 35)
(1981/4, 74, 36)
(991/2, 76, 37)
(1983/4, 74, 36)
(496, 72, 35)
(1985/4, 71, 34)
(993/2, 69, 33)
(1987/4, 67, 32)
(497, 66, 31)
(995/2, 66, 31)
(498, 71, 34)
(1993/4, 73, 35)
(997/2, 74, 36)
(1995/4, 73, 35)
(499, 71, 34)
(1997/4, 69, 33)
(999/2, 67, 32)
(1999/4, 66, 31)
(500, 64, 30)
(501, 83, 41)
(1003/2, 83, 41)
(502, 83, 41)
(503, 81, 40)
(1007/2, 76, 37)
(504, 79, 39)
(505, 78, 38)
(1011/2, 72, 35)
(506, 76, 37)
(507, 74, 36)
(1015/2, 69, 33)
(508, 72, 35)
(509, 71, 34)
(1019/2, 63, 29)
(510, 64, 30)
(2041/4, 66, 31)
(1021/2, 67, 32)
(2043/4, 66, 31)
(511, 64, 30)
(2045/4, 62, 29)
(1023/2, 60, 28)
(2047/4, 59, 27)
(512, 57, 26)
(1025/2, 60, 28)
(513, 66, 31)
(1027/2, 69, 33)
(514, 67, 32)
(2057/4, 69, 33)
(1029/2, 71, 34)
(2059/4, 69, 33)
(515, 67, 32)
(2061/4, 66, 31)
(1031/2, 64, 30)
(2063/4, 62, 29)
(516, 60, 28)
(1033/2, 69, 33)
(517, 66, 31)
(1035/2, 72, 35)
(518, 71, 34)
(2073/4, 76, 37)
(1037/2, 78, 38)
(2075/4, 76, 37)
(519, 74, 36)
(2077/4, 72, 35)
(1039/2, 71, 34)
(520, 69, 33)
(1041/2, 72, 35)
(521, 69, 33)
(1043/2, 78, 38)
(522, 76, 37)
(2089/4, 79, 39)
(1045/2, 83, 41)
(2091/4, 81, 40)
(523, 79, 39)
(2093/4, 78, 38)
(1047/2, 76, 37)
(2095/4, 75, 36)
(524, 76, 37)
(2097/4, 78, 38)
(1049/2, 79, 39)
(2099/4, 78, 38)
(525, 76, 37)
(2101/4, 74, 36)
(1051/2, 73, 35)
(2103/4, 71, 34)
(526, 70, 33)
(527, 78, 38)
(2109/4, 76, 37)
(1055/2, 75, 36)
(2111/4, 76, 37)
(528, 78, 38)
(2113/4, 79, 39)
(1057/2, 81, 40)
(2115/4, 83, 41)
(529, 84, 42)
(530, 63, 29)
(2121/4, 64, 30)
(1061/2, 66, 31)
(2123/4, 64, 30)
(531, 63, 29)
(2125/4, 60, 28)
(1063/2, 59, 27)
(2127/4, 57, 26)
(532, 56, 25)
(533, 71, 34)
(2133/4, 72, 35)
(1067/2, 71, 34)
(2135/4, 69, 33)
(534, 68, 32)
(2137/4, 65, 31)
(1069/2, 64, 30)
(536, 72, 35)
(2145/4, 74, 36)
(1073/2, 74, 36)
(2147/4, 72, 35)
(537, 71, 34)
(2149/4, 69, 33)
(1075/2, 68, 32)
(2151/4, 69, 33)
(2155/4, 81, 40)
(539, 83, 41)
(4313/8, 84, 42)
(4315/8, 83, 41)
(540, 81, 40)
(2161/4, 83, 41)
(1081/2, 84, 42)
(2163/4, 83, 41)
(541, 81, 40)
(2165/4, 79, 39)
(1083/2, 78, 38)
(2167/4, 76, 37)
(542, 75, 36)
(2169/4, 76, 37)
(1085/2, 78, 38)
(2171/4, 76, 37)
(543, 75, 36)
(2173/4, 76, 37)
(1087/2, 78, 38)
(2175/4, 79, 39)
(544, 81, 40)
(2177/4, 83, 41)
(1089/2, 84, 42)
(2179/4, 83, 41)
(545, 71, 34)
(545, 81, 40)
(2181/4, 71, 34)
(2181/4, 79, 39)
(1091/2, 78, 38)
(2183/4, 76, 37)
(546, 75, 36)
(2185/4, 76, 37)
(1093/2, 76, 37)
(1093/2, 78, 38)
(2187/4, 75, 36)
(547, 76, 37)
(2189/4, 78, 38)
(1095/2, 79, 39)
(548, 81, 40)
(2193/4, 83, 41)
(1097/2, 84, 42)
(2195/4, 83, 41)
(549, 79, 39)
(2197/4, 78, 38)
(1099/2, 79, 39)
(1099/2, 81, 40)
(2199/4, 76, 37)
(2199/4, 78, 38)
(550, 75, 36)
(2201/4, 76, 37)
(1101/2, 78, 38)
(2203/4, 76, 37)
(552, 73, 36)
(2209/4, 72, 35)
(1105/2, 71, 34)
(2211/4, 69, 33)
(553, 72, 35)
(553, 71, 34)
(2213/4, 71, 34)
(1107/2, 69, 33)
(2215/4, 67, 32)
(554, 66, 31)
(2217/4, 67, 32)
(1109/2, 69, 33)
(2219/4, 67, 32)
(556, 66, 31)
(2225/4, 64, 30)
(1113/2, 63, 29)
(2227/4, 64, 30)
(557, 66, 31)
(2229/4, 67, 32)
(1115/2, 69, 33)
(2231/4, 67, 32)
(558, 66, 31)
(2233/4, 64, 30)
(1117/2, 63, 29)
(2235/4, 60, 28)
(559, 57, 26)
(2237/4, 60, 28)
(1119/2, 59, 27)
(2239/4, 57, 26)
(560, 55, 25)
(2241/4, 59, 27)
(1121/2, 64, 30)
(2243/4, 59, 27)
(561, 55, 25)
(1123/2, 55, 25)
(562, 57, 26)
(2249/4, 60, 28)
(1125/2, 64, 30)
(2251/4, 60, 28)
(563, 57, 26)
(1127/2, 57, 26)
(564, 59, 27)
(2257/4, 64, 30)
(1129/2, 67, 32)
(2259/4, 64, 30)
(565, 59, 27)
(1131/2, 59, 27)
(566, 60, 28)
(2265/4, 64, 30)
(1133/2, 69, 33)
(2267/4, 64, 30)
(567, 57, 26)
(1135/2, 63, 29)
(568, 64, 30)
(569, 66, 31)
(570, 78, 38)
(572, 66, 31)
(1145/2, 67, 32)
(573, 69, 33)
(574, 71, 34)
(1149/2, 72, 35)
(576, 71, 34)
(1155/2, 76, 37)
(578, 72, 35)
(1157/2, 69, 33)
(579, 64, 30)
(580, 71, 34)
(1161/2, 64, 30)
(581, 71, 34)
(1163/2, 76, 37)
(582, 72, 35)
(1165/2, 69, 33)
(583, 64, 30)
(1167/2, 72, 35)
(584, 71, 34)
(1753/3, 67, 32)
(1754/3, 79, 39)
(1757/3, 79, 39)
(586, 79, 39)
(587, 78, 38)
(1175/2, 76, 37)
(588, 78, 38)
(1177/2, 78, 38)
(589, 78, 38)
(590, 76, 37)
(1181/2, 74, 36)
(592, 72, 35)
(593, 75, 37)
(1187/2, 75, 37)
(594, 75, 37)
(595, 74, 36)
(1191/2, 72, 35)
(596, 71, 34)
(597, 72, 35)
(598, 69, 33)
(1197/2, 67, 32)
(1199/2, 69, 33)
(600, 64, 30)
(2401/4, 59, 27)
(1201/2, 55, 25)
(2403/4, 59, 27)
(601, 54, 24)
(602, 57, 26)
(2409/4, 60, 28)
(1205/2, 64, 30)
(2411/4, 60, 28)
(604, 59, 27)
(2417/4, 62, 29)
(1209/2, 64, 30)
(2419/4, 62, 29)
(2423/4, 60, 28)
(606, 64, 30)
(2425/4, 69, 33)
(1213/2, 61, 29)
(1213/2, 71, 34)
(608, 64, 30)
(609, 63, 29)
(1219/2, 64, 30)
(610, 66, 31)
(611, 64, 30)
(1223/2, 66, 31)
(612, 68, 32)
(613, 66, 31)
(1227/2, 68, 32)
(614, 69, 33)
(1229/2, 72, 35)
(616, 71, 34)
(1237/2, 84, 42)
(619, 81, 40)
(1239/2, 76, 37)
(620, 83, 41)
(1241/2, 80, 39)
(621, 76, 37)
(1243/2, 83, 41)
(1243/2, 84, 42)
(622, 81, 40)
(1245/2, 76, 37)
(624, 88, 44)
(1249/2, 76, 37)
(628, 89, 45)
(629, 88, 44)
(2519/4, 86, 43)
(632, 84, 42)
(633, 86, 43)
(1269/2, 84, 42)
(636, 71, 34)
(636, 84, 42)
(637, 79, 39)
(638, 81, 40)
(1277/2, 78, 38)
(640, 83, 41)
(1281/2, 87, 44)
(641, 87, 44)
(642, 86, 43)
(1285/2, 84, 42)
(644, 83, 41)
(645, 84, 42)
(1291/2, 81, 40)
(646, 67, 32)
(646, 78, 38)
(648, 83, 41)
(649, 75, 37)
(1299/2, 75, 37)
(650, 75, 37)
(651, 74, 36)
(1303/2, 72, 35)
(652, 71, 34)
(1307/2, 67, 32)
(2617/4, 66, 31)
(1309/2, 69, 33)
(2619/4, 72, 35)
(655, 71, 34)
(2621/4, 69, 33)
(1311/2, 67, 32)
(2623/4, 66, 31)
(656, 62, 29)
(1315/2, 71, 34)
(1317/2, 69, 33)
(2635/4, 72, 35)
(2635/4, 76, 37)
(659, 74, 36)
(2637/4, 72, 35)
(1319/2, 71, 34)
(2639/4, 69, 32)
(660, 66, 31)
(1323/2, 71, 34)
(662, 72, 35)
(2649/4, 79, 39)
(1325/2, 76, 37)
(1988/3, 74, 36)
(3977/6, 72, 35)
(664, 69, 33)
(1331/2, 78, 38)
(666, 76, 37)
(2665/4, 79, 39)
(1333/2, 83, 41)
(2667/4, 81, 40)
(667, 79, 39)
(2669/4, 78, 38)
(1335/2, 76, 37)
(2671/4, 83, 41)
(668, 84, 42)
(2673/4, 86, 43)
(2677/4, 84, 42)
(1339/2, 79, 39)
(2679/4, 78, 38)
(1341/2, 79, 39)
(672, 81, 40)
(2689/4, 83, 41)
(1345/2, 83, 41)
(2691/4, 81, 40)
(673, 79, 39)
(2693/4, 78, 38)
(1347/2, 76, 37)
(2695/4, 75, 36)
(2701/4, 75, 36)
(677, 75, 36)
(1355/2, 76, 37)
(678, 76, 37)
(1357/2, 78, 38)
(680, 79, 39)
(681, 78, 38)
(1363/2, 79, 39)
(682, 79, 39)
(1365/2, 81, 40)
(684, 83, 41)
(685, 81, 40)
(1371/2, 83, 41)
(686, 84, 42)
(687, 83, 41)
(1375/2, 84, 42)
(692, 64, 30)
(692, 71, 34)
(694, 66, 31)
(694, 75, 36)
(696, 64, 30)
(696, 71, 34)
(20001/2, 59, 27)
(10001, 64, 30)
(20003/2, 67, 32)
(10002, 66, 31)
(20005/2, 64, 30)
(20013/2, 59, 27)
(10007, 64, 30)
(20015/2, 67, 32)
(10008, 66, 31)
(20017/2, 64, 30)
(20019/2, 60, 28)
(10010, 64, 30)
(20021/2, 69, 33)
(10011, 67, 32)
(20023/2, 66, 31)
(20025/2, 60, 28)
(10013, 66, 31)
(20027/2, 69, 33)
(10014, 67, 32)
(20029/2, 66, 31)
(20031/2, 59, 27)
(10016, 64, 30)
(20033/2, 67, 32)
(10017, 66, 31)
(20035/2, 64, 30)
(20037/2, 64, 30)
(10019, 67, 32)
(10020, 69, 33)
(20041/2, 66, 31)
(20043/2, 67, 32)
(10022, 71, 34)
(10023, 71, 34)
(20047/2, 65, 31)
(20049/2, 64, 30)
(10025, 69, 33)
(10026, 66, 31)
(20053/2, 64, 30)
(20055/2, 63, 29)
(10029, 64, 30)
(20059/2, 66, 31)
(20061/2, 62, 29)
(10031, 67, 32)
(20063/2, 71, 34)
(10032, 69, 33)
(20065/2, 67, 32)
(20067/2, 64, 30)
(10034, 67, 32)
(20069/2, 72, 35)
(10035, 71, 34)
(20071/2, 69, 33)
(20073/2, 64, 30)
(10037, 69, 33)
(20075/2, 72, 35)
(10038, 71, 34)
(20077/2, 69, 33)
(20079/2, 62, 29)
(10040, 67, 32)
(20081/2, 71, 34)
(10041, 69, 33)
(20083/2, 67, 32)
(20085/2, 64, 30)
(10043, 71, 34)
(10044, 72, 35)
(10044, 83, 41)
(10046, 67, 32)
(20093/2, 60, 28)
(20097/2, 71, 34)
(10049, 67, 32)
(10050, 66, 31)
(20101/2, 60, 28)
(20103/2, 59, 27)
(10052, 60, 28)
(20105/2, 62, 29)
(10053, 60, 28)
(20107/2, 62, 29)
(10054, 64, 30)
(20111/2, 62, 29)
(10056, 60, 28)
(20113/2, 62, 29)
(10057, 64, 30)
(20117/2, 62, 29)
(10059, 66, 31)
(20119/2, 67, 32)
(10060, 67, 32)
(20121/2, 66, 31)
(10061, 67, 32)
(20123/2, 62, 29)
(10064, 60, 28)
(20129/2, 59, 27)
(10065, 60, 28)
(20131/2, 62, 29)
(10066, 63, 30)
(20135/2, 62, 29)
(10068, 60, 28)
(20137/2, 62, 29)
(10069, 63, 30)
(20141/2, 62, 29)
(10071, 64, 30)
(20143/2, 67, 32)
(10072, 67, 32)
(20147/2, 66, 31)
(20149/2, 61, 28)
(40303/4, 62, 29)
(40305/4, 62, 29)
(10078, 66, 31)
(20169/2, 66, 31)
(10085, 71, 34)
(20171/2, 74, 36)
(10086, 71, 34)
(20173/2, 74, 36)
(10087, 72, 35)
(20175/2, 71, 34)
(10088, 72, 35)
(20177/2, 71, 34)
(20181/2, 66, 31)
(10091, 71, 34)
(20183/2, 73, 35)
(10092, 71, 34)
(20185/2, 70, 33)
(10093, 72, 35)
(20187/2, 71, 34)
(10094, 69, 33)
(20189/2, 68, 32)
(10095, 69, 33)
(20191/2, 71, 34)
(20193/2, 64, 30)
(10097, 69, 33)
(20195/2, 71, 34)
(10098, 69, 33)
(20197/2, 68, 32)
(10099, 67, 32)
(20199/2, 69, 33)
(10100, 67, 32)
(20201/2, 66, 31)
(10101, 67, 32)
(20203/2, 69, 33)
(20205/2, 59, 27)
(10103, 64, 30)
(20207/2, 67, 32)
(10104, 66, 31)
(20209/2, 64, 30)
(20211/2, 60, 28)
(10106, 64, 30)
(20213/2, 69, 33)
(10107, 67, 32)
(20215/2, 66, 31)
(20217/2, 60, 28)
(10109, 66, 31)
(20219/2, 69, 33)
(10110, 67, 32)
(20221/2, 66, 31)
(20223/2, 59, 27)
(10112, 64, 30)
(20225/2, 67, 32)
(10113, 66, 31)
(20227/2, 64, 30)
(20229/2, 67, 32)
(20231/2, 69, 33)
(10116, 66, 31)
(10117, 67, 32)
(20235/2, 71, 34)
(20237/2, 71, 34)
(10119, 66, 31)
(20241/2, 64, 30)
(10121, 69, 33)
(10122, 66, 31)
(20245/2, 64, 30)
(20247/2, 60, 28)
(10124, 64, 30)
(20249/2, 64, 30)
(20253/2, 60, 28)
(10127, 64, 30)
(20255/2, 64, 30)
(20259/2, 61, 28)
(10130, 64, 30)
(20261/2, 58, 26)
(10131, 59, 27)
(20263/2, 61, 28)
(10132, 58, 26)
(20265/2, 59, 27)
(10133, 61, 28)
(20267/2, 64, 30)
(20271/2, 59, 27)
(10136, 64, 30)
(20273/2, 68, 32)
(10137, 66, 31)
(20275/2, 64, 30)
(20277/2, 66, 31)
(10139, 67, 32)
(20279/2, 66, 31)
(10140, 64, 30)
(20281/2, 63, 29)
(10141, 64, 30)
(20283/2, 66, 31)
(10142, 70, 33)
(10144, 69, 33)
(20289/2, 67, 32)
(10145, 66, 31)
(20291/2, 64, 30)
(10146, 67, 32)
(20293/2, 72, 35)
(20297/2, 64, 30)
(10150, 64, 30)
(20303/2, 63, 29)
(10153, 64, 30)
(20307/2, 55, 25)
(10154, 57, 26)
(20309/2, 59, 27)
(10155, 57, 26)
(20311/2, 59, 27)
(10156, 60, 28)
(20315/2, 59, 27)
(10158, 57, 26)
(20317/2, 59, 27)
(10159, 60, 28)
(20321/2, 59, 27)
(10161, 63, 29)
(20323/2, 64, 30)
(10162, 63, 29)
(10172, 71, 34)
(10176, 72, 35)
(40705/4, 74, 36)
(20353/2, 76, 37)
(40707/4, 74, 36)
(10177, 72, 35)
(10178, 71, 34)
(40713/4, 69, 33)
(20357/2, 67, 32)
(40715/4, 66, 31)
(20359/2, 67, 32)
(10180, 69, 33)
(40721/4, 71, 34)
(20361/2, 72, 35)
(40723/4, 71, 34)
(10181, 69, 33)
(40725/4, 67, 32)
(20363/2, 66, 31)
(40727/4, 64, 30)
(101819/10, 62, 29)
(10184, 64, 30)
(10185, 62, 29)
(20371/2, 64, 30)
(10186, 66, 31)
(10187, 64, 30)
(20375/2, 66, 31)
(10188, 67, 32)
(10189, 66, 31)
(20379/2, 67, 32)
(10190, 69, 33)
(10191, 71, 34)
(20383/2, 72, 35)
(10192, 71, 34)
(20387/2, 71, 34)
(10194, 76, 37)
(61165/6, 78, 38)
(61165/6, 79, 39)
(30583/3, 78, 38)
(20389/2, 74, 36)
(30584/3, 73, 35)
(61169/6, 71, 34)
(50979/5, 70, 33)
(101973/10, 71, 34)
(50989/5, 73, 35)
(101981/10, 74, 36)
(101983/10, 73, 35)
(91787/9, 71, 34)
(50994/5, 70, 33)
(101991/10, 67, 32)
(101993/10, 66, 31)
(91796/9, 64, 30)
(50999/5, 62, 29)
(102001/10, 66, 31)
(102003/10, 71, 34)
(91805/9, 66, 31)
(51004/5, 62, 29)
(102021/10, 64, 30)
(51019/5, 66, 31)
(102041/10, 71, 34)
(102043/10, 69, 33)
(91841/9, 66, 31)
(91850/9, 67, 32)
(51029/5, 71, 34)
(102061/10, 76, 37)
(102063/10, 71, 34)
(91859/9, 64, 30)
(51039/5, 76, 37)
(51044/5, 69, 33)
(102093/10, 71, 34)
(51049/5, 72, 35)
(51054/5, 75, 36)
(102113/10, 76, 37)
(51059/5, 78, 38)
(51064/5, 66, 31)
(102133/10, 67, 32)
(51069/5, 69, 33)
(102143/10, 72, 35)
(51074/5, 71, 34)
(102153/10, 78, 38)
(51079/5, 79, 39)
(102173/10, 76, 37)
(51089/5, 72, 35)
(102183/10, 69, 33)
(51094/5, 64, 30)
(102193/10, 72, 35)
(51099/5, 71, 34)
(102203/10, 67, 32)
(51104/5, 71, 34)
(102213/10, 76, 37)
(102213/10, 72, 35)
(51109/5, 64, 30)
(102223/10, 72, 35)
(51119/5, 67, 32)
(102253/10, 71, 34)
(51129/5, 70, 33)
(102273/10, 66, 31)
(51139/5, 67, 32)
(102293/10, 67, 32)
(102301/10, 67, 32)
(102311/10, 59, 28)
(51159/5, 62, 29)
(102333/10, 71, 34)
(51169/5, 71, 34)
(51189/5, 73, 35)
(51194/5, 74, 36)
(102393/10, 76, 37)
(51199/5, 78, 38)
(102413/10, 83, 41)
(51209/5, 79, 39)
(102423/10, 76, 37)
(51214/5, 71, 34)
(102433/10, 79, 39)
(51219/5, 78, 38)
(102443/10, 74, 36)
(51224/5, 71, 34)
(102453/10, 78, 38)
(51229/5, 76, 37)
(102473/10, 74, 36)
(51239/5, 76, 37)
(102481/10, 78, 38)
(102483/10, 79, 39)
(92237/9, 78, 38)
(51244/5, 76, 37)
(102491/10, 74, 36)
(102493/10, 73, 35)
(92246/9, 71, 34)
(51249/5, 70, 33)
(102513/10, 71, 34)
(51259/5, 73, 35)
(10252, 74, 36)
(10252, 76, 37)
(71765/7, 74, 36)
(102523/10, 73, 35)
(20505/2, 71, 34)
(30758/3, 66, 31)
(30758/3, 67, 32)
(71779/7, 66, 31)
(92302/9, 66, 31)
(92311/9, 62, 29)
(71801/7, 59, 27)
(92320/9, 62, 29)
(71808/7, 62, 29)
(92329/9, 62, 29)
(92338/9, 62, 29)
(92347/9, 68, 32)
(71829/7, 69, 33)
(92356/9, 71, 34)
(71983/7, 78, 38)
(92554/9, 79, 39)
(10284, 81, 40)
(71990/7, 83, 41)
(20569/2, 81, 40)
(92563/9, 79, 39)
(10285, 78, 38)
(71997/7, 76, 37)
(20571/2, 74, 36)
(92572/9, 73, 35)
(72011/7, 74, 36)
(92590/9, 76, 37)
(10288, 78, 38)
(72018/7, 79, 39)
(20577/2, 78, 38)
(92599/9, 76, 37)
(10289, 74, 36)
(72025/7, 73, 35)
(20579/2, 71, 34)
(92608/9, 70, 33)
(72039/7, 70, 33)
(92626/9, 71, 34)
(72046/7, 70, 33)
(92635/9, 71, 34)
(72053/7, 73, 35)
(92653/9, 71, 34)
(72067/7, 73, 35)
(92662/9, 74, 36)
(92671/9, 73, 35)
(72081/7, 74, 36)
(92680/9, 76, 37)
(92689/9, 78, 38)
(72095/7, 79, 39)
(92698/9, 71, 34)
(10300, 74, 36)
(72102/7, 78, 38)
(72109/7, 71, 34)
(20603/2, 67, 32)
(10302, 64, 30)
(72116/7, 67, 32)
(20605/2, 71, 34)
(92734/9, 66, 31)
(10304, 61, 28)
(72130/7, 58, 26)
(20609/2, 61, 28)
(92743/9, 66, 31)
(72137/7, 66, 31)
(92752/9, 71, 34)
(92761/9, 70, 33)
(72151/7, 64, 30)
(92770/9, 62, 29)
(72165/7, 71, 34)
(92788/9, 83, 41)
(92797/9, 83, 41)
(72179/7, 79, 39)
(92806/9, 78, 38)
(72193/7, 71, 34)
(92824/9, 83, 41)
(92833/9, 83, 41)
(72207/7, 79, 39)
(92842/9, 78, 38)
(92851/9, 66, 31)
(72221/7, 66, 31)
(92860/9, 66, 31)
(92869/9, 71, 34)
(72235/7, 71, 34)
(92878/9, 71, 34)
(92887/9, 71, 34)
(72249/7, 71, 34)
(92896/9, 74, 36)
(92905/9, 71, 34)
(72263/7, 64, 30)
(92914/9, 64, 30)
(72277/7, 69, 33)
(10326, 81, 40)
(20653/2, 77, 38)
(92950/9, 76, 37)
(72305/7, 69, 33)
(92968/9, 81, 40)
(92977/9, 81, 40)
(72319/7, 77, 38)
(92986/9, 76, 37)
(92995/9, 69, 33)
(72333/7, 71, 34)
(93004/9, 72, 35)
(93013/9, 72, 35)
(72347/7, 72, 35)
(93022/9, 72, 35)
(93031/9, 66, 31)
(72361/7, 67, 32)
(93040/9, 69, 33)
(72368/7, 72, 35)
(72375/7, 69, 33)
(93058/9, 67, 32)
(72424/7, 69, 33)
(93121/9, 67, 32)
(72431/7, 66, 31)
(93130/9, 67, 32)
(10348, 62, 29)
(72438/7, 59, 27)
(20697/2, 62, 29)
(93139/9, 67, 32)
(93148/9, 67, 32)
(10350, 64, 30)
(72452/7, 60, 28)
(20701/2, 64, 30)
(93157/9, 67, 32)
(93166/9, 67, 32)
(10352, 62, 29)
(72466/7, 59, 27)
(20705/2, 62, 29)
(93175/9, 67, 32)
(93184/9, 67, 32)
(10354, 64, 30)
(72480/7, 60, 28)
(20709/2, 64, 30)
(93193/9, 67, 32)
(72487/7, 67, 32)
(93202/9, 76, 37)
(72501/7, 69, 33)
(93220/9, 74, 36)
(10358, 76, 37)
(72508/7, 78, 38)
(20717/2, 76, 37)
(93229/9, 74, 36)
(10359, 72, 35)
(72515/7, 71, 34)
(20719/2, 69, 33)
(93238/9, 74, 36)
(72529/7, 69, 33)
(93256/9, 68, 32)
(10362, 69, 33)
(72536/7, 71, 34)
(20725/2, 69, 33)
(93265/9, 68, 32)
(10363, 65, 31)
(72543/7, 64, 30)
(20727/2, 62, 29)
(93274/9, 60, 28)
(72557/7, 71, 34)
(93292/9, 69, 33)
(10366, 71, 34)
(72564/7, 72, 35)
(20733/2, 71, 34)
(93301/9, 69, 33)
(10367, 67, 32)
(72571/7, 66, 31)
(20735/2, 64, 30)
(93310/9, 62, 29)
(72585/7, 73, 35)
(10370, 74, 36)
(72592/7, 76, 37)
(20741/2, 77, 38)
(93337/9, 76, 37)
(10371, 74, 36)
(72599/7, 71, 34)
(20743/2, 69, 33)
(93346/9, 67, 32)
(93355/9, 78, 38)
(93364/9, 79, 39)
(72627/7, 77, 38)
(93382/9, 76, 38)
(10376, 79, 39)
(72634/7, 76, 38)
(20753/2, 76, 37)
(93391/9, 74, 36)
(10377, 72, 35)
(72641/7, 71, 34)
(20755/2, 69, 33)
(20757/2, 74, 36)
(93418/9, 74, 36)
(93427/9, 71, 34)
(72669/7, 67, 32)
(93436/9, 67, 32)
(93445/9, 72, 35)
(72683/7, 76, 37)
(93454/9, 75, 36)
(93472/9, 75, 36)
(72704/7, 76, 37)
(93481/9, 75, 36)
(72711/7, 76, 37)
(93490/9, 75, 36)
(72732/7, 77, 38)
(93517/9, 76, 37)
(72739/7, 77, 38)
(93526/9, 76, 37)
(72760/7, 77, 38)
(93553/9, 76, 37)
(72767/7, 77, 38)
(93562/9, 76, 37)
(72788/7, 82, 41)
(93589/9, 81, 40)
(72795/7, 82, 41)
(93598/9, 81, 40)
(72816/7, 82, 41)
(93625/9, 81, 40)
(72823/7, 82, 41)
(93634/9, 81, 40)
(72844/7, 82, 41)
(93661/9, 81, 40)
(72851/7, 79, 39)
(93670/9, 78, 38)
(93679/9, 77, 38)
(72872/7, 76, 37)
(93697/9, 74, 36)
(72879/7, 73, 35)
(93706/9, 74, 36)
(72949/7, 59, 27)
(10422, 62, 29)
(72956/7, 60, 28)
(20845/2, 59, 27)
(93805/9, 60, 28)
(10423, 62, 29)
(72963/7, 64, 30)
(20847/2, 66, 31)
(93814/9, 69, 33)
(72977/7, 68, 32)
(93832/9, 65, 31)
(10426, 64, 30)
(72984/7, 62, 29)
(20853/2, 64, 30)
(93841/9, 65, 31)
(10427, 68, 32)
(72991/7, 68, 33)
(20855/2, 71, 34)
(93850/9, 72, 35)
(73005/7, 72, 35)
(93868/9, 71, 34)
(93877/9, 72, 35)
(73019/7, 71, 34)
(93886/9, 70, 33)
(93895/9, 71, 34)
(73033/7, 70, 33)
(93904/9, 69, 33)
(93913/9, 71, 34)
(73047/7, 69, 33)
(93922/9, 68, 32)
(93931/9, 65, 31)
(73061/7, 64, 30)
(93940/9, 62, 29)
(73075/7, 60, 28)
(93958/9, 59, 27)
(10440, 57, 26)
(73082/7, 56, 25)
(20881/2, 57, 26)
(93967/9, 59, 27)
(10441, 60, 28)
(73089/7, 62, 29)
(20883/2, 64, 30)
(93976/9, 65, 31)
(73103/7, 71, 34)
(93994/9, 69, 33)
(10444, 72, 35)
(73110/7, 76, 37)
(20889/2, 72, 35)
(94003/9, 69, 33)
(73131/7, 69, 33)
(94030/9, 66, 31)
(10448, 64, 30)
(73138/7, 63, 29)
(20897/2, 64, 30)
(94039/9, 66, 31)
(10449, 68, 32)
(73145/7, 69, 33)
(20899/2, 71, 34)
(94048/9, 72, 35)
(73159/7, 71, 34)
(73166/7, 71, 34)
(94075/9, 76, 37)
(73173/7, 80, 39)
(94084/9, 83, 41)
(73187/7, 83, 41)
(94102/9, 81, 40)
(94111/9, 83, 41)
(73201/7, 81, 40)
(94120/9, 79, 39)
(94129/9, 81, 40)
(73215/7, 79, 39)
(94138/9, 77, 38)
(94147/9, 79, 39)
(73229/7, 77, 38)
(94156/9, 81, 40)
(94165/9, 83, 41)
(73243/7, 81, 40)
(94174/9, 79, 39)
(94183/9, 81, 40)
(73257/7, 79, 39)
(94192/9, 83, 41)
(94201/9, 84, 42)
(73271/7, 83, 41)
(94210/9, 81, 40)
(94219/9, 81, 40)
(104691/10, 78, 39)
(94225/9, 78, 38)
(94234/9, 81, 40)
(94243/9, 78, 39)
(94246/9, 78, 38)
(94255/9, 81, 40)
(73313/7, 79, 39)
(94264/9, 78, 38)
(73320/7, 78, 38)
(94273/9, 81, 40)
(73327/7, 79, 39)
(94282/9, 78, 38)
(73334/7, 69, 33)
(94291/9, 72, 35)
(10477, 74, 36)
(73341/7, 76, 37)
(20955/2, 74, 36)
(94300/9, 72, 35)
(10478, 71, 34)
(73348/7, 69, 33)
(20957/2, 67, 32)
(94309/9, 66, 31)
(73362/7, 66, 31)
(94327/9, 69, 33)
(10481, 71, 34)
(73369/7, 72, 35)
(20963/2, 71, 34)
(94336/9, 69, 33)
(10482, 67, 32)
(73376/7, 66, 31)
(20965/2, 64, 30)
(94345/9, 63, 29)
(94354/9, 71, 34)
(73390/7, 71, 34)
(94363/9, 71, 34)
(73397/7, 71, 34)
(94372/9, 71, 34)
(73404/7, 71, 34)
(94390/9, 71, 34)
(73418/7, 71, 34)
(94399/9, 71, 34)
(73425/7, 76, 37)
(94417/9, 76, 37)
(73439/7, 76, 37)
(94426/9, 76, 37)
(73453/7, 75, 36)
(94444/9, 76, 37)
(10494, 78, 38)
(73460/7, 79, 39)
(20989/2, 78, 38)
(94453/9, 76, 37)
(10495, 74, 36)
(73467/7, 72, 35)
(20991/2, 71, 34)
(94462/9, 69, 33)
(73474/7, 69, 33)
(94471/9, 75, 36)
(10497, 76, 37)
(73481/7, 78, 38)
(20995/2, 76, 37)
(94480/9, 75, 36)
(10498, 73, 35)
(73488/7, 71, 34)
(20997/2, 69, 33)
(94489/9, 67, 32)
(73495/7, 63, 29)
(94498/9, 64, 30)
(94507/9, 71, 34)
(94516/9, 76, 37)
(73551/7, 64, 30)
(94570/9, 63, 29)
(10508, 64, 30)
(73558/7, 66, 31)
(21017/2, 64, 30)
(94579/9, 63, 29)
(10509, 60, 28)
(73565/7, 59, 27)
(21019/2, 57, 26)
(94588/9, 55, 25)
(73572/7, 59, 27)
(94597/9, 64, 30)
(73579/7, 67, 32)
(94606/9, 66, 31)
(10512, 67, 32)
(73586/7, 69, 33)
(21025/2, 67, 32)
(94615/9, 66, 31)
(10513, 64, 30)
(73593/7, 63, 29)
(21027/2, 60, 28)
(94624/9, 59, 27)
(73600/7, 64, 30)
(94633/9, 67, 32)
(73607/7, 71, 34)
(94642/9, 69, 33)
(10516, 72, 35)
(73614/7, 78, 38)
(21033/2, 76, 37)
(94651/9, 75, 36)
(10517, 72, 35)
(73621/7, 71, 34)
(21035/2, 69, 33)
(94660/9, 67, 32)
(73628/7, 67, 32)
(94669/9, 71, 34)
(73635/7, 76, 37)
(94678/9, 72, 35)
(10520, 76, 37)
(73642/7, 81, 40)
(21041/2, 79, 39)
(94687/9, 78, 38)
(10521, 76, 37)
(73649/7, 74, 36)
(21043/2, 72, 35)
(94696/9, 71, 34)
(73656/7, 71, 34)
(94705/9, 76, 37)
(73663/7, 83, 41)
(94714/9, 79, 39)
(94723/9, 81, 40)
(94732/9, 73, 35)
(10526, 74, 36)
(73684/7, 76, 37)
(21053/2, 74, 36)
(94741/9, 73, 35)
(10527, 71, 34)
(73691/7, 70, 33)
(21055/2, 67, 32)
(94750/9, 81, 40)
(10528, 83, 41)
(73698/7, 84, 42)
(21057/2, 83, 41)
(94759/9, 81, 40)
(10529, 79, 39)
(73705/7, 78, 38)
(21059/2, 76, 37)
(94777/9, 71, 34)
(10531, 69, 33)
(21063/2, 71, 34)
(94786/9, 72, 35)
(10532, 74, 36)
(73726/7, 76, 37)
(21065/2, 77, 38)
(21067/2, 68, 32)
(94804/9, 69, 33)
(10534, 71, 34)
(73740/7, 69, 33)
(21069/2, 68, 32)
(94813/9, 65, 31)
(10535, 64, 30)
(105351/10, 62, 29)
(21071/2, 60, 28)
(21073/2, 69, 33)
(94831/9, 71, 34)
(10537, 72, 35)
(73768/7, 69, 33)
(21077/2, 71, 34)
(94849/9, 72, 35)
(10539, 74, 36)
(21079/2, 63, 29)
(21081/2, 63, 29)
(94867/9, 64, 30)
(10541, 66, 31)
(73789/7, 67, 32)
(21083/2, 69, 33)
(94876/9, 67, 32)
(10542, 66, 31)
(73796/7, 67, 32)
(21085/2, 69, 33)
(94885/9, 67, 32)
(10543, 66, 31)
(73803/7, 64, 30)
(21087/2, 63, 29)
(21089/2, 63, 29)
(94903/9, 64, 30)
(10545, 66, 31)
(73817/7, 67, 32)
(21091/2, 69, 33)
(94912/9, 67, 32)
(10546, 66, 31)
(73824/7, 67, 32)
(21093/2, 69, 33)
(94921/9, 67, 32)
(10547, 66, 31)
(73831/7, 64, 30)
(21095/2, 63, 29)
(10559, 63, 29)
(21119/2, 64, 30)
(21121/2, 63, 29)
(10561, 64, 30)
(21123/2, 66, 31)
(21125/2, 64, 30)
(10563, 66, 31)
(21127/2, 67, 32)
(21129/2, 66, 31)
(10565, 67, 32)
(21131/2, 69, 33)
(21133/2, 71, 34)
(10567, 72, 35)
(21135/2, 71, 34)
(10569, 76, 37)
(21139/2, 72, 35)
(10570, 69, 33)
(21143/2, 71, 34)
(10572, 67, 32)
(21145/2, 64, 30)
(10573, 71, 34)
(21147/2, 69, 33)
(74017/7, 66, 31)
(52871/5, 69, 33)
(21151/2, 67, 32)
(95182/9, 64, 30)
(10576, 59, 27)
(74034/7, 64, 30)
(21153/2, 67, 32)
(10577, 67, 32)
(21155/2, 69, 33)
(95200/9, 60, 28)
(95209/9, 64, 30)
(10579, 69, 33)
(21159/2, 59, 27)
(21159/2, 74, 36)
(10581, 55, 25)
(10581, 71, 34)
(10582, 64, 30)
(21165/2, 64, 30)
(10583, 66, 31)
(52916/5, 64, 30)
(31750/3, 64, 30)
(21167/2, 67, 32)
(95254/9, 64, 30)
(10584, 60, 28)
(74090/7, 64, 30)
(21169/2, 67, 32)
(10585, 71, 34)
(95272/9, 69, 33)
(74104/7, 69, 33)
(95281/9, 69, 33)
(21175/2, 66, 31)
(95290/9, 71, 34)
(74118/7, 67, 32)
(74132/7, 74, 36)
(74132/7, 78, 38)
(74132/7, 67, 32)
(95317/9, 67, 32)
(21183/2, 69, 33)
(95326/9, 64, 30)
(10592, 60, 28)
(10593, 64, 30)
(74153/7, 69, 33)
(95344/9, 67, 32)
(74160/7, 66, 31)
(95353/9, 66, 31)
(21191/2, 67, 32)
(95362/9, 71, 34)
(10596, 67, 32)
(74174/7, 66, 31)
(95371/9, 66, 31)
(74181/7, 59, 27)
(21195/2, 64, 30)
(95380/9, 67, 32)
(10598, 64, 30)
(21197/2, 63, 29)
(10599, 63, 29)
(21199/2, 64, 30)
(21201/2, 63, 29)
(10601, 64, 30)
(21203/2, 64, 30)
(10602, 66, 31)
(21207/2, 66, 31)
(10604, 67, 32)
(21209/2, 69, 33)
(21215/2, 76, 37)
(10608, 72, 35)
(21217/2, 69, 33)
(10609, 64, 30)
(21219/2, 72, 35)
(21223/2, 71, 34)
(10612, 68, 32)
(21225/2, 62, 29)
(10613, 71, 34)
(21227/2, 69, 33)
(10614, 64, 30)
(21229/2, 69, 33)
(10615, 69, 33)
(21231/2, 66, 32)
(95542/9, 64, 30)
(10616, 59, 27)
(10618, 64, 30)
(10618, 69, 33)
(74328/7, 57, 26)
(21239/2, 71, 34)
(95578/9, 64, 30)
(74342/7, 62, 29)
(21241/2, 64, 30)
(95587/9, 71, 34)
(10621, 69, 33)
(74349/7, 64, 30)
(21243/2, 60, 28)
(95596/9, 64, 30)
(10622, 76, 37)
(21247/2, 67, 32)
(21249/2, 76, 37)
(21249/2, 79, 39)
(10625, 76, 37)
(10625, 79, 39)
(21251/2, 76, 37)
(21251/2, 79, 39)
(21253/2, 78, 38)
(10627, 76, 37)
(21255/2, 74, 36)
(21255/2, 78, 38)
(10628, 74, 36)
(10628, 78, 38)
(21257/2, 74, 36)
(21257/2, 78, 38)
(10630, 76, 37)
(21263/2, 73, 35)
(21265/2, 75, 37)
(10633, 75, 37)
(21267/2, 75, 37)
(21269/2, 74, 36)
(10635, 72, 35)
(21271/2, 71, 34)
(21273/2, 78, 38)
(10637, 76, 37)
(10638, 75, 36)
(21279/2, 83, 41)
(21281/2, 72, 35)
(74486/7, 72, 35)
(53206/5, 72, 35)
(106417/10, 74, 36)
(53211/5, 75, 36)
(21287/2, 69, 33)
(21287/2, 76, 37)
(21289/2, 76, 37)
(10645, 64, 30)
(10645, 76, 37)
(21291/2, 76, 37)
(95812/9, 75, 36)
(74524/7, 75, 36)
(21295/2, 71, 34)
(95830/9, 72, 35)
(74538/7, 72, 35)
(95839/9, 72, 35)
(10649, 64, 30)
(21299/2, 63, 30)
(21303/2, 62, 29)
(21305/2, 67, 32)
(95875/9, 71, 34)
(10653, 69, 33)
(74573/7, 67, 32)
(21307/2, 66, 31)
(95884/9, 64, 30)
(10654, 62, 29)
(74580/7, 60, 28)
(21311/2, 68, 32)
(95902/9, 71, 34)
(10656, 74, 36)
(74594/7, 72, 35)
(21313/2, 71, 34)
(95911/9, 69, 33)
(10657, 68, 32)
(74601/7, 64, 30)
(10658, 64, 30)
(21319/2, 71, 34)
(95938/9, 78, 38)
(10660, 74, 36)
(74622/7, 72, 35)
(21321/2, 71, 34)
(95947/9, 69, 33)
(21327/2, 75, 36)
(95974/9, 78, 38)
(10664, 81, 40)
(74650/7, 79, 39)
(21329/2, 78, 38)
(95983/9, 76, 37)
(10665, 75, 36)
(74657/7, 72, 35)
(21331/2, 71, 34)
(10667, 71, 34)
(21335/2, 72, 35)
(96010/9, 74, 36)
(10668, 76, 37)
(74678/7, 74, 36)
(21337/2, 72, 35)
(96019/9, 71, 34)
(10669, 69, 33)
(74685/7, 67, 32)
(21339/2, 66, 31)
(10671, 67, 32)
(21343/2, 69, 33)
(96046/9, 71, 34)
(10672, 72, 35)
(74706/7, 71, 34)
(21345/2, 69, 33)
(96055/9, 67, 32)
(10673, 66, 31)
(74713/7, 64, 30)
(21347/2, 63, 29)
(10675, 71, 34)
(21351/2, 71, 34)
(21353/2, 69, 33)
(10677, 71, 34)
(21355/2, 75, 36)
(21357/2, 73, 35)
(10679, 75, 36)
(21359/2, 76, 37)
(21361/2, 72, 35)
(21361/2, 76, 37)
(10681, 76, 37)
(21363/2, 78, 38)
(21365/2, 76, 37)
(10683, 78, 38)
(21367/2, 80, 39)
(21369/2, 81, 40)
(10685, 80, 39)
(21371/2, 81, 40)
(21373/2, 80, 39)
(10687, 81, 40)
(21375/2, 81, 40)
(21383/2, 64, 30)
(21383/2, 71, 34)
(21383/2, 83, 41)
(21387/2, 59, 27)
(21387/2, 69, 33)
(21387/2, 71, 34)
(21391/2, 67, 32)
(21391/2, 71, 34)
(40001/2, 52, 23)
(20001, 55, 25)
(40003/2, 59, 27)
(20002, 57, 26)
(40005/2, 55, 25)
(40013/2, 52, 23)
(40015/2, 59, 27)
(20008, 57, 26)
(40017/2, 55, 25)
(40019/2, 52, 23)
(20010, 57, 26)
(40021/2, 60, 28)
(20011, 59, 27)
(40023/2, 57, 26)
(40025/2, 52, 23)
(20013, 57, 26)
(40027/2, 60, 28)
(20014, 59, 27)
(40029/2, 57, 26)
(40031/2, 52, 23)
(20016, 55, 25)
(40033/2, 59, 27)
(20017, 57, 26)
(40035/2, 55, 25)
(40037/2, 55, 25)
(20019, 59, 27)
(20020, 60, 28)
(40041/2, 57, 26)
(40043/2, 59, 27)
(20022, 64, 30)
(20023, 66, 31)
(40047/2, 62, 29)
(60073/3, 57, 26)
(60074/3, 64, 30)
(40051/2, 64, 30)
(40051/2, 71, 34)
(40053/2, 57, 26)
(20028, 57, 26)
(40057/2, 59, 27)
(20029, 60, 28)
(60088/3, 59, 27)
(60089/3, 57, 26)
(40061/2, 52, 23)
(20031, 55, 25)
(40063/2, 59, 27)
(20032, 57, 26)
(40065/2, 55, 25)
(40067/2, 52, 23)
(40069/2, 60, 28)
(20035, 59, 27)
(40071/2, 57, 26)
(40073/2, 52, 23)
(20037, 57, 26)
(40075/2, 60, 28)
(20038, 59, 27)
(40077/2, 57, 26)
(40079/2, 52, 23)
(20040, 55, 25)
(40081/2, 59, 27)
(20041, 57, 26)
(40083/2, 55, 25)
(40085/2, 60, 28)
(20044, 57, 26)
(40089/2, 60, 28)
(40091/2, 62, 29)
(20047, 66, 31)
(40095/2, 64, 30)
(40097/2, 64, 30)
(20049, 59, 27)
(20050, 57, 26)
(20051, 59, 27)
(60157/3, 52, 23)
(60158/3, 54, 24)
(20053, 55, 25)
(60160/3, 54, 24)
(60161/3, 55, 25)
(20054, 57, 26)
(40109/2, 55, 25)
(20055, 54, 24)
(40111/2, 55, 25)
(20056, 54, 24)
(20056, 81, 40)
(40113/2, 55, 25)
(20057, 57, 26)
(40115/2, 55, 25)
(20058, 54, 24)
(40117/2, 55, 25)
(20059, 57, 26)
(40119/2, 59, 27)
(20060, 60, 28)
(40127/2, 59, 27)
(20064, 57, 26)
(40129/2, 55, 25)
(20065, 57, 26)
(40131/2, 59, 27)
(20068, 59, 27)
(60205/3, 57, 26)
(60206/3, 59, 27)
(20069, 60, 28)
(40139/2, 59, 27)
(20070, 57, 26)
(40141/2, 59, 27)
(20071, 60, 28)
(40143/2, 63, 29)
(20072, 64, 30)
(20073, 62, 29)
(40147/2, 61, 28)
(20074, 59, 27)
(40149/2, 58, 26)
(40151/2, 59, 27)
(40153/2, 59, 27)
(20086, 62, 29)
(40173/2, 66, 31)
(20087, 71, 34)
(40175/2, 67, 32)
(20088, 69, 33)
(40177/2, 67, 32)
(20092, 61, 28)
(40185/2, 66, 31)
(20093, 69, 33)
(40187/2, 68, 32)
(20094, 66, 31)
(40189/2, 64, 30)
(20095, 66, 31)
(40191/2, 68, 32)
(20098, 52, 23)
(20099, 64, 30)
(40199/2, 66, 31)
(20100, 64, 30)
(20101, 64, 30)
(40203/2, 66, 31)
(40205/2, 55, 25)
(20103, 59, 27)
(20104, 57, 26)
(40209/2, 55, 25)
(40211/2, 54, 24)
(20106, 57, 26)
(40213/2, 60, 28)
(20107, 59, 27)
(40215/2, 57, 26)
(40217/2, 54, 24)
(20109, 57, 26)
(40219/2, 60, 28)
(20110, 59, 27)
(40221/2, 57, 26)
(40223/2, 52, 23)
(20112, 55, 25)
(40225/2, 59, 27)
(20113, 57, 26)
(40227/2, 55, 25)
(40229/2, 55, 25)
(20115, 59, 27)
(20116, 60, 28)
(40233/2, 57, 26)
(40235/2, 59, 27)
(20118, 64, 30)
(20119, 66, 31)
(40239/2, 62, 29)
(40241/2, 57, 26)
(20121, 64, 30)
(20122, 64, 30)
(40245/2, 57, 26)
(40247/2, 52, 23)
(20124, 57, 26)
(40249/2, 60, 28)
(20125, 59, 27)
(40251/2, 57, 26)
(40253/2, 52, 23)
(20127, 57, 26)
(40255/2, 60, 28)
(20128, 59, 27)
(40257/2, 57, 26)
(40259/2, 52, 23)
(20130, 58, 26)
(40261/2, 61, 28)
(20131, 59, 27)
(40263/2, 58, 26)
(20132, 61, 28)
(40265/2, 59, 27)
(20133, 58, 26)
(40267/2, 58, 26)
(20134, 59, 27)
(40269/2, 61, 28)
(20135, 59, 27)
(20137, 59, 27)
(40275/2, 64, 30)
(20138, 66, 31)
(40277/2, 64, 30)
(20139, 63, 29)
(40279/2, 59, 27)
(40279/2, 60, 28)
(20140, 66, 31)
(40281/2, 69, 33)
(20141, 67, 32)
(40283/2, 66, 31)
(20142, 67, 32)
(40285/2, 66, 31)
(20143, 64, 30)
(20144, 72, 35)
(40289/2, 71, 34)
(20145, 69, 33)
(40291/2, 67, 32)
(20146, 72, 35)
(40293/2, 64, 30)
(20147, 66, 31)
(20150, 67, 32)
(40303/2, 57, 26)
(20153, 55, 25)
(40307/2, 52, 23)
(20154, 54, 24)
(40309/2, 55, 25)
(20155, 54, 24)
(40311/2, 55, 25)
(20156, 57, 26)
(40313/2, 55, 25)
(20157, 54, 24)
(40315/2, 55, 25)
(20158, 54, 24)
(40317/2, 55, 25)
(20159, 57, 26)
(40319/2, 55, 25)
(20160, 54, 24)
(40321/2, 55, 25)
(20161, 57, 26)
(40323/2, 59, 27)
(20162, 60, 28)
(20162, 76, 37)
(40383/2, 64, 30)
(20192, 67, 32)
(80769/4, 69, 33)
(40385/2, 71, 34)
(80771/4, 69, 33)
(20193, 67, 32)
(80773/4, 66, 31)
(40387/2, 62, 29)
(80775/4, 61, 28)
(80781/4, 62, 29)
(20196, 64, 30)
(80785/4, 66, 31)
(40393/2, 67, 32)
(80787/4, 66, 31)
(20197, 64, 30)
(80789/4, 62, 29)
(40395/2, 61, 28)
(80791/4, 59, 27)
(20198, 58, 26)
(40399/2, 58, 26)
(20200, 59, 27)
(20201, 58, 26)
(40403/2, 59, 27)
(20202, 61, 28)
(20203, 59, 27)
(40407/2, 61, 28)
(20204, 63, 29)
(20205, 61, 28)
(40411/2, 63, 29)
(20206, 64, 30)
(20207, 66, 31)
(40415/2, 67, 32)
(20208, 69, 33)
(40419/2, 64, 30)
(20210, 69, 33)
(80841/4, 71, 34)
(40421/2, 72, 35)
(80843/4, 71, 34)
(20211, 69, 33)
(80845/4, 67, 32)
(40423/2, 66, 31)
(80847/4, 64, 30)
(20212, 63, 29)
(40427/2, 64, 30)
(20214, 66, 31)
(80857/4, 67, 32)
(40429/2, 66, 31)
(80859/4, 64, 30)
(20215, 63, 29)
(80861/4, 60, 28)
(40431/2, 59, 27)
(80863/4, 57, 26)
(20216, 55, 25)
(80865/4, 59, 27)
(40433/2, 64, 30)
(80867/4, 59, 27)
(20217, 55, 25)
(20218, 57, 26)
(80873/4, 60, 28)
(40437/2, 64, 30)
(80875/4, 60, 28)
(20219, 57, 26)
(20220, 59, 27)
(80881/4, 64, 30)
(40441/2, 67, 32)
(80883/4, 64, 30)
(20221, 59, 27)
(20222, 57, 26)
(80889/4, 60, 28)
(40445/2, 64, 30)
(80891/4, 60, 28)
(20223, 57, 26)
(20224, 64, 30)
(20225, 64, 30)
(40451/2, 66, 31)
(20226, 67, 32)
(20227, 70, 33)
(40455/2, 71, 34)
(20228, 73, 35)
(20229, 61, 28)
(40459/2, 62, 29)
(20230, 64, 30)
(40461/2, 67, 32)
(20231, 66, 31)
(40463/2, 67, 32)
(20232, 66, 31)
(40467/2, 71, 34)
(20234, 67, 32)
(40469/2, 64, 30)
(20235, 59, 27)
(40471/2, 67, 32)
(20236, 66, 31)
(60709/3, 62, 29)
(60713/3, 71, 34)
(20238, 71, 34)
(20240, 71, 34)
(40481/2, 66, 31)
(20241, 66, 31)
(40483/2, 71, 34)
(20242, 71, 34)
(40493/2, 74, 36)
(20247, 73, 35)
(40495/2, 62, 29)
(20248, 61, 28)
(40499/2, 62, 29)
(20250, 64, 30)
(40503/2, 66, 31)
(20252, 67, 32)
(40507/2, 64, 30)
(20254, 64, 30)
(40511/2, 64, 30)
(20256, 62, 29)
(40515/2, 62, 29)
(20258, 59, 27)
(81033/4, 61, 28)
(40517/2, 62, 29)
(81035/4, 59, 27)
(81035/4, 61, 28)
(20259, 57, 26)
(81037/4, 57, 26)
(81037/4, 57, 26)
(40519/2, 54, 24)
(81039/4, 55, 25)
(20260, 53, 23)
(40523/2, 53, 23)
(20262, 53, 23)
(81049/4, 54, 24)
(40525/2, 56, 25)
(81051/4, 54, 24)
(20263, 53, 23)
(81053/4, 56, 25)
(40527/2, 53, 23)
(81055/4, 56, 25)
(20264, 54, 24)
(40531/2, 66, 31)
(20266, 66, 31)
(40537/2, 71, 34)
(20269, 74, 36)
(40539/2, 71, 34)
(20270, 66, 31)
(40545/2, 73, 35)
(20273, 76, 37)
(40547/2, 64, 30)
(20274, 62, 29)
(20275, 61, 28)
(40551/2, 62, 29)
(20276, 64, 30)
(20277, 63, 29)
(40555/2, 64, 30)
(20278, 60, 28)
(20279, 59, 27)
(40559/2, 60, 28)
(20280, 60, 28)
(20281, 59, 27)
(40563/2, 60, 28)
(20282, 66, 31)
(20283, 67, 32)
(40567/2, 69, 33)
(20284, 71, 34)
(81137/4, 72, 35)
(40569/2, 74, 36)
(81139/4, 72, 35)
(20285, 71, 34)
(81141/4, 69, 33)
(40571/2, 67, 32)
(81143/4, 66, 31)
(20286, 64, 30)
(40575/2, 66, 31)
(20288, 67, 32)
(81153/4, 69, 33)
(40577/2, 71, 34)
(81155/4, 69, 33)
(20289, 67, 32)
(81157/4, 66, 31)
(40579/2, 64, 30)
(81159/4, 62, 29)
(20290, 61, 28)
(40583/2, 61, 28)
(20292, 66, 31)
(81169/4, 62, 29)
(40585/2, 59, 27)
(81171/4, 62, 29)
(20293, 66, 31)
(20294, 66, 31)
(81177/4, 64, 30)
(40589/2, 61, 28)
(81179/4, 64, 30)
(20295, 66, 31)
(20296, 66, 31)
(81185/4, 62, 29)
(162371/8, 59, 27)
(40593/2, 62, 29)
(81187/4, 66, 31)
(81191/4, 66, 31)
(20298, 57, 26)
(81193/4, 60, 28)
(40597/2, 66, 31)
(40601/2, 71, 34)
(20301, 71, 34)
(20303, 69, 33)
(40607/2, 67, 32)
(20304, 66, 31)
(40609/2, 64, 30)
(20305, 62, 29)
(40611/2, 64, 30)
(20306, 66, 31)
(40615/2, 58, 26)
(20308, 59, 27)
(81233/4, 61, 28)
(40617/2, 62, 29)
(81235/4, 61, 28)
(20309, 59, 27)
(81237/4, 57, 26)
(40619/2, 55, 25)
(81239/4, 54, 24)
(20310, 52, 23)
(81241/4, 54, 24)
(40621/2, 55, 25)
(81243/4, 54, 24)
(20311, 52, 23)
(81245/4, 54, 24)
(40623/2, 55, 25)
(81247/4, 57, 26)
(20312, 59, 27)
(81249/4, 61, 28)
(40625/2, 62, 29)
(81251/4, 61, 28)
(20313, 59, 27)
(81253/4, 57, 26)
(40627/2, 55, 25)
(40627/2, 64, 30)
(81255/4, 54, 24)
(20314, 52, 23)
(81257/4, 54, 24)
(40629/2, 55, 25)
(81259/4, 54, 24)
(20315, 52, 23)
(81261/4, 54, 24)
(40631/2, 55, 25)
(81263/4, 57, 26)
(20316, 59, 27)
(40647/2, 68, 32)
(20324, 69, 33)
(81297/4, 71, 34)
(40649/2, 72, 35)
(81299/4, 71, 34)
(20325, 69, 33)
(162603/8, 67, 32)
(162605/8, 65, 31)
(162607/8, 64, 30)
(162609/8, 62, 29)
(162611/8, 64, 30)
(162613/8, 65, 31)
(162615/8, 64, 30)
(162617/8, 62, 29)
(162619/8, 64, 30)
(162621/8, 65, 31)
(81311/4, 67, 32)
(20328, 69, 33)
(81313/4, 71, 34)
(40657/2, 72, 35)
(81315/4, 71, 34)
(20329, 69, 33)
(81317/4, 67, 32)
(40659/2, 65, 31)
(81319/4, 64, 30)
(20330, 62, 29)
(81321/4, 64, 30)
(40661/2, 65, 31)
(81323/4, 64, 30)
(20331, 62, 29)
(81325/4, 64, 30)
(40663/2, 65, 31)
(81327/4, 67, 32)
(20332, 69, 33)
(20333, 64, 30)
(40667/2, 64, 30)
(20334, 69, 33)
(20335, 69, 33)
(40671/2, 67, 32)
(20336, 66, 31)
(20337, 62, 29)
(40675/2, 64, 30)
(20338, 66, 31)
(20339, 69, 33)
(40679/2, 54, 24)
(20340, 55, 25)
(20341, 54, 24)
(40683/2, 55, 25)
(20342, 57, 26)
(20343, 55, 25)
(40687/2, 57, 26)
(20344, 59, 27)
(20345, 57, 26)
(40691/2, 59, 27)
(20346, 60, 28)
(20347, 62, 29)
(40695/2, 64, 30)
(20348, 62, 29)
(20349, 64, 30)
(40699/2, 62, 29)
(20350, 60, 28)
(20351, 62, 29)
(40703/2, 60, 28)
(20352, 59, 27)
(20353, 60, 28)
(40707/2, 59, 27)
(20354, 55, 25)
(20355, 72, 35)
(40711/2, 71, 34)
(20356, 69, 33)
(81425/4, 71, 34)
(40713/2, 70, 34)
(81427/4, 69, 33)
(20357, 67, 32)
(81429/4, 66, 31)
(40715/2, 64, 30)
(81431/4, 62, 29)
(81437/4, 64, 30)
(20360, 65, 31)
(81441/4, 67, 32)
(40721/2, 69, 33)
(81443/4, 67, 32)
(20361, 65, 31)
(81445/4, 64, 30)
(40723/2, 60, 28)
(81449/4, 59, 27)
(20364, 60, 28)
(81457/4, 62, 29)
(40729/2, 64, 30)
(81459/4, 62, 29)
(20365, 60, 28)
(81461/4, 59, 27)
(40731/2, 57, 26)
(81463/4, 56, 25)
(20366, 57, 26)
(40735/2, 69, 33)
(20368, 69, 33)
(81473/4, 71, 34)
(40737/2, 72, 35)
(81475/4, 71, 34)
(20369, 69, 33)
(81477/4, 67, 32)
(40739/2, 66, 31)
(81479/4, 64, 30)
(20370, 62, 29)
(40743/2, 74, 36)
(20372, 74, 36)
(81489/4, 76, 37)
(40745/2, 77, 38)
(81491/4, 76, 37)
(20373, 74, 36)
(81493/4, 72, 35)
(40747/2, 71, 34)
(81495/4, 69, 33)
(20374, 67, 32)
(20375, 71, 34)
(20376, 72, 35)
(40755/2, 64, 30)
(20378, 69, 33)
(81513/4, 71, 34)
(40757/2, 72, 35)
(81515/4, 71, 34)
(20379, 69, 33)
(81517/4, 67, 32)
(40759/2, 65, 31)
(81519/4, 64, 30)
(20380, 62, 29)
(40761/2, 60, 28)
(61142/3, 59, 27)
(122285/6, 57, 26)
(20381, 55, 25)
(81525/4, 53, 24)
(40763/2, 52, 23)
(81527/4, 50, 22)
(20382, 48, 21)
(20383, 64, 30)
(20384, 69, 33)
(40773/2, 71, 34)
(20387, 69, 33)
(40775/2, 71, 34)
(20388, 69, 33)
(40781/2, 72, 35)
(20391, 71, 34)
(40783/2, 72, 35)
(20392, 71, 34)
(40789/2, 72, 35)
(20395, 71, 34)
(40791/2, 72, 35)
(20396, 71, 34)
(20396, 71, 34)
(40793/2, 77, 38)
(20397, 76, 37)
(40795/2, 77, 38)
(20400, 76, 37)
(40801/2, 77, 38)
(20401, 76, 37)
(40803/2, 77, 38)
(20404, 76, 37)
(40809/2, 79, 39)
(20405, 73, 35)
(40811/2, 76, 37)
(40817/2, 69, 33)
(20409, 74, 36)
(40821/2, 67, 32)
(20411, 67, 32)
(40823/2, 67, 32)
(20412, 74, 36)
(40825/2, 69, 33)
(20413, 74, 36)
(20415, 73, 35)
(20416, 74, 36)
(40833/2, 65, 31)
(20417, 70, 34)
(20419, 69, 33)
(20421, 66, 31)
(40843/2, 63, 29)
(20422, 59, 27)
(20424, 57, 26)
(40851/2, 57, 26)
(20426, 57, 26)
(20427, 65, 31)
(20428, 64, 30)
(81713/4, 60, 28)
(40857/2, 57, 26)
(81715/4, 60, 28)
(20429, 64, 30)
(40859/2, 64, 30)
(40859/2, 64, 30)
(81719/4, 59, 27)
(20430, 55, 25)
(81721/4, 59, 27)
(40861/2, 64, 30)
(81727/4, 64, 30)
(20432, 61, 28)
(81729/4, 54, 24)
(40865/2, 61, 28)
(81731/4, 64, 30)
(81733/4, 64, 30)
(81735/4, 62, 29)
(20434, 57, 26)
(81737/4, 53, 24)
(40869/2, 57, 26)
(81739/4, 62, 29)
(81743/4, 62, 29)
(20436, 59, 27)
(81745/4, 52, 23)
(40873/2, 59, 27)
(81747/4, 62, 29)
(81749/4, 60, 28)
(81751/4, 59, 27)
(81757/4, 57, 26)
(81759/4, 56, 25)
(20440, 57, 26)
(81761/4, 59, 27)
(40881/2, 57, 26)
(81763/4, 56, 25)
(20441, 57, 26)
(81765/4, 59, 27)
(40883/2, 60, 28)
(81767/4, 62, 29)
(81777/4, 64, 30)
(81779/4, 63, 29)
(20445, 64, 30)
(81781/4, 66, 31)
(40891/2, 67, 32)
(81783/4, 69, 33)
(81785/4, 67, 32)
(40893/2, 64, 30)
(40893/2, 66, 31)
(81787/4, 63, 29)
(81793/4, 66, 31)
(81795/4, 63, 29)
(20449, 64, 30)
(81797/4, 66, 31)
(40899/2, 68, 32)
(81799/4, 66, 31)
(20450, 68, 32)
(81801/4, 69, 33)
(40901/2, 68, 32)
(81803/4, 66, 31)
(20451, 69, 33)
(81805/4, 68, 32)
(40903/2, 66, 31)
(81807/4, 64, 30)
(81811/4, 64, 30)
(20453, 59, 27)
(81813/4, 56, 25)
(40907/2, 59, 27)
(81815/4, 64, 30)
(81819/4, 64, 30)
(20455, 59, 27)
(81821/4, 56, 25)
(40911/2, 59, 27)
(81823/4, 64, 30)
(81827/4, 64, 30)
(20457, 57, 26)
(81829/4, 64, 30)
(40915/2, 69, 33)
(81831/4, 72, 35)
(81835/4, 72, 35)
(20459, 67, 32)
(81837/4, 64, 30)
(40919/2, 67, 32)
(81839/4, 72, 35)
(81843/4, 60, 28)
(20461, 64, 30)
(81845/4, 65, 31)
(40923/2, 69, 33)
(81847/4, 74, 36)
(81851/4, 74, 36)
(20463, 69, 33)
(81853/4, 66, 31)
(40927/2, 69, 33)
(81855/4, 74, 36)
(81859/4, 62, 29)
(20465, 66, 31)
(81861/4, 67, 32)
(40931/2, 71, 34)
(81863/4, 76, 37)
(81867/4, 76, 37)
(20467, 71, 34)
(81869/4, 68, 32)
(40935/2, 71, 34)
(81871/4, 76, 37)
(81875/4, 69, 33)
(20469, 72, 35)
(81877/4, 76, 37)
(40939/2, 72, 35)
(81879/4, 69, 33)
(81883/4, 69, 33)
(20471, 72, 35)
(81885/4, 76, 37)
(40943/2, 72, 35)
(81887/4, 69, 33)
(81891/4, 69, 33)
(20473, 72, 35)
(81893/4, 76, 37)
(40947/2, 72, 35)
(81895/4, 69, 33)
(81899/4, 69, 33)
(20475, 72, 35)
(81901/4, 76, 37)
(40951/2, 72, 35)
(81903/4, 69, 33)
(81905/4, 64, 30)
(81907/4, 69, 33)
(20477, 71, 34)
(81909/4, 72, 35)
(40955/2, 71, 34)
(81911/4, 69, 33)
(20478, 67, 32)
(81913/4, 66, 31)
(40957/2, 64, 30)
(81915/4, 62, 29)
(81915/4, 64, 30)
(81921/4, 63, 29)
(81923/4, 66, 31)
(20481, 67, 32)
(81925/4, 69, 33)
(40963/2, 67, 32)
(81927/4, 66, 31)
(20482, 64, 30)
(81929/4, 63, 29)
(40965/2, 60, 28)
(81931/4, 59, 27)
(81935/4, 67, 32)
(81939/4, 69, 33)
(81941/4, 67, 32)
(81943/4, 69, 33)
(81947/4, 69, 33)
(81949/4, 69, 33)
(81951/4, 67, 32)
(81957/4, 69, 33)
(81959/4, 67, 32)
(81961/4, 64, 30)
(81963/4, 64, 30)
(81965/4, 64, 30)
(81967/4, 64, 30)
(81969/4, 64, 30)
(81971/4, 67, 32)
(20493, 69, 33)
(81973/4, 71, 34)
(40987/2, 69, 33)
(81975/4, 67, 32)
(20494, 66, 31)
(81977/4, 64, 30)
(40989/2, 62, 29)
(81979/4, 60, 28)
(81981/4, 67, 32)
(81983/4, 69, 33)
(20496, 71, 34)
(81985/4, 72, 35)
(40993/2, 71, 34)
(81987/4, 60, 28)
(81987/4, 69, 33)
(20497, 67, 32)
(81989/4, 66, 31)
(40995/2, 64, 30)
(81991/4, 63, 29)
(81993/4, 66, 31)
(81995/4, 67, 32)
(20499, 69, 33)
(81997/4, 71, 34)
(40999/2, 69, 33)
(81999/4, 67, 32)
(20500, 69, 33)
(82001/4, 71, 34)
(41001/2, 69, 33)
(82003/4, 67, 32)
(20501, 66, 31)
(82005/4, 64, 30)
(41003/2, 63, 29)
(82007/4, 64, 30)
(20502, 66, 31)
(82009/4, 67, 32)
(41005/2, 66, 31)
(82011/4, 64, 30)
(20503, 62, 29)
(82013/4, 60, 28)
(41007/2, 59, 27)
(82015/4, 60, 28)
(20504, 62, 29)
(82017/4, 64, 30)
(41009/2, 62, 29)
(82019/4, 60, 28)
(20505, 59, 27)
(82021/4, 57, 26)
(41011/2, 55, 25)
(82023/4, 57, 26)
(20506, 59, 27)
(82025/4, 60, 28)
(41013/2, 59, 27)
(82027/4, 57, 26)
(20507, 55, 25)
(82029/4, 54, 24)
(41015/2, 52, 23)
(82031/4, 54, 24)
(82039/4, 52, 23)
(82045/4, 52, 23)
(82047/4, 52, 23)
(82051/4, 51, 22)
(82053/4, 51, 22)
(82055/4, 55, 25)
(82061/4, 55, 25)
(82063/4, 57, 26)
(20516, 55, 25)
(82065/4, 54, 24)
(41033/2, 55, 25)
(82067/4, 57, 26)
(205169/10, 59, 27)
(205171/10, 60, 28)
(82069/4, 60, 28)
(41035/2, 62, 29)
(82071/4, 64, 30)
(82073/4, 64, 30)
(82075/4, 67, 32)
(82077/4, 55, 25)
(82079/4, 60, 28)
(20520, 59, 27)
(82081/4, 57, 26)
(41041/2, 59, 27)
(82083/4, 60, 28)
(20521, 64, 30)
(82085/4, 66, 31)
(41043/2, 67, 32)
(20522, 67, 32)
(41045/2, 64, 30)
(20523, 67, 32)
(82095/4, 73, 35)
(82103/4, 70, 33)
(20526, 71, 34)
(82105/4, 73, 35)
(41053/2, 71, 34)
(82107/4, 70, 33)
(20527, 67, 32)
(82109/4, 66, 31)
(41055/2, 64, 30)
(82111/4, 63, 29)
(82115/4, 66, 31)
(20529, 67, 32)
(82117/4, 69, 33)
(41059/2, 67, 32)
(82119/4, 66, 31)
(20530, 64, 30)
(82121/4, 63, 29)
(41061/2, 60, 28)
(82123/4, 59, 27)
(82127/4, 74, 36)
(20532, 76, 37)
(82129/4, 78, 38)
(41065/2, 76, 37)
(82131/4, 74, 36)
(20533, 71, 34)
(82133/4, 69, 33)
(41067/2, 68, 32)
(41069/2, 64, 30)
(82139/4, 62, 29)
(20535, 60, 28)
(82141/4, 62, 29)
(82143/4, 64, 30)
(205359/10, 68, 32)
(205361/10, 68, 32)
(82145/4, 69, 33)
(82151/4, 72, 35)
(20538, 74, 36)
(82153/4, 76, 37)
(41077/2, 74, 36)
(82155/4, 72, 35)
(20539, 71, 34)
(82157/4, 69, 33)
(41079/2, 67, 32)
(82159/4, 66, 31)
(20540, 64, 30)
(82161/4, 63, 29)
(41081/2, 64, 30)
(82163/4, 66, 31)
(20541, 67, 32)
(82165/4, 69, 33)
(41083/2, 71, 34)
(82167/4, 72, 35)
(20542, 71, 34)
(82169/4, 69, 33)
(41085/2, 71, 34)
(82171/4, 72, 35)
(20543, 71, 34)
(82173/4, 69, 33)
(41087/2, 67, 32)
(82175/4, 66, 31)
(20544, 64, 30)
(82177/4, 63, 29)
(41089/2, 64, 30)
(82179/4, 66, 31)
(20545, 67, 32)
(82181/4, 69, 33)
(41091/2, 71, 34)
(82183/4, 72, 35)
(20546, 71, 34)
(82185/4, 69, 33)
(41093/2, 71, 34)
(82187/4, 72, 35)
(20547, 71, 34)
(82189/4, 69, 33)
(41095/2, 67, 32)
(82191/4, 66, 31)
(82245/4, 64, 30)
(82247/4, 60, 28)
(82249/4, 57, 26)
(82251/4, 52, 23)
(82253/4, 60, 28)
(82255/4, 59, 27)
(82257/4, 55, 25)
(82259/4, 52, 23)
(82261/4, 59, 27)
(82263/4, 57, 26)
(82265/4, 54, 24)
(82267/4, 54, 24)
(82269/4, 57, 26)
(82271/4, 55, 25)
(20568, 59, 27)
(20569, 64, 30)
(82277/4, 59, 27)
(41139/2, 55, 25)
(20570, 55, 25)
(41141/2, 57, 26)
(41143/2, 60, 28)
(82287/4, 59, 27)
(20572, 64, 30)
(20572, 67, 32)
(82289/4, 64, 30)
(41145/2, 59, 27)
(20573, 59, 27)
(41147/2, 60, 28)
(82295/4, 64, 30)
(20574, 69, 33)
(82297/4, 64, 30)
(41149/2, 60, 28)
(82301/4, 64, 30)
(82305/4, 64, 30)
(41153/2, 59, 27)
(82307/4, 55, 25)
(20577, 59, 27)
(82309/4, 64, 30)
(82311/4, 64, 30)
(82313/4, 64, 30)
(41157/2, 60, 28)
(82315/4, 57, 26)
(20579, 60, 28)
(82317/4, 64, 30)
(82319/4, 64, 30)
(82321/4, 64, 30)
(41161/2, 59, 27)
(82323/4, 55, 25)
(20581, 59, 27)
(82325/4, 64, 30)
(82327/4, 64, 30)
(82329/4, 64, 30)
(41165/2, 60, 28)
(82331/4, 57, 26)
(20583, 60, 28)
(82333/4, 64, 30)
(82335/4, 64, 30)
(82337/4, 64, 30)
(41169/2, 59, 27)
(82339/4, 59, 27)
(20585, 64, 30)
(82341/4, 63, 29)
(82343/4, 64, 30)
(82353/4, 62, 29)
(82355/4, 62, 29)
(82357/4, 64, 30)
(82359/4, 65, 31)
(82365/4, 64, 30)
(41183/2, 59, 28)
(20592, 59, 28)
(41185/2, 59, 28)
(82371/4, 62, 29)
(82381/4, 55, 25)
(82385/4, 60, 28)
(82387/4, 60, 28)
(82393/4, 57, 26)
(82395/4, 57, 26)
(82397/4, 55, 25)
(82403/4, 64, 30)
(82407/4, 60, 28)
(82409/4, 57, 26)
(82411/4, 52, 23)
(82429/4, 56, 25)
(41215/2, 59, 27)
(82431/4, 64, 30)
(20608, 59, 27)
(82433/4, 56, 25)
(20609, 57, 26)
(82437/4, 60, 28)
(41219/2, 64, 30)
(82439/4, 60, 28)
(20610, 57, 26)
(82445/4, 59, 27)
(144280/7, 64, 30)
(144281/7, 62, 29)
(82447/4, 59, 27)
(82449/4, 60, 28)
(41227/2, 69, 33)
(82455/4, 64, 30)
(20614, 61, 29)
(82461/4, 64, 30)
(82465/4, 64, 30)
(41233/2, 64, 30)
(82467/4, 60, 28)
(20617, 78, 38)
(82477/4, 64, 30)
(41239/2, 52, 23)
(41241/2, 59, 27)
(82483/4, 64, 30)
(20621, 64, 30)
(82485/4, 60, 28)
(41243/2, 52, 23)
(82487/4, 60, 28)
(20622, 64, 30)
(82493/4, 64, 30)
(41247/2, 59, 27)
(82495/4, 55, 25)
(82497/4, 59, 27)
(41249/2, 64, 30)
(41251/2, 59, 27)
(41251/2, 60, 28)
(41251/2, 69, 33)
(41253/2, 69, 33)
(82509/4, 69, 33)
(82509/4, 71, 34)
(41255/2, 69, 33)
(41255/2, 71, 34)
(20628, 69, 33)
(20628, 71, 34)
(41257/2, 67, 32)
(41257/2, 71, 34)
(82515/4, 67, 32)
(82515/4, 71, 34)
(82517/4, 67, 32)
(82517/4, 71, 34)
(82525/4, 59, 27)
(82525/4, 67, 32)
(82525/4, 69, 33)
(82529/4, 67, 32)
(82529/4, 69, 33)
(82531/4, 67, 32)
(82531/4, 69, 33)
(82533/4, 59, 27)
(82533/4, 66, 31)
(82533/4, 72, 35)
(82535/4, 66, 31)
(82535/4, 71, 34)
(82537/4, 66, 31)
(82537/4, 69, 33)
(82541/4, 67, 32)
(41271/2, 72, 35)
(20636, 72, 35)
(41273/2, 71, 34)
(82547/4, 72, 35)
(82549/4, 72, 35)
(82557/4, 71, 34)
(82559/4, 69, 33)
(82561/4, 69, 33)
(82563/4, 69, 33)
(82565/4, 69, 33)
(82567/4, 69, 33)
(82573/4, 57, 26)
(82577/4, 62, 29)
(82577/4, 71, 34)
(82581/4, 72, 35)
(82583/4, 72, 35)
(82589/4, 71, 34)
(82591/4, 69, 33)
(82593/4, 69, 33)
(82595/4, 57, 26)
(82595/4, 69, 33)
(82597/4, 69, 33)
(82599/4, 69, 33)
(82605/4, 71, 34)
(82611/4, 55, 25)
(82613/4, 47, 20)
(41307/2, 54, 24)
(82615/4, 57, 26)
(20654, 55, 25)
(82617/4, 54, 24)
(41309/2, 52, 23)
(82619/4, 50, 22)
(20655, 48, 21)
(82621/4, 59, 27)
(82627/4, 59, 27)
(82629/4, 52, 23)
(41315/2, 57, 26)
(82631/4, 60, 28)
(20658, 59, 27)
(82633/4, 57, 26)
(41317/2, 54, 24)
(82635/4, 52, 23)
(82641/4, 55, 25)
(41321/2, 60, 28)
(82643/4, 64, 30)
(20661, 62, 29)
(82645/4, 60, 28)
(41323/2, 59, 27)
(82647/4, 57, 26)
(20662, 55, 25)
(20662, 64, 30)
(82655/4, 66, 31)
(82657/4, 59, 27)
(41329/2, 64, 30)
(82659/4, 67, 32)
(20665, 66, 31)
(82661/4, 64, 30)
(41331/2, 62, 29)
(82663/4, 60, 28)
(20666, 59, 27)
(82669/4, 60, 28)
(144672/7, 62, 29)
(62003/3, 64, 30)
(124007/6, 60, 28)
(124007/6, 62, 29)
(206681/10, 59, 27)
(62005/3, 57, 26)
(144680/7, 55, 25)
(124013/6, 54, 24)
(144687/7, 55, 25)
(103356/5, 57, 26)
(186043/9, 59, 27)
(144702/7, 60, 28)
(20672, 59, 27)
(103361/5, 57, 26)
(186052/9, 55, 25)
(144709/7, 54, 24)
(20673, 52, 23)
(103366/5, 49, 22)
(144723/7, 66, 31)
(103376/5, 67, 32)
(103381/5, 66, 31)
(144737/7, 67, 32)
(103386/5, 69, 33)
(103391/5, 67, 32)
(144751/7, 69, 33)
(103396/5, 71, 34)
(103401/5, 69, 33)
(144765/7, 71, 34)
(103406/5, 72, 35)
(103411/5, 71, 34)
(144779/7, 72, 35)
(103416/5, 77, 38)
(144793/7, 77, 38)
(103426/5, 77, 38)
(144800/7, 77, 38)
(144807/7, 77, 38)
(103436/5, 78, 38)
(103456/5, 59, 27)
(103456/5, 67, 32)
(103466/5, 59, 27)
(103466/5, 66, 31)
(103476/5, 55, 25)
(103476/5, 64, 30)
(30000, 40, 16)
(30006, 40, 16)
(30009, 40, 16)
(30012, 40, 16)
(30018, 40, 16)
(60039/2, 42, 17)
(30021, 43, 18)
(60045/2, 44, 18)
(30024, 45, 19)
(60051/2, 48, 21)
(30027, 47, 20)
(60057/2, 45, 19)
(30029, 43, 18)
(60059/2, 42, 17)
(30030, 40, 16)
(30033, 40, 16)
(30036, 40, 16)
(30042, 40, 16)
(60087/2, 42, 17)
(30045, 43, 18)
(60093/2, 48, 21)
(30048, 47, 20)
(60099/2, 47, 20)
(30051, 40, 16)
(30054, 45, 19)
(60111/2, 40, 16)
(60113/2, 45, 19)
(30058, 40, 16)
(30060, 39, 16)
(60123/2, 38, 15)
(30062, 40, 16)
(60125/2, 42, 17)
(30063, 43, 18)
(30066, 48, 21)
(60135/2, 43, 18)
(30069, 48, 21)
(60141/2, 43, 18)
(30072, 52, 23)
(60147/2, 40, 16)
(30075, 38, 15)
(30078, 38, 15)
(30080, 38, 15)
(60177/2, 42, 17)
(30090, 47, 20)
(60189/2, 40, 16)
(30096, 45, 19)
(30102, 43, 18)
(30105, 45, 19)
(30108, 47, 20)
(30111, 40, 16)
(30114, 40, 16)
(30115, 42, 17)
(60233/2, 43, 18)
(30120, 45, 19)
(60243/2, 48, 21)
(60247/2, 45, 19)
(30124, 48, 21)
(60249/2, 52, 23)
(30125, 50, 22)
(60251/2, 48, 21)
(60253/2, 45, 19)
(30127, 48, 21)
(60255/2, 52, 23)
(30128, 50, 22)
(60257/2, 48, 21)
(60259/2, 46, 19)
(30130, 49, 21)
(60261/2, 52, 23)
(30131, 50, 22)
(60263/2, 49, 21)
(30132, 52, 23)
(60265/2, 50, 22)
(30133, 49, 21)
(60267/2, 49, 21)
(30134, 47, 20)
(60269/2, 46, 19)
(30135, 47, 20)
(60285/2, 47, 20)
(60291/2, 48, 21)
(30147, 45, 19)
(30150, 47, 20)
(60303/2, 47, 20)
(30153, 40, 16)
(30156, 45, 19)
(60315/2, 40, 16)
(30159, 45, 19)
(60321/2, 40, 16)
(30162, 45, 19)
(60415/2, 59, 27)
(30208, 60, 28)
(120833/4, 62, 29)
(60417/2, 64, 30)
(120835/4, 62, 29)
(30209, 60, 28)
(120837/4, 59, 27)
(60419/2, 57, 26)
(120839/4, 55, 25)
(30210, 54, 24)
(60423/2, 55, 25)
(30212, 57, 26)
(120849/4, 59, 27)
(60425/2, 60, 28)
(120851/4, 59, 27)
(30213, 57, 26)
(120853/4, 55, 25)
(60427/2, 54, 24)
(120855/4, 52, 23)
(30214, 51, 22)
(60431/2, 51, 22)
(30216, 52, 23)
(30217, 51, 22)
(60435/2, 52, 23)
(30218, 54, 24)
(30219, 52, 23)
(60439/2, 54, 24)
(30220, 55, 25)
(30221, 54, 24)
(60443/2, 55, 25)
(30222, 57, 26)
(30223, 59, 27)
(60447/2, 60, 28)
(30224, 59, 27)
(60451/2, 59, 27)
(30226, 64, 30)
(120905/4, 66, 31)
(60453/2, 67, 32)
(120907/4, 66, 31)
(30227, 64, 30)
(120909/4, 62, 29)
(60455/2, 61, 28)
(120911/4, 59, 27)
(30228, 58, 26)
(60459/2, 59, 27)
(120921/4, 61, 28)
(60461/2, 61, 28)
(120923/4, 59, 27)
(30231, 58, 26)
(120925/4, 55, 25)
(60463/2, 54, 24)
(120927/4, 52, 23)
(30232, 50, 22)
(120929/4, 54, 24)
(60465/2, 59, 27)
(120931/4, 54, 24)
(30233, 50, 22)
(30234, 52, 23)
(120937/4, 55, 25)
(60469/2, 59, 27)
(120939/4, 55, 25)
(30235, 52, 23)
(30236, 54, 24)
(120945/4, 59, 27)
(60473/2, 62, 29)
(120947/4, 59, 27)
(30237, 54, 24)
(30238, 55, 25)
(120953/4, 59, 27)
(60477/2, 64, 30)
(120955/4, 59, 27)
(30239, 55, 25)
(60479/2, 52, 23)
(30240, 50, 22)
(120961/4, 54, 24)
(60481/2, 59, 27)
(120963/4, 54, 24)
(30241, 50, 22)
(30242, 52, 23)
(120969/4, 55, 25)
(60485/2, 59, 27)
(120971/4, 55, 25)
(30243, 52, 23)
(30244, 47, 20)
(30244, 54, 24)
(120977/4, 59, 27)
(60489/2, 62, 29)
(120979/4, 59, 27)
(30245, 54, 24)
(30246, 55, 25)
(120985/4, 59, 27)
(60493/2, 50, 22)
(60493/2, 64, 30)
(120987/4, 59, 27)
(30247, 55, 25)
(60495/2, 47, 20)
(30248, 47, 20)
(60497/2, 49, 21)
(30250, 50, 22)
(30252, 52, 23)
(60507/2, 61, 28)
(30254, 57, 26)
(60511/2, 54, 24)
(30256, 59, 27)
(121025/4, 61, 28)
(60513/2, 62, 29)
(121027/4, 61, 28)
(30257, 54, 24)
(121029/4, 53, 23)
(121035/4, 53, 23)
(30260, 56, 25)
(121041/4, 57, 26)
(60521/2, 59, 27)
(121043/4, 57, 26)
(30261, 56, 25)
(121045/4, 54, 24)
(60523/2, 53, 23)
(121047/4, 50, 22)
(30262, 49, 21)
(60527/2, 49, 21)
(30264, 42, 17)
(30265, 41, 16)
(60531/2, 42, 17)
(30266, 43, 18)
(30267, 42, 17)
(60535/2, 43, 18)
(30268, 43, 18)
(30269, 42, 17)
(30269, 54, 24)
(60539/2, 43, 18)
(30270, 45, 19)
(30272, 46, 19)
(30273, 44, 18)
(60547/2, 46, 19)
(30274, 47, 20)
(121097/4, 50, 22)
(60549/2, 54, 24)
(121099/4, 50, 22)
(30275, 47, 20)
(30276, 47, 20)
(121105/4, 52, 23)
(60553/2, 55, 25)
(121107/4, 52, 23)
(30277, 47, 20)
(30278, 45, 19)
(121113/4, 52, 23)
(60557/2, 55, 25)
(121115/4, 52, 23)
(30279, 45, 19)
(30280, 45, 19)
(121121/4, 50, 22)
(60561/2, 54, 24)
(121123/4, 50, 22)
(30281, 45, 19)
(30282, 50, 22)
(121129/4, 54, 24)
(60565/2, 57, 26)
(121131/4, 54, 24)
(30283, 50, 22)
(30284, 43, 18)
(60571/2, 43, 18)
(121145/4, 55, 25)
(60573/2, 57, 26)
(121147/4, 59, 27)
(30287, 57, 26)
(121149/4, 55, 25)
(60575/2, 54, 24)
(121151/4, 50, 22)
(30288, 49, 21)
(60579/2, 50, 22)
(60581/2, 52, 23)
(121163/4, 54, 24)
(30291, 55, 25)
(121165/4, 54, 24)
(60583/2, 52, 23)
(121167/4, 55, 25)
(30292, 50, 22)
(30293, 49, 21)
(60587/2, 47, 20)
(30294, 46, 19)
(30295, 42, 17)
(60591/2, 42, 17)
(30296, 47, 20)
(30297, 46, 19)
(60595/2, 47, 20)
(30298, 49, 21)
(30299, 50, 22)
(60599/2, 52, 23)
(30300, 50, 22)
(30301, 52, 23)
(60603/2, 54, 24)
(30302, 55, 25)
(30303, 40, 16)
(30303, 52, 23)
(30303, 54, 24)
(30304, 58, 26)
(30305, 59, 27)
(30306, 54, 24)
(30307, 54, 24)
(30308, 47, 20)
(30312, 47, 20)
(30316, 62, 29)
(121265/4, 64, 30)
(60633/2, 66, 31)
(121267/4, 64, 30)
(30317, 62, 29)
(121269/4, 59, 27)
(60635/2, 58, 26)
(121271/4, 59, 27)
(30318, 60, 28)
(121273/4, 62, 29)
(60637/2, 60, 28)
(121275/4, 50, 22)
(121275/4, 59, 27)
(30319, 58, 26)
(121277/4, 54, 24)
(121277/4, 58, 26)
(60639/2, 55, 25)
(121279/4, 54, 24)
(30320, 56, 25)
(121281/4, 57, 26)
(60641/2, 59, 27)
(121283/4, 57, 26)
(30321, 56, 25)
(121285/4, 54, 24)
(60643/2, 52, 23)
(121287/4, 51, 22)
(30322, 52, 23)
(121289/4, 54, 24)
(60645/2, 56, 25)
(121291/4, 54, 24)
(30323, 52, 23)
(121293/4, 50, 22)
(60647/2, 48, 21)
(121295/4, 47, 20)
(30324, 45, 19)
(30328, 45, 19)
(60663/2, 62, 29)
(30332, 60, 28)
(121329/4, 62, 29)
(60665/2, 64, 30)
(121331/4, 62, 29)
(30333, 60, 28)
(121333/4, 59, 27)
(60667/2, 57, 26)
(121335/4, 55, 25)
(30334, 54, 24)
(60671/2, 55, 25)
(30336, 57, 26)
(121345/4, 59, 27)
(60673/2, 60, 28)
(121347/4, 59, 27)
(30337, 57, 26)
(121349/4, 55, 25)
(60675/2, 54, 24)
(121351/4, 52, 23)
(30338, 50, 22)
(60679/2, 50, 22)
(30340, 52, 23)
(30341, 50, 22)
(60683/2, 52, 23)
(30342, 54, 24)
(30343, 52, 23)
(60687/2, 54, 24)
(30344, 55, 25)
(30345, 54, 24)
(60691/2, 55, 25)
(30346, 57, 26)
(30347, 59, 27)
(60695/2, 60, 28)
(30348, 59, 27)
(30349, 60, 28)
(60699/2, 59, 27)
(30350, 57, 26)
(30351, 59, 27)
(60703/2, 57, 26)
(30352, 55, 25)
(30353, 57, 26)
(60707/2, 55, 25)
(30354, 52, 23)
(30355, 52, 23)
(60711/2, 50, 22)
(30356, 49, 21)
(30358, 48, 21)
(30360, 47, 20)
(30362, 52, 23)
(30363, 40, 16)
(30364, 45, 19)
(30365, 40, 16)
(30366, 45, 19)
(30367, 55, 25)
(30368, 54, 24)
(30369, 45, 19)
(30370, 50, 22)
(30371, 60, 28)
(30372, 59, 27)
(30373, 62, 29)
(30374, 67, 32)
(182245/6, 69, 33)
(182251/6, 71, 34)
(91126/3, 69, 33)
(60751/2, 67, 32)
(91127/3, 63, 30)
(182255/6, 62, 29)
(30376, 60, 28)
(60763/2, 47, 20)
(30382, 48, 21)
(121529/4, 50, 22)
(60765/2, 52, 23)
(121531/4, 50, 22)
(30383, 48, 21)
(121533/4, 47, 20)
(60767/2, 45, 19)
(121535/4, 43, 18)
(30384, 42, 17)
(60773/2, 43, 18)
(30387, 42, 17)
(60775/2, 43, 18)
(30388, 42, 17)
(30390, 42, 17)
(60781/2, 45, 19)
(30391, 44, 18)
(60783/2, 45, 19)
(30392, 44, 18)
(60789/2, 45, 19)
(30395, 44, 18)
(60791/2, 45, 19)
(30396, 44, 18)
(60797/2, 50, 22)
(30399, 49, 21)
(60799/2, 50, 22)
(30400, 49, 21)
(60805/2, 50, 22)
(30403, 49, 21)
(60807/2, 50, 22)
(30404, 49, 21)
(60811/2, 40, 16)
(30406, 43, 18)
(121625/4, 42, 17)
(60813/2, 40, 16)
(121627/4, 42, 17)
(30407, 43, 18)
(121629/4, 45, 19)
(60815/2, 47, 20)
(121631/4, 49, 21)
(30408, 50, 22)
(60819/2, 48, 21)
(30410, 46, 20)
(121641/4, 45, 19)
(60821/2, 43, 18)
(121643/4, 45, 19)
(30411, 46, 20)
(121645/4, 49, 21)
(60823/2, 50, 22)
(121647/4, 52, 23)
(30412, 53, 24)
(60827/2, 53, 24)
(30414, 52, 23)
(30415, 53, 24)
(60831/2, 52, 23)
(30416, 50, 22)
(30417, 52, 23)
(60835/2, 50, 22)
(30418, 48, 21)
(30419, 50, 22)
(60839/2, 48, 21)
(30420, 47, 20)
(30421, 45, 19)
(60843/2, 47, 20)
(30422, 44, 18)
(30423, 40, 16)
(30424, 45, 19)
(60851/2, 47, 20)
(121703/4, 48, 21)
(30426, 50, 22)
(30427, 40, 16)
(30428, 45, 19)
(30430, 43, 18)
(30432, 42, 17)
(30434, 41, 17)
(30436, 40, 16)
(30443, 40, 16)
(30444, 36, 14)
(30447, 47, 20)
(30448, 45, 19)
(30451, 45, 19)
(30452, 44, 18)
(121809/4, 47, 20)
(60905/2, 52, 23)
(121811/4, 47, 20)
(30453, 44, 18)
(30454, 44, 18)
(121817/4, 47, 20)
(60909/2, 52, 23)
(121819/4, 47, 20)
(30455, 44, 18)
(30456, 45, 19)
(121825/4, 48, 21)
(60913/2, 52, 23)
(121827/4, 48, 21)
(30457, 45, 19)
(30458, 52, 23)
(121833/4, 55, 25)
(60917/2, 60, 28)
(121835/4, 55, 25)
(30459, 52, 23)
(30460, 53, 24)
(121841/4, 57, 26)
(60921/2, 60, 28)
(121843/4, 57, 26)
(30461, 53, 24)
(30462, 54, 24)
(121849/4, 57, 26)
(60925/2, 62, 29)
(121851/4, 57, 26)
(30463, 54, 24)
(30464, 55, 25)
(121857/4, 59, 27)
(60929/2, 62, 29)
(121859/4, 59, 27)
(30465, 55, 25)
(30466, 56, 25)
(121865/4, 59, 27)
(60933/2, 64, 30)
(121867/4, 59, 27)
(30467, 56, 25)
(30468, 57, 26)
(121873/4, 60, 28)
(60937/2, 64, 30)
(121875/4, 60, 28)
(30469, 57, 26)
(30470, 57, 26)
(121881/4, 60, 28)
(60941/2, 64, 30)
(121883/4, 60, 28)
(30471, 57, 26)
(30472, 57, 26)
(121889/4, 64, 30)
(60945/2, 60, 28)
(121891/4, 57, 26)
(121895/4, 57, 26)
(30474, 60, 28)
(121897/4, 64, 30)
(60949/2, 60, 28)
(121899/4, 57, 26)
(30476, 45, 19)
(30477, 52, 23)
(30478, 57, 26)
(121913/4, 59, 27)
(60957/2, 60, 28)
(121915/4, 59, 27)
(30479, 57, 26)
(121917/4, 55, 25)
(60959/2, 54, 24)
(121919/4, 52, 23)
(30480, 51, 22)
(60963/2, 51, 22)
(30482, 54, 24)
(121929/4, 55, 25)
(60965/2, 57, 26)
(121931/4, 55, 25)
(30483, 54, 24)
(121933/4, 57, 26)
(60967/2, 55, 25)
(121935/4, 54, 24)
(30484, 52, 23)
(30485, 54, 24)
(60971/2, 52, 23)
(30486, 51, 22)
(30487, 49, 21)
(60975/2, 51, 22)
(30488, 52, 23)
(30489, 51, 22)
(60979/2, 52, 23)
(30490, 48, 21)
(30491, 48, 21)
(60983/2, 48, 21)
(30492, 43, 18)
(60987/2, 43, 18)
(30494, 48, 21)
(60991/2, 48, 21)
(30496, 54, 24)
(60995/2, 54, 24)
(30498, 59, 27)
(60999/2, 59, 27)
(30500, 64, 30)
(122001/4, 66, 31)
(61001/2, 67, 32)
(122003/4, 66, 31)
(30501, 64, 30)
(122005/4, 62, 29)
(61003/2, 60, 28)
(122007/4, 59, 27)
(30502, 60, 28)
(122009/4, 64, 30)
(61005/2, 62, 29)
(122011/4, 60, 28)
(30503, 59, 27)
(30504, 57, 26)
(122017/4, 59, 27)
(61009/2, 57, 26)
(122019/4, 55, 25)
(30505, 54, 24)
(122021/4, 52, 23)
(61011/2, 54, 24)
(122023/4, 55, 25)
(30506, 57, 26)
(122025/4, 55, 25)
(61013/2, 54, 24)
(122027/4, 52, 23)
(30507, 51, 22)
(122029/4, 49, 21)
(30508, 47, 20)
(30513, 47, 20)
(61027/2, 47, 20)
(30514, 47, 20)
(30517, 47, 20)
(61035/2, 47, 20)
(30518, 47, 20)
(30521, 47, 20)
(61043/2, 47, 20)
(30522, 47, 20)
(30525, 47, 20)
(61051/2, 47, 20)
(30526, 47, 20)
(30528, 47, 20)
(30529, 47, 20)
(61059/2, 47, 20)
(30530, 47, 20)
(30533, 47, 20)
(61067/2, 47, 20)
(30534, 47, 20)
(30537, 47, 20)
(61075/2, 47, 20)
(30538, 47, 20)
(30541, 47, 20)
(61083/2, 47, 20)
(30542, 47, 20)
(30543, 47, 20)
(61087/2, 47, 20)
(30544, 47, 20)
(30545, 47, 20)
(61091/2, 47, 20)
(30546, 47, 20)
(30547, 47, 20)
(61095/2, 47, 20)
(30548, 47, 20)
(30560, 40, 16)
(30562, 40, 16)
(30564, 40, 16)
(30566, 40, 16)
(30568, 40, 16)
(30572, 40, 16)
(61149/2, 38, 15)
(30576, 40, 16)
(30577, 38, 15)
(61155/2, 40, 16)
(30578, 42, 17)
(30579, 40, 16)
(61159/2, 42, 17)
(30580, 43, 18)
(30581, 42, 17)
(61163/2, 43, 18)
(30582, 45, 19)
(30583, 43, 18)
(61167/2, 45, 19)
(30584, 47, 20)
(61171/2, 47, 20)
(30586, 47, 20)
(61173/2, 40, 16)
(61173/2, 43, 18)
(30587, 48, 21)
(30588, 47, 20)
(61177/2, 47, 20)
(30589, 47, 20)
(61179/2, 40, 16)
(122359/4, 44, 18)
(30590, 47, 20)
(122361/4, 44, 18)
(61181/2, 40, 16)
(30591, 40, 16)
(30592, 45, 19)
(61185/2, 45, 19)
(30593, 50, 22)
(122373/4, 54, 24)
(61187/2, 57, 26)
(122375/4, 54, 24)
(30594, 50, 22)
(61189/2, 50, 22)
(30596, 43, 18)
(30597, 45, 19)
(30598, 47, 20)
(30599, 47, 20)
(30601, 40, 16)
(30604, 40, 16)
(30609, 40, 16)
(30613, 40, 16)
(30616, 40, 16)
(30617, 38, 15)
(61235/2, 40, 16)
(30618, 40, 16)
(61237/2, 42, 17)
(30620, 42, 18)
(30621, 42, 17)
(61243/2, 42, 18)
(30622, 42, 18)
(61245/2, 45, 19)
(30624, 47, 20)
(30625, 47, 20)
(61251/2, 47, 20)
(30626, 48, 21)
(122505/4, 52, 23)
(61253/2, 55, 25)
(122507/4, 52, 23)
(30627, 48, 21)
(61255/2, 48, 21)
(30628, 47, 20)
(61257/2, 42, 17)
(30629, 38, 15)
(122517/4, 42, 17)
(122519/4, 47, 20)
(122521/4, 47, 20)
(122523/4, 56, 25)
(30631, 56, 25)
(122525/4, 52, 23)
(30632, 45, 19)
(122529/4, 40, 16)
(61265/2, 37, 14)
(122531/4, 40, 16)
(30633, 45, 19)
(61267/2, 45, 19)
(30634, 50, 22)
(122537/4, 54, 24)
(61269/2, 57, 26)
(122539/4, 54, 24)
(30635, 50, 22)
(30636, 43, 18)
(30637, 45, 19)
(30638, 47, 20)
(30639, 45, 19)
(30640, 43, 18)
(183841/6, 47, 20)
(91921/3, 43, 18)
(61281/2, 42, 17)
(30641, 42, 17)
(61283/2, 42, 17)
(91925/3, 45, 19)
(183851/6, 45, 19)
(183851/6, 48, 21)
(30642, 42, 17)
(61285/2, 42, 17)
(30644, 43, 18)
(61291/2, 47, 20)
(61293/2, 45, 19)
(30648, 43, 18)
(122593/4, 47, 20)
(61297/2, 45, 19)
(122595/4, 43, 18)
(30649, 42, 17)
(61299/2, 42, 17)
(30650, 42, 17)
(122601/4, 45, 19)
(61301/2, 48, 21)
(122603/4, 45, 19)
(30651, 42, 17)
(61303/2, 42, 17)
(30652, 43, 18)
(122609/4, 47, 20)
(61305/2, 55, 25)
(122611/4, 54, 24)
(30653, 52, 23)
(122613/4, 50, 22)
(61307/2, 47, 20)
(122617/4, 45, 19)
(30656, 47, 20)
(122625/4, 50, 22)
(61313/2, 59, 27)
(122627/4, 57, 26)
(30657, 56, 25)
(122629/4, 53, 24)
(61315/2, 52, 23)
(122631/4, 50, 22)
(30658, 48, 21)
(30660, 50, 22)
(122641/4, 54, 24)
(61321/2, 62, 29)
(122643/4, 61, 28)
(30661, 59, 27)
(122645/4, 57, 26)
(61323/2, 54, 24)
(122647/4, 52, 23)
(61325/2, 52, 23)
(30664, 57, 26)
(122657/4, 63, 29)
(61329/2, 66, 31)
(61329/2, 64, 30)
(122659/4, 63, 29)
(30665, 59, 27)
(61331/2, 57, 26)
(61333/2, 47, 20)
(30668, 48, 21)
(122673/4, 50, 22)
(61337/2, 52, 23)
(122675/4, 50, 22)
(30669, 47, 20)
(122677/4, 45, 19)
(61339/2, 43, 18)
(122679/4, 42, 17)
(61341/2, 43, 18)
(30672, 45, 19)
(122689/4, 47, 20)
(61345/2, 48, 21)
(122691/4, 47, 20)
(30673, 43, 18)
(30673, 45, 19)
(30673, 57, 26)
(122693/4, 42, 17)
(61347/2, 40, 16)
(30676, 45, 19)
(61353/2, 43, 18)
(30677, 43, 18)
(30680, 40, 16)
(30681, 38, 15)
(30682, 40, 16)
(61365/2, 38, 15)
(30684, 38, 15)
(30685, 40, 16)
(61371/2, 38, 15)
(30686, 37, 14)
(30687, 38, 15)
(61375/2, 37, 14)
(30688, 36, 14)
(61377/2, 36, 14)
(61377/2, 43, 18)
(61377/2, 52, 23)
(30692, 47, 20)
(30694, 47, 20)
