(0, 69, 33)
(0, 68, 32)
(1/2, 66, 31)
(1, 68, 32)
(3/2, 69, 33)
(2, 71, 34)
(5/2, 76, 37)
(3, 75, 36)
(7/2, 76, 37)
(4, 80, 39)
(9/2, 76, 37)
(5, 71, 34)
(11/2, 73, 35)
(6, 71, 34)
(25/4, 69, 33)
(27/4, 68, 32)
(7, 68, 32)
(8, 69, 33)
(8, 68, 32)
(17/2, 66, 31)
(9, 68, 32)
(19/2, 73, 35)
(10, 72, 34)
(21/2, 73, 35)
(11, 75, 36)
(23/2, 73, 35)
(12, 76, 37)
(25/2, 75, 36)
(13, 70, 33)
(27/2, 71, 34)
(14, 75, 36)
(57/4, 73, 35)
(59/4, 71, 34)
(15, 71, 34)
(16, 71, 34)
(33/2, 66, 31)
(17, 66, 31)
(35/2, 68, 32)
(20, 68, 32)
(41/2, 66, 31)
(21, 63, 29)
(22, 61, 28)
(45/2, 63, 29)
(23, 64, 30)
(47/2, 66, 31)
(24, 68, 32)
(49/2, 71, 34)
(25, 71, 34)
(26, 61, 28)
(53/2, 63, 29)
(27, 64, 30)
(55/2, 66, 31)
(28, 68, 32)
(57/2, 71, 34)
(29, 71, 34)
(30, 69, 33)
(30, 68, 32)
(61/2, 66, 31)
(31, 68, 32)
(63/2, 69, 33)
(32, 71, 34)
(65/2, 76, 37)
(33, 75, 36)
(67/2, 76, 37)
(34, 80, 39)
(69/2, 76, 37)
(35, 71, 34)
(71/2, 69, 33)
(36, 68, 32)
(145/4, 66, 31)
(147/4, 64, 30)
(147/4, 75, 36)
(37, 64, 30)
(153/4, 76, 37)
(155/4, 75, 36)
(157/4, 76, 37)
(159/4, 73, 35)
(161/4, 71, 34)
(81/2, 70, 33)
(41, 71, 34)
(83/2, 68, 32)
(42, 68, 32)
(169/4, 64, 30)
(169/4, 71, 34)
(85/2, 76, 37)
(171/4, 80, 39)
(43, 75, 36)
(177/4, 73, 35)
(311/7, 64, 30)
(312/7, 66, 31)
(45, 68, 32)
(183/4, 63, 29)
(185/4, 64, 30)
(47, 69, 33)
(191/4, 68, 32)
(193/4, 68, 32)
(195/4, 76, 37)
(199/4, 72, 34)
(201/4, 74, 35)
(203/4, 75, 36)
(205/4, 67, 31)
(209/4, 71, 34)
(105/2, 70, 33)
(211/4, 68, 32)
(213/4, 68, 32)
(217/4, 63, 29)
(109/2, 66, 31)
(219/4, 69, 33)
(221/4, 69, 33)
(223/4, 68, 32)
(225/4, 66, 31)
(113/2, 73, 35)
(57, 73, 35)
(115/2, 71, 34)
(233/4, 76, 37)
(235/4, 75, 36)
(237/4, 73, 35)
(241/4, 71, 34)
(243/4, 69, 33)
(123/2, 68, 32)
(249/4, 64, 30)
(251/4, 59, 27)
(257/4, 68, 32)
(129/2, 67, 31)
(259/4, 68, 32)
(65, 67, 31)
(261/4, 68, 32)
(131/2, 69, 33)
(263/4, 68, 32)
(265/4, 76, 37)
(267/4, 69, 33)
(135/2, 69, 33)
(273/4, 68, 32)
(137/2, 67, 31)
(275/4, 68, 32)
(69, 67, 31)
(277/4, 68, 32)
(139/2, 71, 34)
(279/4, 68, 32)
(281/4, 76, 37)
(283/4, 75, 36)
(285/4, 76, 37)
(287/4, 73, 35)
(289/4, 71, 34)
(291/4, 70, 33)
(293/4, 69, 33)
(295/4, 68, 32)
(297/4, 76, 37)
(299/4, 71, 34)
(301/4, 68, 32)
(303/4, 64, 30)
(305/4, 69, 33)
(153/2, 63, 29)
(307/4, 64, 30)
(77, 64, 30)
(232/3, 68, 32)
(233/3, 68, 32)
(78, 69, 33)
(78, 68, 32)
(235/3, 66, 31)
(236/3, 68, 32)
(79, 69, 33)
(238/3, 66, 31)
(239/3, 73, 35)
(80, 71, 34)
(81, 76, 37)
(247/3, 80, 39)
(248/3, 78, 38)
(83, 78, 38)
(83, 76, 37)
(250/3, 75, 36)
(251/3, 73, 35)
(84, 71, 34)
(85, 73, 35)
(259/3, 73, 35)
(260/3, 71, 34)
(87, 71, 34)
(87, 69, 33)
(262/3, 68, 32)
(263/3, 66, 31)
(88, 68, 32)
(89, 76, 37)
(271/3, 66, 31)
(272/3, 68, 32)
(91, 70, 33)
(274/3, 76, 37)
(275/3, 75, 36)
(92, 73, 35)
(93, 71, 34)
(280/3, 71, 34)
(281/3, 71, 34)
(94, 71, 34)
(283/3, 66, 31)
(284/3, 66, 31)
(95, 66, 31)
(286/3, 69, 33)
(287/3, 68, 32)
(96, 71, 34)
(289/3, 66, 31)
(290/3, 66, 31)
(97, 66, 31)
(292/3, 69, 33)
(293/3, 68, 32)
(98, 75, 36)
(98, 73, 35)
(295/3, 72, 34)
(296/3, 73, 35)
(99, 75, 36)
(199/2, 73, 35)
(100, 73, 35)
(101, 72, 34)
(307/3, 61, 28)
(308/3, 63, 29)
(103, 64, 30)
(310/3, 64, 30)
(311/3, 66, 31)
(104, 68, 32)
(313/3, 68, 32)
(314/3, 69, 33)
(105, 71, 34)
(319/3, 47, 20)
(319/3, 51, 22)
(319/3, 54, 24)
(319/3, 61, 28)
(320/3, 63, 29)
(107, 64, 30)
(322/3, 64, 30)
(323/3, 66, 31)
(108, 68, 32)
(325/3, 68, 32)
(326/3, 69, 33)
(109, 71, 34)
(331/3, 70, 33)
(332/3, 71, 34)
(111, 74, 36)
(334/3, 73, 35)
(335/3, 71, 34)
(112, 76, 37)
(113, 88, 44)
(343/3, 83, 41)
(344/3, 80, 39)
(115, 76, 37)
(346/3, 71, 34)
(347/3, 68, 32)
(116, 69, 33)
(349/3, 66, 31)
(350/3, 71, 34)
(117, 68, 32)
(355/3, 64, 30)
(356/3, 66, 31)
(119, 68, 32)
(358/3, 68, 32)
(359/3, 70, 33)
(120, 71, 34)
(361/3, 71, 34)
(362/3, 73, 35)
(121, 75, 36)
(367/3, 64, 30)
(368/3, 66, 31)
(123, 68, 32)
(370/3, 68, 32)
(371/3, 70, 33)
(124, 71, 34)
(373/3, 71, 34)
(374/3, 73, 35)
(125, 75, 36)
(376/3, 71, 34)
(377/3, 71, 34)
(126, 71, 34)
(379/3, 70, 33)
(380/3, 71, 34)
(127, 74, 36)
(382/3, 73, 35)
(383/3, 71, 34)
(128, 76, 37)
(129, 88, 44)
(391/3, 83, 41)
(392/3, 80, 39)
(131, 76, 37)
(394/3, 71, 34)
(395/3, 68, 32)
(132, 71, 34)
(397/3, 66, 31)
(398/3, 68, 32)
(133, 64, 30)
(533/4, 63, 29)
(267/2, 64, 30)
(535/4, 66, 31)
(134, 68, 32)
(537/4, 71, 34)
(537/4, 64, 30)
(537/4, 66, 31)
(537/4, 76, 37)
(269/2, 80, 39)
(539/4, 81, 40)
(135, 78, 38)
(541/4, 76, 37)
(271/2, 75, 36)
(136, 78, 38)
(545/4, 76, 37)
(273/2, 75, 36)
(547/4, 76, 37)
(137, 79, 39)
(549/4, 76, 37)
(275/2, 75, 36)
(551/4, 73, 35)
(138, 73, 35)
(553/4, 71, 34)
(277/2, 70, 33)
(555/4, 71, 34)
(139, 76, 37)
(557/4, 73, 35)
(279/2, 70, 33)
(559/4, 73, 35)
(140, 71, 34)
(561/4, 69, 33)
(281/2, 66, 31)
(563/4, 69, 33)
(141, 68, 32)
(565/4, 63, 29)
(283/2, 64, 30)
(567/4, 66, 31)
(142, 68, 32)
(569/4, 67, 31)
(285/2, 68, 32)
(571/4, 70, 33)
(143, 71, 34)
(430/3, 70, 33)
(287/2, 71, 34)
(431/3, 72, 34)
(144, 73, 35)
(577/4, 72, 34)
(289/2, 73, 35)
(579/4, 75, 36)
(145, 76, 37)
(581/4, 75, 36)
(291/2, 76, 37)
(583/4, 77, 37)
(146, 78, 38)
(585/4, 77, 37)
(293/2, 78, 38)
(587/4, 82, 40)
(147, 83, 41)
(589/4, 82, 40)
(295/2, 83, 41)
(591/4, 87, 43)
(148, 90, 45)
(593/4, 89, 44)
(297/2, 90, 45)
(595/4, 82, 40)
(149, 83, 41)
(597/4, 90, 45)
(299/2, 90, 45)
(599/4, 88, 44)
(150, 87, 43)
(601/4, 83, 41)
(301/2, 81, 40)
(603/4, 78, 38)
(151, 76, 37)
(605/4, 71, 34)
(605/4, 80, 39)
(303/2, 83, 41)
(607/4, 88, 44)
(152, 87, 43)
(609/4, 83, 41)
(305/2, 81, 40)
(611/4, 78, 38)
(153, 76, 37)
(613/4, 80, 39)
(307/2, 88, 44)
(615/4, 87, 43)
(154, 87, 43)
(617/4, 85, 42)
(309/2, 84, 41)
(619/4, 85, 42)
(155, 84, 41)
(621/4, 85, 42)
(311/2, 81, 40)
(623/4, 78, 38)
(156, 81, 40)
(625/4, 78, 38)
(313/2, 75, 36)
(627/4, 73, 35)
(157, 69, 33)
(158, 61, 28)
(633/4, 64, 30)
(317/2, 60, 27)
(635/4, 63, 29)
(159, 61, 28)
(637/4, 64, 30)
(319/2, 63, 29)
(639/4, 66, 31)
(160, 64, 30)
(641/4, 68, 32)
(321/2, 66, 31)
(643/4, 69, 33)
(161, 68, 32)
(645/4, 71, 34)
(323/2, 68, 32)
(647/4, 71, 34)
(162, 69, 33)
(649/4, 73, 35)
(325/2, 69, 33)
(325/2, 73, 35)
(325/2, 71, 34)
(651/4, 75, 36)
(163, 73, 35)
(653/4, 76, 37)
(1307/8, 75, 36)
(1309/8, 78, 38)
(164, 76, 37)
(657/4, 80, 39)
(329/2, 78, 38)
(659/4, 81, 40)
(165, 80, 39)
(661/4, 83, 41)
(331/2, 81, 40)
(663/4, 85, 42)
(166, 83, 41)
(665/4, 90, 45)
(333/2, 88, 44)
(667/4, 86, 43)
(167, 85, 42)
(669/4, 83, 41)
(335/2, 85, 42)
(671/4, 86, 43)
(168, 88, 44)
(673/4, 87, 43)
(337/2, 88, 44)
(675/4, 90, 45)
(169, 91, 46)
(677/4, 88, 44)
(339/2, 87, 43)
(679/4, 88, 44)
(170, 83, 41)
(343/2, 75, 36)
(345/2, 76, 37)
(518/3, 80, 39)
(1037/6, 76, 37)
(173, 71, 34)
(693/4, 68, 32)
(347/2, 64, 30)
(695/4, 66, 31)
(174, 68, 32)
(175, 73, 35)
(176, 66, 31)
(177, 71, 34)
(178, 70, 33)
(179, 75, 36)
(180, 68, 32)
(182, 71, 34)
(365/2, 70, 33)
(183, 71, 34)
(184, 71, 34)
(369/2, 69, 33)
(185, 68, 32)
(371/2, 69, 33)
(186, 69, 33)
(559/3, 67, 32)
(562/3, 66, 31)
(563/3, 67, 32)
(188, 66, 31)
(189, 66, 31)
(191, 71, 34)
(192, 68, 32)
(195, 73, 35)
(196, 71, 34)
(197, 69, 33)
(199, 69, 33)
(200, 68, 32)
(201, 71, 34)
(203, 69, 33)
(204, 68, 32)
(205, 76, 37)
(413/2, 71, 34)
(207, 73, 35)
(415/2, 75, 36)
(208, 73, 35)
(208, 76, 37)
(209, 75, 36)
(419/2, 76, 37)
(210, 76, 37)
(421/2, 75, 36)
(211, 73, 35)
(423/2, 75, 36)
(212, 78, 38)
(429/2, 76, 37)
(215, 75, 36)
(431/2, 76, 37)
(216, 79, 39)
(437/2, 78, 38)
(219, 77, 37)
(439/2, 78, 38)
(220, 81, 40)
(889/4, 85, 42)
(445/2, 81, 40)
(891/4, 85, 42)
(223, 78, 38)
(893/4, 81, 40)
(447/2, 78, 38)
(895/4, 81, 40)
(224, 75, 36)
(897/4, 78, 38)
(449/2, 75, 36)
(899/4, 78, 38)
(225, 69, 33)
(901/4, 72, 35)
(451/2, 72, 35)
(226, 66, 31)
(905/4, 69, 33)
(453/2, 66, 31)
(907/4, 69, 33)
(227, 63, 29)
(909/4, 66, 31)
(455/2, 63, 29)
(911/4, 66, 31)
(228, 60, 28)
(913/4, 59, 27)
(457/2, 58, 26)
(915/4, 58, 26)
(229, 59, 27)
(230, 67, 32)
(921/4, 64, 30)
(461/2, 59, 27)
(923/4, 66, 31)
(231, 66, 31)
(925/4, 66, 31)
(463/2, 67, 32)
(927/4, 64, 30)
(232, 59, 27)
(929/4, 69, 33)
(465/2, 69, 33)
(931/4, 69, 33)
(233, 71, 34)
(933/4, 67, 32)
(467/2, 64, 30)
(935/4, 76, 37)
(234, 76, 37)
(937/4, 76, 37)
(469/2, 75, 36)
(939/4, 72, 35)
(235, 69, 33)
(941/4, 76, 37)
(471/2, 76, 37)
(943/4, 76, 37)
(236, 71, 34)
(945/4, 67, 32)
(473/2, 64, 30)
(947/4, 76, 37)
(237, 76, 37)
(949/4, 76, 37)
(475/2, 75, 36)
(951/4, 72, 35)
(238, 69, 33)
(953/4, 76, 37)
(477/2, 76, 37)
(955/4, 76, 37)
(239, 71, 34)
(957/4, 67, 32)
(479/2, 64, 30)
(959/4, 71, 34)
(240, 71, 34)
(961/4, 71, 34)
(481/2, 71, 34)
(963/4, 77, 38)
(241, 76, 37)
(965/4, 74, 36)
(483/2, 72, 35)
(967/4, 71, 34)
(242, 74, 36)
(969/4, 72, 35)
(485/2, 71, 34)
(971/4, 69, 33)
(243, 68, 32)
(973/4, 69, 33)
(487/2, 69, 33)
(975/4, 68, 32)
(244, 65, 31)
(977/4, 64, 30)
(489/2, 63, 29)
(979/4, 64, 30)
(245, 69, 33)
(981/4, 71, 34)
(491/2, 69, 33)
(983/4, 68, 32)
(246, 69, 33)
(985/4, 72, 35)
(493/2, 76, 37)
(987/4, 78, 38)
(247, 76, 37)
(989/4, 75, 36)
(495/2, 76, 37)
(991/4, 78, 38)
(248, 79, 39)
(497/2, 78, 38)
(249, 76, 37)
(499/2, 79, 39)
(1001/4, 76, 37)
(251, 75, 36)
(1005/4, 71, 34)
(503/2, 75, 36)
(1007/4, 78, 38)
(252, 83, 41)
(1009/4, 87, 43)
(505/2, 90, 45)
(1013/4, 62, 29)
(507/2, 64, 30)
(1015/4, 66, 31)
(254, 67, 32)
(1017/4, 64, 30)
(509/2, 59, 27)
(1019/4, 66, 31)
(255, 66, 31)
(1021/4, 66, 31)
(511/2, 67, 32)
(1023/4, 64, 30)
(256, 59, 27)
(1025/4, 69, 33)
(513/2, 69, 33)
(1027/4, 69, 33)
(257, 71, 34)
(1029/4, 67, 32)
(515/2, 64, 30)
(1031/4, 76, 37)
(258, 76, 37)
(1033/4, 76, 37)
(517/2, 75, 37)
(1035/4, 72, 35)
(259, 67, 32)
(1037/4, 79, 39)
(519/2, 79, 39)
(1039/4, 79, 39)
(260, 74, 36)
(1041/4, 71, 34)
(521/2, 67, 32)
(1043/4, 79, 39)
(261, 79, 39)
(1045/4, 79, 39)
(523/2, 75, 37)
(1047/4, 72, 35)
(262, 67, 32)
(1049/4, 79, 39)
(525/2, 79, 39)
(1051/4, 79, 39)
(263, 74, 36)
(1053/4, 71, 34)
(527/2, 67, 32)
(1055/4, 74, 36)
(264, 74, 36)
(1057/4, 74, 36)
(529/2, 74, 36)
(1059/4, 67, 32)
(265, 71, 34)
(1061/4, 72, 35)
(531/2, 74, 36)
(266, 76, 37)
(1065/4, 77, 38)
(533/2, 76, 37)
(1067/4, 75, 36)
(267, 76, 37)
(1069/4, 72, 35)
(535/2, 76, 37)
(1071/4, 77, 38)
(268, 76, 37)
(1073/4, 75, 36)
(537/2, 76, 37)
(1075/4, 72, 35)
(269, 79, 39)
(1077/4, 81, 40)
(539/2, 79, 39)
(1079/4, 78, 38)
(270, 79, 39)
(1081/4, 76, 37)
(541/2, 79, 39)
(1083/4, 81, 40)
(271, 79, 39)
(1085/4, 78, 38)
(543/2, 79, 39)
(1087/4, 76, 37)
(272, 85, 42)
(545/2, 85, 42)
(273, 86, 43)
(547/2, 88, 44)
(274, 86, 43)
(549/2, 85, 42)
(275, 83, 41)
(1101/4, 86, 43)
(551/2, 85, 42)
(1103/4, 83, 41)
(276, 82, 40)
(1105/4, 83, 41)
(553/2, 83, 41)
(1107/4, 86, 43)
(277, 85, 42)
(1109/4, 83, 41)
(555/2, 82, 40)
(1111/4, 83, 41)
(278, 86, 43)
(279, 83, 41)
(559/2, 83, 41)
(1119/4, 86, 43)
(280, 85, 42)
(1121/4, 83, 41)
(561/2, 82, 40)
(1123/4, 83, 41)
(281, 86, 43)
(282, 83, 41)
(565/2, 83, 41)
(1131/4, 86, 43)
(283, 85, 42)
(1133/4, 83, 41)
(567/2, 82, 40)
(1135/4, 83, 41)
(284, 90, 45)
(571/2, 82, 40)
(1145/4, 64, 30)
(573/2, 66, 31)
(1147/4, 67, 32)
(287, 69, 33)
(1149/4, 66, 31)
(575/2, 60, 28)
(1151/4, 69, 33)
(288, 69, 33)
(1153/4, 69, 33)
(577/2, 69, 33)
(1155/4, 66, 31)
(289, 60, 28)
(1157/4, 69, 33)
(579/2, 69, 33)
(1159/4, 69, 33)
(290, 69, 33)
(1161/4, 71, 34)
(581/2, 72, 35)
(1163/4, 71, 34)
(291, 69, 33)
(1165/4, 67, 32)
(583/2, 66, 31)
(1169/4, 76, 37)
(585/2, 78, 38)
(1171/4, 79, 39)
(293, 81, 40)
(1173/4, 78, 38)
(587/2, 72, 35)
(1175/4, 81, 40)
(294, 81, 40)
(1177/4, 81, 40)
(589/2, 81, 40)
(1179/4, 78, 38)
(295, 72, 35)
(1181/4, 81, 40)
(591/2, 81, 40)
(1183/4, 81, 40)
(296, 81, 40)
(1185/4, 83, 41)
(593/2, 81, 40)
(1187/4, 79, 39)
(297, 78, 38)
(1189/4, 76, 37)
(595/2, 75, 36)
(1193/4, 59, 27)
(597/2, 60, 28)
(1195/4, 62, 29)
(299, 64, 30)
(599/2, 63, 29)
(300, 64, 30)
(601/2, 66, 31)
(301, 67, 32)
(603/2, 69, 33)
(302, 71, 34)
(605/2, 70, 33)
(303, 71, 34)
(607/2, 72, 35)
(304, 74, 36)
(609/2, 75, 36)
(305, 76, 37)
(611/2, 75, 36)
(306, 76, 37)
(613/2, 78, 38)
(307, 79, 39)
(615/2, 81, 40)
(308, 83, 41)
(617/2, 82, 40)
(619/2, 83, 41)
(310, 84, 42)
(621/2, 86, 43)
(311, 88, 44)
(934/3, 88, 44)
(935/3, 90, 45)
(312, 91, 46)
(937/3, 81, 40)
(938/3, 83, 41)
(314, 84, 42)
(317, 83, 41)
(318, 72, 35)
(319, 74, 36)
(320, 76, 37)
(1281/4, 79, 39)
(641/2, 78, 38)
(1283/4, 76, 37)
(321, 75, 36)
(1285/4, 76, 37)
(643/2, 76, 37)
(1287/4, 79, 39)
(322, 78, 38)
(1289/4, 76, 37)
(645/2, 75, 36)
(1291/4, 76, 37)
(323, 79, 39)
(324, 76, 37)
(649/2, 76, 37)
(1299/4, 79, 39)
(325, 78, 38)
(1301/4, 76, 37)
(651/2, 75, 36)
(1303/4, 76, 37)
(326, 79, 39)
(327, 76, 37)
(655/2, 76, 37)
(1311/4, 79, 39)
(328, 78, 38)
(1313/4, 76, 37)
(657/2, 75, 36)
(1315/4, 76, 37)
(329, 83, 41)
(661/2, 75, 36)
(663/2, 83, 41)
(332, 86, 43)
(667/2, 84, 42)
(335, 80, 39)
(673/2, 81, 40)
(675/2, 81, 40)
(338, 84, 42)
(679/2, 83, 41)
(341, 81, 40)
(685/2, 79, 39)
(687/2, 79, 39)
(344, 78, 38)
(695/2, 84, 42)
(348, 83, 41)
(697/2, 84, 42)
(349, 81, 40)
(699/2, 77, 38)
(350, 76, 37)
(352, 74, 36)
(707/2, 81, 40)
(354, 80, 39)
(709/2, 81, 40)
(355, 77, 38)
(711/2, 72, 35)
(356, 72, 35)
(719/2, 69, 33)
(360, 71, 34)
(721/2, 72, 35)
(361, 71, 34)
(723/2, 69, 33)
(362, 79, 39)
(725/2, 69, 33)
(363, 71, 34)
(727/2, 72, 35)
(364, 71, 34)
(729/2, 69, 33)
(365, 78, 38)
(731/2, 69, 33)
(366, 71, 34)
(733/2, 72, 35)
(367, 71, 34)
(735/2, 69, 33)
(368, 81, 40)
(737/2, 79, 39)
(369, 78, 38)
(739/2, 81, 40)
(370, 84, 42)
(741/2, 83, 41)
(371, 81, 40)
(743/2, 84, 42)
(372, 90, 45)
(372, 64, 30)
(745/2, 88, 44)
(373, 87, 43)
(747/2, 84, 42)
(374, 81, 40)
(749/2, 79, 39)
(375, 78, 38)
(751/2, 76, 37)
(376, 75, 36)
(753/2, 72, 35)
(377, 71, 34)
(755/2, 70, 33)
(378, 69, 33)
(757/2, 68, 32)
(379, 69, 33)
(759/2, 70, 33)
(380, 71, 34)
(761/2, 66, 31)
(381, 71, 34)
(763/2, 71, 34)
(382, 71, 34)
(1148/3, 67, 32)
(1150/3, 69, 33)
(384, 67, 32)
(1154/3, 69, 33)
(1156/3, 69, 33)
(773/2, 64, 30)
(387, 69, 33)
(775/2, 69, 33)
(389, 68, 32)
(1168/3, 68, 32)
(1169/3, 69, 33)
(390, 71, 34)
(781/2, 76, 37)
(391, 75, 36)
(783/2, 76, 37)
(392, 80, 39)
(785/2, 76, 37)
(393, 71, 34)
(787/2, 73, 35)
(394, 71, 34)
(1581/4, 76, 37)
(791/2, 75, 36)
(1583/4, 76, 37)
(396, 80, 39)
(793/2, 76, 37)
(397, 71, 34)
(795/2, 75, 36)
(795/2, 73, 35)
(398, 71, 34)
(1601/4, 71, 34)
(1603/4, 76, 37)
(1605/4, 75, 36)
(1607/4, 70, 33)
(1609/4, 71, 34)
(1611/4, 75, 36)
(1613/4, 76, 37)
(1615/4, 73, 35)
(1617/4, 71, 34)
(809/2, 70, 33)
(1619/4, 71, 34)
(1621/4, 69, 33)
(1623/4, 66, 31)
(1625/4, 66, 31)
(813/2, 64, 30)
(1627/4, 66, 31)
(407, 68, 32)
(1629/4, 76, 37)
(815/2, 75, 36)
(1631/4, 76, 37)
(408, 80, 39)
(1225/3, 76, 37)
(1228/3, 71, 34)
(1229/3, 73, 35)
(410, 71, 34)
(821/2, 69, 33)
(411, 68, 32)
(823/2, 69, 33)
(412, 68, 32)
(413, 66, 31)
(827/2, 71, 34)
(414, 69, 33)
(831/2, 68, 32)
(416, 71, 34)
(833/2, 69, 33)
(417, 81, 40)
(835/2, 75, 36)
(418, 83, 41)
(837/2, 80, 39)
(419, 76, 37)
(839/2, 73, 35)
(420, 71, 34)
(841/2, 68, 32)
(421, 68, 32)
(422, 64, 30)
(1693/4, 59, 27)
(847/2, 59, 27)
(1695/4, 59, 27)
(1697/4, 64, 30)
(1699/4, 59, 27)
(1701/4, 61, 28)
(1705/4, 68, 32)
(853/2, 67, 31)
(1707/4, 68, 32)
(427, 67, 31)
(1709/4, 68, 32)
(855/2, 69, 33)
(1711/4, 68, 32)
(1713/4, 64, 30)
(1715/4, 59, 27)
(1717/4, 61, 28)
(1721/4, 68, 32)
(861/2, 67, 31)
(1723/4, 68, 32)
(431, 67, 31)
(1725/4, 68, 32)
(863/2, 69, 33)
(1727/4, 68, 32)
(432, 76, 37)
(869/2, 73, 35)
(871/2, 71, 34)
(873/2, 71, 34)
(875/2, 70, 33)
(877/2, 69, 33)
(879/2, 63, 29)
(440, 66, 31)
(440, 64, 30)
(881/2, 63, 29)
(441, 64, 30)
(883/2, 66, 31)
(442, 69, 33)
(442, 68, 32)
(885/2, 66, 31)
(443, 68, 32)
(887/2, 69, 33)
(444, 71, 34)
(889/2, 76, 37)
(445, 75, 36)
(891/2, 76, 37)
(446, 80, 39)
(893/2, 83, 41)
(447, 82, 40)
(895/2, 83, 41)
(448, 88, 44)
(10000, 64, 30)
(20001/2, 66, 31)
(10001, 64, 30)
(20003/2, 63, 29)
(10002, 64, 30)
(20005/2, 64, 30)
(10003, 66, 31)
(20007/2, 64, 30)
(20009/2, 64, 30)
(10005, 64, 30)
(20011/2, 64, 30)
(10006, 63, 29)
(20013/2, 63, 29)
(10007, 64, 30)
(10008, 64, 30)
(20017/2, 66, 31)
(10009, 64, 30)
(20019/2, 61, 28)
(10010, 63, 29)
(20021/2, 61, 28)
(10011, 66, 31)
(20023/2, 68, 32)
(10012, 61, 28)
(20025/2, 63, 29)
(10013, 64, 30)
(20027/2, 66, 31)
(10014, 68, 32)
(20029/2, 69, 33)
(10015, 71, 34)
(10016, 59, 27)
(20033/2, 66, 31)
(10017, 66, 31)
(20035/2, 64, 30)
(10018, 64, 30)
(20037/2, 64, 30)
(10019, 64, 30)
(20039/2, 63, 29)
(10020, 64, 30)
(20041/2, 63, 29)
(10021, 60, 27)
(10022, 61, 28)
(20045/2, 61, 28)
(10023, 61, 28)
(20047/2, 61, 28)
(10024, 59, 27)
(20049/2, 75, 36)
(20049/2, 68, 32)
(10025, 59, 27)
(10025, 68, 32)
(10026, 61, 28)
(20053/2, 61, 28)
(10027, 61, 28)
(20055/2, 61, 28)
(10028, 59, 27)
(20057/2, 68, 32)
(10029, 59, 27)
(10029, 68, 32)
(10030, 64, 30)
(20061/2, 66, 31)
(10031, 64, 30)
(20063/2, 63, 29)
(10032, 64, 30)
(20065/2, 64, 30)
(10033, 66, 31)
(20067/2, 66, 31)
(20069/2, 68, 32)
(20071/2, 64, 30)
(10036, 64, 30)
(20073/2, 63, 29)
(10037, 64, 30)
(40153/4, 71, 34)
(10039, 69, 33)
(40159/4, 71, 34)
(40161/4, 63, 29)
(10041, 67, 32)
(20083/2, 66, 31)
(40169/4, 64, 30)
(20085/2, 68, 32)
(40171/4, 71, 34)
(10043, 71, 34)
(10043, 81, 40)
(40177/4, 64, 30)
(20089/2, 61, 28)
(40179/4, 63, 29)
(40181/4, 59, 27)
(40183/4, 59, 27)
(40185/4, 61, 28)
(40187/4, 63, 29)
(20095/2, 64, 30)
(30143/3, 64, 30)
(60287/6, 64, 30)
(40193/4, 63, 29)
(10049, 68, 32)
(20099/2, 68, 32)
(30149/3, 66, 31)
(60299/6, 64, 30)
(40201/4, 68, 32)
(40201/4, 71, 34)
(10051, 68, 32)
(10051, 71, 34)
(20103/2, 63, 29)
(40209/4, 68, 32)
(20105/2, 67, 31)
(40211/4, 68, 32)
(40213/4, 63, 29)
(40217/4, 59, 27)
(20109/2, 63, 29)
(40219/4, 63, 29)
(40221/4, 63, 29)
(40225/4, 63, 29)
(20113/2, 63, 29)
(40227/4, 63, 29)
(40227/4, 69, 33)
(40229/4, 63, 29)
(40229/4, 69, 33)
(40231/4, 64, 30)
(40233/4, 64, 30)
(40235/4, 64, 30)
(100591/10, 64, 30)
(20119/2, 63, 29)
(40241/4, 64, 30)
(40243/4, 63, 29)
(20123/2, 59, 27)
(40249/4, 61, 28)
(10063, 57, 26)
(40257/4, 64, 30)
(20129/2, 63, 29)
(40259/4, 64, 30)
(10065, 63, 29)
(40261/4, 64, 30)
(20131/2, 63, 29)
(40263/4, 64, 30)
(40265/4, 69, 33)
(10067, 59, 27)
(20135/2, 61, 28)
(40273/4, 64, 30)
(20137/2, 63, 29)
(40275/4, 64, 30)
(10069, 63, 29)
(40277/4, 64, 30)
(20139/2, 68, 32)
(40279/4, 64, 30)
(40281/4, 71, 34)
(40283/4, 69, 33)
(40285/4, 71, 34)
(40287/4, 64, 30)
(40289/4, 63, 29)
(40291/4, 64, 30)
(40293/4, 66, 31)
(40295/4, 64, 30)
(40297/4, 71, 34)
(40299/4, 68, 32)
(40301/4, 64, 30)
(40303/4, 59, 27)
(40305/4, 63, 29)
(20153/2, 57, 26)
(40307/4, 56, 25)
(10077, 56, 25)
(30232/3, 64, 30)
(30233/3, 64, 30)
(10078, 64, 30)
(30235/3, 63, 29)
(30236/3, 64, 30)
(10079, 63, 29)
(30238/3, 63, 29)
(30239/3, 63, 29)
(10080, 64, 30)
(30241/3, 64, 30)
(30242/3, 64, 30)
(10081, 64, 30)
(30244/3, 64, 30)
(30245/3, 64, 30)
(10082, 64, 30)
(10083, 64, 30)
(30253/3, 64, 30)
(30254/3, 62, 29)
(10085, 61, 28)
(30256/3, 61, 28)
(30257/3, 59, 27)
(10086, 57, 26)
(10087, 61, 28)
(30265/3, 63, 29)
(30266/3, 66, 31)
(10089, 64, 30)
(30268/3, 66, 31)
(30269/3, 68, 32)
(10090, 61, 28)
(30271/3, 64, 30)
(30272/3, 64, 30)
(10091, 64, 30)
(30274/3, 68, 32)
(30275/3, 66, 31)
(10092, 64, 30)
(10093, 63, 29)
(30280/3, 59, 27)
(30281/3, 59, 27)
(10094, 59, 27)
(40379/4, 66, 31)
(40381/4, 66, 31)
(10096, 59, 27)
(30289/3, 59, 27)
(30290/3, 59, 27)
(10097, 59, 27)
(30292/3, 63, 29)
(30292/3, 75, 36)
(30293/3, 68, 32)
(10098, 68, 32)
(10099, 67, 31)
(10100, 68, 32)
(30301/3, 69, 33)
(30302/3, 68, 32)
(10101, 66, 31)
(30304/3, 63, 29)
(30305/3, 68, 32)
(10102, 61, 28)
(30307/3, 61, 28)
(30308/3, 59, 27)
(10103, 61, 28)
(30310/3, 61, 28)
(30311/3, 63, 29)
(10104, 64, 30)
(30313/3, 64, 30)
(30314/3, 66, 31)
(10105, 68, 32)
(30319/3, 61, 28)
(30320/3, 59, 27)
(10107, 61, 28)
(30322/3, 61, 28)
(30323/3, 63, 29)
(10108, 64, 30)
(30325/3, 64, 30)
(30326/3, 66, 31)
(10109, 68, 32)
(30328/3, 64, 30)
(30329/3, 66, 31)
(10110, 68, 32)
(30334/3, 64, 30)
(30335/3, 64, 30)
(10112, 71, 34)
(10112, 69, 33)
(30337/3, 68, 32)
(30338/3, 69, 33)
(10113, 71, 34)
(10113, 69, 33)
(30340/3, 68, 32)
(30341/3, 69, 33)
(10114, 68, 32)
(30346/3, 64, 30)
(30347/3, 64, 30)
(10116, 63, 29)
(30349/3, 63, 29)
(30350/3, 63, 29)
(10117, 64, 30)
(30355/3, 61, 28)
(30356/3, 63, 29)
(10119, 64, 30)
(30358/3, 68, 32)
(30359/3, 67, 31)
(10120, 68, 32)
(30361/3, 68, 32)
(30362/3, 70, 33)
(10121, 71, 34)
(30367/3, 47, 20)
(30367/3, 51, 22)
(30367/3, 54, 24)
(30367/3, 61, 28)
(30368/3, 63, 29)
(10123, 64, 30)
(30370/3, 66, 31)
(30371/3, 64, 30)
(10124, 63, 29)
(30373/3, 68, 32)
(30374/3, 70, 33)
(10125, 71, 34)
(30376/3, 68, 32)
(30377/3, 68, 32)
(10126, 68, 32)
(30382/3, 64, 30)
(30383/3, 64, 30)
(10128, 71, 34)
(10128, 69, 33)
(30385/3, 68, 32)
(30386/3, 69, 33)
(10129, 71, 34)
(10129, 69, 33)
(30388/3, 68, 32)
(30389/3, 69, 33)
(10130, 68, 32)
(30394/3, 64, 30)
(30395/3, 64, 30)
(10132, 63, 29)
(30397/3, 63, 29)
(30398/3, 59, 27)
(10133, 59, 27)
(10134, 59, 27)
(10136, 64, 30)
(10138, 68, 32)
(10140, 66, 31)
(10141, 64, 30)
(40565/4, 59, 27)
(20283/2, 61, 28)
(40567/4, 63, 29)
(10142, 64, 30)
(10143, 59, 27)
(10146, 58, 26)
(10147, 66, 31)
(10148, 64, 30)
(10149, 63, 29)
(10150, 59, 27)
(10153, 64, 30)
(10154, 61, 28)
(10157, 60, 27)
(20319/2, 60, 28)
(10160, 59, 27)
(20325/2, 64, 30)
(10163, 69, 33)
(10164, 68, 32)
(20329/2, 66, 31)
(10165, 64, 30)
(20331/2, 61, 28)
(10166, 59, 27)
(10168, 58, 26)
(10170, 59, 27)
(40681/4, 68, 32)
(20341/2, 66, 31)
(40683/4, 64, 30)
(10171, 63, 29)
(40685/4, 61, 28)
(20343/2, 59, 27)
(40687/4, 57, 26)
(40687/4, 69, 33)
(10172, 56, 25)
(10174, 64, 30)
(10176, 63, 29)
(10177, 65, 30)
(40709/4, 68, 32)
(20355/2, 65, 30)
(40711/4, 68, 32)
(10178, 61, 28)
(10179, 66, 31)
(10180, 64, 30)
(10183, 64, 30)
(10184, 64, 30)
(20369/2, 64, 30)
(10185, 64, 30)
(20371/2, 64, 30)
(10186, 64, 30)
(20373/2, 64, 30)
(10187, 64, 30)
(20375/2, 64, 30)
(10188, 63, 29)
(10189, 63, 29)
(10191, 64, 30)
(10192, 63, 29)
(10193, 64, 30)
(10196, 66, 31)
(20393/2, 68, 32)
(10197, 69, 33)
(10199, 66, 31)
(10200, 64, 30)
(10201, 62, 29)
(10202, 61, 28)
(10203, 66, 31)
(10204, 59, 27)
(10205, 68, 32)
(20413/2, 68, 32)
(10207, 68, 32)
(20415/2, 68, 32)
(10208, 69, 33)
(20417/2, 69, 33)
(10209, 69, 33)
(20419/2, 69, 33)
(10210, 66, 31)
(10211, 69, 33)
(30634/3, 69, 33)
(30635/3, 69, 33)
(10212, 69, 33)
(20429/2, 64, 30)
(20429/2, 71, 34)
(10215, 64, 30)
(10215, 71, 34)
(20431/2, 64, 30)
(20431/2, 71, 34)
(10216, 64, 30)
(10216, 71, 34)
(20437/2, 66, 31)
(10219, 66, 31)
(20439/2, 66, 31)
(10220, 66, 31)
(40917/4, 59, 27)
(20459/2, 61, 28)
(40919/4, 63, 29)
(10230, 64, 30)
(10231, 62, 29)
(61387/6, 62, 29)
(30694/3, 62, 29)
(20463/2, 64, 30)
(40929/4, 64, 30)
(20465/2, 64, 30)
(40931/4, 64, 30)
(10233, 64, 30)
(10234, 64, 30)
(20469/2, 63, 29)
(20471/2, 64, 30)
(10236, 59, 27)
(10237, 64, 30)
(20475/2, 63, 29)
(20477/2, 64, 30)
(10239, 59, 27)
(20481/2, 64, 30)
(20487/2, 64, 30)
(20493/2, 67, 32)
(10248, 64, 30)
(20497/2, 66, 31)
(10249, 67, 32)
(20499/2, 64, 30)
(10250, 66, 31)
(20501/2, 67, 32)
(10251, 66, 31)
(41013/4, 59, 27)
(20507/2, 61, 28)
(41015/4, 63, 29)
(10254, 64, 30)
(41019/4, 62, 29)
(102549/10, 62, 29)
(102551/10, 62, 29)
(41021/4, 64, 30)
(41025/4, 64, 30)
(20513/2, 64, 30)
(41027/4, 64, 30)
(10257, 64, 30)
(10258, 64, 30)
(20517/2, 63, 30)
(20519/2, 67, 32)
(10260, 62, 29)
(10261, 62, 29)
(20523/2, 63, 30)
(20525/2, 67, 32)
(10263, 62, 29)
(20529/2, 55, 25)
(20529/2, 65, 31)
(10266, 55, 25)
(10266, 64, 30)
(20535/2, 55, 25)
(20535/2, 64, 30)
(10269, 59, 27)
(10269, 64, 30)
(20541/2, 59, 27)
(20541/2, 64, 30)
(10272, 66, 31)
(20545/2, 66, 31)
(10273, 66, 31)
(20547/2, 66, 31)
(10274, 66, 31)
(20549/2, 66, 31)
(10275, 66, 31)
(10275, 71, 34)
(20553/2, 62, 29)
(41113/4, 64, 30)
(20557/2, 66, 31)
(41115/4, 67, 32)
(10279, 66, 31)
(41117/4, 64, 30)
(20559/2, 62, 29)
(41125/4, 64, 30)
(20563/2, 66, 31)
(41127/4, 67, 32)
(10282, 66, 31)
(41129/4, 64, 30)
(20565/2, 62, 29)
(41137/4, 66, 31)
(20569/2, 71, 34)
(41139/4, 74, 36)
(10285, 73, 35)
(41141/4, 71, 34)
(20571/2, 70, 33)
(41143/4, 67, 32)
(10286, 66, 31)
(41145/4, 64, 30)
(20573/2, 63, 29)
(41147/4, 64, 30)
(10287, 66, 31)
(41151/4, 66, 31)
(10288, 66, 31)
(41153/4, 66, 31)
(20577/2, 66, 31)
(41157/4, 66, 31)
(20579/2, 66, 31)
(41159/4, 66, 31)
(10290, 66, 31)
(10293, 69, 33)
(10293, 78, 38)
(41175/4, 69, 33)
(41175/4, 78, 38)
(10294, 69, 33)
(10294, 78, 38)
(41177/4, 69, 33)
(41177/4, 78, 38)
(20589/2, 69, 33)
(20589/2, 78, 38)
(41181/4, 69, 33)
(41181/4, 78, 38)
(20591/2, 69, 33)
(20591/2, 78, 38)
(41183/4, 69, 33)
(41183/4, 78, 38)
(10296, 69, 33)
(10296, 78, 38)
(20603/2, 63, 30)
(10302, 62, 29)
(41209/4, 62, 29)
(20605/2, 66, 31)
(41211/4, 62, 29)
(10303, 67, 32)
(41213/4, 62, 29)
(20607/2, 69, 33)
(41215/4, 62, 29)
(10304, 71, 34)
(41217/4, 62, 29)
(20609/2, 71, 34)
(41219/4, 67, 32)
(10305, 72, 35)
(10306, 72, 35)
(20613/2, 75, 36)
(10307, 76, 37)
(20615/2, 78, 38)
(10308, 79, 39)
(61849/6, 74, 36)
(30925/3, 72, 35)
(20617/2, 74, 36)
(30926/3, 71, 34)
(61853/6, 74, 36)
(10309, 69, 33)
(61855/6, 74, 36)
(30928/3, 71, 34)
(20619/2, 74, 36)
(30929/3, 71, 34)
(61859/6, 67, 32)
(10311, 72, 35)
(61867/6, 67, 32)
(30934/3, 64, 30)
(20623/2, 67, 32)
(30935/3, 64, 30)
(61871/6, 67, 32)
(10312, 64, 30)
(61873/6, 67, 32)
(30937/3, 64, 30)
(20625/2, 67, 32)
(30938/3, 64, 30)
(61877/6, 67, 32)
(10314, 66, 31)
(10317, 67, 32)
(41269/4, 64, 30)
(20635/2, 67, 32)
(41271/4, 64, 30)
(10318, 67, 32)
(41273/4, 64, 30)
(20637/2, 71, 34)
(41275/4, 66, 31)
(10319, 71, 34)
(41277/4, 66, 31)
(20639/2, 71, 34)
(41279/4, 66, 31)
(41279/4, 79, 39)
(10320, 64, 30)
(20643/2, 61, 28)
(10323, 59, 27)
(41293/4, 57, 26)
(20647/2, 55, 25)
(41295/4, 57, 26)
(10324, 59, 27)
(41297/4, 55, 25)
(20649/2, 61, 28)
(10326, 59, 27)
(41305/4, 57, 26)
(20653/2, 55, 25)
(41307/4, 57, 26)
(10327, 59, 27)
(41309/4, 55, 25)
(20655/2, 61, 28)
(10329, 59, 27)
(41317/4, 59, 27)
(20659/2, 64, 30)
(41319/4, 67, 32)
(10330, 66, 31)
(41321/4, 64, 30)
(20661/2, 63, 29)
(41323/4, 63, 29)
(10331, 66, 31)
(41325/4, 69, 33)
(20663/2, 67, 32)
(41327/4, 66, 31)
(10332, 65, 31)
(10332, 72, 35)
(10332, 76, 37)
(10333, 64, 30)
(10333, 71, 34)
(10333, 74, 36)
(10335, 62, 29)
(41343/4, 60, 28)
(10338, 57, 26)
(41355/4, 55, 25)
(10341, 63, 29)
(41367/4, 64, 30)
(41367/4, 76, 37)
(10347, 60, 28)
(10350, 60, 28)
(10353, 60, 28)
(10356, 60, 28)
(10359, 60, 28)
(10362, 60, 28)
(20765/2, 60, 28)
(10383, 66, 31)
(20767/2, 66, 31)
(10384, 66, 31)
(10385, 64, 30)
(10387, 63, 29)
(10388, 64, 30)
(20777/2, 66, 31)
(10389, 64, 30)
(20779/2, 63, 29)
(10390, 64, 30)
(20781/2, 64, 30)
(10391, 66, 31)
(20783/2, 64, 30)
(10392, 59, 27)
(20787/2, 64, 30)
(10394, 59, 27)
(10394, 64, 30)
(10396, 59, 27)
(20795/2, 58, 26)
(10398, 59, 27)
(10399, 59, 27)
(41601/4, 71, 34)
(41603/4, 68, 32)
(41605/4, 66, 31)
(41609/4, 63, 29)
(41611/4, 66, 31)
(20807/2, 64, 30)
(41617/4, 64, 30)
(20809/2, 64, 30)
(41619/4, 64, 30)
(41621/4, 64, 30)
(41623/4, 63, 29)
(41625/4, 63, 29)
(20813/2, 61, 28)
(41627/4, 63, 29)
(10407, 64, 30)
(41633/4, 68, 32)
(41633/4, 71, 34)
(83271/8, 67, 32)
(83271/8, 71, 34)
(52046/5, 67, 32)
(52046/5, 71, 34)
(83277/8, 70, 33)
(41641/4, 66, 31)
(41643/4, 63, 29)
(41643/4, 66, 31)
(41645/4, 64, 30)
(41647/4, 64, 30)
(41649/4, 64, 30)
(20825/2, 64, 30)
(41651/4, 64, 30)
(10413, 64, 30)
(41653/4, 64, 30)
(20827/2, 63, 29)
(41655/4, 63, 29)
(41657/4, 66, 31)
(20829/2, 66, 31)
(41659/4, 66, 31)
(10415, 63, 29)
(10415, 66, 31)
(10416, 65, 30)
(10416, 78, 38)
(41665/4, 66, 31)
(20833/2, 66, 31)
(10418, 64, 30)
(10418, 71, 34)
(10418, 78, 38)
(20837/2, 64, 30)
(20837/2, 71, 34)
(41675/4, 64, 30)
(41675/4, 71, 34)
(10419, 64, 30)
(41677/4, 64, 30)
(10420, 64, 30)
(10420, 71, 34)
(10420, 73, 35)
(10420, 75, 36)
(20843/2, 63, 29)
(20843/2, 71, 34)
(10422, 64, 30)
(41689/4, 59, 27)
(20845/2, 56, 25)
(41691/4, 56, 25)
(10423, 56, 25)
(41697/4, 57, 26)
(41699/4, 57, 26)
(41701/4, 57, 26)
(41703/4, 61, 28)
(41703/4, 63, 29)
(41705/4, 64, 30)
(20853/2, 63, 29)
(41707/4, 64, 30)
(10427, 63, 29)
(41709/4, 64, 30)
(20855/2, 63, 29)
(41711/4, 64, 30)
(41713/4, 57, 26)
(41715/4, 57, 26)
(41717/4, 57, 26)
(41721/4, 64, 30)
(20861/2, 63, 29)
(41723/4, 64, 30)
(10431, 63, 29)
(41725/4, 64, 30)
(20863/2, 66, 31)
(41727/4, 64, 30)
(10432, 64, 30)
(10432, 75, 36)
(10433, 64, 30)
(10433, 75, 36)
(10434, 64, 30)
(41737/4, 69, 33)
(20869/2, 69, 33)
(41739/4, 69, 33)
(10435, 68, 32)
(41741/4, 68, 32)
(20871/2, 68, 32)
(41743/4, 68, 32)
(10436, 64, 30)
(20873/2, 64, 30)
(20873/2, 75, 36)
(10438, 64, 30)
(20877/2, 63, 29)
(41755/4, 63, 29)
(10439, 59, 27)
(41757/4, 59, 27)
(10440, 59, 27)
(20881/2, 59, 27)
(41763/4, 59, 27)
(10441, 63, 29)
(41765/4, 63, 29)
(10442, 64, 30)
(10442, 78, 38)
(41769/4, 66, 31)
(20885/2, 64, 30)
(20885/2, 76, 37)
(20885/2, 78, 38)
(41771/4, 63, 29)
(10444, 64, 30)
(10444, 71, 34)
(10444, 75, 36)
(10445, 66, 31)
(10450, 57, 26)
(10451, 59, 27)
(10452, 59, 27)
(20000, 59, 27)
(40001/2, 59, 27)
(20001, 59, 27)
(40003/2, 59, 27)
(20002, 59, 27)
(40005/2, 59, 27)
(20003, 59, 27)
(40007/2, 59, 27)
(40009/2, 59, 27)
(20005, 52, 23)
(40011/2, 57, 26)
(20006, 54, 24)
(40013/2, 59, 27)
(20007, 59, 27)
(20008, 59, 27)
(60025/3, 59, 27)
(60026/3, 59, 27)
(20009, 56, 25)
(20010, 56, 25)
(40021/2, 56, 25)
(20011, 60, 27)
(40023/2, 61, 28)
(20012, 58, 26)
(40025/2, 59, 27)
(20013, 61, 28)
(40027/2, 63, 29)
(20014, 64, 30)
(40029/2, 64, 30)
(20015, 63, 29)
(20016, 59, 27)
(40033/2, 59, 27)
(20017, 59, 27)
(40035/2, 59, 27)
(20018, 61, 28)
(60055/3, 64, 30)
(60058/3, 61, 28)
(60059/3, 59, 27)
(20020, 59, 27)
(40041/2, 57, 26)
(20021, 56, 25)
(20022, 52, 23)
(40045/2, 52, 23)
(40045/2, 57, 26)
(20023, 52, 23)
(20023, 57, 26)
(40047/2, 52, 23)
(40047/2, 57, 26)
(20024, 52, 23)
(20024, 56, 25)
(20025, 52, 23)
(20025, 56, 25)
(20026, 52, 23)
(40053/2, 52, 23)
(40053/2, 57, 26)
(20027, 52, 23)
(20027, 57, 26)
(40055/2, 52, 23)
(40055/2, 57, 26)
(20028, 52, 23)
(20028, 56, 25)
(20029, 52, 23)
(20029, 56, 25)
(20030, 59, 27)
(40061/2, 59, 27)
(20031, 59, 27)
(40063/2, 59, 27)
(20032, 59, 27)
(40065/2, 59, 27)
(40065/2, 64, 30)
(20033, 61, 28)
(20033, 64, 30)
(40067/2, 61, 28)
(40067/2, 64, 30)
(40069/2, 59, 27)
(40069/2, 64, 30)
(40071/2, 61, 28)
(20036, 59, 27)
(40073/2, 57, 26)
(20037, 56, 25)
(20038, 57, 26)
(20038, 56, 25)
(40077/2, 54, 24)
(20039, 56, 25)
(40079/2, 57, 26)
(20040, 59, 27)
(40081/2, 64, 30)
(20041, 63, 29)
(40083/2, 64, 30)
(20042, 68, 32)
(40085/2, 64, 30)
(20043, 59, 27)
(40087/2, 61, 28)
(20044, 59, 27)
(80177/4, 57, 26)
(80179/4, 56, 25)
(20045, 56, 25)
(20046, 57, 26)
(20046, 56, 25)
(40093/2, 54, 24)
(20047, 56, 25)
(40095/2, 61, 28)
(20048, 60, 27)
(40097/2, 61, 28)
(20049, 63, 29)
(40099/2, 61, 28)
(20050, 64, 30)
(40101/2, 63, 29)
(20051, 58, 26)
(40103/2, 59, 27)
(20052, 63, 29)
(80209/4, 61, 28)
(80211/4, 59, 27)
(20053, 59, 27)
(20054, 59, 27)
(40109/2, 54, 24)
(20055, 54, 24)
(40111/2, 56, 25)
(20056, 59, 27)
(40113/2, 54, 24)
(20057, 54, 24)
(40115/2, 56, 25)
(20058, 61, 28)
(40117/2, 59, 27)
(20059, 57, 26)
(40119/2, 59, 27)
(20060, 56, 25)
(40121/2, 54, 24)
(20061, 51, 22)
(20062, 49, 21)
(60187/3, 51, 22)
(60190/3, 52, 23)
(60191/3, 54, 24)
(20064, 56, 25)
(40129/2, 59, 27)
(20065, 59, 27)
(20066, 49, 21)
(40133/2, 51, 22)
(20067, 52, 23)
(40135/2, 54, 24)
(20068, 56, 25)
(40137/2, 59, 27)
(20069, 59, 27)
(20070, 57, 26)
(20070, 56, 25)
(40141/2, 54, 24)
(20071, 56, 25)
(40143/2, 57, 26)
(20072, 59, 27)
(40145/2, 64, 30)
(20073, 63, 29)
(40147/2, 64, 30)
(20074, 68, 32)
(40149/2, 64, 30)
(20075, 59, 27)
(40151/2, 56, 25)
(20076, 56, 25)
(20076, 64, 30)
(80305/4, 54, 24)
(80307/4, 52, 23)
(20077, 52, 23)
(60232/3, 59, 27)
(60233/3, 59, 27)
(20078, 59, 27)
(60235/3, 59, 27)
(60236/3, 59, 27)
(20079, 59, 27)
(60238/3, 59, 27)
(60239/3, 59, 27)
(20080, 59, 27)
(60241/3, 57, 26)
(60242/3, 59, 27)
(20081, 61, 28)
(60244/3, 63, 29)
(60245/3, 61, 28)
(20082, 59, 27)
(20083, 58, 26)
(60253/3, 59, 27)
(60254/3, 57, 26)
(20085, 56, 25)
(60256/3, 54, 24)
(60257/3, 56, 25)
(20086, 57, 26)
(20087, 57, 26)
(60265/3, 56, 25)
(60266/3, 56, 25)
(20089, 56, 25)
(60268/3, 61, 28)
(60269/3, 59, 27)
(20090, 58, 26)
(60271/3, 58, 26)
(60272/3, 59, 27)
(20091, 61, 28)
(60274/3, 58, 26)
(60275/3, 58, 26)
(20092, 58, 26)
(60277/3, 59, 27)
(60278/3, 58, 26)
(20093, 59, 27)
(60280/3, 59, 27)
(60281/3, 59, 27)
(20094, 59, 27)
(60283/3, 59, 27)
(60284/3, 59, 27)
(20095, 59, 27)
(60286/3, 59, 27)
(60287/3, 59, 27)
(20096, 59, 27)
(60289/3, 59, 27)
(60290/3, 59, 27)
(20097, 59, 27)
(60292/3, 59, 27)
(60293/3, 59, 27)
(60293/3, 64, 30)
(20098, 61, 28)
(20098, 64, 30)
(20099, 61, 28)
(20100, 64, 30)
(60301/3, 66, 31)
(60302/3, 64, 30)
(20101, 63, 29)
(60304/3, 60, 27)
(60305/3, 56, 25)
(20102, 61, 28)
(60310/3, 61, 28)
(60311/3, 60, 28)
(20104, 59, 27)
(60313/3, 59, 27)
(60314/3, 57, 26)
(20105, 56, 25)
(60316/3, 56, 25)
(60317/3, 54, 24)
(20106, 52, 23)
(60322/3, 61, 28)
(60323/3, 60, 28)
(20108, 59, 27)
(60325/3, 59, 27)
(60326/3, 57, 26)
(20109, 56, 25)
(60328/3, 56, 25)
(60329/3, 54, 24)
(20110, 52, 23)
(20111, 56, 25)
(20112, 57, 26)
(60337/3, 64, 30)
(60338/3, 64, 30)
(20113, 64, 30)
(60340/3, 64, 30)
(60341/3, 64, 30)
(20114, 64, 30)
(60346/3, 56, 25)
(60347/3, 56, 25)
(20116, 54, 24)
(60349/3, 54, 24)
(60350/3, 54, 24)
(20117, 52, 23)
(60352/3, 59, 27)
(60353/3, 59, 27)
(20118, 64, 30)
(60358/3, 66, 31)
(60359/3, 64, 30)
(20120, 63, 29)
(60361/3, 63, 29)
(60362/3, 61, 28)
(20121, 59, 27)
(60364/3, 59, 27)
(60365/3, 58, 26)
(20122, 56, 25)
(60370/3, 63, 29)
(60371/3, 61, 28)
(20124, 59, 27)
(60373/3, 59, 27)
(60374/3, 58, 26)
(20125, 56, 25)
(60376/3, 56, 25)
(60377/3, 54, 24)
(20126, 52, 23)
(20127, 56, 25)
(20128, 57, 26)
(60385/3, 64, 30)
(60386/3, 64, 30)
(20129, 64, 30)
(60388/3, 64, 30)
(60389/3, 64, 30)
(20130, 64, 30)
(60394/3, 56, 25)
(60395/3, 56, 25)
(20132, 54, 24)
(60397/3, 57, 26)
(60398/3, 57, 26)
(20133, 56, 25)
(20134, 56, 25)
(20135, 57, 26)
(20136, 59, 27)
(20137, 61, 28)
(20138, 64, 30)
(20140, 63, 29)
(20141, 59, 27)
(20143, 56, 25)
(20146, 54, 24)
(20150, 57, 26)
(20151, 56, 25)
(20152, 57, 26)
(20153, 56, 25)
(20154, 57, 26)
(20157, 51, 22)
(40321/2, 59, 27)
(20161, 64, 30)
(40323/2, 62, 29)
(20162, 61, 28)
(20164, 59, 27)
(40329/2, 57, 26)
(20165, 56, 25)
(40331/2, 57, 26)
(20166, 56, 25)
(20168, 52, 23)
(20170, 56, 25)
(80681/4, 59, 27)
(40341/2, 57, 26)
(80683/4, 56, 25)
(20171, 54, 24)
(80685/4, 57, 26)
(40343/2, 56, 25)
(80687/4, 54, 24)
(20172, 52, 23)
(20177, 56, 25)
(20178, 61, 28)
(20181, 64, 30)
(20182, 62, 29)
(20184, 61, 28)
(20186, 61, 28)
(40373/2, 61, 28)
(20187, 61, 28)
(40375/2, 61, 28)
(20188, 66, 31)
(20191, 59, 27)
(20193, 59, 27)
(20194, 61, 28)
(20198, 60, 28)
(20200, 59, 27)
(20201, 53, 24)
(20202, 52, 23)
(20203, 57, 26)
(20204, 64, 30)
(20209, 66, 31)
(40419/2, 69, 33)
(40421/2, 66, 31)
(20211, 66, 31)
(40423/2, 66, 31)
(20212, 63, 29)
(40429/2, 68, 32)
(20215, 68, 32)
(40431/2, 68, 32)
(20216, 67, 32)
(40437/2, 63, 29)
(20219, 63, 29)
(40439/2, 63, 29)
(20220, 63, 29)
(20230, 59, 27)
(80923/4, 59, 27)
(20231, 59, 27)
(80925/4, 59, 27)
(40463/2, 59, 27)
(80929/4, 59, 27)
(40465/2, 59, 27)
(80931/4, 59, 27)
(20233, 59, 27)
(40469/2, 60, 28)
(20236, 59, 27)
(40475/2, 60, 28)
(20239, 59, 27)
(40481/2, 59, 27)
(40481/2, 62, 29)
(20242, 60, 28)
(40487/2, 62, 29)
(20245, 64, 30)
(40493/2, 64, 30)
(20248, 61, 28)
(40497/2, 61, 28)
(20249, 61, 28)
(40499/2, 61, 28)
(20250, 61, 28)
(40501/2, 61, 28)
(20251, 63, 29)
(81013/4, 59, 27)
(40507/2, 59, 27)
(81015/4, 59, 27)
(20254, 59, 27)
(81019/4, 59, 27)
(20255, 59, 27)
(81021/4, 59, 27)
(40511/2, 59, 27)
(81025/4, 59, 27)
(40513/2, 59, 27)
(81027/4, 59, 27)
(20257, 59, 27)
(40517/2, 55, 25)
(40523/2, 55, 25)
(40529/2, 59, 27)
(20266, 60, 28)
(40535/2, 60, 28)
(20269, 52, 23)
(20269, 55, 25)
(40541/2, 52, 23)
(40541/2, 55, 25)
(20272, 64, 30)
(40545/2, 64, 30)
(20273, 62, 29)
(40547/2, 61, 28)
(81097/4, 62, 29)
(20275, 62, 29)
(40553/2, 59, 27)
(81113/4, 61, 28)
(40557/2, 62, 29)
(81115/4, 64, 30)
(20279, 62, 29)
(81117/4, 61, 28)
(40559/2, 59, 27)
(81125/4, 61, 28)
(40563/2, 62, 29)
(81127/4, 64, 30)
(20282, 62, 29)
(81129/4, 61, 28)
(40565/2, 59, 27)
(81137/4, 59, 27)
(40569/2, 62, 29)
(81139/4, 66, 31)
(20285, 64, 30)
(81141/4, 62, 29)
(40571/2, 61, 28)
(81143/4, 59, 27)
(20286, 58, 26)
(81145/4, 61, 28)
(40573/2, 54, 24)
(20287, 60, 28)
(81151/4, 60, 28)
(20288, 60, 28)
(81153/4, 60, 28)
(40577/2, 60, 28)
(81157/4, 60, 28)
(40579/2, 60, 28)
(81159/4, 60, 28)
(20290, 60, 28)
(20293, 54, 24)
(20293, 60, 28)
(162347/8, 54, 24)
(162347/8, 60, 28)
(162349/8, 54, 24)
(162349/8, 60, 28)
(162357/8, 54, 24)
(162357/8, 60, 28)
(162359/8, 54, 24)
(162359/8, 60, 28)
(81181/4, 54, 24)
(81181/4, 60, 28)
(40591/2, 54, 24)
(40591/2, 60, 28)
(81183/4, 54, 24)
(81183/4, 60, 28)
(20296, 54, 24)
(20296, 60, 28)
(20299, 60, 28)
(81197/4, 55, 25)
(40599/2, 59, 27)
(81199/4, 55, 25)
(20300, 60, 28)
(81201/4, 55, 25)
(40601/2, 63, 29)
(81203/4, 55, 25)
(20301, 64, 30)
(81205/4, 55, 25)
(40603/2, 66, 31)
(81207/4, 55, 25)
(20302, 67, 32)
(40609/2, 65, 31)
(20305, 64, 30)
(81221/4, 67, 32)
(40611/2, 71, 34)
(81223/4, 67, 32)
(20306, 72, 35)
(81225/4, 67, 32)
(40613/2, 72, 35)
(81227/4, 67, 32)
(20307, 72, 35)
(81229/4, 67, 32)
(40615/2, 75, 37)
(81231/4, 67, 32)
(20308, 74, 36)
(60925/3, 66, 31)
(60926/3, 67, 32)
(20309, 69, 33)
(60928/3, 67, 32)
(60929/3, 65, 31)
(20311, 64, 30)
(40623/2, 60, 28)
(81247/4, 55, 25)
(20312, 60, 28)
(81249/4, 55, 25)
(40625/2, 60, 28)
(81251/4, 55, 25)
(20313, 60, 28)
(81253/4, 55, 25)
(40627/2, 60, 28)
(81255/4, 55, 25)
(20314, 60, 28)
(20317, 59, 27)
(81269/4, 55, 25)
(40635/2, 59, 27)
(81271/4, 55, 25)
(20318, 59, 27)
(81273/4, 55, 25)
(40637/2, 59, 27)
(81275/4, 57, 26)
(20319, 59, 27)
(81277/4, 57, 26)
(40639/2, 59, 27)
(81279/4, 57, 26)
(20320, 59, 27)
(40643/2, 55, 25)
(81293/4, 54, 24)
(40647/2, 52, 23)
(81295/4, 54, 24)
(20324, 55, 25)
(81297/4, 52, 23)
(40649/2, 55, 25)
(81305/4, 54, 24)
(40653/2, 52, 23)
(81307/4, 54, 24)
(20327, 55, 25)
(81309/4, 52, 23)
(40655/2, 55, 25)
(81317/4, 52, 23)
(40659/2, 55, 25)
(81319/4, 59, 27)
(20330, 57, 26)
(81321/4, 55, 25)
(40661/2, 54, 24)
(81323/4, 54, 24)
(20331, 57, 26)
(81325/4, 60, 28)
(40663/2, 59, 27)
(81327/4, 57, 26)
(20332, 59, 27)
(81331/4, 60, 28)
(81331/4, 69, 33)
(20335, 53, 24)
(20335, 59, 27)
(81343/4, 52, 23)
(81343/4, 57, 26)
(20338, 54, 24)
(20338, 64, 30)
(40679/2, 55, 25)
(20341, 54, 24)
(20341, 64, 30)
(40685/2, 52, 23)
(20347, 57, 26)
(20350, 57, 26)
(20350, 64, 30)
(20353, 57, 26)
(20359, 57, 26)
(20362, 57, 26)
(40769/2, 54, 24)
(20385, 61, 28)
(40771/2, 61, 28)
(20386, 61, 28)
(20387, 59, 27)
(20388, 59, 27)
(40777/2, 59, 27)
(20389, 59, 27)
(40779/2, 59, 27)
(20390, 59, 27)
(40781/2, 59, 27)
(20391, 59, 27)
(40783/2, 59, 27)
(20392, 56, 25)
(40787/2, 57, 26)
(20394, 56, 25)
(20396, 56, 25)
(40795/2, 55, 24)
(20398, 56, 25)
(81597/4, 64, 30)
(40799/2, 63, 29)
(81599/4, 64, 30)
(20400, 68, 32)
(61201/3, 64, 30)
(61202/3, 59, 27)
(20401, 61, 28)
(20402, 59, 27)
(40805/2, 57, 26)
(20403, 56, 25)
(40807/2, 57, 26)
(20404, 56, 25)
(20405, 54, 24)
(40811/2, 59, 27)
(20406, 57, 26)
(20407, 56, 25)
(81629/4, 64, 30)
(40815/2, 63, 29)
(81631/4, 64, 30)
(20408, 68, 32)
(40817/2, 64, 30)
(20409, 59, 27)
(40819/2, 61, 28)
(20410, 59, 27)
(40821/2, 57, 26)
(20411, 56, 25)
(40823/2, 61, 28)
(20412, 59, 27)
(81653/4, 59, 27)
(40827/2, 59, 27)
(81655/4, 59, 27)
(81657/4, 62, 29)
(40829/2, 62, 29)
(81659/4, 62, 29)
(20415, 62, 29)
(81661/4, 62, 29)
(40831/2, 61, 28)
(81663/4, 61, 28)
(20416, 54, 24)
(20416, 61, 28)
(40833/2, 49, 21)
(40833/2, 61, 28)
(81667/4, 59, 27)
(81667/4, 63, 29)
(20418, 59, 27)
(20418, 64, 30)
(81673/4, 59, 27)
(81673/4, 64, 30)
(40837/2, 59, 27)
(40837/2, 64, 30)
(81675/4, 57, 26)
(20419, 57, 26)
(20420, 56, 25)
(81681/4, 59, 27)
(40841/2, 58, 26)
(81683/4, 57, 26)
(20422, 56, 25)
(40845/2, 52, 23)
(20423, 51, 22)
(40847/2, 50, 22)
(20424, 49, 21)
(40849/2, 51, 22)
(20425, 52, 23)
(40851/2, 54, 24)
(20426, 56, 25)
(40853/2, 59, 27)
(20427, 59, 27)
(20428, 49, 21)
(40857/2, 51, 22)
(20429, 52, 23)
(40859/2, 54, 24)
(20430, 56, 25)
(40861/2, 59, 27)
(20431, 59, 27)
(20432, 57, 26)
(81729/4, 57, 26)
(40865/2, 59, 27)
(81731/4, 59, 27)
(20433, 61, 28)
(81733/4, 61, 28)
(40867/2, 56, 25)
(81735/4, 56, 25)
(20434, 57, 26)
(81737/4, 64, 30)
(40869/2, 64, 30)
(81739/4, 64, 30)
(20435, 63, 29)
(81741/4, 63, 29)
(40871/2, 62, 29)
(81743/4, 62, 29)
(20436, 54, 24)
(20436, 61, 28)
(20437, 52, 23)
(20437, 54, 24)
(20437, 60, 28)
(20438, 52, 23)
(20438, 60, 28)
(20439, 59, 27)
(81757/4, 59, 27)
(40879/2, 57, 26)
(81759/4, 57, 26)
(20440, 56, 25)
(20440, 68, 32)
(81761/4, 54, 24)
(40881/2, 56, 25)
(81763/4, 56, 25)
(20441, 59, 27)
(81765/4, 59, 27)
(20442, 59, 27)
(20444, 59, 27)
(20446, 59, 27)
(81785/4, 56, 25)
(40893/2, 56, 25)
(40893/2, 55, 24)
(40893/2, 68, 32)
(20448, 56, 25)
(20450, 56, 25)
(20451, 56, 25)
(20452, 56, 25)
(30000, 52, 23)
(90001/3, 51, 22)
(90002/3, 52, 23)
(30001, 54, 24)
(30002, 56, 25)
(60005/2, 56, 25)
(30003, 57, 26)
(60007/2, 56, 25)
(60009/2, 44, 18)
(30005, 44, 18)
(60011/2, 45, 19)
(30006, 47, 20)
(60013/2, 47, 20)
(30007, 40, 16)
(30008, 52, 23)
(90025/3, 51, 22)
(90026/3, 52, 23)
(30009, 52, 23)
(30010, 54, 24)
(60021/2, 51, 22)
(30011, 52, 23)
(30012, 42, 17)
(60029/2, 42, 17)
(30015, 47, 20)
(30016, 59, 27)
(60033/2, 51, 22)
(30017, 51, 22)
(60035/2, 52, 23)
(30018, 57, 26)
(60037/2, 56, 25)
(30019, 54, 24)
(60039/2, 47, 20)
(30020, 40, 16)
(60041/2, 42, 17)
(30021, 44, 18)
(30022, 45, 19)
(60045/2, 45, 19)
(30023, 45, 19)
(60047/2, 45, 19)
(30024, 40, 16)
(30025, 40, 16)
(30026, 45, 19)
(60053/2, 45, 19)
(30027, 45, 19)
(60055/2, 45, 19)
(30028, 40, 16)
(30029, 40, 16)
(30030, 52, 23)
(60061/2, 51, 22)
(30031, 52, 23)
(60063/2, 54, 24)
(30032, 56, 25)
(60065/2, 56, 25)
(30033, 58, 26)
(60067/2, 58, 26)
(60069/2, 47, 20)
(30036, 47, 20)
(60073/2, 47, 20)
(30037, 40, 16)
(60091/2, 44, 18)
(30046, 37, 14)
(60105/2, 51, 22)
(60107/2, 44, 18)
(30061, 44, 18)
(60123/2, 44, 18)
(30064, 40, 16)
(30066, 45, 19)
(30068, 40, 16)
(30074, 47, 20)
(60153/2, 47, 20)
(30077, 40, 16)
(90232/3, 52, 23)
(90233/3, 52, 23)
(30078, 52, 23)
(90235/3, 47, 20)
(90236/3, 52, 23)
(30079, 54, 24)
(90238/3, 47, 20)
(90239/3, 57, 26)
(30080, 56, 25)
(90241/3, 47, 20)
(90241/3, 51, 22)
(90241/3, 54, 24)
(90241/3, 54, 24)
(90242/3, 56, 25)
(30081, 57, 26)
(90244/3, 59, 27)
(90245/3, 57, 26)
(30082, 56, 25)
(30083, 55, 24)
(90253/3, 56, 25)
(90254/3, 54, 24)
(30085, 53, 23)
(90256/3, 51, 22)
(90257/3, 53, 23)
(30086, 54, 24)
(30087, 42, 17)
(90265/3, 48, 20)
(90266/3, 51, 22)
(30089, 49, 21)
(90268/3, 51, 22)
(90269/3, 52, 23)
(30090, 42, 17)
(90271/3, 54, 24)
(90272/3, 54, 24)
(30091, 54, 24)
(90274/3, 54, 24)
(90275/3, 54, 24)
(30092, 54, 24)
(90277/3, 56, 25)
(90278/3, 54, 24)
(30093, 59, 27)
(90280/3, 59, 27)
(90281/3, 59, 27)
(30094, 59, 27)
(90283/3, 51, 22)
(90284/3, 51, 22)
(30095, 51, 22)
(90286/3, 54, 24)
(90287/3, 52, 23)
(30096, 56, 25)
(90289/3, 51, 22)
(90290/3, 51, 22)
(30097, 51, 22)
(90292/3, 54, 24)
(90293/3, 52, 23)
(30098, 57, 26)
(30099, 57, 26)
(30100, 56, 25)
(90301/3, 56, 25)
(90302/3, 56, 25)
(30101, 56, 25)
(90304/3, 44, 18)
(90305/3, 44, 18)
(30102, 45, 19)
(30104, 40, 16)
(30106, 45, 19)
(30108, 40, 16)
(30110, 64, 30)
(30110, 64, 30)
(30111, 63, 29)
(60223/2, 61, 28)
(30112, 61, 28)
(30113, 60, 28)
(30114, 59, 27)
(90346/3, 47, 20)
(90347/3, 47, 20)
(30116, 47, 20)
(90349/3, 47, 20)
(90350/3, 47, 20)
(30117, 40, 16)
(90352/3, 52, 23)
(90353/3, 51, 22)
(30118, 49, 21)
(30120, 44, 18)
(30122, 49, 21)
(30124, 44, 18)
(60251/2, 63, 29)
(30126, 64, 30)
(30126, 62, 29)
(90379/3, 61, 28)
(90380/3, 62, 29)
(30127, 66, 31)
(90382/3, 64, 30)
(90383/3, 62, 29)
(30128, 61, 28)
(30129, 60, 28)
(30130, 59, 27)
(30131, 47, 20)
(60263/2, 47, 20)
(30132, 47, 20)
(90397/3, 47, 20)
(90398/3, 47, 20)
(30133, 52, 23)
(30134, 40, 16)
(30135, 42, 17)
(30136, 44, 18)
(30137, 46, 19)
(30138, 47, 20)
(30141, 52, 23)
(120565/4, 57, 26)
(60283/2, 52, 24)
(30142, 52, 23)
(30146, 52, 23)
(30147, 51, 22)
(30148, 49, 21)
(30149, 47, 20)
(30150, 47, 20)
(30153, 49, 21)
(30154, 42, 17)
(30157, 44, 18)
(30158, 45, 19)
(30160, 40, 16)
(30162, 45, 19)
(30164, 40, 16)
(60329/2, 47, 20)
(30165, 52, 23)
(60331/2, 45, 19)
(30166, 50, 22)
(30168, 49, 21)
(30169, 48, 21)
(30170, 47, 20)
(30172, 52, 23)
(120689/4, 56, 25)
(60345/2, 59, 27)
(120691/4, 56, 25)
(30173, 52, 23)
(120693/4, 47, 20)
(60347/2, 44, 18)
(120695/4, 42, 17)
(30174, 40, 16)
(120697/4, 42, 17)
(60349/2, 40, 16)
(120699/4, 42, 17)
(30175, 46, 19)
(120701/4, 44, 18)
(60351/2, 46, 19)
(30176, 47, 20)
(120705/4, 49, 21)
(60353/2, 47, 20)
(120707/4, 49, 21)
(120707/4, 52, 23)
(30177, 51, 22)
(120709/4, 51, 22)
(60355/2, 52, 23)
(30178, 42, 17)
(120713/4, 44, 18)
(60357/2, 42, 17)
(120715/4, 44, 18)
(30179, 44, 19)
(120717/4, 47, 20)
(30180, 49, 21)
(120721/4, 49, 21)
(60361/2, 51, 22)
(120723/4, 52, 23)
(30181, 54, 24)
(120725/4, 52, 23)
(60363/2, 54, 24)
(30182, 56, 25)
(181093/6, 56, 25)
(90547/3, 52, 23)
(60365/2, 56, 25)
(60367/2, 52, 23)
(90551/3, 56, 25)
(181103/6, 52, 23)
(30184, 57, 26)
(120737/4, 52, 23)
(60369/2, 57, 26)
(120739/4, 52, 23)
(30185, 57, 26)
(120741/4, 52, 23)
(60371/2, 57, 26)
(120743/4, 52, 23)
(30186, 58, 26)
(120745/4, 52, 23)
(60373/2, 58, 26)
(120747/4, 52, 23)
(30187, 58, 26)
(120749/4, 52, 23)
(60375/2, 58, 26)
(120751/4, 52, 23)
(30188, 59, 27)
(120753/4, 61, 28)
(60377/2, 59, 27)
(120755/4, 61, 28)
(30189, 59, 27)
(120757/4, 58, 26)
(60379/2, 59, 27)
(120759/4, 58, 26)
(30190, 57, 26)
(120761/4, 59, 27)
(60381/2, 59, 27)
(120763/4, 57, 26)
(30191, 56, 25)
(30192, 54, 24)
(120769/4, 56, 25)
(60385/2, 54, 24)
(120771/4, 56, 25)
(30193, 52, 23)
(120773/4, 54, 24)
(60387/2, 52, 23)
(30194, 49, 21)
(120777/4, 50, 22)
(60389/2, 47, 20)
(120779/4, 49, 21)
(30195, 45, 19)
(120781/4, 47, 20)
(60391/2, 44, 18)
(120783/4, 45, 19)
(30196, 42, 17)
(30198, 47, 20)
(120793/4, 45, 19)
(60397/2, 47, 20)
(120795/4, 48, 21)
(30199, 51, 22)
(241593/8, 48, 21)
(241595/8, 51, 22)
(30200, 40, 16)
(120801/4, 42, 17)
(60401/2, 40, 16)
(120803/4, 42, 17)
(30201, 43, 18)
(151006/5, 42, 17)
(151007/5, 43, 18)
(151008/5, 43, 18)
(151009/5, 44, 18)
(30202, 45, 19)
(120809/4, 47, 20)
(60405/2, 45, 19)
(120811/4, 47, 20)
(30203, 48, 21)
(120813/4, 51, 22)
(60407/2, 48, 21)
(120815/4, 51, 22)
(30204, 52, 23)
(120817/4, 54, 24)
(120823/4, 62, 29)
(120831/4, 61, 28)
(30208, 64, 30)
(120833/4, 61, 28)
(60417/2, 64, 30)
(120835/4, 60, 28)
(30209, 64, 30)
(120837/4, 60, 28)
(60419/2, 64, 30)
(120839/4, 59, 27)
(120843/4, 47, 20)
(302111/10, 47, 20)
(211480/7, 47, 20)
(120847/4, 47, 20)
(120855/4, 47, 20)
(120857/4, 47, 20)
(120859/4, 47, 20)
(120861/4, 47, 20)
(120863/4, 47, 20)
(120871/4, 47, 20)
(120873/4, 47, 20)
(120875/4, 47, 20)
(120877/4, 47, 20)
(120879/4, 47, 20)
(120887/4, 47, 20)
(30229, 45, 19)
(120917/4, 44, 18)
(60459/2, 42, 17)
(60459/2, 51, 22)
(120919/4, 40, 16)
(60461/2, 47, 20)
(120923/4, 47, 20)
(30231, 47, 20)
(120925/4, 52, 23)
(30232, 54, 24)
(120929/4, 54, 24)
(60465/2, 54, 24)
(120931/4, 55, 25)
(120937/4, 57, 26)
(120943/4, 55, 25)
(120949/4, 57, 26)
(120955/4, 55, 25)
(120961/4, 56, 25)
(120967/4, 57, 26)
(120973/4, 59, 27)
(120979/4, 60, 28)
(120985/4, 59, 27)
(120991/4, 57, 26)
(120993/4, 57, 26)
(120995/4, 57, 26)
(120997/4, 57, 26)
(120999/4, 57, 26)
(121001/4, 57, 26)
(121003/4, 59, 27)
(121009/4, 57, 26)
(60505/2, 54, 24)
(121011/4, 51, 22)
(30253, 47, 20)
(121013/4, 45, 19)
(60507/2, 42, 17)
(121015/4, 40, 16)
(60509/2, 47, 20)
(121019/4, 47, 20)
(30255, 47, 20)
(121021/4, 52, 23)
(30256, 54, 24)
(121025/4, 54, 24)
(60513/2, 54, 24)
(121027/4, 55, 25)
(121033/4, 48, 21)
(121039/4, 47, 20)
(121045/4, 48, 21)
(121051/4, 47, 20)
(121057/4, 43, 18)
(121063/4, 48, 21)
(121069/4, 48, 21)
(121075/4, 47, 20)
(121081/4, 47, 20)
(121087/4, 46, 19)
(121089/4, 46, 19)
(121091/4, 46, 19)
(121093/4, 46, 19)
(121095/4, 46, 19)
(121097/4, 46, 19)
(121099/4, 47, 20)
(121105/4, 43, 18)
(121111/4, 42, 17)
(121117/4, 43, 18)
(121123/4, 42, 17)
(121129/4, 43, 18)
(121135/4, 42, 17)
(30286, 55, 25)
(121145/4, 54, 24)
(60573/2, 52, 23)
(121147/4, 51, 22)
(60575/2, 52, 23)
(121151/4, 52, 23)
(30288, 52, 23)
(121153/4, 51, 22)
(30289, 52, 23)
(121157/4, 52, 23)
(60579/2, 52, 23)
(121159/4, 51, 22)
(121165/4, 42, 17)
(60583/2, 43, 18)
(121167/4, 45, 19)
(30292, 43, 18)
(121169/4, 42, 17)
(60585/2, 40, 16)
(121171/4, 39, 15)
(60587/2, 40, 16)
(121175/4, 40, 16)
(30294, 40, 16)
(121177/4, 39, 15)
(30295, 40, 16)
(121181/4, 40, 16)
(60591/2, 40, 16)
(121183/4, 39, 15)
(121189/4, 47, 20)
(272677/9, 45, 19)
(90893/3, 43, 18)
(212085/7, 42, 17)
(30298, 40, 16)
(121193/4, 38, 15)
(121195/4, 36, 14)
(121207/4, 43, 18)
(121209/4, 43, 18)
(121211/4, 43, 18)
(121213/4, 43, 18)
(121215/4, 43, 18)
(121217/4, 43, 18)
(121219/4, 36, 14)
(121231/4, 43, 18)
(303081/10, 43, 18)
(212159/7, 43, 18)
(121235/4, 43, 18)
(303091/10, 43, 18)
(212166/7, 43, 18)
(121255/4, 45, 19)
(121267/4, 47, 20)
(121271/4, 47, 20)
(121273/4, 45, 19)
(121277/4, 45, 19)
(121279/4, 43, 18)
(121285/4, 46, 19)
(121291/4, 47, 20)
(121297/4, 46, 19)
(121303/4, 47, 20)
(121309/4, 46, 19)
(121315/4, 47, 20)
(121325/4, 45, 19)
(121327/4, 44, 18)
(121327/4, 54, 24)
(121327/4, 54, 24)
(121333/4, 45, 19)
(121339/4, 47, 20)
(121339/4, 55, 25)
(121339/4, 57, 26)
(121339/4, 59, 27)
(121343/4, 48, 21)
(121351/4, 39, 15)
(121351/4, 47, 20)
(121351/4, 50, 22)
(121355/4, 40, 16)
(121355/4, 50, 22)
(121363/4, 47, 20)
(60683/2, 48, 21)
(121375/4, 45, 19)
(121387/4, 45, 19)
(121399/4, 41, 17)
(121407/4, 50, 22)
(121407/4, 54, 24)
(121411/4, 41, 17)
(121423/4, 40, 16)
(121435/4, 39, 15)
(121549/4, 47, 20)
(121551/4, 52, 23)
(121553/4, 51, 22)
(121555/4, 52, 23)
(121557/4, 54, 24)
(121559/4, 56, 25)
(121561/4, 56, 25)
(121563/4, 57, 26)
(121565/4, 56, 25)
(121567/4, 52, 23)
(121583/4, 40, 16)
(121591/4, 40, 16)
(121609/4, 45, 19)
(121613/4, 47, 20)
(121615/4, 47, 20)
(121619/4, 47, 20)
(121623/4, 47, 20)
(121627/4, 40, 16)
(30409, 52, 23)
(121637/4, 55, 25)
(60819/2, 52, 23)
(121639/4, 51, 22)
(121641/4, 48, 20)
(121643/4, 49, 21)
(121645/4, 45, 19)
(121647/4, 47, 20)
(30413, 47, 20)
(121653/4, 47, 20)
(60827/2, 47, 20)
(121655/4, 47, 20)
(30414, 47, 20)
(121657/4, 47, 20)
(60829/2, 47, 20)
(121659/4, 47, 20)
(121661/4, 45, 19)
(121663/4, 44, 18)
(121665/4, 42, 17)
(121667/4, 42, 17)
(121669/4, 45, 19)
(121671/4, 44, 18)
(121677/4, 45, 19)
(121679/4, 47, 20)
(121683/4, 47, 20)
(121687/4, 40, 16)
(121699/4, 40, 16)
(121703/4, 40, 16)
(121711/4, 40, 16)
(121715/4, 40, 16)
(121719/4, 40, 16)
(121727/4, 42, 17)
(121729/4, 44, 18)
(121731/4, 45, 19)
(121733/4, 47, 20)
(121735/4, 49, 21)
(121737/4, 52, 23)
(121739/4, 52, 23)
(121759/4, 40, 16)
(121767/4, 52, 23)
(121769/4, 51, 22)
(121771/4, 52, 23)
(121773/4, 54, 24)
(121775/4, 56, 25)
(121777/4, 56, 25)
(121779/4, 57, 26)
(121781/4, 56, 25)
(121785/4, 47, 20)
(121787/4, 49, 21)
(121789/4, 47, 20)
(121791/4, 40, 16)
(121803/4, 40, 16)
(121807/4, 40, 16)
